0 0 0 0 0 0 0 0 0 0 0 0 0 0 0 0 0 0 0 0 0 0 0 0 0 0 0 0 0 0 0 0 0 0 0 0 0 0 0 0 0 
0 1.60617e-07 1.39066e-06 5.78766e-06 1.60328e-05 3.31461e-05 5.50415e-05 7.78975e-05 9.85069e-05 0.000115284 0.000127943 0.000136835 0.000142465 0.000145277 0.000145584 0.000143577 0.000139342 0.000132885 0.000124169 0.00011318 0.000100024 8.50489e-05 6.8934e-05 5.27e-05 3.75691e-05 2.46866e-05 1.47919e-05 8.01079e-06 3.89752e-06 1.69855e-06 6.62832e-07 2.31909e-07 7.28554e-08 2.05555e-08 5.19391e-09 1.16545e-09 2.27844e-10 3.72207e-11 4.59082e-12 3.05718e-13 0 
0 1.39066e-06 1.20713e-05 4.73704e-05 0.000115165 0.000198199 0.000270003 0.000320144 0.000353123 0.000376253 0.000393917 0.00040755 0.000417097 0.000422138 0.000422465 0.000418279 0.000410175 0.000398995 0.000385562 0.000370307 0.000352847 0.000331661 0.000304205 0.000267837 0.000221659 0.000168446 0.000114924 6.91237e-05 3.62476e-05 1.65209e-05 6.56813e-06 2.29438e-06 7.09641e-07 1.95397e-07 4.79469e-08 1.04244e-08 1.97361e-09 3.1241e-10 3.73849e-11 2.41939e-12 0 
0 5.78766e-06 4.73704e-05 0.000158427 0.000302773 0.000410119 0.000474769 0.000525109 0.000576309 0.000628829 0.000678041 0.000719215 0.000748913 0.000765151 0.000767292 0.000755896 0.000732552 0.000699694 0.000660412 0.000618245 0.000576868 0.000539474 0.000507553 0.000479047 0.000446734 0.000399295 0.000327942 0.000236678 0.000144865 7.38889e-05 3.14523e-05 1.1334e-05 3.52105e-06 9.57478e-07 2.29811e-07 4.86367e-08 8.9465e-09 1.37575e-09 1.60074e-10 1.00872e-11 0 
0 1.60328e-05 0.000115165 0.000302773 0.000454362 0.000547535 0.000638152 0.000744546 0.000858792 0.000969772 0.00106862 0.00114877 0.00120564 0.00123664 0.0012411 0.00122013 0.00117641 0.00111386 0.00103727 0.000951941 0.000863449 0.000777503 0.000699888 0.00063593 0.000588347 0.000552606 0.000512071 0.000441819 0.000330289 0.000201566 9.78391e-05 3.81149e-05 1.22586e-05 3.35275e-06 7.9583e-07 1.65104e-07 2.96513e-08 4.44594e-09 5.04512e-10 3.10388e-11 0 
0 3.31461e-05 0.000198199 0.000410119 0.000547535 0.000680159 0.000844659 0.00102854 0.00121534 0.00139182 0.00154702 0.0016721 0.00176064 0.00180892 0.00181602 0.00178369 0.00171598 0.00161878 0.00149916 0.00136482 0.00122352 0.00108266 0.000949158 0.000829678 0.000730933 0.00065857 0.000611473 0.000571185 0.000499638 0.000370583 0.000215077 9.51442e-05 3.28543e-05 9.24769e-06 2.2011e-06 4.51528e-07 7.96409e-08 1.16955e-08 1.29902e-09 7.82648e-11 0 
0 5.50415e-05 0.000270003 0.000474769 0.000638152 0.000844659 0.00109073 0.0013548 0.00161886 0.00186681 0.00208427 0.00225929 0.00238316 0.00245077 0.00246079 0.00241559 0.00232094 0.002185 0.0020175 0.00182899 0.00162996 0.00143026 0.00123856 0.00106235 0.000908299 0.000783227 0.000693708 0.000639104 0.000595333 0.000510393 0.000355302 0.000184328 7.06938e-05 2.09811e-05 5.08367e-06 1.04091e-06 1.81464e-07 2.6224e-08 2.86194e-09 1.69415e-10 0 
0 7.78975e-05 0.000320144 0.000525109 0.000744546 0.00102854 0.0013548 0.0017005 0.00204477 0.00236748 0.0026505 0.00288042 0.00305136 0.00315407 0.00317093 0.00310067 0.00296424 0.00278196 0.00256303 0.00231752 0.00205808 0.00179715 0.00154563 0.0013125 0.00110489 0.000928877 0.000790974 0.000697579 0.000643958 0.000591428 0.00047465 0.000289388 0.000125913 4.02201e-05 1.00616e-05 2.075e-06 3.59753e-07 5.13999e-08 5.53278e-09 3.2285e-10 0 
0 9.85069e-05 0.000353123 0.000576309 0.000858792 0.00121534 0.00161886 0.00204477 0.00246835 0.00286581 0.0032249 0.00356962 0.00386498 0.00403061 0.00405735 0.00395262 0.00372098 0.00341426 0.00310969 0.00280255 0.00248285 0.00216136 0.00185093 0.00156224 0.00130336 0.00108027 0.000898178 0.000763481 0.000680604 0.000631701 0.000552915 0.000386579 0.000191405 6.66134e-05 1.73906e-05 3.63957e-06 6.30919e-07 8.94967e-08 9.53562e-09 5.50205e-10 0 
0 0.000115284 0.000376253 0.000628829 0.000969772 0.00139182 0.00186681 0.00236748 0.00286581 0.00334857 0.00387509 0.00431863 0.00454714 0.004647 0.00466211 0.00460053 0.00444595 0.00414431 0.00368887 0.00326364 0.00288 0.00250154 0.00213622 0.00179594 0.00148986 0.00122425 0.00100355 0.000832573 0.000717663 0.000654642 0.000596367 0.00046103 0.000256383 9.73851e-05 2.66784e-05 5.69427e-06 9.90974e-07 1.40049e-07 1.48159e-08 8.4771e-10 0 
0 0.000127943 0.000393917 0.000678041 0.00106862 0.00154702 0.00208427 0.0026505 0.0032249 0.00387509 0.0044461 0.00472786 0.00487492 0.00494429 0.0049548 0.00491061 0.00480526 0.00461593 0.00427515 0.0037278 0.00323243 0.0027984 0.00238497 0.00199981 0.0016528 0.00135065 0.00109748 0.000896786 0.000754116 0.00067173 0.000618712 0.000510699 0.000311899 0.000128294 3.68627e-05 8.03933e-06 1.40801e-06 1.98757e-07 2.09309e-08 1.19047e-09 0 
0 0.000136835 0.00040755 0.000719215 0.00114877 0.0016721 0.00225929 0.00288042 0.00356962 0.00431863 0.00472786 0.00493932 0.00505777 0.00511534 0.00512394 0.00508651 0.00499928 0.00484903 0.00460097 0.00415709 0.00354487 0.00303737 0.00258349 0.00216245 0.00178283 0.00145169 0.00117305 0.000949548 0.000785505 0.000685512 0.000629875 0.000540436 0.000353488 0.000155164 4.6488e-05 1.03459e-05 1.82493e-06 2.57735e-07 2.70719e-08 1.53378e-09 0 
0 0.000142465 0.000417097 0.000748913 0.00120564 0.00176064 0.00238316 0.00305136 0.00386498 0.00454714 0.00487492 0.00505777 0.0051635 0.00521552 0.00522308 0.00518867 0.00510947 0.00497574 0.00476334 0.00440645 0.00380234 0.00320991 0.00272189 0.00227554 0.00187313 0.0015218 0.00122551 0.000986421 0.000807874 0.000695029 0.000634751 0.000556034 0.000380414 0.000174955 5.41138e-05 1.22409e-05 2.17301e-06 3.07287e-07 3.22407e-08 1.82267e-09 0 
0 0.000145277 0.000422138 0.000765151 0.00123664 0.00180892 0.00245077 0.00315407 0.00403061 0.004647 0.00494429 0.00511534 0.00521552 0.00526495 0.00527187 0.00523854 0.00516255 0.00503547 0.00483697 0.00451418 0.00394788 0.00330676 0.00279437 0.00233429 0.00191977 0.00155774 0.00125215 0.00100486 0.000818684 0.000698771 0.000635163 0.000561689 0.000393714 0.000186018 5.86604e-05 1.34087e-05 2.39116e-06 3.38619e-07 3.55259e-08 2.0069e-09 0 
0 0.000145584 0.000422465 0.000767292 0.0012411 0.00181602 0.00246079 0.00317093 0.00405735 0.00466211 0.0049548 0.00512394 0.00522308 0.00527187 0.00527837 0.0052448 0.0051688 0.0050421 0.00484494 0.00452621 0.00396593 0.00331608 0.00279928 0.00233757 0.00192176 0.00155864 0.00125211 0.00100396 0.00081681 0.000695759 0.000631555 0.00055964 0.000394676 0.000187863 5.95931e-05 1.36725e-05 2.44332e-06 3.4642e-07 3.63708e-08 2.05565e-09 0 
0 0.000143577 0.000418279 0.000755896 0.00122013 0.00178369 0.00241559 0.00310067 0.00395262 0.00460053 0.00491061 0.00508651 0.00518867 0.00523854 0.0052448 0.00520976 0.00513081 0.0049989 0.00479198 0.00445152 0.00386095 0.00323851 0.00273942 0.00228769 0.00188083 0.00152573 0.00122621 0.00098412 0.000802284 0.000685719 0.000623789 0.000550454 0.000384137 0.000180835 5.69573e-05 1.30292e-05 2.32751e-06 3.30293e-07 3.47275e-08 1.966e-09 0 
0 0.000139342 0.000410175 0.000732552 0.00117641 0.00171598 0.00232094 0.00296424 0.00372098 0.00444595 0.00480526 0.00499928 0.00510947 0.00516255 0.0051688 0.00513081 0.00504532 0.00490108 0.00466964 0.00427102 0.00364387 0.00309076 0.00262171 0.00218992 0.00180107 0.00146205 0.0011766 0.000946788 0.00077595 0.000668824 0.000611186 0.000533256 0.00036241 0.000165944 5.13144e-05 1.16386e-05 2.07429e-06 2.94602e-07 3.10449e-08 1.76255e-09 0 
0 0.000132885 0.000398995 0.000699694 0.00111386 0.00161878 0.002185 0.00278196 0.00341426 0.00414431 0.00461593 0.00484903 0.00497574 0.00503547 0.0050421 0.0049989 0.00490108 0.00473227 0.00444832 0.0039422 0.00336296 0.00289086 0.00245568 0.00205175 0.00168826 0.00137188 0.00110629 0.000893962 0.000738973 0.000645073 0.000591998 0.00050582 0.000329685 0.000144849 4.36153e-05 9.77324e-06 1.73631e-06 2.46928e-07 2.61094e-08 1.48868e-09 0 
0 0.000124169 0.000385562 0.000660412 0.00103727 0.00149916 0.0020175 0.00256303 0.00310969 0.00368887 0.00427515 0.00460097 0.00476334 0.00483697 0.00484494 0.00479198 0.00466964 0.00444832 0.00404832 0.00351736 0.00306679 0.00265061 0.00225233 0.00188203 0.0015492 0.00126013 0.00101858 0.000827637 0.000692068 0.000613159 0.000562456 0.000464896 0.000286818 0.000119895 3.50277e-05 7.74933e-06 1.3734e-06 1.95844e-07 2.08117e-08 1.19369e-09 0 
0 0.00011318 0.000370307 0.000618245 0.000951941 0.00136482 0.00182899 0.00231752 0.00280255 0.00326364 0.0037278 0.00415709 0.00440645 0.00451418 0.00452621 0.00445152 0.00427102 0.0039422 0.00351736 0.00312819 0.00275378 0.00238186 0.00202342 0.00169017 0.00139095 0.00113172 0.000916448 0.000748998 0.000634161 0.000568654 0.000515957 0.00040745 0.000236387 9.40186e-05 2.67283e-05 5.8566e-06 1.03828e-06 1.48804e-07 1.5925e-08 9.20531e-10 0 
0 0.000100024 0.000352847 0.000576868 0.000863449 0.00122352 0.00162996 0.00205808 0.00248285 0.00288 0.00323243 0.00354487 0.00380234 0.00394788 0.00396593 0.00386095 0.00364387 0.00336296 0.00306679 0.00275378 0.00242662 0.00209791 0.0017806 0.00148536 0.00122025 0.000990981 0.00080185 0.000657193 0.000560249 0.000502231 0.000444264 0.000333642 0.000183508 7.03756e-05 1.96888e-05 4.30463e-06 7.66843e-07 1.10768e-07 1.19601e-08 6.97581e-10 0 
0 8.50489e-05 0.000331661 0.000539474 0.000777503 0.00108266 0.00143026 0.00179715 0.00216136 0.00250154 0.0027984 0.00303737 0.00320991 0.00330676 0.00331608 0.00323851 0.00309076 0.00289086 0.00265061 0.00238186 0.00209791 0.00181172 0.00153465 0.00127603 0.00104311 0.000841383 0.000675258 0.000548268 0.000460833 0.000402976 0.000344699 0.000250922 0.0001354 5.16505e-05 1.45058e-05 3.19661e-06 5.74612e-07 8.37436e-08 9.11804e-09 5.35891e-10 0 
0 6.8934e-05 0.000304205 0.000507553 0.000699888 0.000949158 0.00123856 0.00154563 0.00185093 0.00213622 0.00238497 0.00258349 0.00272189 0.00279437 0.00279928 0.00273942 0.00262171 0.00245568 0.00225233 0.00202342 0.0017806 0.00153465 0.00129501 0.00106958 0.000864903 0.000686558 0.000538844 0.000423377 0.000338715 0.000280309 0.000233998 0.000174393 9.86246e-05 3.92268e-05 1.13167e-05 2.53081e-06 4.58446e-07 6.70939e-08 7.32308e-09 4.31035e-10 0 
0 5.27e-05 0.000267837 0.000479047 0.00063593 0.000829678 0.00106235 0.0013125 0.00156224 0.00179594 0.00199981 0.00216245 0.00227554 0.00233429 0.00233757 0.00228769 0.00218992 0.00205175 0.00188203 0.00169017 0.00148536 0.00127603 0.00106958 0.000872665 0.000692622 0.000539424 0.000422528 0.000338485 0.000269064 0.000204925 0.000155381 0.000118501 7.47703e-05 3.25588e-05 9.81015e-06 2.22014e-06 4.01158e-07 5.82652e-08 6.30368e-09 3.67827e-10 0 
0 3.75691e-05 0.000221659 0.000446734 0.000588347 0.000730933 0.000908299 0.00110489 0.00130336 0.00148986 0.0016528 0.00178283 0.00187313 0.00191977 0.00192176 0.00188083 0.00180107 0.00168826 0.0015492 0.00139095 0.00122025 0.00104311 0.000864903 0.000692622 0.000543117 0.000452317 0.000447413 0.000484001 0.000460182 0.000338138 0.00019275 0.000102749 6.12424e-05 2.93981e-05 9.32861e-06 2.11921e-06 3.76989e-07 5.3661e-08 5.69299e-09 3.26371e-10 0 
0 2.46866e-05 0.000168446 0.000399295 0.000552606 0.00065857 0.000783227 0.000928877 0.00108027 0.00122425 0.00135065 0.00145169 0.0015218 0.00155774 0.00155864 0.00152573 0.00146205 0.00137188 0.00126013 0.00113172 0.000990981 0.000841383 0.000686558 0.000539424 0.000452317 0.000531151 0.000837349 0.00138081 0.00166433 0.000959854 0.000484201 0.000179516 6.4486e-05 2.78773e-05 9.11718e-06 2.06143e-06 3.58045e-07 4.96267e-08 5.13868e-09 2.88422e-10 0 
0 1.47919e-05 0.000114924 0.000327942 0.000512071 0.000611473 0.000693708 0.000790974 0.000898178 0.00100355 0.00109748 0.00117305 0.00122551 0.00125215 0.00125211 0.00122621 0.0011766 0.00110629 0.00101858 0.000916448 0.00080185 0.000675258 0.000538844 0.000422528 0.000447413 0.000837349 0.00198231 0.00321435 0.00330862 0.00281404 0.00112531 0.000378256 9.67774e-05 2.84795e-05 8.67132e-06 1.91214e-06 3.22666e-07 4.35569e-08 4.41008e-09 2.42877e-10 0 
0 8.01079e-06 6.91237e-05 0.000236678 0.000441819 0.000571185 0.000639104 0.000697579 0.000763481 0.000832573 0.000896786 0.000949548 0.000986421 0.00100486 0.00100396 0.00098412 0.000946788 0.000893962 0.000827637 0.000748998 0.000657193 0.000548268 0.000423377 0.000338485 0.000484001 0.00138081 0.00321435 0.00356127 0.00360176 0.00341439 0.00241079 0.000606526 0.000140254 3.04259e-05 7.77054e-06 1.61441e-06 2.63422e-07 3.47852e-08 3.4657e-09 1.88431e-10 0 
0 3.89752e-06 3.62476e-05 0.000144865 0.000330289 0.000499638 0.000595333 0.000643958 0.000680604 0.000717663 0.000754116 0.000785505 0.000807874 0.000818684 0.00081681 0.000802284 0.00077595 0.000738973 0.000692068 0.000634161 0.000560249 0.000460833 0.000338715 0.000269064 0.000460182 0.00166433 0.00330862 0.00360176 0.00364135 0.00349373 0.00281315 0.000678056 0.000150451 2.87834e-05 6.24667e-06 1.19748e-06 1.88897e-07 2.45963e-08 2.43359e-09 1.31722e-10 0 
0 1.69855e-06 1.65209e-05 7.38889e-05 0.000201566 0.000370583 0.000510393 0.000591428 0.000631701 0.000654642 0.00067173 0.000685512 0.000695029 0.000698771 0.000695759 0.000685719 0.000668824 0.000645073 0.000613159 0.000568654 0.000502231 0.000402976 0.000280309 0.000204925 0.000338138 0.000959854 0.00281404 0.00341439 0.00349373 0.00326079 0.00175596 0.000494683 0.000111582 2.11445e-05 4.21188e-06 7.55385e-07 1.16566e-07 1.51498e-08 1.50481e-09 8.18483e-11 0 
0 6.62832e-07 6.56813e-06 3.14523e-05 9.78391e-05 0.000215077 0.000355302 0.00047465 0.000552915 0.000596367 0.000618712 0.000629875 0.000634751 0.000635163 0.000631555 0.000623789 0.000611186 0.000591998 0.000562456 0.000515957 0.000444264 0.000344699 0.000233998 0.000155381 0.00019275 0.000484201 0.00112531 0.00241079 0.00281315 0.00175596 0.000742654 0.000245781 5.72693e-05 1.16199e-05 2.26807e-06 3.95825e-07 6.11983e-08 8.06222e-09 8.13173e-10 4.48659e-11 0 
0 2.31909e-07 2.29438e-06 1.1334e-05 3.81149e-05 9.51442e-05 0.000184328 0.000289388 0.000386579 0.00046103 0.000510699 0.000540436 0.000556034 0.000561689 0.00055964 0.000550454 0.000533256 0.00050582 0.000464896 0.00040745 0.000333642 0.000250922 0.000174393 0.000118501 0.000102749 0.000179516 0.000378256 0.000606526 0.000678056 0.000494683 0.000245781 8.3464e-05 2.14715e-05 4.83414e-06 9.63486e-07 1.71421e-07 2.72879e-08 3.69955e-09 3.82913e-10 2.16158e-11 0 
0 7.28554e-08 7.09641e-07 3.52105e-06 1.22586e-05 3.28543e-05 7.06938e-05 0.000125913 0.000191405 0.000256383 0.000311899 0.000353488 0.000380414 0.000393714 0.000394676 0.000384137 0.00036241 0.000329685 0.000286818 0.000236387 0.000183508 0.0001354 9.86246e-05 7.47703e-05 6.12424e-05 6.4486e-05 9.67774e-05 0.000140254 0.000150451 0.000111582 5.72693e-05 2.14715e-05 6.38162e-06 1.56646e-06 3.30004e-07 6.2158e-08 1.03937e-08 1.46667e-09 1.57096e-10 9.13896e-12 0 
0 2.05555e-08 1.95397e-07 9.57478e-07 3.35275e-06 9.24769e-06 2.09811e-05 4.02201e-05 6.66134e-05 9.73851e-05 0.000128294 0.000155164 0.000174955 0.000186018 0.000187863 0.000180835 0.000165944 0.000144849 0.000119895 9.40186e-05 7.03756e-05 5.16505e-05 3.92268e-05 3.25588e-05 2.93981e-05 2.78773e-05 2.84795e-05 3.04259e-05 2.87834e-05 2.11445e-05 1.16199e-05 4.83414e-06 1.56646e-06 4.14723e-07 9.48837e-08 1.92463e-08 3.40884e-09 5.03884e-10 5.61834e-11 3.38665e-12 0 
0 5.19391e-09 4.79469e-08 2.29811e-07 7.9583e-07 2.2011e-06 5.08367e-06 1.00616e-05 1.73906e-05 2.66784e-05 3.68627e-05 4.6488e-05 5.41138e-05 5.86604e-05 5.95931e-05 5.69573e-05 5.13144e-05 4.36153e-05 3.50277e-05 2.67283e-05 1.96888e-05 1.45058e-05 1.13167e-05 9.81015e-06 9.32861e-06 9.11718e-06 8.67132e-06 7.77054e-06 6.24667e-06 4.21188e-06 2.26807e-06 9.63486e-07 3.30004e-07 9.48837e-08 2.36594e-08 5.15616e-09 9.67332e-10 1.50188e-10 1.74952e-11 1.09679e-12 0 
0 1.16545e-09 1.04244e-08 4.86367e-08 1.65104e-07 4.51528e-07 1.04091e-06 2.075e-06 3.63957e-06 5.69427e-06 8.03933e-06 1.03459e-05 1.22409e-05 1.34087e-05 1.36725e-05 1.30292e-05 1.16386e-05 9.77324e-06 7.74933e-06 5.8566e-06 4.30463e-06 3.19661e-06 2.53081e-06 2.22014e-06 2.11921e-06 2.06143e-06 1.91214e-06 1.61441e-06 1.19748e-06 7.55385e-07 3.95825e-07 1.71421e-07 6.2158e-08 1.92463e-08 5.15616e-09 1.19606e-09 2.37032e-10 3.86768e-11 4.71488e-12 3.08064e-13 0 
0 2.27844e-10 1.97361e-09 8.9465e-09 2.96513e-08 7.96409e-08 1.81464e-07 3.59753e-07 6.30919e-07 9.90974e-07 1.40801e-06 1.82493e-06 2.17301e-06 2.39116e-06 2.44332e-06 2.32751e-06 2.07429e-06 1.73631e-06 1.3734e-06 1.03828e-06 7.66843e-07 5.74612e-07 4.58446e-07 4.01158e-07 3.76989e-07 3.58045e-07 3.22666e-07 2.63422e-07 1.88897e-07 1.16566e-07 6.11983e-08 2.72879e-08 1.03937e-08 3.40884e-09 9.67332e-10 2.37032e-10 4.94769e-11 8.47806e-12 1.08178e-12 7.37263e-14 0 
0 3.72207e-11 3.1241e-10 1.37575e-09 4.44594e-09 1.16955e-08 2.6224e-08 5.13999e-08 8.94967e-08 1.40049e-07 1.98757e-07 2.57735e-07 3.07287e-07 3.38619e-07 3.4642e-07 3.30293e-07 2.94602e-07 2.46928e-07 1.95844e-07 1.48804e-07 1.10768e-07 8.37436e-08 6.70939e-08 5.82652e-08 5.3661e-08 4.96267e-08 4.35569e-08 3.47852e-08 2.45963e-08 1.51498e-08 8.06222e-09 3.69955e-09 1.46667e-09 5.03884e-10 1.50188e-10 3.86768e-11 8.47806e-12 1.52292e-12 2.03211e-13 1.44422e-14 0 
0 4.59082e-12 3.73849e-11 1.60074e-10 5.04512e-10 1.29902e-09 2.86194e-09 5.53278e-09 9.53562e-09 1.48159e-08 2.09309e-08 2.70719e-08 3.22407e-08 3.55259e-08 3.63708e-08 3.47275e-08 3.10449e-08 2.61094e-08 2.08117e-08 1.5925e-08 1.19601e-08 9.11804e-09 7.32308e-09 6.30368e-09 5.69299e-09 5.13868e-09 4.41008e-09 3.4657e-09 2.43359e-09 1.50481e-09 8.13173e-10 3.82913e-10 1.57096e-10 5.61834e-11 1.74952e-11 4.71488e-12 1.08178e-12 2.03211e-13 2.83085e-14 2.09595e-15 0 
0 3.05718e-13 2.41939e-12 1.00872e-11 3.10388e-11 7.82648e-11 1.69415e-10 3.2285e-10 5.50205e-10 8.4771e-10 1.19047e-09 1.53378e-09 1.82267e-09 2.0069e-09 2.05565e-09 1.966e-09 1.76255e-09 1.48868e-09 1.19369e-09 9.20531e-10 6.97581e-10 5.35891e-10 4.31035e-10 3.67827e-10 3.26371e-10 2.88422e-10 2.42877e-10 1.88431e-10 1.31722e-10 8.18483e-11 4.48659e-11 2.16158e-11 9.13896e-12 3.38665e-12 1.09679e-12 3.08064e-13 7.37263e-14 1.44422e-14 2.09595e-15 1.61423e-16 0 
0 0 0 0 0 0 0 0 0 0 0 0 0 0 0 0 0 0 0 0 0 0 0 0 0 0 0 0 0 0 0 0 0 0 0 0 0 0 0 0 0 
