0 0 0 0 0 0 0 0 0 0 0 0 0 0 0 0 0 0 0 0 0 0 0 0 0 0 0 0 0 0 0 0 0 0 0 0 0 0 0 0 0 
0 6.99658e-08 6.45773e-07 3.05248e-06 1.02687e-05 2.71828e-05 5.93479e-05 0.000110188 0.00017837 0.000257374 0.000337479 0.000408609 0.000462538 0.000493936 0.000500532 0.000482848 0.000443785 0.000388154 0.000322142 0.000252598 0.000186134 0.000128134 8.1916e-05 4.83739e-05 2.6275e-05 1.309e-05 5.97367e-06 2.49719e-06 9.57179e-07 3.36892e-07 1.09034e-07 3.24784e-08 8.90173e-09 2.23994e-09 5.1463e-10 1.06765e-10 1.95725e-11 3.03389e-12 3.58542e-13 2.30592e-14 0 
0 6.45773e-07 6.20476e-06 3.01873e-05 0.000102563 0.000267647 0.000561912 0.000983413 0.00148428 0.00199488 0.00245381 0.00282163 0.00307906 0.00322006 0.00324599 0.0031624 0.00297776 0.00270368 0.00235606 0.00195683 0.00153503 0.00112538 0.000762672 0.000473041 0.000266483 0.000135756 6.24819e-05 2.60275e-05 9.84692e-06 3.39704e-06 1.07259e-06 3.10791e-07 8.27326e-08 2.02082e-08 4.5076e-09 9.08509e-10 1.61971e-10 2.44467e-11 2.81696e-12 1.76897e-13 0 
0 3.05248e-06 3.01873e-05 0.000147933 0.000489191 0.00119323 0.00226279 0.00351909 0.00473993 0.00579069 0.00662883 0.00725376 0.00767376 0.0078966 0.00793046 0.00778586 0.0074758 0.00701408 0.00641302 0.00568275 0.00483557 0.00389754 0.00292366 0.00200181 0.00122936 0.000669228 0.000321625 0.000136873 5.19658e-05 1.77582e-05 5.50628e-06 1.55855e-06 4.04099e-07 9.6011e-08 2.08261e-08 4.08366e-09 7.08934e-10 1.04315e-10 1.17341e-11 7.2035e-13 0 
0 1.02687e-05 0.000102563 0.000489191 0.00149381 0.00320556 0.00525004 0.00718231 0.00883731 0.0102264 0.0113724 0.0122686 0.0128943 0.0132331 0.0132822 0.0130545 0.0125773 0.0118883 0.0110288 0.0100352 0.00892824 0.0077068 0.00635626 0.00488855 0.00339974 0.00207583 0.00109198 0.000493186 0.000193037 6.64969e-05 2.04716e-05 5.70001e-06 1.44624e-06 3.35376e-07 7.0932e-08 1.35614e-08 2.29697e-09 3.30085e-10 3.63067e-11 2.18228e-12 0 
0 2.71828e-05 0.000267647 0.00119323 0.00320556 0.00589589 0.00852064 0.0108575 0.0129789 0.0149045 0.0165776 0.0179211 0.018871 0.0193889 0.019465 0.0191184 0.0183922 0.0173491 0.0160638 0.014615 0.0130747 0.0114931 0.00987772 0.00818208 0.00634501 0.00441367 0.00263639 0.00131708 0.000550046 0.000195623 6.0709e-05 1.67865e-05 4.194e-06 9.53468e-07 1.97301e-07 3.68849e-08 6.11026e-09 8.59439e-10 9.26205e-11 5.46098e-12 0 
0 5.93479e-05 0.000561912 0.00226279 0.00525004 0.00852064 0.0115678 0.0144991 0.0173484 0.0200093 0.0223407 0.0242168 0.0255439 0.0262675 0.0263745 0.025891 0.0248773 0.0234205 0.0216251 0.0196039 0.0174684 0.0153181 0.0132253 0.0112065 0.00918971 0.00704479 0.00477509 0.00270473 0.00124455 0.00046934 0.000149508 4.15243e-05 1.02909e-05 2.30538e-06 4.68583e-07 8.59351e-08 1.39625e-08 1.92704e-09 2.0394e-10 1.18199e-11 0 
0 0.000110188 0.000983413 0.00351909 0.00718231 0.0108575 0.0144991 0.0182249 0.0219172 0.0253765 0.0284074 0.0308453 0.032569 0.0335084 0.0336467 0.033018 0.0317004 0.0298064 0.0274714 0.024841 0.02206 0.0192622 0.0165606 0.0140323 0.0116824 0.00939385 0.00697341 0.00445144 0.00229495 0.000938685 0.000312538 8.82452e-05 2.18625e-05 4.85219e-06 9.72743e-07 1.75606e-07 2.80684e-08 3.8114e-09 3.97079e-10 2.26731e-11 0 
0 0.00017837 0.00148428 0.00473993 0.00883731 0.0129789 0.0173484 0.0219172 0.0264576 0.0307106 0.0344353 0.0374298 0.0395459 0.040698 0.0408659 0.0400915 0.038471 0.0361422 0.033271 0.0300356 0.0266131 0.0231672 0.019839 0.0167387 0.0139277 0.0113683 0.00886323 0.00619116 0.00355935 0.00159721 0.000563733 0.000163562 4.08057e-05 9.0189e-06 1.79054e-06 3.1928e-07 5.03565e-08 6.74626e-09 6.93646e-10 3.91122e-11 0 
0 0.000257374 0.00199488 0.00579069 0.0102264 0.0149045 0.0200093 0.0253765 0.0307106 0.0357053 0.0400777 0.0435914 0.0460727 0.0474218 0.0476152 0.0467029 0.0447975 0.0420612 0.0386879 0.0348868 0.0308648 0.0268134 0.0228976 0.0192491 0.015958 0.0130441 0.0103806 0.00767118 0.00481774 0.00236635 0.000891332 0.000267743 6.76571e-05 1.49579e-05 2.95165e-06 5.2156e-07 8.14106e-08 1.079e-08 1.09772e-09 6.12691e-11 0 
0 0.000337479 0.00245381 0.00662883 0.0113724 0.0165776 0.0223407 0.0284074 0.0344353 0.0400777 0.0450154 0.0489811 0.0517795 0.0532983 0.0535117 0.0524764 0.0503203 0.0472263 0.0434136 0.0391178 0.0345722 0.0299924 0.025564 0.0214353 0.0177126 0.0144461 0.0115712 0.00881758 0.00589771 0.00312974 0.00125595 0.00039168 0.0001006 2.23206e-05 4.39131e-06 7.71178e-07 1.19466e-07 1.57066e-08 1.58507e-09 8.77847e-11 0 
0 0.000408609 0.00282163 0.00725376 0.0122686 0.0179211 0.0242168 0.0308453 0.0374298 0.0435914 0.0489811 0.0533076 0.0563578 0.0580098 0.0582362 0.0570996 0.05474 0.0513573 0.0471909 0.0424979 0.0375325 0.0325297 0.0276914 0.0231788 0.0191085 0.015546 0.0124651 0.0096448 0.00671915 0.00378315 0.00160329 0.000517961 0.000135318 3.01876e-05 5.93515e-06 1.03853e-06 1.60086e-07 2.09321e-08 2.10075e-09 1.15724e-10 0 
0 0.000462538 0.00307906 0.00767376 0.0128943 0.018871 0.0255439 0.032569 0.0395459 0.0460727 0.0517795 0.0563578 0.0595824 0.0613247 0.0615567 0.0603451 0.0578389 0.0542503 0.0498331 0.0448593 0.0395983 0.0342982 0.0291724 0.024391 0.0200771 0.0163038 0.0130657 0.0101814 0.00726678 0.00426092 0.00188203 0.000625842 0.000165999 3.72537e-05 7.33179e-06 1.28111e-06 1.96982e-07 2.56811e-08 2.5697e-09 1.41161e-10 0 
0 0.000493936 0.00322006 0.0078966 0.0132331 0.0193889 0.0262675 0.0335084 0.040698 0.0474218 0.0532983 0.0580098 0.0613247 0.0631112 0.0633411 0.0620841 0.0594941 0.0557903 0.0512346 0.0461073 0.0406858 0.0352255 0.0299455 0.0250207 0.0205773 0.0166915 0.0133678 0.0104484 0.00755257 0.00453484 0.00205641 0.000697499 0.000187125 4.22243e-05 8.32827e-06 1.45611e-06 2.23873e-07 2.91784e-08 2.91896e-09 1.60347e-10 0 
0 0.000500532 0.00324599 0.00793046 0.0132822 0.019465 0.0263745 0.0336467 0.0408659 0.0476152 0.0535117 0.0582362 0.0615567 0.0633411 0.063562 0.06229 0.0596804 0.055954 0.0513741 0.0462225 0.0407777 0.035296 0.0299971 0.0250559 0.0205986 0.0167017 0.0133721 0.0104613 0.00759506 0.00460205 0.00211051 0.000722811 0.000195237 4.42557e-05 8.75781e-06 1.53544e-06 2.36688e-07 3.09328e-08 3.10374e-09 1.71074e-10 0 
0 0.000482848 0.0031624 0.00778586 0.0130545 0.0191184 0.025891 0.033018 0.0400915 0.0467029 0.0524764 0.0570996 0.0603451 0.0620841 0.06229 0.0610328 0.0584655 0.0548051 0.0503101 0.0452572 0.0399196 0.0345483 0.0293585 0.0245213 0.0201599 0.0163484 0.0130907 0.0102347 0.00741281 0.00447527 0.00204739 0.000701438 0.000189983 4.32452e-05 8.60087e-06 1.51638e-06 2.35184e-07 3.09411e-08 3.12705e-09 1.73712e-10 0 
0 0.000443785 0.00297776 0.0074758 0.0125773 0.0183922 0.0248773 0.0317004 0.038471 0.0447975 0.0503203 0.05474 0.0578389 0.0594941 0.0596804 0.0584655 0.0559964 0.0524817 0.0481696 0.0433254 0.0382111 0.0330673 0.0281001 0.0234733 0.0193048 0.0156637 0.0125457 0.00978492 0.00702451 0.00417909 0.00188657 0.000642328 0.000174136 3.98632e-05 7.99511e-06 1.42387e-06 2.2334e-07 2.97451e-08 3.04579e-09 1.71554e-10 0 
0 0.000388154 0.00270368 0.00701408 0.0118883 0.0173491 0.0234205 0.0298064 0.0361422 0.0420612 0.0472263 0.0513573 0.0542503 0.0557903 0.055954 0.0548051 0.0524817 0.0491798 0.0451323 0.0405882 0.0357933 0.0309733 0.0263218 0.0219922 0.018095 0.0146923 0.0117654 0.00912877 0.00645294 0.00375128 0.0016611 0.000561347 0.000152743 3.535e-05 7.19777e-06 1.30457e-06 2.08577e-07 2.83437e-08 2.96303e-09 1.70418e-10 0 
0 0.000322142 0.00235606 0.00641302 0.0110288 0.0160638 0.0216251 0.0274714 0.033271 0.0386879 0.0434136 0.0471909 0.0498331 0.0512346 0.0513741 0.0503101 0.0481696 0.0451323 0.041412 0.0372375 0.0328343 0.0284099 0.0241423 0.0201729 0.016603 0.0134843 0.0107785 0.00828486 0.00573271 0.00324604 0.0014137 0.000477846 0.000131872 3.12127e-05 6.52742e-06 1.21743e-06 2.00399e-07 2.80244e-08 3.01128e-09 1.77706e-10 0 
0 0.000252598 0.00195683 0.00568275 0.0100352 0.014615 0.0196039 0.024841 0.0300356 0.0348868 0.0391178 0.0424979 0.0448593 0.0461073 0.0462225 0.0452572 0.0433254 0.0405882 0.0372375 0.0334786 0.0295141 0.0255306 0.0216886 0.0181159 0.0149029 0.0120872 0.00961037 0.00727981 0.00492062 0.00273371 0.00119079 0.000411235 0.000117556 2.89863e-05 6.3188e-06 1.22584e-06 2.09133e-07 3.01812e-08 3.33149e-09 2.0105e-10 0 
0 0.000186134 0.00153503 0.00483557 0.00892824 0.0130747 0.0174684 0.02206 0.0266131 0.0308648 0.0345722 0.0375325 0.0395983 0.0406858 0.0407777 0.0399196 0.0382111 0.0357933 0.0328343 0.0295141 0.0260104 0.0224871 0.0190856 0.0159189 0.0130636 0.0105415 0.00828789 0.006163 0.00410051 0.0022912 0.00103489 0.000378645 0.000115361 3.01676e-05 6.90867e-06 1.39364e-06 2.44913e-07 3.61145e-08 4.04599e-09 2.46467e-10 0 
0 0.000128134 0.00112538 0.00389754 0.0077068 0.0114931 0.0153181 0.0192622 0.0231672 0.0268134 0.0299924 0.0325297 0.0342982 0.0352255 0.035296 0.0345483 0.0330673 0.0309733 0.0284099 0.0255306 0.0224871 0.0194193 0.0164482 0.0136694 0.0111437 0.00888521 0.00686057 0.00502278 0.003369 0.0019794 0.000975434 0.00039364 0.000130499 3.62707e-05 8.63442e-06 1.78026e-06 3.1604e-07 4.67066e-08 5.21667e-09 3.15701e-10 0 
0 8.1916e-05 0.000762672 0.00292366 0.00635626 0.00987772 0.0132253 0.0165606 0.019839 0.0228976 0.025564 0.0276914 0.0291724 0.0299455 0.0299971 0.0293585 0.0281001 0.0263218 0.0241423 0.0216886 0.0190856 0.0164482 0.0138746 0.0114406 0.00919834 0.00718784 0.00545058 0.00400546 0.00281462 0.00181968 0.00101775 0.000463599 0.000167523 4.8731e-05 1.17798e-05 2.42289e-06 4.25139e-07 6.18274e-08 6.78247e-09 4.02921e-10 0 
0 4.83739e-05 0.000473041 0.00200181 0.00488855 0.00818208 0.0112065 0.0140323 0.0167387 0.0192491 0.0214353 0.0231788 0.024391 0.0250207 0.0250559 0.0245213 0.0234733 0.0219922 0.0201729 0.0181159 0.0159189 0.0136694 0.0114406 0.00929631 0.00732067 0.00564994 0.00440111 0.00350851 0.00273836 0.00194625 0.00119283 0.000596633 0.000230476 6.85602e-05 1.64112e-05 3.29562e-06 5.62363e-07 7.95284e-08 8.49506e-09 4.9231e-10 0 
0 2.6275e-05 0.000266483 0.00122936 0.00339974 0.00634501 0.00918971 0.0116824 0.0139277 0.015958 0.0177126 0.0191085 0.0200771 0.0205773 0.0205986 0.0201599 0.0193048 0.018095 0.016603 0.0149029 0.0130636 0.0111437 0.00919834 0.00732067 0.00573235 0.00480905 0.00478572 0.00518499 0.00493018 0.00361691 0.00202134 0.000912774 0.000337502 9.72797e-05 2.22534e-05 4.26474e-06 6.99189e-07 9.55794e-08 9.91144e-09 5.59529e-10 0 
0 1.309e-05 0.000135756 0.000669228 0.00207583 0.00441367 0.00704479 0.00939385 0.0113683 0.0130441 0.0144461 0.015546 0.0163038 0.0166915 0.0167017 0.0163484 0.0156637 0.0146923 0.0134843 0.0120872 0.0105415 0.00888521 0.00718784 0.00564994 0.00480905 0.0056905 0.00897532 0.0129501 0.0138022 0.0101963 0.00518949 0.00190456 0.000564312 0.000140652 2.88674e-05 5.09628e-06 7.9162e-07 1.04328e-07 1.05153e-08 5.79547e-10 0 
0 5.97367e-06 6.24819e-05 0.000321625 0.00109198 0.00263639 0.00477509 0.00697341 0.00886323 0.0103806 0.0115712 0.0124651 0.0130657 0.0133678 0.0133721 0.0130907 0.0125457 0.0117654 0.0107785 0.00961037 0.00828789 0.00686057 0.00545058 0.00440111 0.00478572 0.00897532 0.0186277 0.0296202 0.0325763 0.0240849 0.0119764 0.00405357 0.00100186 0.000203869 3.54048e-05 5.52016e-06 7.9811e-07 1.01288e-07 9.96527e-09 5.38938e-10 0 
0 2.49719e-06 2.60275e-05 0.000136873 0.000493186 0.00131708 0.00270473 0.00445144 0.00619116 0.00767118 0.00881758 0.0096448 0.0101814 0.0104484 0.0104613 0.0102347 0.00978492 0.00912877 0.00828486 0.00727981 0.006163 0.00502278 0.00400546 0.00350851 0.00518499 0.0129501 0.0296202 0.048384 0.0535202 0.0397087 0.0196172 0.00649852 0.00149265 0.000263654 3.89802e-05 5.28175e-06 7.03022e-07 8.60875e-08 8.32535e-09 4.45018e-10 0 
0 9.57179e-07 9.84692e-06 5.19658e-05 0.000193037 0.000550046 0.00124455 0.00229495 0.00355935 0.00481774 0.00589771 0.00671915 0.00726678 0.00755257 0.00759506 0.00741281 0.00702451 0.00645294 0.00573271 0.00492062 0.00410051 0.003369 0.00281462 0.00273836 0.00493018 0.0138022 0.0325763 0.0535202 0.0588874 0.0441984 0.0217347 0.00715718 0.00160636 0.000265437 3.52742e-05 4.27293e-06 5.3003e-07 6.32659e-08 6.07411e-09 3.23749e-10 0 
0 3.36892e-07 3.39704e-06 1.77582e-05 6.64969e-05 0.000195623 0.00046934 0.000938685 0.00159721 0.00236635 0.00312974 0.00378315 0.00426092 0.00453484 0.00460205 0.00447527 0.00417909 0.00375128 0.00324604 0.00273371 0.0022912 0.0019794 0.00181968 0.00194625 0.00361691 0.0101963 0.0240849 0.0397087 0.0441984 0.0326307 0.0161067 0.00530232 0.00118752 0.000192242 2.43154e-05 2.78738e-06 3.35244e-07 3.98509e-08 3.84758e-09 2.06477e-10 0 
0 1.09034e-07 1.07259e-06 5.50628e-06 2.04716e-05 6.0709e-05 0.000149508 0.000312538 0.000563733 0.000891332 0.00125595 0.00160329 0.00188203 0.00205641 0.00211051 0.00204739 0.00188657 0.0016611 0.0014137 0.00119079 0.00103489 0.000975434 0.00101775 0.00119283 0.00202134 0.00518949 0.0119764 0.0196172 0.0217347 0.0161067 0.00796036 0.00263332 0.000597203 9.73007e-05 1.22969e-05 1.42721e-06 1.76018e-07 2.14366e-08 2.11081e-09 1.15157e-10 0 
0 3.24784e-08 3.10791e-07 1.55855e-06 5.70001e-06 1.67865e-05 4.15243e-05 8.82452e-05 0.000163562 0.000267743 0.00039168 0.000517961 0.000625842 0.000697499 0.000722811 0.000701438 0.000642328 0.000561347 0.000477846 0.000411235 0.000378645 0.00039364 0.000463599 0.000596633 0.000912774 0.00190456 0.00405357 0.00649852 0.00715718 0.00530232 0.00263332 0.000884514 0.000205757 3.44554e-05 4.57633e-06 5.7767e-07 7.71377e-08 9.86936e-09 1.00332e-09 5.61296e-11 0 
0 8.90173e-09 8.27326e-08 4.04099e-07 1.44624e-06 4.194e-06 1.02909e-05 2.18625e-05 4.08057e-05 6.76571e-05 0.0001006 0.000135318 0.000165999 0.000187125 0.000195237 0.000189983 0.000174136 0.000152743 0.000131872 0.000117556 0.000115361 0.000130499 0.000167523 0.000230476 0.000337502 0.000564312 0.00100186 0.00149265 0.00160636 0.00118752 0.000597203 0.000205757 4.95605e-05 8.81181e-06 1.31189e-06 1.9223e-07 2.87252e-08 3.91249e-09 4.14045e-10 2.39182e-11 0 
0 2.23994e-09 2.02082e-08 9.6011e-08 3.35376e-07 9.53468e-07 2.30538e-06 4.85219e-06 9.0189e-06 1.49579e-05 2.23206e-05 3.01876e-05 3.72537e-05 4.22243e-05 4.42557e-05 4.32452e-05 3.98632e-05 3.535e-05 3.12127e-05 2.89863e-05 3.01676e-05 3.62707e-05 4.8731e-05 6.85602e-05 9.72797e-05 0.000140652 0.000203869 0.000263654 0.000265437 0.000192242 9.73007e-05 3.44554e-05 8.81181e-06 1.76502e-06 3.15499e-07 5.53203e-08 9.25491e-09 1.34322e-09 1.48623e-10 8.91045e-12 0 
0 5.1463e-10 4.5076e-09 2.08261e-08 7.0932e-08 1.97301e-07 4.68583e-07 9.72743e-07 1.79054e-06 2.95165e-06 4.39131e-06 5.93515e-06 7.33179e-06 8.32827e-06 8.75781e-06 8.60087e-06 7.99511e-06 7.19777e-06 6.52742e-06 6.3188e-06 6.90867e-06 8.63442e-06 1.17798e-05 1.64112e-05 2.22534e-05 2.88674e-05 3.54048e-05 3.89802e-05 3.52742e-05 2.43154e-05 1.22969e-05 4.57633e-06 1.31189e-06 3.15499e-07 6.92667e-08 1.41815e-08 2.59984e-09 4.00169e-10 4.63842e-11 2.89579e-12 0 
0 1.06765e-10 9.08509e-10 4.08366e-09 1.35614e-08 3.68849e-08 8.59351e-08 1.75606e-07 3.1928e-07 5.2156e-07 7.71178e-07 1.03853e-06 1.28111e-06 1.45611e-06 1.53544e-06 1.51638e-06 1.42387e-06 1.30457e-06 1.21743e-06 1.22584e-06 1.39364e-06 1.78026e-06 2.42289e-06 3.29562e-06 4.26474e-06 5.09628e-06 5.52016e-06 5.28175e-06 4.27293e-06 2.78738e-06 1.42721e-06 5.7767e-07 1.9223e-07 5.53203e-08 1.41815e-08 3.22488e-09 6.33955e-10 1.03007e-10 1.25153e-11 8.15138e-13 0 
0 1.95725e-11 1.61971e-10 7.08934e-10 2.29697e-09 6.11026e-09 1.39625e-08 2.80684e-08 5.03565e-08 8.14106e-08 1.19466e-07 1.60086e-07 1.96982e-07 2.23873e-07 2.36688e-07 2.35184e-07 2.2334e-07 2.08577e-07 2.00399e-07 2.09133e-07 2.44913e-07 3.1604e-07 4.25139e-07 5.62363e-07 6.99189e-07 7.9162e-07 7.9811e-07 7.03022e-07 5.3003e-07 3.35244e-07 1.76018e-07 7.71377e-08 2.87252e-08 9.25491e-09 2.59984e-09 6.33955e-10 1.3197e-10 2.25637e-11 2.87266e-12 1.95315e-13 0 
0 3.03389e-12 2.44467e-11 1.04315e-10 3.30085e-10 8.59439e-10 1.92704e-09 3.8114e-09 6.74626e-09 1.079e-08 1.57066e-08 2.09321e-08 2.56811e-08 2.91784e-08 3.09328e-08 3.09411e-08 2.97451e-08 2.83437e-08 2.80244e-08 3.01812e-08 3.61145e-08 4.67066e-08 6.18274e-08 7.95284e-08 9.55794e-08 1.04328e-07 1.01288e-07 8.60875e-08 6.32659e-08 3.98509e-08 2.14366e-08 9.86936e-09 3.91249e-09 1.34322e-09 4.00169e-10 1.03007e-10 2.25637e-11 4.04884e-12 5.39504e-13 3.82785e-14 0 
0 3.58542e-13 2.81696e-12 1.17341e-11 3.63067e-11 9.26205e-11 2.0394e-10 3.97079e-10 6.93646e-10 1.09772e-09 1.58507e-09 2.10075e-09 2.5697e-09 2.91896e-09 3.10374e-09 3.12705e-09 3.04579e-09 2.96303e-09 3.01128e-09 3.33149e-09 4.04599e-09 5.21667e-09 6.78247e-09 8.49506e-09 9.91144e-09 1.05153e-08 9.96527e-09 8.32535e-09 6.07411e-09 3.84758e-09 2.11081e-09 1.00332e-09 4.14045e-10 1.48623e-10 4.63842e-11 1.25153e-11 2.87266e-12 5.39504e-13 7.51039e-14 5.55473e-15 0 
0 2.30592e-14 1.76897e-13 7.2035e-13 2.18228e-12 5.46098e-12 1.18199e-11 2.26731e-11 3.91122e-11 6.12691e-11 8.77847e-11 1.15724e-10 1.41161e-10 1.60347e-10 1.71074e-10 1.73712e-10 1.71554e-10 1.70418e-10 1.77706e-10 2.0105e-10 2.46467e-10 3.15701e-10 4.02921e-10 4.9231e-10 5.59529e-10 5.79547e-10 5.38938e-10 4.45018e-10 3.23749e-10 2.06477e-10 1.15157e-10 5.61296e-11 2.39182e-11 8.91045e-12 2.89579e-12 8.15138e-13 1.95315e-13 3.82785e-14 5.55473e-15 4.27586e-16 0 
0 0 0 0 0 0 0 0 0 0 0 0 0 0 0 0 0 0 0 0 0 0 0 0 0 0 0 0 0 0 0 0 0 0 0 0 0 0 0 0 0 
