0 0 0 0 0 0 0 0 0 0 0 0 0 0 0 0 0 0 0 0 0 0 0 0 0 0 0 0 0 0 0 0 0 0 0 0 0 0 0 0 0 
0 1.48526e-07 1.34784e-06 6.15465e-06 1.96039e-05 4.82357e-05 9.66456e-05 0.000163921 0.000243292 0.000325065 0.000400053 0.00046148 0.000505269 0.000529547 0.000534026 0.000519546 0.000487834 0.000441436 0.000383723 0.000318893 0.0002518 0.000187529 0.000130679 8.45204e-05 5.03628e-05 2.74804e-05 1.36741e-05 6.19204e-06 2.551e-06 9.57109e-07 3.27535e-07 1.02373e-07 2.92358e-08 7.61709e-09 1.80197e-09 3.83074e-10 7.16655e-11 1.12969e-11 1.35374e-12 8.80713e-14 0 
0 1.34784e-06 1.26427e-05 5.82591e-05 0.000180764 0.000416808 0.000758687 0.00115132 0.00153122 0.00185844 0.00211851 0.00231062 0.00243822 0.00250515 0.00251495 0.00247105 0.00237688 0.00223568 0.00205037 0.00182403 0.00156161 0.00127268 0.00097408 0.000689779 0.000445415 0.000259184 0.000134896 6.2644e-05 2.60056e-05 9.69487e-06 3.26328e-06 9.96484e-07 2.76894e-07 7.00441e-08 1.60756e-08 3.31587e-09 6.02341e-10 9.23012e-11 1.07671e-11 6.82925e-13 0 
0 6.15465e-06 5.82591e-05 0.000259105 0.000731684 0.00146164 0.00226734 0.00298865 0.00358463 0.00407312 0.00447051 0.00477901 0.00499351 0.00510901 0.00512466 0.00504506 0.00487977 0.00464176 0.00434494 0.00400073 0.00361446 0.00318302 0.00269789 0.0021576 0.00158687 0.00104495 0.000603015 0.000301652 0.000130883 4.96922e-05 1.67094e-05 5.03254e-06 1.36864e-06 3.37423e-07 7.53291e-08 1.51068e-08 2.66918e-09 3.98224e-10 4.52864e-11 2.80429e-12 0 
0 1.96039e-05 0.000180764 0.000731684 0.00175893 0.00294219 0.0039924 0.00490326 0.00573634 0.00650099 0.0071703 0.00771005 0.00809242 0.00830074 0.00833068 0.00818981 0.00789605 0.00747542 0.00695927 0.00638103 0.00577197 0.00515522 0.00453693 0.00389802 0.00319959 0.00242098 0.00161733 0.000920049 0.000438454 0.000175973 6.05888e-05 1.82751e-05 4.9102e-06 1.18697e-06 2.58849e-07 5.06311e-08 8.72388e-09 1.27003e-09 1.41082e-10 8.54505e-12 0 
0 4.82357e-05 0.000416808 0.00146164 0.00294219 0.00434119 0.00562352 0.00689657 0.008157 0.00934263 0.0103846 0.0112243 0.0118186 0.0121427 0.0121904 0.0119734 0.0115189 0.0108663 0.0100633 0.0091614 0.00821216 0.00726336 0.00635385 0.00550355 0.00469584 0.0038654 0.00293727 0.00194031 0.00105874 0.000468338 0.000170376 5.25214e-05 1.41164e-05 3.37233e-06 7.22231e-07 1.38339e-07 2.33197e-08 3.32179e-09 3.61328e-10 2.14527e-11 0 
0 9.66456e-05 0.000758687 0.00226734 0.0039924 0.00562352 0.00731701 0.00909398 0.0108669 0.0125313 0.0139911 0.0151659 0.0159969 0.0164501 0.0165171 0.0162143 0.0155795 0.0146672 0.0135429 0.0122774 0.0109414 0.00960071 0.0083129 0.00712369 0.00605769 0.0050947 0.00414222 0.00308008 0.00193892 0.000973785 0.00038606 0.000124421 3.39378e-05 8.08472e-06 1.71069e-06 3.22309e-07 5.33452e-08 7.45788e-09 7.96493e-10 4.64674e-11 0 
0 0.000163921 0.00115132 0.00298865 0.00490326 0.00689657 0.00909398 0.0114149 0.0137259 0.0158921 0.0177902 0.019317 0.0203964 0.0209847 0.0210714 0.0206776 0.0198525 0.0186664 0.0172041 0.0155568 0.0138153 0.0120637 0.0103753 0.00880975 0.0074109 0.00619671 0.00512668 0.00406465 0.00286651 0.00164054 0.000723495 0.000248786 6.98619e-05 1.6749e-05 3.52313e-06 6.55913e-07 1.06984e-07 1.47261e-08 1.5485e-09 8.8995e-11 0 
0 0.000243292 0.00153122 0.00358463 0.00573634 0.008157 0.0108669 0.0137259 0.0165692 0.0192326 0.0215652 0.0234406 0.0247659 0.0254875 0.0255927 0.0251076 0.0240926 0.0226342 0.0208361 0.0188099 0.0166665 0.0145086 0.0124247 0.0104868 0.00874825 0.00724308 0.00596959 0.0048411 0.00366279 0.00233973 0.00115192 0.000428136 0.000125222 3.04604e-05 6.40573e-06 1.1835e-06 1.90915e-07 2.59548e-08 2.69477e-09 1.52958e-10 0 
0 0.000325065 0.00185844 0.00407312 0.00650099 0.00934263 0.0125313 0.0158921 0.0192326 0.0223605 0.0250989 0.0272997 0.0288552 0.029702 0.0298236 0.0292508 0.0280558 0.0263412 0.0242285 0.021848 0.0193292 0.016792 0.0143398 0.0120556 0.0100008 0.00821605 0.00671673 0.00545995 0.00427806 0.00295613 0.00160539 0.000646632 0.000198308 4.92318e-05 1.03979e-05 1.91354e-06 3.06282e-07 4.12465e-08 4.23985e-09 2.3828e-10 0 
0 0.000400053 0.00211851 0.00447051 0.0071703 0.0103846 0.0139911 0.0177902 0.0215652 0.0250989 0.0281917 0.0306782 0.0324367 0.0333936 0.0335287 0.0328765 0.0315199 0.0295777 0.0271882 0.0244977 0.021651 0.0187828 0.0160096 0.0134241 0.0110947 0.00906601 0.00735983 0.00595766 0.00473375 0.00343765 0.0020173 0.000874437 0.000281346 7.14783e-05 1.52063e-05 2.7955e-06 4.45208e-07 5.95497e-08 6.07586e-09 3.38901e-10 0 
0 0.00046148 0.00231062 0.00477901 0.00771005 0.0112243 0.0151659 0.019317 0.0234406 0.0272997 0.0306782 0.0333945 0.0353102 0.0363448 0.0364867 0.0357764 0.0342956 0.0321699 0.0295554 0.0266147 0.0235049 0.0203719 0.0173418 0.0145159 0.0119676 0.00974459 0.00787117 0.00634025 0.0050581 0.00378014 0.00234455 0.00107894 0.000362319 9.41319e-05 2.01947e-05 3.71585e-06 5.90149e-07 7.85884e-08 7.97764e-09 4.42649e-10 0 
0 0.000505269 0.00243822 0.00499351 0.00809242 0.0118186 0.0159969 0.0203964 0.0247659 0.0288552 0.0324367 0.0353102 0.0373164 0.0383823 0.0385222 0.037784 0.0362345 0.0339882 0.0312138 0.0280943 0.0247986 0.0214794 0.0182693 0.015275 0.0125738 0.0102153 0.00822477 0.00660005 0.00526688 0.00399707 0.00256923 0.00123439 0.000428545 0.000113428 2.45268e-05 4.52169e-06 7.17418e-07 9.53126e-08 9.64717e-09 5.33638e-10 0 
0 0.000529547 0.00250515 0.00510901 0.00830074 0.0121427 0.0164501 0.0209847 0.0254875 0.029702 0.0333936 0.0363448 0.0383823 0.0394486 0.0395816 0.0388347 0.0372601 0.0349563 0.0320953 0.0288769 0.0254798 0.0220601 0.0187535 0.0156693 0.0128869 0.0104566 0.00840408 0.00672891 0.00536679 0.00410261 0.00268918 0.00132566 0.000470097 0.000126018 2.74151e-05 5.06574e-06 8.04064e-07 1.06773e-07 1.07979e-08 5.9672e-10 0 
0 0.000534026 0.00251495 0.00512466 0.00833068 0.0121904 0.0165171 0.0210714 0.0255927 0.0298236 0.0335287 0.0364867 0.0385222 0.0395816 0.039708 0.0389557 0.0373747 0.0350599 0.0321838 0.0289494 0.0255374 0.0221042 0.0187858 0.0156913 0.0129002 0.0104626 0.00840393 0.00672404 0.00536157 0.00410716 0.00270901 0.00134754 0.000481855 0.000129927 2.8369e-05 5.25421e-06 8.35355e-07 1.11077e-07 1.1247e-08 6.22304e-10 0 
0 0.000519546 0.00247105 0.00504506 0.00818981 0.0119734 0.0162143 0.0206776 0.0251076 0.0292508 0.0328765 0.0357764 0.037784 0.0388347 0.0389557 0.038199 0.0366243 0.034339 0.031515 0.0283441 0.0249999 0.021636 0.0183859 0.0153566 0.0126255 0.0102417 0.00822991 0.00658915 0.0052553 0.00401739 0.00263545 0.00130277 0.000464074 0.000125046 2.73422e-05 5.07687e-06 8.0964e-07 1.0802e-07 1.09763e-08 6.09579e-10 0 
0 0.000487834 0.00237688 0.00487977 0.00789605 0.0115189 0.0155795 0.0198525 0.0240926 0.0280558 0.0315199 0.0342956 0.0362345 0.0372601 0.0373747 0.0366243 0.0350848 0.0328786 0.0301704 0.0271333 0.0239298 0.0207085 0.0175978 0.0147003 0.01209 0.00981419 0.00789632 0.00633328 0.00505264 0.00383718 0.00247652 0.00120062 0.000421889 0.000113058 2.47293e-05 4.60798e-06 7.38652e-07 9.91391e-08 1.01391e-08 5.6689e-10 0 
0 0.000441436 0.00223568 0.00464176 0.00747542 0.0108663 0.0146672 0.0186664 0.0226342 0.0263412 0.0295777 0.0321699 0.0339882 0.0349563 0.0350599 0.034339 0.0328786 0.0308041 0.0282654 0.0254186 0.0224157 0.0193971 0.0164841 0.0137727 0.0113328 0.0092088 0.00742294 0.00596775 0.00475704 0.00356864 0.00224341 0.0010564 0.000364136 9.69084e-05 2.1231e-05 3.98082e-06 6.43594e-07 8.72238e-08 9.01303e-09 5.09317e-10 0 
0 0.000383723 0.00205037 0.00434494 0.00695927 0.0100633 0.0135429 0.0172041 0.0208361 0.0242285 0.0271882 0.0295554 0.0312138 0.0320953 0.0321838 0.031515 0.0301704 0.0282654 0.0259346 0.0233201 0.0205626 0.0177918 0.0151192 0.0126335 0.0103993 0.00845838 0.00683095 0.00550202 0.00436844 0.00321488 0.00195423 0.000890954 0.000301668 8.00532e-05 1.76567e-05 3.34948e-06 5.49129e-07 7.55388e-08 7.92491e-09 4.54613e-10 0 
0 0.000318893 0.00182403 0.00400073 0.00638103 0.0091614 0.0122774 0.0155568 0.0188099 0.021848 0.0244977 0.0266147 0.0280943 0.0288769 0.0289494 0.0283441 0.0271333 0.0254186 0.0233201 0.0209661 0.0184833 0.0159887 0.0135826 0.0113456 0.00933691 0.0075955 0.00613811 0.00493919 0.00388337 0.00278643 0.00163796 0.000728998 0.00024543 6.57274e-05 1.47467e-05 2.85456e-06 4.77853e-07 6.70842e-08 7.17451e-09 4.1896e-10 0 
0 0.0002518 0.00156161 0.00361446 0.00577197 0.00821216 0.0109414 0.0138153 0.0166665 0.0193292 0.021651 0.0235049 0.0247986 0.0254798 0.0255374 0.0249999 0.0239298 0.0224157 0.0205626 0.0184833 0.0162891 0.0140826 0.0119526 0.00997074 0.00819079 0.00664819 0.00535442 0.00427486 0.00330261 0.00231113 0.00133457 0.000595383 0.000204694 5.64792e-05 1.30703e-05 2.60313e-06 4.46761e-07 6.40683e-08 6.97554e-09 4.13403e-10 0 
0 0.000187529 0.00127268 0.00318302 0.00515522 0.00726336 0.00960071 0.0120637 0.0145086 0.016792 0.0187828 0.0203719 0.0214794 0.0220601 0.0221042 0.021636 0.0207085 0.0193971 0.0177918 0.0159887 0.0140826 0.0121615 0.0103016 0.00856545 0.00700056 0.00563776 0.00448405 0.00351101 0.00265265 0.00184002 0.00108587 0.000509277 0.00018579 5.40072e-05 1.2999e-05 2.66123e-06 4.65327e-07 6.75527e-08 7.41102e-09 4.41043e-10 0 
0 0.000130679 0.00097408 0.00269789 0.00453693 0.00635385 0.0083129 0.0103753 0.0124247 0.0143398 0.0160096 0.0173418 0.0182693 0.0187535 0.0187858 0.0183859 0.0175978 0.0164841 0.0151192 0.0135826 0.0119526 0.0103016 0.00869291 0.00717888 0.00580091 0.0045893 0.00356223 0.00271901 0.00202997 0.00144245 0.000915866 0.000476029 0.000190742 5.90373e-05 1.46836e-05 3.045e-06 5.33282e-07 7.70787e-08 8.39259e-09 4.94887e-10 0 
0 8.45204e-05 0.000689779 0.0021576 0.00389802 0.00550355 0.00712369 0.00880975 0.0104868 0.0120556 0.0134241 0.0145159 0.015275 0.0156693 0.0156913 0.0153566 0.0147003 0.0137727 0.0126335 0.0113456 0.00997074 0.00856545 0.00717888 0.00585418 0.00463858 0.00360174 0.00281316 0.00224666 0.00176884 0.00129574 0.000857532 0.000487914 0.000215932 7.0906e-05 1.79388e-05 3.695e-06 6.36485e-07 9.02107e-08 9.62961e-09 5.57136e-10 0 
0 5.03628e-05 0.000445415 0.00158687 0.00319959 0.00469584 0.00605769 0.0074109 0.00874825 0.0100008 0.0110947 0.0119676 0.0125738 0.0128869 0.0129002 0.0126255 0.01209 0.0113328 0.0103993 0.00933691 0.00819079 0.00700056 0.00580091 0.00463858 0.00363363 0.00303062 0.00300208 0.00324863 0.00308877 0.00226849 0.00128119 0.000615592 0.000263011 8.79413e-05 2.2122e-05 4.44402e-06 7.43202e-07 1.02389e-07 1.06505e-08 6.02076e-10 0 
0 2.74804e-05 0.000259184 0.00104495 0.00242098 0.0038654 0.0050947 0.00619671 0.00724308 0.00821605 0.00906601 0.00974459 0.0102153 0.0104566 0.0104626 0.0102417 0.00981419 0.0092088 0.00845838 0.0075955 0.00664819 0.00563776 0.0045893 0.00360174 0.00303062 0.00356519 0.00562086 0.00811005 0.00864443 0.00638548 0.00325022 0.00119943 0.000379749 0.000111172 2.63296e-05 5.03191e-06 8.08487e-07 1.07919e-07 1.09349e-08 6.04388e-10 0 
0 1.36741e-05 0.000134896 0.000603015 0.00161733 0.00293727 0.00414222 0.00512668 0.00596959 0.00671673 0.00735983 0.00787117 0.00822477 0.00840408 0.00840393 0.00822991 0.00789632 0.00742294 0.00683095 0.00613811 0.00535442 0.00448405 0.00356223 0.00281316 0.00300208 0.00562086 0.0116657 0.0190043 0.0215802 0.0151109 0.00750027 0.00253898 0.000636793 0.000144452 2.96386e-05 5.19356e-06 7.92235e-07 1.02471e-07 1.01516e-08 5.50943e-10 0 
0 6.19204e-06 6.2644e-05 0.000301652 0.000920049 0.00194031 0.00308008 0.00406465 0.0048411 0.00545995 0.00595766 0.00634025 0.00660005 0.00672891 0.00672404 0.00658915 0.00633328 0.00596775 0.00550202 0.00493919 0.00427486 0.00351101 0.00271901 0.00224666 0.00324863 0.00811005 0.0190043 0.0300632 0.0318041 0.0256324 0.01232 0.00406975 0.000938124 0.000176335 3.04192e-05 4.75435e-06 6.82474e-07 8.58191e-08 8.36943e-09 4.49053e-10 0 
0 2.551e-06 2.60056e-05 0.000130883 0.000438454 0.00105874 0.00193892 0.00286651 0.00366279 0.00427806 0.00473375 0.0050581 0.00526688 0.00536679 0.00536157 0.0052553 0.00505264 0.00475704 0.00436844 0.00388337 0.00330261 0.00265265 0.00202997 0.00176884 0.00308877 0.00864443 0.0215802 0.0318041 0.0330595 0.0285834 0.0138561 0.00448222 0.00100802 0.000174089 2.64379e-05 3.72305e-06 5.06237e-07 6.24602e-08 6.05395e-09 3.23876e-10 0 
0 9.57109e-07 9.69487e-06 4.96922e-05 0.000175973 0.000468338 0.000973785 0.00164054 0.00233973 0.00295613 0.00343765 0.00378014 0.00399707 0.00410261 0.00410716 0.00401739 0.00383718 0.00356864 0.00321488 0.00278643 0.00231113 0.00184002 0.00144245 0.00129574 0.00226849 0.00638548 0.0151109 0.0256324 0.0285834 0.0206969 0.0100872 0.00332064 0.00074613 0.000126319 1.80414e-05 2.3964e-06 3.17653e-07 3.91242e-08 3.81373e-09 2.05366e-10 0 
0 3.27535e-07 3.26328e-06 1.67094e-05 6.05888e-05 0.000170376 0.00038606 0.000723495 0.00115192 0.00160539 0.0020173 0.00234455 0.00256923 0.00268918 0.00270901 0.00263545 0.00247652 0.00224341 0.00195423 0.00163796 0.00133457 0.00108587 0.000915866 0.000857532 0.00128119 0.00325022 0.00750027 0.01232 0.0138561 0.0100872 0.00498521 0.00164959 0.00037778 6.51774e-05 9.27287e-06 1.23697e-06 1.67015e-07 2.1001e-08 2.08514e-09 1.14091e-10 0 
0 1.02373e-07 9.96484e-07 5.03254e-06 1.82751e-05 5.25214e-05 0.000124421 0.000248786 0.000428136 0.000646632 0.000874437 0.00107894 0.00123439 0.00132566 0.00134754 0.00130277 0.00120062 0.0010564 0.000890954 0.000728998 0.000595383 0.000509277 0.000476029 0.000487914 0.000615592 0.00119943 0.00253898 0.00406975 0.00448222 0.00332064 0.00164959 0.000556539 0.000133142 2.40154e-05 3.59319e-06 5.14035e-07 7.38133e-08 9.67059e-09 9.89121e-10 5.54641e-11 0 
0 2.92358e-08 2.76894e-07 1.36864e-06 4.9102e-06 1.41164e-05 3.39378e-05 6.98619e-05 0.000125222 0.000198308 0.000281346 0.000362319 0.000428545 0.000470097 0.000481855 0.000464074 0.000421889 0.000364136 0.000301668 0.00024543 0.000204694 0.00018579 0.000190742 0.000215932 0.000263011 0.000379749 0.000636793 0.000938124 0.00100802 0.00074613 0.00037778 0.000133142 3.37719e-05 6.55546e-06 1.09545e-06 1.77239e-07 2.77787e-08 3.83772e-09 4.07697e-10 2.35928e-11 0 
0 7.61709e-09 7.00441e-08 3.37423e-07 1.18697e-06 3.37233e-06 8.08472e-06 1.6749e-05 3.04604e-05 4.92318e-05 7.14783e-05 9.41319e-05 0.000113428 0.000126018 0.000129927 0.000125046 0.000113058 9.69084e-05 8.00532e-05 6.57274e-05 5.64792e-05 5.40072e-05 5.90373e-05 7.0906e-05 8.79413e-05 0.000111172 0.000144452 0.000176335 0.000174089 0.000126319 6.51774e-05 2.40154e-05 6.55546e-06 1.4377e-06 2.82373e-07 5.26456e-08 9.02362e-09 1.31873e-09 1.46238e-10 8.77877e-12 0 
0 1.80197e-09 1.60756e-08 7.53291e-08 2.58849e-07 7.22231e-07 1.71069e-06 3.52313e-06 6.40573e-06 1.03979e-05 1.52063e-05 2.01947e-05 2.45268e-05 2.74151e-05 2.8369e-05 2.73422e-05 2.47293e-05 2.1231e-05 1.76567e-05 1.47467e-05 1.30703e-05 1.2999e-05 1.46836e-05 1.79388e-05 2.2122e-05 2.63296e-05 2.96386e-05 3.04192e-05 2.64379e-05 1.80414e-05 9.27287e-06 3.59319e-06 1.09545e-06 2.82373e-07 6.54128e-08 1.37592e-08 2.5463e-09 3.93065e-10 4.56191e-11 2.85078e-12 0 
0 3.83074e-10 3.31587e-09 1.51068e-08 5.06311e-08 1.38339e-07 3.22309e-07 6.55913e-07 1.1835e-06 1.91354e-06 2.7955e-06 3.71585e-06 4.52169e-06 5.06574e-06 5.25421e-06 5.07687e-06 4.60798e-06 3.98082e-06 3.34948e-06 2.85456e-06 2.60313e-06 2.66123e-06 3.045e-06 3.695e-06 4.44402e-06 5.03191e-06 5.19356e-06 4.75435e-06 3.72305e-06 2.3964e-06 1.23697e-06 5.14035e-07 1.77239e-07 5.26456e-08 1.37592e-08 3.15524e-09 6.22106e-10 1.01203e-10 1.23059e-11 8.0208e-13 0 
0 7.16655e-11 6.02341e-10 2.66918e-09 8.72388e-09 2.33197e-08 5.33452e-08 1.06984e-07 1.90915e-07 3.06282e-07 4.45208e-07 5.90149e-07 7.17418e-07 8.04064e-07 8.35355e-07 8.0964e-07 7.38652e-07 6.43594e-07 5.49129e-07 4.77853e-07 4.46761e-07 4.65327e-07 5.33282e-07 6.36485e-07 7.43202e-07 8.08487e-07 7.92235e-07 6.82474e-07 5.06237e-07 3.17653e-07 1.67015e-07 7.38133e-08 2.77787e-08 9.02362e-09 2.5463e-09 6.22106e-10 1.29613e-10 2.2173e-11 2.82437e-12 1.92136e-13 0 
0 1.12969e-11 9.23012e-11 3.98224e-10 1.27003e-09 3.32179e-09 7.45788e-09 1.47261e-08 2.59548e-08 4.12465e-08 5.95497e-08 7.85884e-08 9.53126e-08 1.06773e-07 1.11077e-07 1.0802e-07 9.91391e-08 8.72238e-08 7.55388e-08 6.70842e-08 6.40683e-08 6.75527e-08 7.70787e-08 9.02107e-08 1.02389e-07 1.07919e-07 1.02471e-07 8.58191e-08 6.24602e-08 3.91242e-08 2.1001e-08 9.67059e-09 3.83772e-09 1.31873e-09 3.93065e-10 1.01203e-10 2.2173e-11 3.97973e-12 5.30465e-13 3.76515e-14 0 
0 1.35374e-12 1.07671e-11 4.52864e-11 1.41082e-10 3.61328e-10 7.96493e-10 1.5485e-09 2.69477e-09 4.23985e-09 6.07586e-09 7.97764e-09 9.64717e-09 1.07979e-08 1.1247e-08 1.09763e-08 1.01391e-08 9.01303e-09 7.92491e-09 7.17451e-09 6.97554e-09 7.41102e-09 8.39259e-09 9.62961e-09 1.06505e-08 1.09349e-08 1.01516e-08 8.36943e-09 6.05395e-09 3.81373e-09 2.08514e-09 9.89121e-10 4.07697e-10 1.46238e-10 4.56191e-11 1.23059e-11 2.82437e-12 5.30465e-13 7.38574e-14 5.46386e-15 0 
0 8.80713e-14 6.82925e-13 2.80429e-12 8.54505e-12 2.14527e-11 4.64674e-11 8.8995e-11 1.52958e-10 2.3828e-10 3.38901e-10 4.42649e-10 5.33638e-10 5.9672e-10 6.22304e-10 6.09579e-10 5.6689e-10 5.09317e-10 4.54613e-10 4.1896e-10 4.13403e-10 4.41043e-10 4.94887e-10 5.57136e-10 6.02076e-10 6.04388e-10 5.50943e-10 4.49053e-10 3.23876e-10 2.05366e-10 1.14091e-10 5.54641e-11 2.35928e-11 8.77877e-12 2.85078e-12 8.0208e-13 1.92136e-13 3.76515e-14 5.46386e-15 4.20641e-16 0 
0 0 0 0 0 0 0 0 0 0 0 0 0 0 0 0 0 0 0 0 0 0 0 0 0 0 0 0 0 0 0 0 0 0 0 0 0 0 0 0 0 
