0 0 0 0 0 0 0 0 0 0 0 0 0 0 0 0 0 0 0 0 0 0 0 0 0 0 0 0 0 0 0 0 0 0 0 0 0 0 0 0 0 
0 2.00411e-07 1.77731e-06 7.75256e-06 2.30244e-05 5.18187e-05 9.40836e-05 0.000144811 0.000196934 0.000244531 0.000284068 0.000314054 0.000334225 0.000344886 0.000346533 0.000339704 0.000324942 0.000302843 0.000274161 0.000239965 0.000201804 0.000161801 0.00012257 8.68673e-05 5.70202e-05 3.43421e-05 1.88305e-05 9.34891e-06 4.19068e-06 1.69518e-06 6.19473e-07 2.04839e-07 6.13569e-08 1.66385e-08 4.06931e-09 8.89161e-10 1.70133e-10 2.73169e-11 3.32293e-12 2.18843e-13 0 
0 1.77731e-06 1.60616e-05 6.84291e-05 0.000187886 0.000372243 0.000579749 0.000766843 0.000915961 0.00102939 0.00111447 0.00117644 0.0012177 0.00123914 0.00124146 0.00122571 0.00119346 0.00114639 0.00108577 0.00101178 0.00092319 0.000817861 0.000694613 0.000556244 0.00041205 0.000277005 0.000166287 8.81961e-05 4.11683e-05 1.69466e-05 6.18736e-06 2.01742e-06 5.90778e-07 1.55832e-07 3.6977e-08 7.83204e-09 1.45299e-09 2.26403e-10 2.67633e-11 1.71557e-12 0 
0 7.75256e-06 6.84291e-05 0.000264425 0.00061051 0.000986088 0.00128974 0.00152428 0.00172369 0.00190355 0.00206209 0.00219131 0.00228347 0.00233365 0.00234029 0.00230521 0.00223312 0.00213101 0.00200734 0.00187092 0.00172927 0.00158617 0.00143873 0.00127579 0.0010818 0.000849551 0.00059598 0.000362067 0.000187127 8.2122e-05 3.09162e-05 1.01377e-05 2.93692e-06 7.58961e-07 1.75525e-07 3.61518e-08 6.51832e-09 9.87649e-10 1.13659e-10 7.1033e-12 0 
0 2.30244e-05 0.000187886 0.00061051 0.00113438 0.00155957 0.00191389 0.00226437 0.00261964 0.00295989 0.00326198 0.0035067 0.00368034 0.00377499 0.00378859 0.00372457 0.0035911 0.00340013 0.00316623 0.00290544 0.0026342 0.00236824 0.00212055 0.00189705 0.00168909 0.00146775 0.00119478 0.000861523 0.000522441 0.000259049 0.000105208 3.57579e-05 1.044e-05 2.67293e-06 6.06759e-07 1.22109e-07 2.1475e-08 3.17327e-09 3.56397e-10 2.17643e-11 0 
0 5.18187e-05 0.000372243 0.000986088 0.00155957 0.00205213 0.00257506 0.00313939 0.00370993 0.00424868 0.00472245 0.00510428 0.00537456 0.00552195 0.00554363 0.00544493 0.00523825 0.00494151 0.00457635 0.00416627 0.0037349 0.00330477 0.00289644 0.00252777 0.00221088 0.00194246 0.00168817 0.00138363 0.000991598 0.000578253 0.000265355 9.69455e-05 2.92115e-05 7.5175e-06 1.69004e-06 3.34327e-07 5.76035e-08 8.33027e-09 9.15804e-10 5.47902e-11 0 
0 9.40836e-05 0.000579749 0.00128974 0.00191389 0.00257506 0.00332939 0.00413568 0.00494175 0.00569866 0.00636248 0.00689674 0.00727466 0.00748075 0.00751122 0.00737352 0.00708484 0.00666995 0.00615867 0.00558321 0.00497566 0.00436603 0.00378082 0.00324262 0.00277021 0.00237681 0.0020589 0.00177169 0.00142538 0.000972847 0.000518202 0.000210338 6.70822e-05 1.76343e-05 3.9656e-06 7.76216e-07 1.31656e-07 1.87047e-08 2.01938e-09 1.18696e-10 0 
0 0.000144811 0.000766843 0.00152428 0.00226437 0.00313939 0.00413568 0.00519098 0.00624189 0.00722701 0.00809019 0.00878462 0.00927615 0.00954465 0.0095843 0.00940449 0.0090284 0.00848867 0.00782361 0.0070745 0.00628254 0.00548601 0.00471822 0.00400655 0.00337258 0.00283318 0.00239884 0.00205744 0.00173977 0.00133102 0.000819136 0.000376297 0.000129727 3.53718e-05 8.03524e-06 1.56642e-06 2.62802e-07 3.68224e-08 3.91679e-09 2.26844e-10 0 
0 0.000196934 0.000915961 0.00172369 0.00261964 0.00370993 0.00494175 0.00624189 0.00753489 0.00874614 0.00980778 0.0106665 0.0112848 0.011631 0.0116832 0.0114494 0.0109701 0.0102965 0.00947572 0.00855388 0.00757917 0.00659782 0.00565019 0.00476891 0.00397865 0.00329731 0.00273791 0.00230404 0.00196106 0.00159755 0.00110301 0.000572809 0.000215961 6.17899e-05 1.42974e-05 2.79198e-06 4.65374e-07 6.45411e-08 6.78549e-09 3.88315e-10 0 
0 0.000244531 0.00102939 0.00190355 0.00295989 0.00424868 0.00569866 0.00722701 0.00874614 0.0101698 0.0114274 0.0124741 0.0132552 0.0136946 0.0137612 0.0134674 0.0128563 0.0120146 0.0110254 0.00993618 0.00879005 0.00763622 0.00652106 0.00548232 0.00454797 0.0037371 0.00306245 0.0025316 0.00213163 0.00178054 0.00132923 0.000767204 0.000316361 9.55275e-05 2.26396e-05 4.44822e-06 7.39314e-07 1.01814e-07 1.06107e-08 6.01606e-10 0 
0 0.000284068 0.00111447 0.00206209 0.00326198 0.00472245 0.00636248 0.00809019 0.00980778 0.0114274 0.0128941 0.0141264 0.0149638 0.0153795 0.015438 0.0151659 0.0145449 0.0135826 0.0124079 0.011148 0.00984644 0.00854157 0.0072804 0.00610466 0.00504538 0.00412302 0.00334991 0.00273349 0.00227044 0.00190561 0.00149056 0.000933213 0.000416776 0.000132693 3.22741e-05 6.3969e-06 1.063e-06 1.45751e-07 1.50957e-08 8.50049e-10 0 
0 0.000314054 0.00117644 0.00219131 0.0035067 0.00510428 0.00689674 0.00878462 0.0106665 0.0124741 0.0141264 0.0153605 0.0160779 0.0164156 0.0164606 0.0162351 0.0157124 0.0148225 0.0135621 0.0121366 0.0106931 0.00926436 0.00788626 0.00660114 0.0054423 0.00443146 0.00358077 0.00289668 0.00237916 0.00199052 0.00159661 0.00105814 0.000503667 0.000167927 4.18487e-05 8.37311e-06 1.39345e-06 1.90618e-07 1.96636e-08 1.10211e-09 0 
0 0.000334225 0.0012177 0.00228347 0.00368034 0.00537456 0.00727466 0.00927615 0.0112848 0.0132552 0.0149638 0.0160779 0.0167 0.0169943 0.0170316 0.01683 0.0163684 0.0155802 0.0143741 0.0128545 0.0112908 0.0097687 0.00830805 0.00694634 0.00571796 0.00464546 0.00374097 0.00301005 0.00245343 0.00204314 0.00165911 0.00113983 0.000567541 0.000195964 4.98014e-05 1.00477e-05 1.67579e-06 2.29055e-07 2.35774e-08 1.31785e-09 0 
0 0.000344886 0.00123914 0.00233365 0.00377499 0.00552195 0.00748075 0.00954465 0.011631 0.0136946 0.0153795 0.0164156 0.0169943 0.0172688 0.0173019 0.0171095 0.0166736 0.0159343 0.0147861 0.0132474 0.0116113 0.0100338 0.00852826 0.00712568 0.00586034 0.0047552 0.00382229 0.00306665 0.00248901 0.00206594 0.00168648 0.00118098 0.000603521 0.000212909 5.48003e-05 1.11224e-05 1.85901e-06 2.54166e-07 2.61461e-08 1.45998e-09 0 
0 0.000346533 0.00124146 0.00234029 0.00378859 0.00554363 0.00751122 0.0095843 0.0116832 0.0137612 0.015438 0.0164606 0.0170316 0.0173019 0.0173326 0.0171398 0.0167055 0.0159712 0.0148307 0.0132892 0.0116403 0.0100541 0.00854295 0.00713569 0.0058664 0.00475793 0.00382218 0.00306394 0.00248386 0.00205966 0.00168343 0.00118504 0.000610354 0.000216865 5.60913e-05 1.14175e-05 1.91162e-06 2.61643e-07 2.69362e-08 1.50505e-09 0 
0 0.000339704 0.00122571 0.00230521 0.00372457 0.00544493 0.00737352 0.00940449 0.0114494 0.0134674 0.0151659 0.0162351 0.01683 0.0171095 0.0171398 0.0169376 0.0164837 0.0157149 0.0145309 0.0129913 0.0113883 0.00984044 0.00836107 0.00698345 0.00574147 0.00465747 0.00374312 0.00300327 0.00243849 0.00202481 0.00165181 0.00115458 0.000589297 0.000208021 5.36563e-05 1.09208e-05 1.83077e-06 2.51053e-07 2.59018e-08 1.45053e-09 0 
0 0.000324942 0.00119346 0.00223312 0.0035911 0.00523825 0.00708484 0.0090284 0.0109701 0.0128563 0.0145449 0.0157124 0.0163684 0.0166736 0.0167055 0.0164837 0.0159846 0.0151389 0.013887 0.0123972 0.010891 0.00941775 0.00800267 0.006685 0.00549799 0.00446308 0.00359166 0.00288892 0.00235516 0.00196166 0.00159108 0.00109114 0.000543579 0.000188422 4.81672e-05 9.78093e-06 1.64176e-06 2.25803e-07 2.33838e-08 1.31485e-09 0 
0 0.000302843 0.00114639 0.00213101 0.00340013 0.00494151 0.00666995 0.00848867 0.0102965 0.0120146 0.0135826 0.0148225 0.0155802 0.0159343 0.0159712 0.0157149 0.0151389 0.0141937 0.0129433 0.0115802 0.0101959 0.00882101 0.0074962 0.0062632 0.00515363 0.00418781 0.00337696 0.0027268 0.00223651 0.00186899 0.0014984 0.000996217 0.000478457 0.000161538 4.07804e-05 8.2568e-06 1.38898e-06 1.91923e-07 1.99895e-08 1.13097e-09 0 
0 0.000274161 0.00108577 0.00200734 0.00316623 0.00457635 0.00615867 0.00782361 0.00947572 0.0110254 0.0124079 0.0135621 0.0143741 0.0147861 0.0148307 0.0145309 0.013887 0.0129433 0.0118208 0.0106092 0.00935121 0.0080909 0.0068755 0.00574511 0.00472911 0.00384668 0.00310904 0.00252245 0.00208315 0.0017422 0.00136917 0.000873281 0.000401451 0.000131683 3.28448e-05 6.64295e-06 1.12265e-06 1.56248e-07 1.64103e-08 9.36599e-10 0 
0 0.000239965 0.00101178 0.00187092 0.00290544 0.00416627 0.00558321 0.0070745 0.00855388 0.00993618 0.011148 0.0121366 0.0128545 0.0132474 0.0132892 0.0129913 0.0123972 0.0115802 0.0106092 0.00953482 0.00840537 0.00727089 0.00617672 0.00515944 0.00424603 0.00345465 0.00279674 0.00227851 0.00189052 0.00157177 0.00119963 0.000730501 0.000322167 0.000103279 2.5606e-05 5.1999e-06 8.86557e-07 1.2472e-07 1.32477e-08 7.64617e-10 0 
0 0.000201804 0.00092319 0.00172927 0.0026342 0.0037349 0.00497566 0.00628254 0.00757917 0.00879005 0.00984644 0.0106931 0.0112908 0.0116113 0.0116403 0.0113883 0.010891 0.0101959 0.00935121 0.00840537 0.00740753 0.00640412 0.00543548 0.00453424 0.00372495 0.00302489 0.00244557 0.0019915 0.00164625 0.00134571 0.000993201 0.000582882 0.000251135 8.00739e-05 1.99862e-05 4.10843e-06 7.10205e-07 1.01289e-07 1.08986e-08 6.36513e-10 0 
0 0.000161801 0.000817861 0.00158617 0.00236824 0.00330477 0.00436603 0.00548601 0.00659782 0.00763622 0.00854157 0.00926436 0.0097687 0.0100338 0.0100541 0.00984044 0.00941775 0.00882101 0.0080909 0.00727089 0.00640412 0.00553049 0.00468471 0.00389524 0.00318415 0.00256772 0.00205654 0.00165203 0.00133685 0.00106352 0.000769041 0.000450681 0.000197431 6.44993e-05 1.64798e-05 3.45385e-06 6.06272e-07 8.75196e-08 9.50796e-09 5.59549e-10 0 
0 0.00012257 0.000694613 0.00143873 0.00212055 0.00289644 0.00378082 0.00471822 0.00565019 0.00652106 0.0072804 0.00788626 0.00830805 0.00852826 0.00854295 0.00836107 0.00800267 0.0074962 0.0068755 0.00617672 0.00543548 0.00468471 0.00395318 0.00326499 0.0026399 0.00209404 0.00163843 0.00127475 0.0009926 0.000768543 0.000563659 0.00035058 0.000165299 5.72223e-05 1.51406e-05 3.22987e-06 5.71305e-07 8.26607e-08 8.975e-09 5.27029e-10 0 
0 8.68673e-05 0.000556244 0.00127579 0.00189705 0.00252777 0.00324262 0.00400655 0.00476891 0.00548232 0.00610466 0.00660114 0.00694634 0.00712568 0.00713569 0.00698345 0.006685 0.0062632 0.00574511 0.00515944 0.00453424 0.00389524 0.00326499 0.00266368 0.00211338 0.00164458 0.00128694 0.00102975 0.000815543 0.000611096 0.000434978 0.000286936 0.000151128 5.68038e-05 1.55785e-05 3.34354e-06 5.87045e-07 8.39053e-08 8.98885e-09 5.20907e-10 0 
0 5.70202e-05 0.00041205 0.0010818 0.00168909 0.00221088 0.00277021 0.00337258 0.00397865 0.00454797 0.00504538 0.0054423 0.00571796 0.00586034 0.0058664 0.00574147 0.00549799 0.00515363 0.00472911 0.00424603 0.00372495 0.00318415 0.0026399 0.00211338 0.00165667 0.00138015 0.00136566 0.00147744 0.00140473 0.00103204 0.000586255 0.000297772 0.000150172 6.01216e-05 1.69728e-05 3.61741e-06 6.22048e-07 8.68522e-08 9.1e-09 5.16832e-10 0 
0 3.43421e-05 0.000277005 0.000849551 0.00146775 0.00194246 0.00237681 0.00283318 0.00329731 0.0037371 0.00412302 0.00443146 0.00464546 0.0047552 0.00475793 0.00465747 0.00446308 0.00418781 0.00384668 0.00345465 0.00302489 0.00256772 0.00209404 0.00164458 0.00138015 0.00162138 0.00255611 0.00371436 0.00412643 0.00290387 0.00147807 0.000547042 0.000184841 6.55942e-05 1.83216e-05 3.81844e-06 6.37587e-07 8.6569e-08 8.84958e-09 4.91965e-10 0 
0 1.88305e-05 0.000166287 0.00059598 0.00119478 0.00168817 0.0020589 0.00239884 0.00273791 0.00306245 0.00334991 0.00358077 0.00374097 0.00382229 0.00382218 0.00374312 0.00359166 0.00337696 0.00310904 0.00279674 0.00244557 0.00205654 0.00163843 0.00128694 0.00136566 0.00255611 0.00534298 0.00971968 0.0107436 0.00749715 0.00341081 0.00115466 0.000292834 7.54356e-05 1.88794e-05 3.73842e-06 6.01587e-07 7.94681e-08 7.94878e-09 4.33958e-10 0 
0 9.34891e-06 8.81961e-05 0.000362067 0.000861523 0.00138363 0.00177169 0.00205744 0.00230404 0.0025316 0.00273349 0.00289668 0.00301005 0.00306665 0.00306394 0.00300327 0.00288892 0.0027268 0.00252245 0.00227851 0.0019915 0.00165203 0.00127475 0.00102975 0.00147744 0.00371436 0.00971968 0.0121258 0.0124183 0.0114862 0.00627053 0.00185074 0.000427532 8.62041e-05 1.80261e-05 3.27888e-06 5.0513e-07 6.5178e-08 6.42087e-09 3.46461e-10 0 
0 4.19068e-06 4.11683e-05 0.000187127 0.000522441 0.000991598 0.00142538 0.00173977 0.00196106 0.00213163 0.00227044 0.00237916 0.00245343 0.00248901 0.00248386 0.00243849 0.00235516 0.00223651 0.00208315 0.00189052 0.00164625 0.00133685 0.0009926 0.000815543 0.00140473 0.00412643 0.0107436 0.0124183 0.012636 0.0118668 0.00751077 0.00203836 0.000458931 8.33157e-05 1.50282e-05 2.49228e-06 3.68424e-07 4.68258e-08 4.58524e-09 2.46577e-10 0 
0 1.69518e-06 1.69466e-05 8.2122e-05 0.000259049 0.000578253 0.000972847 0.00133102 0.00159755 0.00178054 0.00190561 0.00199052 0.00204314 0.00206594 0.00205966 0.00202481 0.00196166 0.00186899 0.0017422 0.00157177 0.00134571 0.00106352 0.000768543 0.000611096 0.00103204 0.00290387 0.00749715 0.0114862 0.0118668 0.0103766 0.00467196 0.00151008 0.000340062 6.07571e-05 1.01785e-05 1.58616e-06 2.29284e-07 2.91108e-08 2.86516e-09 1.54991e-10 0 
0 6.19473e-07 6.18736e-06 3.09162e-05 0.000105208 0.000265355 0.000518202 0.000819136 0.00110301 0.00132923 0.00149056 0.00159661 0.00165911 0.00168648 0.00168343 0.00165181 0.00159108 0.0014984 0.00136917 0.00119963 0.000993201 0.000769041 0.000563659 0.000434978 0.000586255 0.00147807 0.00341081 0.00627053 0.00751077 0.00467196 0.00226704 0.000750237 0.000173374 3.22556e-05 5.35183e-06 8.25745e-07 1.20567e-07 1.55697e-08 1.55855e-09 8.56052e-11 0 
0 2.04839e-07 2.01742e-06 1.01377e-05 3.57579e-05 9.69455e-05 0.000210338 0.000376297 0.000572809 0.000767204 0.000933213 0.00105814 0.00113983 0.00118098 0.00118504 0.00115458 0.00109114 0.000996217 0.000873281 0.000730501 0.000582882 0.000450681 0.00035058 0.000286936 0.000297772 0.000547042 0.00115466 0.00185074 0.00203836 0.00151008 0.000750237 0.000254021 6.28977e-05 1.25751e-05 2.17517e-06 3.51447e-07 5.36038e-08 7.16166e-09 7.36986e-10 4.14531e-11 0 
0 6.13569e-08 5.90778e-07 2.93692e-06 1.044e-05 2.92115e-05 6.70822e-05 0.000129727 0.000215961 0.000316361 0.000416776 0.000503667 0.000567541 0.000603521 0.000610354 0.000589297 0.000543579 0.000478457 0.000401451 0.000322167 0.000251135 0.000197431 0.000165299 0.000151128 0.000150172 0.000184841 0.000292834 0.000427532 0.000458931 0.000340062 0.000173374 6.28977e-05 1.7159e-05 3.735e-06 7.06803e-07 1.24843e-07 2.03282e-08 2.84213e-09 3.03173e-10 1.75861e-11 0 
0 1.66385e-08 1.55832e-07 7.58961e-07 2.67293e-06 7.5175e-06 1.76343e-05 3.53718e-05 6.17899e-05 9.55275e-05 0.000132693 0.000167927 0.000195964 0.000212909 0.000216865 0.000208021 0.000188422 0.000161538 0.000131683 0.000103279 8.00739e-05 6.44993e-05 5.72223e-05 5.68038e-05 6.01216e-05 6.55942e-05 7.54356e-05 8.62041e-05 8.33157e-05 6.07571e-05 3.22556e-05 1.25751e-05 3.735e-06 9.05445e-07 1.94004e-07 3.80197e-08 6.64312e-09 9.76863e-10 1.08611e-10 6.53204e-12 0 
0 4.06931e-09 3.6977e-08 1.75525e-07 6.06759e-07 1.69004e-06 3.9656e-06 8.03524e-06 1.42974e-05 2.26396e-05 3.22741e-05 4.18487e-05 4.98014e-05 5.48003e-05 5.60913e-05 5.36563e-05 4.81672e-05 4.07804e-05 3.28448e-05 2.5606e-05 1.99862e-05 1.64798e-05 1.51406e-05 1.55785e-05 1.69728e-05 1.83216e-05 1.88794e-05 1.80261e-05 1.50282e-05 1.01785e-05 5.35183e-06 2.17517e-06 7.06803e-07 1.94004e-07 4.69477e-08 1.00854e-08 1.88098e-09 2.91217e-10 3.38559e-11 2.11869e-12 0 
0 8.89161e-10 7.83204e-09 3.61518e-08 1.22109e-07 3.34327e-07 7.76216e-07 1.56642e-06 2.79198e-06 4.44822e-06 6.3969e-06 8.37311e-06 1.00477e-05 1.11224e-05 1.14175e-05 1.09208e-05 9.78093e-06 8.2568e-06 6.64295e-06 5.1999e-06 4.10843e-06 3.45385e-06 3.22987e-06 3.34354e-06 3.61741e-06 3.81844e-06 3.73842e-06 3.27888e-06 2.49228e-06 1.58616e-06 8.25745e-07 3.51447e-07 1.24843e-07 3.80197e-08 1.00854e-08 2.3283e-09 4.60319e-10 7.49919e-11 9.12908e-12 5.95664e-13 0 
0 1.70133e-10 1.45299e-09 6.51832e-09 2.1475e-08 5.76035e-08 1.31656e-07 2.62802e-07 4.65374e-07 7.39314e-07 1.063e-06 1.39345e-06 1.67579e-06 1.85901e-06 1.91162e-06 1.83077e-06 1.64176e-06 1.38898e-06 1.12265e-06 8.86557e-07 7.10205e-07 6.06272e-07 5.71305e-07 5.87045e-07 6.22048e-07 6.37587e-07 6.01587e-07 5.0513e-07 3.68424e-07 2.29284e-07 1.20567e-07 5.36038e-08 2.03282e-08 6.64312e-09 1.88098e-09 4.60319e-10 9.59951e-11 1.64343e-11 2.09498e-12 1.42631e-13 0 
0 2.73169e-11 2.26403e-10 9.87649e-10 3.17327e-09 8.33027e-09 1.87047e-08 3.68224e-08 6.45411e-08 1.01814e-07 1.45751e-07 1.90618e-07 2.29055e-07 2.54166e-07 2.61643e-07 2.51053e-07 2.25803e-07 1.91923e-07 1.56248e-07 1.2472e-07 1.01289e-07 8.75196e-08 8.26607e-08 8.39053e-08 8.68522e-08 8.6569e-08 7.94681e-08 6.5178e-08 4.68258e-08 2.91108e-08 1.55697e-08 7.16166e-09 2.84213e-09 9.76863e-10 2.91217e-10 7.49919e-11 1.64343e-11 2.95079e-12 3.93503e-13 2.7946e-14 0 
0 3.32293e-12 2.67633e-11 1.13659e-10 3.56397e-10 9.15804e-10 2.01938e-09 3.91679e-09 6.78549e-09 1.06107e-08 1.50957e-08 1.96636e-08 2.35774e-08 2.61461e-08 2.69362e-08 2.59018e-08 2.33838e-08 1.99895e-08 1.64103e-08 1.32477e-08 1.08986e-08 9.50796e-09 8.975e-09 8.98885e-09 9.1e-09 8.84958e-09 7.94878e-09 6.42087e-09 4.58524e-09 2.86516e-09 1.55855e-09 7.36986e-10 3.03173e-10 1.08611e-10 3.38559e-11 9.12908e-12 2.09498e-12 3.93503e-13 5.4801e-14 4.05556e-15 0 
0 2.18843e-13 1.71557e-12 7.1033e-12 2.17643e-11 5.47902e-11 1.18696e-10 2.26844e-10 3.88315e-10 6.01606e-10 8.50049e-10 1.10211e-09 1.31785e-09 1.45998e-09 1.50505e-09 1.45053e-09 1.31485e-09 1.13097e-09 9.36599e-10 7.64617e-10 6.36513e-10 5.59549e-10 5.27029e-10 5.20907e-10 5.16832e-10 4.91965e-10 4.33958e-10 3.46461e-10 2.46577e-10 1.54991e-10 8.56052e-11 4.14531e-11 1.75861e-11 6.53204e-12 2.11869e-12 5.95664e-13 1.42631e-13 2.7946e-14 4.05556e-15 3.12277e-16 0 
0 0 0 0 0 0 0 0 0 0 0 0 0 0 0 0 0 0 0 0 0 0 0 0 0 0 0 0 0 0 0 0 0 0 0 0 0 0 0 0 0 
