0 0 0 0 0 0 0 0 0 0 0 0 0 0 0 0 0 0 0 0 0 0 0 0 0 0 0 0 0 0 0 0 0 0 0 0 0 0 0 0 0 
0 4.71558e-08 4.37466e-07 2.08972e-06 7.14951e-06 1.93687e-05 4.34959e-05 8.32992e-05 0.000139112 0.000206607 0.000277699 0.00034286 0.000393511 0.000423594 0.000430219 0.000413644 0.00037689 0.000325116 0.00026483 0.000202911 0.000145541 9.72255e-05 6.01928e-05 3.43906e-05 1.80764e-05 8.72514e-06 3.86541e-06 1.57255e-06 5.88198e-07 2.02584e-07 6.43325e-08 1.88503e-08 5.09411e-09 1.26653e-09 2.88051e-10 5.9252e-11 1.07852e-11 1.66189e-12 1.95431e-13 1.25172e-14 0 
0 4.37466e-07 4.22932e-06 2.08833e-05 7.28085e-05 0.000197213 0.000433653 0.00079822 0.0012653 0.00177549 0.00226128 0.00266825 0.00296242 0.00312765 0.00316043 0.00306581 0.00285542 0.00254708 0.00216547 0.00174247 0.00131564 0.000923348 0.000596857 0.000352637 0.000189449 9.23391e-05 4.08498e-05 1.6441e-05 6.04039e-06 2.03302e-06 6.28782e-07 1.79082e-07 4.69947e-08 1.1344e-08 2.50587e-09 5.01046e-10 8.87471e-11 1.33236e-11 1.5286e-12 9.565e-14 0 
0 2.08972e-06 2.08833e-05 0.00010496 0.000362971 0.000943378 0.00192671 0.00322171 0.0046109 0.00589175 0.00695195 0.00775361 0.00829411 0.0085822 0.00862991 0.00845092 0.00806019 0.00747325 0.00670667 0.00578212 0.00473602 0.00363198 0.00256468 0.001641 0.000939805 0.000478774 0.000217006 8.79491e-05 3.2107e-05 1.06379e-05 3.21939e-06 8.93984e-07 2.28308e-07 5.35958e-08 1.1515e-08 2.2408e-09 3.86665e-10 5.66225e-11 6.34492e-12 3.88315e-13 0 
0 7.14951e-06 7.28085e-05 0.000362971 0.00119366 0.00281585 0.00505833 0.0074234 0.00953884 0.0112966 0.012706 0.0137812 0.0145205 0.014918 0.0149767 0.0147128 0.0141556 0.0133421 0.0123095 0.0110846 0.00967783 0.00809041 0.00634836 0.00455585 0.00291102 0.00162325 0.000783854 0.000329272 0.000121782 4.02159e-05 1.20032e-05 3.26677e-06 8.14892e-07 1.8656e-07 3.90734e-08 7.41473e-09 1.24868e-09 1.78648e-10 1.95826e-11 1.1739e-12 0 
0 1.93687e-05 0.000197213 0.000943378 0.00281585 0.00578004 0.00903896 0.0119944 0.0145708 0.0168247 0.0187466 0.0202778 0.0213571 0.0219447 0.0220312 0.0216382 0.0208142 0.0196289 0.0181631 0.0164977 0.0146964 0.0127851 0.010738 0.00850803 0.00613729 0.00387265 0.00207548 0.000937082 0.000360594 0.000120771 3.59421e-05 9.65519e-06 2.36405e-06 5.2976e-07 1.08484e-07 2.01259e-08 3.31518e-09 4.6434e-10 4.9884e-11 2.93422e-12 0 
0 4.34959e-05 0.000433653 0.00192671 0.00505833 0.00903896 0.0128502 0.0163423 0.0196211 0.0226466 0.0252889 0.0274134 0.0289159 0.0297351 0.0298562 0.0293089 0.0281613 0.0265119 0.0244786 0.0221877 0.0197606 0.0172956 0.014839 0.0123494 0.00970938 0.00688855 0.00418118 0.00209461 0.000863385 0.000299464 9.00646e-05 2.40849e-05 5.82176e-06 1.28244e-06 2.57653e-07 4.68679e-08 7.57094e-09 1.04058e-09 1.09796e-10 6.34967e-12 0 
0 8.32992e-05 0.00079822 0.00322171 0.0074234 0.0119944 0.0163423 0.0206189 0.0248089 0.0287264 0.0321576 0.0349173 0.0368686 0.037932 0.0380886 0.0373769 0.0358853 0.0337413 0.031098 0.0281201 0.024971 0.0217989 0.0187191 0.0157789 0.012903 0.00990036 0.0067174 0.00378025 0.00170763 0.000626082 0.000193018 5.18579e-05 1.24512e-05 2.70846e-06 5.35832e-07 9.58705e-08 1.523e-08 2.05934e-09 2.13914e-10 1.21891e-11 0 
0 0.000139112 0.0012653 0.0046109 0.00953884 0.0145708 0.0196211 0.0248089 0.0299503 0.0347649 0.0389813 0.0423711 0.0447666 0.0460708 0.0462609 0.0453842 0.0435497 0.0409136 0.0376633 0.0340008 0.0301263 0.0262249 0.0224531 0.0189205 0.0156436 0.0124718 0.00914296 0.00571359 0.00285239 0.00112202 0.000359082 9.77713e-05 2.34576e-05 5.06127e-06 9.89608e-07 1.74714e-07 2.73742e-08 3.6511e-09 3.74283e-10 2.10618e-11 0 
0 0.000206607 0.00177549 0.00589175 0.0112966 0.0168247 0.0226466 0.0287264 0.0347649 0.0404189 0.0453686 0.0493461 0.0521551 0.0536822 0.0539012 0.0528684 0.0507115 0.0476139 0.0437954 0.0394924 0.0349395 0.0303531 0.0259196 0.0217831 0.0180205 0.0145704 0.0111607 0.0075475 0.00413365 0.00175392 0.000587502 0.000163225 3.93317e-05 8.45137e-06 1.6388e-06 2.86388e-07 4.43832e-08 5.85499e-09 5.93831e-10 3.30786e-11 0 
0 0.000277699 0.00226128 0.00695195 0.012706 0.0187466 0.0252889 0.0321576 0.0389813 0.0453686 0.0509581 0.0554474 0.0586152 0.0603345 0.0605761 0.0594041 0.0569634 0.0534609 0.0491449 0.0442819 0.0391363 0.0339518 0.0289387 0.0242631 0.0200342 0.016256 0.0127222 0.00906281 0.00535033 0.00243747 0.000856477 0.00024372 5.91958e-05 1.27088e-05 2.45149e-06 4.25303e-07 6.53788e-08 8.5534e-09 8.605e-10 4.75647e-11 0 
0 0.00034286 0.00266825 0.00775361 0.0137812 0.0202778 0.0274134 0.0349173 0.0423711 0.0493461 0.0554474 0.060345 0.0637979 0.065668 0.0659243 0.0646377 0.0619665 0.0581373 0.0534209 0.0481082 0.0424874 0.0368242 0.0313471 0.0262381 0.0216239 0.0175457 0.0138624 0.0101878 0.00635125 0.00306994 0.00112723 0.000328601 8.05881e-05 1.73274e-05 3.33365e-06 5.75712e-07 8.80247e-08 1.14517e-08 1.14579e-09 6.3009e-11 0 
0 0.000393511 0.00296242 0.00829411 0.0145205 0.0213571 0.0289159 0.0368686 0.0447666 0.0521551 0.0586152 0.0637979 0.0674482 0.0694205 0.0696831 0.0683116 0.0654745 0.0614122 0.0564119 0.0507815 0.0448259 0.0388261 0.0330236 0.0276107 0.0227238 0.0184234 0.0146124 0.0109273 0.00706006 0.00356481 0.00135609 0.000403708 9.99634e-05 2.15567e-05 4.14552e-06 7.14472e-07 1.08949e-07 1.41339e-08 1.41037e-09 7.73777e-11 0 
0 0.000423594 0.00312765 0.0085822 0.014918 0.0219447 0.0297351 0.037932 0.0460708 0.0536822 0.0603345 0.065668 0.0694205 0.071443 0.0717032 0.0702802 0.0673482 0.0631555 0.0579983 0.0521942 0.046057 0.0398758 0.0338988 0.0283237 0.0232912 0.0188708 0.0149891 0.0113073 0.00745568 0.00386884 0.00150749 0.000455788 0.000113786 2.46299e-05 4.74375e-06 8.18011e-07 1.24762e-07 1.61892e-08 1.61631e-09 8.87636e-11 0 
0 0.000430219 0.00316043 0.00862991 0.0149767 0.0220312 0.0298562 0.0380886 0.0462609 0.0539012 0.0605761 0.0659243 0.0696831 0.0717032 0.0719533 0.0705133 0.0675592 0.0633408 0.0581563 0.0523246 0.0461611 0.0399556 0.0339572 0.0283635 0.0233157 0.018885 0.0150063 0.0113546 0.00754638 0.00396261 0.00156234 0.000476654 0.000119739 2.60352e-05 5.03298e-06 8.70914e-07 1.33314e-07 1.73686e-08 1.74201e-09 9.61716e-11 0 
0 0.000413644 0.00306581 0.00845092 0.0147128 0.0216382 0.0293089 0.0373769 0.0453842 0.0528684 0.0594041 0.0646377 0.0683116 0.0702802 0.0705133 0.0690901 0.0661838 0.0620402 0.0569518 0.0512319 0.0451896 0.0391092 0.0332343 0.0277583 0.0228188 0.0184834 0.014683 0.0110944 0.00735458 0.00385464 0.00152079 0.000465501 0.000117524 2.57088e-05 5.00394e-06 8.72468e-07 1.34673e-07 1.77085e-08 1.79427e-09 1.00169e-10 0 
0 0.00037689 0.00285542 0.00806019 0.0141556 0.0208142 0.0281613 0.0358853 0.0435497 0.0507115 0.0569634 0.0619665 0.0654745 0.0673482 0.0675592 0.0661838 0.0633888 0.0594102 0.0545287 0.049045 0.0432555 0.0374327 0.0318098 0.0265719 0.0218497 0.0177023 0.0140453 0.0105516 0.00691288 0.00357645 0.00140073 0.000428907 0.000108962 2.40728e-05 4.74327e-06 8.38689e-07 1.31482e-07 1.75822e-08 1.81381e-09 1.03196e-10 0 
0 0.000325116 0.00254708 0.00747325 0.0133421 0.0196289 0.0265119 0.0337413 0.0409136 0.0476139 0.0534609 0.0581373 0.0614122 0.0631555 0.0633408 0.0620402 0.0594102 0.0556723 0.0510904 0.0459464 0.0405185 0.0350623 0.0297966 0.0248949 0.0204779 0.0165904 0.0131244 0.00975484 0.00626778 0.00317981 0.00123368 0.000378927 9.74688e-05 2.19298e-05 4.41639e-06 8.00035e-07 1.28702e-07 1.76773e-08 1.87366e-09 1.09491e-10 0 
0 0.00026483 0.00216547 0.00670667 0.0123095 0.0181631 0.0244786 0.031098 0.0376633 0.0437954 0.0491449 0.0534209 0.0564119 0.0579983 0.0581563 0.0569518 0.0545287 0.0510904 0.046879 0.0421534 0.037169 0.0321605 0.0273293 0.0228346 0.0187837 0.0152009 0.0119532 0.00874385 0.00548721 0.00273367 0.00105891 0.000330288 8.72748e-05 2.03018e-05 4.24024e-06 7.97394e-07 1.33087e-07 1.8931e-08 2.07241e-09 1.24662e-10 0 
0 0.000202911 0.00174247 0.00578212 0.0110846 0.0164977 0.0221877 0.0281201 0.0340008 0.0394924 0.0442819 0.0481082 0.0507815 0.0521942 0.0523246 0.0512319 0.049045 0.0459464 0.0421534 0.0378983 0.0334104 0.028901 0.0245513 0.0205038 0.0168483 0.013585 0.0105703 0.00758183 0.00466482 0.00231655 0.000916846 0.000297965 8.28495e-05 2.03256e-05 4.4665e-06 8.79349e-07 1.52694e-07 2.24466e-08 2.52283e-09 1.54856e-10 0 
0 0.000145541 0.00131564 0.00473602 0.00967783 0.0146964 0.0197606 0.024971 0.0301263 0.0349395 0.0391363 0.0424874 0.0448259 0.046057 0.0461611 0.0451896 0.0432555 0.0405185 0.037169 0.0334104 0.0294441 0.0254555 0.0216035 0.0180108 0.0147458 0.011791 0.00903276 0.00636664 0.00391033 0.00200259 0.000843399 0.000296159 8.88635e-05 2.32736e-05 5.38449e-06 1.10118e-06 1.96337e-07 2.93568e-08 3.33111e-09 2.05244e-10 0 
0 9.72255e-05 0.000923348 0.00363198 0.00809041 0.0127851 0.0172956 0.0217989 0.0262249 0.0303531 0.0339518 0.0368242 0.0388261 0.0398758 0.0399556 0.0391092 0.0374327 0.0350623 0.0321605 0.028901 0.0254555 0.0219816 0.0186136 0.0154503 0.012541 0.00988011 0.00743785 0.00522342 0.00331821 0.00184136 0.000864997 0.000338344 0.000110543 3.06424e-05 7.32399e-06 1.52064e-06 2.72067e-07 4.05152e-08 4.55684e-09 2.77481e-10 0 
0 6.01928e-05 0.000596857 0.00256468 0.00634836 0.010738 0.014839 0.0187191 0.0224531 0.0259196 0.0289387 0.0313471 0.0330236 0.0338988 0.0339572 0.0332343 0.0318098 0.0297966 0.0273293 0.0245513 0.0216035 0.0186136 0.015687 0.0129003 0.0103069 0.00796486 0.00594707 0.00428766 0.00294036 0.00184105 0.000991742 0.000436141 0.000153655 4.40778e-05 1.05984e-05 2.17923e-06 3.83161e-07 5.58831e-08 6.14881e-09 3.66307e-10 0 
0 3.43906e-05 0.000352637 0.001641 0.00455585 0.00850803 0.0123494 0.0157789 0.0189205 0.0217831 0.0242631 0.0262381 0.0276107 0.0283237 0.0283635 0.0277583 0.0265719 0.0248949 0.0228346 0.0205038 0.0180108 0.0154503 0.0129003 0.0104368 0.00817516 0.00628856 0.00489891 0.00390765 0.00303965 0.00213314 0.00127068 0.000609163 0.000225654 6.51653e-05 1.53472e-05 3.06036e-06 5.21089e-07 7.36864e-08 7.87655e-09 4.56883e-10 0 
0 1.80764e-05 0.000189449 0.000939805 0.00291102 0.00613729 0.00970938 0.012903 0.0156436 0.0180205 0.0200342 0.0216239 0.0227238 0.0232912 0.0233157 0.0228188 0.0218497 0.0204779 0.0187837 0.0168483 0.0147458 0.012541 0.0103069 0.00817516 0.00641151 0.00541132 0.00540814 0.0058664 0.00557866 0.0040893 0.00227213 0.00100074 0.000352361 9.67552e-05 2.14437e-05 4.04534e-06 6.59072e-07 8.99058e-08 9.31743e-09 5.2594e-10 0 
0 8.72514e-06 9.23391e-05 0.000478774 0.00162325 0.00387265 0.00688855 0.00990036 0.0124718 0.0145704 0.016256 0.0175457 0.0184234 0.0188708 0.018885 0.0184834 0.0177023 0.0165904 0.0152009 0.013585 0.011791 0.00988011 0.00796486 0.00628856 0.00541132 0.00643838 0.0101601 0.0146597 0.0156243 0.0115424 0.00587403 0.00214894 0.000620786 0.000146731 2.86823e-05 4.92017e-06 7.54961e-07 9.90789e-08 9.97162e-09 5.49226e-10 0 
0 3.86541e-06 4.08498e-05 0.000217006 0.000783854 0.00207548 0.00418118 0.0067174 0.00914296 0.0111607 0.0127222 0.0138624 0.0146124 0.0149891 0.0150063 0.014683 0.0140453 0.0131244 0.0119532 0.0105703 0.00903276 0.00743785 0.00594707 0.00489891 0.00540814 0.0101601 0.0210869 0.0335234 0.0368254 0.0272645 0.0135575 0.00458803 0.00112633 0.000220954 3.63176e-05 5.42564e-06 7.68255e-07 9.68117e-08 9.50379e-09 5.13496e-10 0 
0 1.57255e-06 1.6441e-05 8.79491e-05 0.000329272 0.000937082 0.00209461 0.00378025 0.00571359 0.0075475 0.00906281 0.0101878 0.0109273 0.0113073 0.0113546 0.0110944 0.0105516 0.00975484 0.00874385 0.00758183 0.00636664 0.00522342 0.00428766 0.00390765 0.0058664 0.0146597 0.0335234 0.0547565 0.0606111 0.0449167 0.0222069 0.00735636 0.00168645 0.000291505 4.1026e-05 5.28231e-06 6.8223e-07 8.26565e-08 7.96979e-09 4.25543e-10 0 
0 5.88198e-07 6.04039e-06 3.2107e-05 0.000121782 0.000360594 0.000863385 0.00170763 0.00285239 0.00413365 0.00535033 0.00635125 0.00706006 0.00745568 0.00754638 0.00735458 0.00691288 0.00626778 0.00548721 0.00466482 0.00391033 0.00331821 0.00294036 0.00303965 0.00557866 0.0156243 0.0368254 0.0606111 0.0671416 0.0498699 0.0246029 0.00810201 0.00181639 0.000295554 3.76734e-05 4.32936e-06 5.17614e-07 6.09357e-08 5.82932e-09 3.10341e-10 0 
0 2.02584e-07 2.03302e-06 1.06379e-05 4.02159e-05 0.000120771 0.000299464 0.000626082 0.00112202 0.00175392 0.00243747 0.00306994 0.00356481 0.00386884 0.00396261 0.00385464 0.00357645 0.00317981 0.00273367 0.00231655 0.00200259 0.00184136 0.00184105 0.00213314 0.0040893 0.0115424 0.0272645 0.0449167 0.0498699 0.0369373 0.018233 0.00600222 0.00134211 0.00021405 2.60798e-05 2.83998e-06 3.2842e-07 3.84523e-08 3.69853e-09 1.98257e-10 0 
0 6.43325e-08 6.28782e-07 3.21939e-06 1.20032e-05 3.59421e-05 9.00646e-05 0.000193018 0.000359082 0.000587502 0.000856477 0.00112723 0.00135609 0.00150749 0.00156234 0.00152079 0.00140073 0.00123368 0.00105891 0.000916846 0.000843399 0.000864997 0.000991742 0.00127068 0.00227213 0.00587403 0.0135575 0.0222069 0.0246029 0.018233 0.00901124 0.00298039 0.000673264 0.000107761 1.31294e-05 1.45009e-06 1.72303e-07 2.06953e-08 2.03104e-09 1.10698e-10 0 
0 1.88503e-08 1.79082e-07 8.93984e-07 3.26677e-06 9.65519e-06 2.40849e-05 5.18579e-05 9.77713e-05 0.000163225 0.00024372 0.000328601 0.000403708 0.000455788 0.000476654 0.000465501 0.000428907 0.000378927 0.000330288 0.000297965 0.000296159 0.000338344 0.000436141 0.000609163 0.00100074 0.00214894 0.00458803 0.00735636 0.00810201 0.00600222 0.00298039 0.000999157 0.000230307 3.77236e-05 4.82248e-06 5.80914e-07 7.52209e-08 9.52482e-09 9.65947e-10 5.3998e-11 0 
0 5.09411e-09 4.69947e-08 2.28308e-07 8.14892e-07 2.36405e-06 5.82176e-06 1.24512e-05 2.34576e-05 3.93317e-05 5.91958e-05 8.05881e-05 9.99634e-05 0.000113786 0.000119739 0.000117524 0.000108962 9.74688e-05 8.72748e-05 8.28495e-05 8.88635e-05 0.000110543 0.000153655 0.000225654 0.000352361 0.000620786 0.00112633 0.00168645 0.00181639 0.00134211 0.000673264 0.000230307 5.46367e-05 9.45643e-06 1.35252e-06 1.90483e-07 2.78772e-08 3.77353e-09 3.98749e-10 2.30219e-11 0 
0 1.26653e-09 1.1344e-08 5.35958e-08 1.8656e-07 5.2976e-07 1.28244e-06 2.70846e-06 5.06127e-06 8.45137e-06 1.27088e-05 1.73274e-05 2.15567e-05 2.46299e-05 2.60352e-05 2.57088e-05 2.40728e-05 2.19298e-05 2.03018e-05 2.03256e-05 2.32736e-05 3.06424e-05 4.40778e-05 6.51653e-05 9.67552e-05 0.000146731 0.000220954 0.000291505 0.000295554 0.00021405 0.000107761 3.77236e-05 9.45643e-06 1.83652e-06 3.16551e-07 5.40668e-08 8.9481e-09 1.29488e-09 1.43161e-10 8.57957e-12 0 
0 2.88051e-10 2.50587e-09 1.1515e-08 3.90734e-08 1.08484e-07 2.57653e-07 5.35832e-07 9.89608e-07 1.6388e-06 2.45149e-06 3.33365e-06 4.14552e-06 4.74375e-06 5.03298e-06 5.00394e-06 4.74327e-06 4.41639e-06 4.24024e-06 4.4665e-06 5.38449e-06 7.32399e-06 1.05984e-05 1.53472e-05 2.14437e-05 2.86823e-05 3.63176e-05 4.1026e-05 3.76734e-05 2.60798e-05 1.31294e-05 4.82248e-06 1.35252e-06 3.16551e-07 6.7926e-08 1.37404e-08 2.50854e-09 3.85672e-10 4.46851e-11 2.78891e-12 0 
0 5.9252e-11 5.01046e-10 2.2408e-09 7.41473e-09 2.01259e-08 4.68679e-08 9.58705e-08 1.74714e-07 2.86388e-07 4.25303e-07 5.75712e-07 7.14472e-07 8.18011e-07 8.70914e-07 8.72468e-07 8.38689e-07 8.00035e-07 7.97394e-07 8.79349e-07 1.10118e-06 1.52064e-06 2.17923e-06 3.06036e-06 4.04534e-06 4.92017e-06 5.42564e-06 5.28231e-06 4.32936e-06 2.83998e-06 1.45009e-06 5.80914e-07 1.90483e-07 5.40668e-08 1.37404e-08 3.11288e-09 6.11184e-10 9.92648e-11 1.20577e-11 7.85166e-13 0 
0 1.07852e-11 8.87471e-11 3.86665e-10 1.24868e-09 3.31518e-09 7.57094e-09 1.523e-08 2.73742e-08 4.43832e-08 6.53788e-08 8.80247e-08 1.08949e-07 1.24762e-07 1.33314e-07 1.34673e-07 1.31482e-07 1.28702e-07 1.33087e-07 1.52694e-07 1.96337e-07 2.72067e-07 3.83161e-07 5.21089e-07 6.59072e-07 7.54961e-07 7.68255e-07 6.8223e-07 5.17614e-07 3.2842e-07 1.72303e-07 7.52209e-08 2.78772e-08 8.9481e-09 2.50854e-09 6.11184e-10 1.27189e-10 2.17425e-11 2.76769e-12 1.88149e-13 0 
0 1.66189e-12 1.33236e-11 5.66225e-11 1.78648e-10 4.6434e-10 1.04058e-09 2.05934e-09 3.6511e-09 5.85499e-09 8.5534e-09 1.14517e-08 1.41339e-08 1.61892e-08 1.73686e-08 1.77085e-08 1.75822e-08 1.76773e-08 1.8931e-08 2.24466e-08 2.93568e-08 4.05152e-08 5.58831e-08 7.36864e-08 8.99058e-08 9.90789e-08 9.68117e-08 8.26565e-08 6.09357e-08 3.84523e-08 2.06953e-08 9.52482e-09 3.77353e-09 1.29488e-09 3.85672e-10 9.92648e-11 2.17425e-11 3.9012e-12 5.19783e-13 3.68752e-14 0 
0 1.95431e-13 1.5286e-12 6.34492e-12 1.95826e-11 4.9884e-11 1.09796e-10 2.13914e-10 3.74283e-10 5.93831e-10 8.605e-10 1.14579e-09 1.41037e-09 1.61631e-09 1.74201e-09 1.79427e-09 1.81381e-09 1.87366e-09 2.07241e-09 2.52283e-09 3.33111e-09 4.55684e-09 6.14881e-09 7.87655e-09 9.31743e-09 9.97162e-09 9.50379e-09 7.96979e-09 5.82932e-09 3.69853e-09 2.03104e-09 9.65947e-10 3.98749e-10 1.43161e-10 4.46851e-11 1.20577e-11 2.76769e-12 5.19783e-13 7.23553e-14 5.35107e-15 0 
0 1.25172e-14 9.565e-14 3.88315e-13 1.1739e-12 2.93422e-12 6.34967e-12 1.21891e-11 2.10618e-11 3.30786e-11 4.75647e-11 6.3009e-11 7.73777e-11 8.87636e-11 9.61716e-11 1.00169e-10 1.03196e-10 1.09491e-10 1.24662e-10 1.54856e-10 2.05244e-10 2.77481e-10 3.66307e-10 4.56883e-10 5.2594e-10 5.49226e-10 5.13496e-10 4.25543e-10 3.10341e-10 1.98257e-10 1.10698e-10 5.3998e-11 2.30219e-11 8.57957e-12 2.78891e-12 7.85166e-13 1.88149e-13 3.68752e-14 5.35107e-15 4.11895e-16 0 
0 0 0 0 0 0 0 0 0 0 0 0 0 0 0 0 0 0 0 0 0 0 0 0 0 0 0 0 0 0 0 0 0 0 0 0 0 0 0 0 0 
