0 0 0 0 0 0 0 0 0 0 0 0 0 0 0 0 0 0 0 0 0 0 0 0 0 0 0 0 0 0 0 0 0 0 0 0 0 0 0 0 0 
0 1.63761e-07 1.48012e-06 6.70409e-06 2.10866e-05 5.10397e-05 0.000100378 0.000167077 0.000243709 0.000320827 0.000390185 0.000446141 0.000485575 0.000507238 0.000511122 0.000498043 0.000469456 0.000427426 0.000374694 0.000314745 0.000251762 0.000190337 0.000134883 8.88372e-05 5.39454e-05 2.99993e-05 1.52043e-05 7.0043e-06 2.93104e-06 1.11503e-06 3.8621e-07 1.21971e-07 3.51407e-08 9.22374e-09 2.19562e-09 4.69166e-10 8.8145e-11 1.39432e-11 1.67564e-12 1.0927e-13 0 
0 1.48012e-06 1.37966e-05 6.27204e-05 0.000190413 0.00042687 0.000753815 0.00111235 0.00144588 0.00172514 0.00194335 0.0021032 0.00220897 0.00226421 0.00227189 0.00223488 0.00215611 0.00203828 0.00188357 0.00169364 0.00147085 0.00122077 0.000955242 0.000693839 0.000460539 0.000275612 0.000147364 7.01279e-05 2.97354e-05 1.12834e-05 3.85342e-06 1.19059e-06 3.3398e-07 8.51319e-08 1.96586e-08 4.07495e-09 7.43158e-10 1.1424e-10 1.33602e-11 8.49123e-13 0 
0 6.70409e-06 6.27204e-05 0.000272204 0.000740752 0.00141882 0.00212143 0.00272532 0.00321969 0.00362952 0.00396809 0.00423394 0.00442004 0.00452054 0.00453405 0.00446445 0.0043204 0.00411394 0.00385842 0.0035656 0.00324204 0.00288603 0.00248792 0.00203863 0.0015475 0.00105734 0.00063424 0.000329085 0.000147361 5.73854e-05 1.96764e-05 6.01381e-06 1.65365e-06 4.11107e-07 9.23648e-08 1.86138e-08 3.30122e-09 4.93954e-10 5.63002e-11 3.4925e-12 0 
0 2.10866e-05 0.000190413 0.000740752 0.00169237 0.00270993 0.00358437 0.00435447 0.00507553 0.00574571 0.00633519 0.00681139 0.00714895 0.00733289 0.00735933 0.00723493 0.00697553 0.00660422 0.00614894 0.00563979 0.00510586 0.00457056 0.00404432 0.00351539 0.00294791 0.00230616 0.00160943 0.000960793 0.000479153 0.000199657 7.07072e-05 2.17588e-05 5.92861e-06 1.44733e-06 3.17851e-07 6.24893e-08 1.08074e-08 1.57771e-09 1.75626e-10 1.06541e-11 0 
0 5.10397e-05 0.00042687 0.00141882 0.00270993 0.00388255 0.00498051 0.00609491 0.00720621 0.00825318 0.00917357 0.00991531 0.0104403 0.0107266 0.0107688 0.010577 0.0101755 0.00959911 0.00888976 0.00809309 0.00725483 0.0064178 0.00561838 0.00487956 0.00419644 0.00351911 0.00276729 0.00192043 0.00110833 0.000516279 0.000195555 6.20127e-05 1.69833e-05 4.1076e-06 8.8697e-07 1.7085e-07 2.89129e-08 4.1299e-09 4.50123e-10 2.67635e-11 0 
0 0.000100378 0.000753815 0.00212143 0.00358437 0.00498051 0.00646539 0.0080336 0.00959958 0.0110699 0.0123594 0.0133972 0.0141314 0.0145317 0.0145909 0.0143234 0.0137626 0.0129567 0.0119635 0.0108456 0.00966545 0.00848115 0.00734392 0.00629555 0.00536294 0.00454077 0.00376168 0.00290531 0.00193452 0.00103387 0.000432562 0.000144958 4.05599e-05 9.81779e-06 2.09837e-06 3.97919e-07 6.61415e-08 9.27357e-09 9.9238e-10 5.79769e-11 0 
0 0.000167077 0.00111235 0.00272532 0.00435447 0.00609491 0.0080336 0.0100837 0.0121252 0.0140388 0.0157155 0.0170642 0.0180178 0.0185375 0.018614 0.0182662 0.0175373 0.0164895 0.0151977 0.0137425 0.0122041 0.0106568 0.00916535 0.00778264 0.00654877 0.00548571 0.00457408 0.00371113 0.00274097 0.00167282 0.000787124 0.000284762 8.27064e-05 2.02421e-05 4.31121e-06 8.08781e-07 1.32555e-07 1.83031e-08 1.92864e-09 1.11e-10 0 
0 0.000243709 0.00144588 0.00321969 0.00507553 0.00720621 0.00959958 0.0121252 0.0146369 0.0169897 0.0190503 0.020707 0.021878 0.022516 0.022609 0.0221802 0.0212831 0.0199946 0.0184062 0.0166163 0.0147229 0.0128166 0.0109758 0.00926381 0.00772837 0.00640138 0.00529075 0.00434262 0.00339578 0.00229997 0.00121492 0.000480112 0.000146534 3.65859e-05 7.81237e-06 1.45648e-06 2.36247e-07 3.22288e-08 3.35365e-09 1.90641e-10 0 
0 0.000320827 0.00172514 0.00362952 0.00574571 0.00825318 0.0110699 0.0140388 0.0169897 0.0197529 0.022172 0.0241174 0.0254945 0.0262461 0.0263544 0.0258459 0.0247867 0.02327 0.021403 0.0193001 0.017075 0.0148337 0.0126675 0.0106497 0.00883459 0.00725867 0.00593991 0.00485733 0.00388987 0.0028231 0.00164509 0.000710025 0.00022914 5.87184e-05 1.26309e-05 2.34917e-06 3.78365e-07 5.11492e-08 5.27051e-09 2.96673e-10 0 
0 0.000390185 0.00194335 0.00396809 0.00633519 0.00917357 0.0123594 0.0157155 0.0190503 0.022172 0.0249058 0.0271078 0.0286698 0.0295217 0.0296426 0.0290625 0.0278561 0.0261329 0.0240185 0.0216408 0.019126 0.0165924 0.0141425 0.0118586 0.00980088 0.00800896 0.00650413 0.00528096 0.00425658 0.00321629 0.00201823 0.000941676 0.000321073 8.46421e-05 1.83945e-05 3.42264e-06 5.48909e-07 7.37295e-08 7.5423e-09 4.21408e-10 0 
0 0.000446141 0.0021032 0.00423394 0.00681139 0.00991531 0.0133972 0.0170642 0.020707 0.0241174 0.0271078 0.0295168 0.0312113 0.0321195 0.0322437 0.0316222 0.030316 0.0284309 0.0261129 0.0235116 0.0207638 0.0179961 0.0153194 0.012823 0.0105719 0.00860825 0.00695444 0.00561134 0.00452084 0.00348957 0.00230362 0.00114325 0.00040895 0.00011073 2.43298e-05 4.53701e-06 7.26092e-07 9.713e-08 9.88725e-09 5.49578e-10 0 
0 0.000485575 0.00220897 0.00442004 0.00714895 0.0104403 0.0141314 0.0180178 0.021878 0.0254945 0.0286698 0.0312113 0.0329587 0.0338682 0.0339858 0.0333584 0.0320193 0.0300434 0.0275837 0.0248203 0.0219068 0.0189745 0.0161388 0.0134936 0.0111074 0.009024 0.00726628 0.00583731 0.00469266 0.00366003 0.00249362 0.00129239 0.000479508 0.00013269 2.94425e-05 5.50652e-06 8.80799e-07 1.17576e-07 1.19349e-08 6.61377e-10 0 
0 0.000507238 0.00226421 0.00452054 0.00733289 0.0107266 0.0145317 0.0185375 0.022516 0.0262461 0.0295217 0.0321195 0.0338682 0.0347592 0.034868 0.0342452 0.032907 0.0308994 0.0283675 0.0255136 0.0225088 0.0194874 0.0165665 0.013842 0.011384 0.00923718 0.00742448 0.00594962 0.00477463 0.00374081 0.00259176 0.00137764 0.000522922 0.000146811 3.28111e-05 6.15408e-06 9.85025e-07 1.31438e-07 1.33306e-08 7.37976e-10 0 
0 0.000511122 0.00227189 0.00453405 0.00735933 0.0107688 0.0145909 0.018614 0.022609 0.0263544 0.0296426 0.0322437 0.0339858 0.034868 0.0349706 0.034345 0.0330051 0.0309915 0.028447 0.0255782 0.0225598 0.0195265 0.016595 0.0138614 0.0113958 0.00924248 0.0074243 0.00594491 0.00476811 0.00374017 0.00260452 0.00139613 0.000534428 0.000150968 3.38706e-05 6.368e-06 1.02091e-06 1.36394e-07 1.38483e-08 7.67441e-10 0 
0 0.000498043 0.00223488 0.00446445 0.00723493 0.010577 0.0143234 0.0182662 0.0221802 0.0258459 0.0290625 0.0316222 0.0333584 0.0342452 0.034345 0.0337077 0.0323578 0.0303559 0.0278531 0.0250422 0.0220848 0.0191128 0.0162417 0.0135657 0.0111531 0.00904734 0.00727064 0.00582622 0.00467587 0.00366293 0.00253789 0.001351 0.000514527 0.000145087 3.25739e-05 6.13671e-06 9.86472e-07 1.3219e-07 1.34642e-08 7.48623e-10 0 
0 0.000469456 0.00215611 0.0043204 0.00697553 0.0101755 0.0137626 0.0175373 0.0212831 0.0247867 0.0278561 0.030316 0.0320193 0.032907 0.0330051 0.0323578 0.0310126 0.0290621 0.0266596 0.0239706 0.0211393 0.0182935 0.0155455 0.0129859 0.0106801 0.0086697 0.00697616 0.00560163 0.00450191 0.00351134 0.00239714 0.00125014 0.000468404 0.000131039 2.93815e-05 5.54888e-06 8.95848e-07 1.20679e-07 1.23625e-08 6.9151e-10 0 
0 0.000427426 0.00203828 0.00411394 0.00660422 0.00959911 0.0129567 0.0164895 0.0199946 0.02327 0.0261329 0.0284309 0.0300434 0.0308994 0.0309915 0.0303559 0.0290621 0.0272211 0.0249719 0.0224547 0.0198016 0.017135 0.0145617 0.0121666 0.0100112 0.00813495 0.00655846 0.00528154 0.00424947 0.00328525 0.00218861 0.00110632 0.000404908 0.000112076 2.51054e-05 4.76246e-06 7.74403e-07 1.05207e-07 1.08763e-08 6.14144e-10 0 
0 0.000374694 0.00188357 0.00385842 0.00614894 0.00888976 0.0119635 0.0151977 0.0184062 0.021403 0.0240185 0.0261129 0.0275837 0.0283675 0.028447 0.0278531 0.0266596 0.0249719 0.0229106 0.0206006 0.0181646 0.0157169 0.013356 0.0111601 0.00918651 0.00747216 0.00603651 0.00487492 0.00391805 0.00298328 0.00192357 0.000937696 0.000335118 9.20294e-05 2.06804e-05 3.95874e-06 6.5137e-07 8.96517e-08 9.39355e-09 5.37583e-10 0 
0 0.000314745 0.00169364 0.0035656 0.00563979 0.00809309 0.0108456 0.0137425 0.0166163 0.0193001 0.0216408 0.0235116 0.0248203 0.0255136 0.0255782 0.0250422 0.0239706 0.0224547 0.0206006 0.018521 0.0163278 0.0141241 0.0119986 0.0100224 0.00824808 0.00671022 0.00542645 0.00438478 0.00350177 0.00260748 0.00162304 0.000767225 0.000270531 7.45096e-05 1.69553e-05 3.30074e-06 5.53061e-07 7.75131e-08 8.26427e-09 4.80747e-10 0 
0 0.000251762 0.00147085 0.00324204 0.00510586 0.00725483 0.00966545 0.0122041 0.0147229 0.017075 0.019126 0.0207638 0.0219068 0.0225088 0.0225598 0.0220848 0.0211393 0.0198016 0.0181646 0.0163278 0.0143895 0.0124403 0.0105587 0.00880796 0.00723573 0.00587419 0.00473751 0.00380552 0.00299398 0.00217335 0.00132071 0.000619752 0.000221153 6.23402e-05 1.45657e-05 2.90845e-06 4.98586e-07 7.12862e-08 7.73177e-09 4.56346e-10 0 
0 0.000190337 0.00122077 0.00288603 0.00457056 0.0064178 0.00848115 0.0106568 0.0128166 0.0148337 0.0165924 0.0179961 0.0189745 0.0194874 0.0195265 0.0191128 0.0182935 0.017135 0.0157169 0.0141241 0.0124403 0.0107432 0.00910026 0.00756661 0.00618467 0.00498318 0.00397233 0.0031328 0.00240748 0.00172115 0.0010573 0.000515931 0.000193856 5.73175e-05 1.38986e-05 2.85039e-06 4.97851e-07 7.21021e-08 7.88769e-09 4.68062e-10 0 
0 0.000134883 0.000955242 0.00248792 0.00404432 0.00561838 0.00734392 0.00916535 0.0109758 0.0126675 0.0141425 0.0153194 0.0161388 0.0165665 0.016595 0.0162417 0.0155455 0.0145617 0.013356 0.0119986 0.0105587 0.00910026 0.00767919 0.006342 0.00512586 0.00405879 0.00315775 0.00242218 0.00182608 0.0013212 0.000862534 0.000462958 0.000190647 6.00623e-05 1.5075e-05 3.13746e-06 5.49875e-07 7.94304e-08 8.6391e-09 5.08798e-10 0 
0 8.88372e-05 0.000693839 0.00203863 0.00351539 0.00487956 0.00629555 0.00778264 0.00926381 0.0106497 0.0118586 0.012823 0.0134936 0.013842 0.0138614 0.0135657 0.0129859 0.0121666 0.0111601 0.0100224 0.00880796 0.00756661 0.006342 0.00517259 0.00410033 0.00318583 0.0024895 0.00198905 0.00156819 0.00115455 0.000775418 0.000453598 0.000207114 6.96297e-05 1.78573e-05 3.70259e-06 6.39581e-07 9.07414e-08 9.68864e-09 5.60524e-10 0 
0 5.39454e-05 0.000460539 0.0015475 0.00294791 0.00419644 0.00536294 0.00654877 0.00772837 0.00883459 0.00980088 0.0105719 0.0111074 0.011384 0.0113958 0.0111531 0.0106801 0.0100112 0.00918651 0.00824808 0.00723573 0.00618467 0.00512586 0.00410033 0.00321256 0.00267841 0.00265227 0.00286985 0.00272863 0.00200419 0.00113352 0.000550854 0.000242729 8.38716e-05 2.15452e-05 4.37397e-06 7.3494e-07 1.01461e-07 1.05645e-08 5.97557e-10 0 
0 2.99993e-05 0.000275612 0.00105734 0.00230616 0.00351911 0.00454077 0.00548571 0.00640138 0.00725867 0.00800896 0.00860825 0.009024 0.00923718 0.00924248 0.00904734 0.0086697 0.00813495 0.00747216 0.00671022 0.00587419 0.00498318 0.00405879 0.00318583 0.00267841 0.00314949 0.00496536 0.00716435 0.00763918 0.00564081 0.0028712 0.00106032 0.000340026 0.000103111 2.51826e-05 4.89223e-06 7.91642e-07 1.0598e-07 1.07534e-08 5.94852e-10 0 
0 1.52043e-05 0.000147364 0.00063424 0.00160943 0.00276729 0.00376168 0.00457408 0.00529075 0.00593991 0.00650413 0.00695444 0.00726628 0.00742448 0.0074243 0.00727064 0.00697616 0.00655846 0.00603651 0.00542645 0.00473751 0.00397233 0.00315775 0.0024895 0.00265227 0.00496536 0.0103054 0.0170977 0.0195322 0.0133951 0.00662558 0.00224291 0.000563889 0.00013094 2.78657e-05 4.99971e-06 7.70678e-07 1.00074e-07 9.93024e-09 5.39428e-10 0 
0 7.0043e-06 7.01279e-05 0.000329085 0.000960793 0.00192043 0.00290531 0.00371113 0.00434262 0.00485733 0.00528096 0.00561134 0.00583731 0.00594962 0.00594491 0.00582622 0.00560163 0.00528154 0.00487492 0.00438478 0.00380552 0.0031328 0.00242218 0.00198905 0.00286985 0.00716435 0.0170977 0.0261753 0.0273387 0.0228999 0.0109399 0.00359514 0.000829137 0.000157896 2.81995e-05 4.53829e-06 6.60805e-07 8.35168e-08 8.15967e-09 4.38206e-10 0 
0 2.93104e-06 2.97354e-05 0.000147361 0.000479153 0.00110833 0.00193452 0.00274097 0.00339578 0.00388987 0.00425658 0.00452084 0.00469266 0.00477463 0.00476811 0.00467587 0.00450191 0.00424947 0.00391805 0.00350177 0.00299398 0.00240748 0.00182608 0.00156819 0.00272863 0.00763918 0.0195322 0.0273387 0.0282419 0.0251567 0.0124885 0.0039595 0.000890713 0.000155261 2.43105e-05 3.53238e-06 4.88593e-07 6.0649e-08 5.88971e-09 3.15366e-10 0 
0 1.11503e-06 1.12834e-05 5.73854e-05 0.000199657 0.000516279 0.00103387 0.00167282 0.00229997 0.0028231 0.00321629 0.00348957 0.00366003 0.00374081 0.00374017 0.00366293 0.00351134 0.00328525 0.00298328 0.00260748 0.00217335 0.00172115 0.0013212 0.00115455 0.00200419 0.00564081 0.0133951 0.0228999 0.0251567 0.0185456 0.0089116 0.00293339 0.000659446 0.000112739 1.65615e-05 2.26828e-06 3.06104e-07 3.79407e-08 3.70527e-09 1.99683e-10 0 
0 3.8621e-07 3.85342e-06 1.96764e-05 7.07072e-05 0.000195555 0.000432562 0.000787124 0.00121492 0.00164509 0.00201823 0.00230362 0.00249362 0.00259176 0.00260452 0.00253789 0.00239714 0.00218861 0.00192357 0.00162304 0.00132071 0.0010573 0.000862534 0.000775418 0.00113352 0.0028712 0.00662558 0.0109399 0.0124885 0.0089116 0.00440383 0.00145725 0.000334338 5.84496e-05 8.54601e-06 1.17281e-06 1.60966e-07 2.03542e-08 2.02414e-09 1.10827e-10 0 
0 1.21971e-07 1.19059e-06 6.01381e-06 2.17588e-05 6.20127e-05 0.000144958 0.000284762 0.000480112 0.000710025 0.000941676 0.00114325 0.00129239 0.00137764 0.00139613 0.001351 0.00125014 0.00110632 0.000937696 0.000767225 0.000619752 0.000515931 0.000462958 0.000453598 0.000550854 0.00106032 0.00224291 0.00359514 0.0039595 0.00293339 0.00145725 0.000492021 0.000118438 2.17455e-05 3.34107e-06 4.89788e-07 7.12383e-08 9.37183e-09 9.59693e-10 5.38426e-11 0 
0 3.51407e-08 3.3398e-07 1.65365e-06 5.92861e-06 1.69833e-05 4.05599e-05 8.27064e-05 0.000146534 0.00022914 0.000321073 0.00040895 0.000479508 0.000522922 0.000534428 0.000514527 0.000468404 0.000404908 0.000335118 0.000270531 0.000221153 0.000193856 0.000190647 0.000207114 0.000242729 0.000340026 0.000563889 0.000829137 0.000890713 0.000659446 0.000334338 0.000118438 3.04187e-05 6.02591e-06 1.03141e-06 1.69952e-07 2.68561e-08 3.71951e-09 3.95445e-10 2.28931e-11 0 
0 9.22374e-09 8.51319e-08 4.11107e-07 1.44733e-06 4.1076e-06 9.81779e-06 2.02421e-05 3.65859e-05 5.87184e-05 8.46421e-05 0.00011073 0.00013269 0.000146811 0.000150968 0.000145087 0.000131039 0.000112076 9.20294e-05 7.45096e-05 6.23402e-05 5.73175e-05 6.00623e-05 6.96297e-05 8.38716e-05 0.000103111 0.00013094 0.000157896 0.000155261 0.000112739 5.84496e-05 2.17455e-05 6.02591e-06 1.3471e-06 2.6934e-07 5.07558e-08 8.73568e-09 1.27825e-09 1.41816e-10 8.51595e-12 0 
0 2.19562e-09 1.96586e-08 9.23648e-08 3.17851e-07 8.8697e-07 2.09837e-06 4.31121e-06 7.81237e-06 1.26309e-05 1.83945e-05 2.43298e-05 2.94425e-05 3.28111e-05 3.38706e-05 3.25739e-05 2.93815e-05 2.51054e-05 2.06804e-05 1.69553e-05 1.45657e-05 1.38986e-05 1.5075e-05 1.78573e-05 2.15452e-05 2.51826e-05 2.78657e-05 2.81995e-05 2.43105e-05 1.65615e-05 8.54601e-06 3.34107e-06 1.03141e-06 2.6934e-07 6.29814e-08 1.33085e-08 2.46691e-09 3.81024e-10 4.42345e-11 2.7649e-12 0 
0 4.69166e-10 4.07495e-09 1.86138e-08 6.24893e-08 1.7085e-07 3.97919e-07 8.08781e-07 1.45648e-06 2.34917e-06 3.42264e-06 4.53701e-06 5.50652e-06 6.15408e-06 6.368e-06 6.13671e-06 5.54888e-06 4.76246e-06 3.95874e-06 3.30074e-06 2.90845e-06 2.85039e-06 3.13746e-06 3.70259e-06 4.37397e-06 4.89223e-06 4.99971e-06 4.53829e-06 3.53238e-06 2.26828e-06 1.17281e-06 4.89788e-07 1.69952e-07 5.07558e-08 1.33085e-08 3.05625e-09 6.02918e-10 9.81067e-11 1.19317e-11 7.77827e-13 0 
0 8.8145e-11 7.43158e-10 3.30122e-09 1.08074e-08 2.89129e-08 6.61415e-08 1.32555e-07 2.36247e-07 3.78365e-07 5.48909e-07 7.26092e-07 8.80799e-07 9.85025e-07 1.02091e-06 9.86472e-07 8.95848e-07 7.74403e-07 6.5137e-07 5.53061e-07 4.98586e-07 4.97851e-07 5.49875e-07 6.39581e-07 7.3494e-07 7.91642e-07 7.70678e-07 6.60805e-07 4.88593e-07 3.06104e-07 1.60966e-07 7.12383e-08 2.68561e-08 8.73568e-09 2.46691e-09 6.02918e-10 1.25638e-10 2.14956e-11 2.73843e-12 1.86314e-13 0 
0 1.39432e-11 1.1424e-10 4.93954e-10 1.57771e-09 4.1299e-09 9.27357e-09 1.83031e-08 3.22288e-08 5.11492e-08 7.37295e-08 9.713e-08 1.17576e-07 1.31438e-07 1.36394e-07 1.3219e-07 1.20679e-07 1.05207e-07 8.96517e-08 7.75131e-08 7.12862e-08 7.21021e-08 7.94304e-08 9.07414e-08 1.01461e-07 1.0598e-07 1.00074e-07 8.35168e-08 6.0649e-08 3.79407e-08 2.03542e-08 9.37183e-09 3.71951e-09 1.27825e-09 3.81024e-10 9.81067e-11 2.14956e-11 3.85839e-12 5.14331e-13 3.65097e-14 0 
0 1.67564e-12 1.33602e-11 5.63002e-11 1.75626e-10 4.50123e-10 9.9238e-10 1.92864e-09 3.35365e-09 5.27051e-09 7.5423e-09 9.88725e-09 1.19349e-08 1.33306e-08 1.38483e-08 1.34642e-08 1.23625e-08 1.08763e-08 9.39355e-09 8.26427e-09 7.73177e-09 7.88769e-09 8.6391e-09 9.68864e-09 1.05645e-08 1.07534e-08 9.93024e-09 8.15967e-09 5.88971e-09 3.70527e-09 2.02414e-09 9.59693e-10 3.95445e-10 1.41816e-10 4.42345e-11 1.19317e-11 2.73843e-12 5.14331e-13 7.1614e-14 5.29821e-15 0 
0 1.0927e-13 8.49123e-13 3.4925e-12 1.06541e-11 2.67635e-11 5.79769e-11 1.11e-10 1.90641e-10 2.96673e-10 4.21408e-10 5.49578e-10 6.61377e-10 7.37976e-10 7.67441e-10 7.48623e-10 6.9151e-10 6.14144e-10 5.37583e-10 4.80747e-10 4.56346e-10 4.68062e-10 5.08798e-10 5.60524e-10 5.97557e-10 5.94852e-10 5.39428e-10 4.38206e-10 3.15366e-10 1.99683e-10 1.10827e-10 5.38426e-11 2.28931e-11 8.51595e-12 2.7649e-12 7.77827e-13 1.86314e-13 3.65097e-14 5.29821e-15 4.079e-16 0 
0 0 0 0 0 0 0 0 0 0 0 0 0 0 0 0 0 0 0 0 0 0 0 0 0 0 0 0 0 0 0 0 0 0 0 0 0 0 0 0 0 
