0 0 0 0 0 0 0 0 0 0 0 0 0 0 0 0 0 0 0 0 0 0 0 0 0 0 0 0 0 0 0 0 0 0 0 0 0 0 0 0 0 
0 1.47902e-07 1.27578e-06 5.27062e-06 1.44436e-05 2.94758e-05 4.82946e-05 6.75042e-05 8.44573e-05 9.79889e-05 0.000108025 0.000114974 0.000119321 0.000121465 0.000121675 0.000120105 0.000116811 0.000111774 0.000104927 9.62069e-05 8.56384e-05 7.34391e-05 6.01112e-05 4.64662e-05 3.35308e-05 2.23216e-05 1.3556e-05 7.44062e-06 3.66691e-06 1.61706e-06 6.37705e-07 2.25154e-07 7.12781e-08 2.02389e-08 5.14063e-09 1.15837e-09 2.27228e-10 3.72204e-11 4.60064e-12 3.06893e-13 0 
0 1.27578e-06 1.10052e-05 4.26373e-05 0.000101735 0.000171392 0.000228868 0.000267025 0.000291115 0.000307791 0.000320693 0.000330847 0.000338061 0.000341888 0.000342102 0.000338845 0.000332611 0.000324121 0.000314106 0.00030299 0.000290517 0.000275428 0.000255461 0.000228039 0.000191794 0.0001484 0.000103199 6.32705e-05 3.37842e-05 1.5649e-05 6.30757e-06 2.22821e-06 6.9535e-07 1.92803e-07 4.75675e-08 1.03853e-08 1.97252e-09 3.13009e-10 3.75273e-11 2.43214e-12 0 
0 5.27062e-06 4.26373e-05 0.000139442 0.000258933 0.000341678 0.0003886 0.000425835 0.000465499 0.000507153 0.000546541 0.000579611 0.000603496 0.000616563 0.000618284 0.000609111 0.000590325 0.000563903 0.000532367 0.000498638 0.000465816 0.000436721 0.000412917 0.000393116 0.000371552 0.00033829 0.000284256 0.000210448 0.000132173 6.90267e-05 2.9971e-05 1.0969e-05 3.44739e-06 9.45391e-07 2.28298e-07 4.853e-08 8.95544e-09 1.38033e-09 1.6088e-10 1.01507e-11 0 
0 1.44436e-05 0.000101735 0.000258933 0.000376399 0.000445122 0.000515245 0.000600141 0.000692006 0.000781389 0.00086103 0.000925602 0.000971427 0.000996407 0.000999997 0.000983099 0.000947874 0.000897477 0.000835767 0.000767024 0.00069575 0.000626599 0.000564384 0.000513775 0.000477682 0.000453384 0.000427741 0.000378582 0.000291824 0.000183819 9.17879e-05 3.65679e-05 1.19533e-05 3.30583e-06 7.90588e-07 1.64844e-07 2.97054e-08 4.46441e-09 5.07421e-10 3.12529e-11 0 
0 2.94758e-05 0.000171392 0.000341678 0.000445122 0.00054875 0.000680657 0.000828742 0.000979243 0.00112144 0.00124649 0.00134727 0.00141861 0.00145751 0.00146323 0.00143718 0.00138263 0.00130431 0.00120792 0.00109968 0.000985831 0.000872337 0.000764792 0.000668627 0.000589518 0.000532767 0.000498899 0.000474335 0.000426663 0.000327758 0.000197207 8.99729e-05 3.17847e-05 9.08415e-06 2.18332e-06 4.5063e-07 7.97912e-08 1.17467e-08 1.30681e-09 7.88189e-11 0 
0 4.82946e-05 0.000228868 0.0003886 0.000515245 0.000680657 0.000878845 0.00109161 0.00130437 0.00150415 0.00167937 0.0018204 0.00192023 0.00197477 0.00198285 0.00194638 0.00187008 0.00176053 0.00162557 0.00147368 0.00131332 0.00115241 0.000997952 0.000855978 0.000731908 0.000631455 0.000560728 0.00052106 0.000494977 0.000438101 0.000317236 0.000171016 6.7611e-05 2.04847e-05 5.02755e-06 1.03739e-06 1.81688e-07 2.633e-08 2.87847e-09 1.7058e-10 0 
0 6.75042e-05 0.000267025 0.000425835 0.000600141 0.000828742 0.00109161 0.00137015 0.00164754 0.00190757 0.00213572 0.00232233 0.00246612 0.00255679 0.00257231 0.00251003 0.00239234 0.00224211 0.00206517 0.00186731 0.00165827 0.00144803 0.00124537 0.00105753 0.000890255 0.000748483 0.000637738 0.000564261 0.000526712 0.000495784 0.000413146 0.000262877 0.000118738 3.89535e-05 9.90814e-06 2.06334e-06 3.59742e-07 5.1566e-08 5.56137e-09 3.24901e-10 0 
0 8.44573e-05 0.000291115 0.000465499 0.000692006 0.000979243 0.00130437 0.00164754 0.00198884 0.00230939 0.00260527 0.00290979 0.00316258 0.00329437 0.00331521 0.00323431 0.00304352 0.00277256 0.00250845 0.00225828 0.00200053 0.00174149 0.00149136 0.00125875 0.00105017 0.000870422 0.000723788 0.000615904 0.000552091 0.000521161 0.00047127 0.000344113 0.0001778 6.39222e-05 1.70376e-05 3.60881e-06 6.29825e-07 8.96824e-08 9.57636e-09 5.5328e-10 0 
0 9.79889e-05 0.000307791 0.000507153 0.000781389 0.00112144 0.00150415 0.00190757 0.00230939 0.00270803 0.00316961 0.00350886 0.00367003 0.00374137 0.00375236 0.00370843 0.00359892 0.00338248 0.0030079 0.0026341 0.00232073 0.00201558 0.00172123 0.00144705 0.00120043 0.00098642 0.000808613 0.000671089 0.000580001 0.000534923 0.000500473 0.000403313 0.000234755 9.25693e-05 2.59931e-05 5.62832e-06 9.87325e-07 1.40148e-07 1.48633e-08 8.51669e-10 0 
0 0.000108025 0.000320693 0.000546541 0.00086103 0.00124649 0.00167937 0.00213572 0.00260527 0.00316961 0.00359831 0.00379936 0.00390624 0.00395714 0.003965 0.00393277 0.00385601 0.00371902 0.0034766 0.00303773 0.00260788 0.00225489 0.00192166 0.00161132 0.00133172 0.00108827 0.000884288 0.00072267 0.000608506 0.00054594 0.000513748 0.000440728 0.00028205 0.000120882 3.5725e-05 7.92125e-06 1.40002e-06 1.98614e-07 2.0974e-08 1.19486e-09 0 
0 0.000114974 0.000330847 0.000579611 0.000925602 0.00134727 0.0018204 0.00232233 0.00290979 0.00350886 0.00379936 0.00395325 0.00404053 0.00408325 0.00408977 0.00406223 0.00399797 0.00388781 0.00370788 0.00338702 0.00287639 0.00244844 0.00208164 0.00174236 0.00143649 0.00116968 0.00094517 0.000765128 0.000633415 0.000555534 0.000519476 0.000461839 0.000316541 0.000145128 4.48438e-05 1.0165e-05 1.81121e-06 2.57199e-07 2.70975e-08 1.53793e-09 0 
0 0.000119321 0.000338061 0.000603496 0.000971427 0.00141861 0.00192023 0.00246612 0.00316258 0.00367003 0.00390624 0.00404053 0.00411891 0.0041577 0.00416348 0.00413805 0.00407944 0.00398079 0.00382535 0.00356799 0.00309933 0.00259125 0.00219324 0.00183348 0.00150925 0.00122617 0.000987439 0.000794819 0.000651267 0.000562409 0.000521393 0.000472137 0.000338322 0.000162748 5.20115e-05 1.19992e-05 2.15328e-06 3.06278e-07 3.22383e-08 1.82593e-09 0 
0 0.000121465 0.000341888 0.000616563 0.000996407 0.00145751 0.00197477 0.00255679 0.00329437 0.00374137 0.00395714 0.00408325 0.0041577 0.00419464 0.00419995 0.00417528 0.00411892 0.00402492 0.0038791 0.00364508 0.00321928 0.00267423 0.00225179 0.00188082 0.00154683 0.00125513 0.0010089 0.000809672 0.000659906 0.000565054 0.000520676 0.000475294 0.000348774 0.000172466 5.62493e-05 1.31228e-05 2.3666e-06 3.37172e-07 3.54915e-08 2.0088e-09 0 
0 0.000121675 0.000342102 0.000618284 0.000999997 0.00146323 0.00198285 0.00257231 0.00331521 0.00375236 0.003965 0.00408977 0.00416348 0.00419995 0.00420494 0.00418008 0.00412368 0.00402992 0.00388498 0.00365368 0.00323422 0.00268298 0.00225579 0.00188346 0.00154843 0.00125585 0.00100887 0.000808939 0.000658381 0.00056254 0.000517481 0.000473147 0.000349227 0.000173975 5.70853e-05 1.33689e-05 2.41623e-06 3.44663e-07 3.63067e-08 2.05594e-09 0 
0 0.000120105 0.000338845 0.000609111 0.000983099 0.00143718 0.00194638 0.00251003 0.00323431 0.00370843 0.00393277 0.00406223 0.00413805 0.00417528 0.00418008 0.00415414 0.00409562 0.00399813 0.00384634 0.00360007 0.00315019 0.00261692 0.00220744 0.00184328 0.00151545 0.00122933 0.000988001 0.00079296 0.000646708 0.000554601 0.000511598 0.000466073 0.000340394 0.000167611 5.45711e-05 1.27365e-05 2.30045e-06 3.28389e-07 3.46389e-08 1.96459e-09 0 
0 0.000116811 0.000332611 0.000590325 0.000947874 0.00138263 0.00187008 0.00239234 0.00304352 0.00359892 0.00385601 0.00399797 0.00407944 0.00411892 0.00412368 0.00409562 0.00403242 0.00392623 0.00375737 0.00347045 0.00296724 0.00249306 0.00211247 0.0017645 0.00145119 0.00117802 0.00094803 0.000762889 0.000625577 0.000541399 0.000502452 0.000453193 0.000322347 0.000154201 4.92193e-05 1.13782e-05 2.04917e-06 2.92666e-07 3.09343e-08 1.75924e-09 0 
0 0.000111774 0.000324121 0.000563903 0.000897477 0.00130431 0.00176053 0.00224211 0.00277256 0.00338248 0.00371902 0.00388781 0.00398079 0.00402492 0.00402992 0.00399813 0.00392623 0.00380294 0.00359786 0.00322104 0.00272142 0.00232978 0.00197864 0.00165316 0.00136029 0.00110537 0.000891379 0.000720347 0.00059596 0.000522999 0.000488611 0.000432378 0.000294878 0.000135088 4.18964e-05 9.55449e-06 1.71381e-06 2.44976e-07 2.59735e-08 1.4831e-09 0 
0 0.000104927 0.000314106 0.000532367 0.000835767 0.00120792 0.00162557 0.00206517 0.00250845 0.0030079 0.0034766 0.00370788 0.00382535 0.0038791 0.00388498 0.00384634 0.00375737 0.00359786 0.00330637 0.00285552 0.00247255 0.00213575 0.00181478 0.00151641 0.00124824 0.00101533 0.000820715 0.000666959 0.000558497 0.000498426 0.000466869 0.000400377 0.000258216 0.00011223 3.36783e-05 7.56877e-06 1.35288e-06 1.93783e-07 2.06404e-08 1.18525e-09 0 
0 9.62069e-05 0.00030299 0.000498638 0.000767024 0.00109968 0.00147368 0.00186731 0.00225828 0.0026341 0.00303773 0.00338702 0.00356799 0.00364508 0.00365368 0.00360007 0.00347045 0.00322104 0.00285552 0.0025226 0.00221894 0.00191915 0.00163034 0.00136183 0.00112074 0.000911866 0.000738434 0.000603712 0.000512395 0.000464056 0.000431306 0.000353726 0.000214059 8.81922e-05 2.56687e-05 5.70145e-06 1.01817e-06 1.46469e-07 1.57037e-08 9.08469e-10 0 
0 8.56384e-05 0.000290517 0.000465816 0.00069575 0.000985831 0.00131332 0.00165827 0.00200053 0.00232073 0.00260788 0.00287639 0.00309933 0.00321928 0.00323422 0.00315019 0.00296724 0.00272142 0.00247255 0.00221894 0.00195522 0.00169036 0.00143469 0.00119681 0.0009832 0.000798473 0.000646136 0.000529964 0.000453576 0.000411813 0.000373915 0.000291375 0.000166549 6.58691e-05 1.88014e-05 4.15791e-06 7.45187e-07 1.07963e-07 1.1673e-08 6.81161e-10 0 
0 7.34391e-05 0.000275428 0.000436721 0.000626599 0.000872337 0.00115241 0.00144803 0.00174149 0.00201558 0.00225489 0.00244844 0.00259125 0.00267423 0.00268298 0.00261692 0.00249306 0.00232978 0.00213575 0.00191915 0.00169036 0.00145977 0.00123652 0.00102814 0.000840471 0.000677949 0.000544218 0.000442465 0.000373846 0.000331438 0.000290769 0.000218909 0.000122178 4.78519e-05 1.36692e-05 3.04139e-06 5.49484e-07 8.02833e-08 8.75139e-09 5.14576e-10 0 
0 6.01112e-05 0.000255461 0.000412917 0.000564384 0.000764792 0.000997952 0.00124537 0.00149136 0.00172123 0.00192166 0.00208164 0.00219324 0.00225179 0.00225579 0.00220744 0.00211247 0.00197864 0.00181478 0.00163034 0.00143469 0.00123652 0.00104344 0.0008618 0.000696891 0.000553234 0.00043437 0.000341743 0.000274481 0.000229479 0.000195521 0.000150011 8.74069e-05 3.5595e-05 1.04279e-05 2.35288e-06 4.28302e-07 6.28498e-08 6.87023e-09 4.04754e-10 0 
0 4.64662e-05 0.000228039 0.000393116 0.000513775 0.000668627 0.000855978 0.00105753 0.00125875 0.00144705 0.00161132 0.00174236 0.00183348 0.00188082 0.00188346 0.00184328 0.0017645 0.00165316 0.00151641 0.00136183 0.00119681 0.00102814 0.0008618 0.000703143 0.000558096 0.000434696 0.000340539 0.000272849 0.000217005 0.000165687 0.000126918 9.91323e-05 6.44242e-05 2.87424e-05 8.79978e-06 2.01039e-06 3.65248e-07 5.32249e-08 5.77099e-09 3.37293e-10 0 
0 3.35308e-05 0.000191794 0.000371552 0.000477682 0.000589518 0.000731908 0.000890255 0.00105017 0.00120043 0.00133172 0.00143649 0.00150925 0.00154683 0.00154843 0.00151545 0.00145119 0.00136029 0.00124824 0.00112074 0.0009832 0.000840471 0.000696891 0.000558096 0.000437646 0.000364466 0.0003605 0.000389977 0.000370785 0.000272455 0.000155386 8.34875e-05 5.1165e-05 2.52873e-05 8.17618e-06 1.87735e-06 3.35997e-07 4.80051e-08 5.10615e-09 2.93325e-10 0 
0 2.23216e-05 0.0001484 0.00033829 0.000453384 0.000532767 0.000631455 0.000748483 0.000870422 0.00098642 0.00108827 0.00116968 0.00122617 0.00125513 0.00125585 0.00122933 0.00117802 0.00110537 0.00101533 0.000911866 0.000798473 0.000677949 0.000553234 0.000434696 0.000364466 0.000427968 0.000674682 0.0011445 0.00138165 0.000778639 0.000390138 0.000144678 5.25062e-05 2.34488e-05 7.85874e-06 1.79958e-06 3.14618e-07 4.37719e-08 4.544e-09 2.55557e-10 0 
0 1.3556e-05 0.000103199 0.000284256 0.000427741 0.000498899 0.000560728 0.000637738 0.000723788 0.000808613 0.000884288 0.00094517 0.000987439 0.0010089 0.00100887 0.000988001 0.00094803 0.000891379 0.000820715 0.000738434 0.000646136 0.000544218 0.00043437 0.000340539 0.0003605 0.000674682 0.0016395 0.0025665 0.00263471 0.00229285 0.00091167 0.000304775 7.80862e-05 2.35049e-05 7.38137e-06 1.65391e-06 2.81132e-07 3.80897e-08 3.86538e-09 2.13254e-10 0 
0 7.44062e-06 6.32705e-05 0.000210448 0.000378582 0.000474335 0.00052106 0.000564261 0.000615904 0.000671089 0.00072267 0.000765128 0.000794819 0.000809672 0.000808939 0.00079296 0.000762889 0.000720347 0.000666959 0.000603712 0.000529964 0.000442465 0.000341743 0.000272849 0.000389977 0.0011445 0.0025665 0.00282758 0.00285761 0.00271789 0.00197912 0.000488959 0.000113032 2.48312e-05 6.55163e-06 1.38801e-06 2.2837e-07 3.02663e-08 3.02155e-09 1.64525e-10 0 
0 3.66691e-06 3.37842e-05 0.000132173 0.000291824 0.000426663 0.000494977 0.000526712 0.000552091 0.000580001 0.000608506 0.000633415 0.000651267 0.000659906 0.000658381 0.000646708 0.000625577 0.00059596 0.000558497 0.000512395 0.000453576 0.000373846 0.000274481 0.000217005 0.000370785 0.00138165 0.00263471 0.00285761 0.00288794 0.0027773 0.00228946 0.000552297 0.000121237 2.34062e-05 5.23815e-06 1.02578e-06 1.63288e-07 2.1338e-08 2.11492e-09 1.14612e-10 0 
0 1.61706e-06 1.5649e-05 6.90267e-05 0.000183819 0.000327758 0.000438101 0.000495784 0.000521161 0.000534923 0.00054594 0.000555534 0.000562409 0.000565054 0.00056254 0.000554601 0.000541399 0.000522999 0.000498426 0.000464056 0.000411813 0.000331438 0.000229479 0.000165687 0.000272455 0.000778639 0.00229285 0.00271789 0.0027773 0.00259698 0.00144881 0.000398583 8.99283e-05 1.72181e-05 3.5299e-06 6.46217e-07 1.00615e-07 1.31204e-08 1.30519e-09 7.10616e-11 0 
0 6.37705e-07 6.30757e-06 2.9971e-05 9.17879e-05 0.000197207 0.000317236 0.000413146 0.00047127 0.000500473 0.000513748 0.000519476 0.000521393 0.000520676 0.000517481 0.000511598 0.000502452 0.000488611 0.000466869 0.000431306 0.000373915 0.000290769 0.000195521 0.000126918 0.000155386 0.000390138 0.00091167 0.00197912 0.00228946 0.00144881 0.000598382 0.000198036 4.62081e-05 9.52034e-06 1.90796e-06 3.38901e-07 5.28025e-08 6.97566e-09 7.04438e-10 3.8898e-11 0 
0 2.25154e-07 2.22821e-06 1.0969e-05 3.65679e-05 8.99729e-05 0.000171016 0.000262877 0.000344113 0.000403313 0.000440728 0.000461839 0.000472137 0.000475294 0.000473147 0.000466073 0.000453193 0.000432378 0.000400377 0.000353726 0.000291375 0.000218909 0.000150011 9.91323e-05 8.34875e-05 0.000144678 0.000304775 0.000488959 0.000552297 0.000398583 0.000198036 6.72823e-05 1.74262e-05 4.00476e-06 8.15853e-07 1.47102e-07 2.35502e-08 3.19939e-09 3.31454e-10 1.87231e-11 0 
0 7.12781e-08 6.9535e-07 3.44739e-06 1.19533e-05 3.17847e-05 6.7611e-05 0.000118738 0.0001778 0.000234755 0.00028205 0.000316541 0.000338322 0.000348774 0.000349227 0.000340394 0.000322347 0.000294878 0.000258216 0.000214059 0.000166549 0.000122178 8.74069e-05 6.44242e-05 5.1165e-05 5.25062e-05 7.80862e-05 0.000113032 0.000121237 8.99283e-05 4.62081e-05 1.74262e-05 5.2577e-06 1.31577e-06 2.81513e-07 5.34814e-08 8.97442e-09 1.26808e-09 1.35917e-10 7.91098e-12 0 
0 2.02389e-08 1.92803e-07 9.45391e-07 3.30583e-06 9.08415e-06 2.04847e-05 3.89535e-05 6.39222e-05 9.25693e-05 0.000120882 0.000145128 0.000162748 0.000172466 0.000173975 0.000167611 0.000154201 0.000135088 0.00011223 8.81922e-05 6.58691e-05 4.78519e-05 3.5595e-05 2.87424e-05 2.52873e-05 2.34488e-05 2.35049e-05 2.48312e-05 2.34062e-05 1.72181e-05 9.52034e-06 4.00476e-06 1.31577e-06 3.52847e-07 8.14446e-08 1.65948e-08 2.9446e-09 4.35605e-10 4.8594e-11 2.93036e-12 0 
0 5.14063e-09 4.75675e-08 2.28298e-07 7.90588e-07 2.18332e-06 5.02755e-06 9.90814e-06 1.70376e-05 2.59931e-05 3.5725e-05 4.48438e-05 5.20115e-05 5.62493e-05 5.70853e-05 5.45711e-05 4.92193e-05 4.18964e-05 3.36783e-05 2.56687e-05 1.88014e-05 1.36692e-05 1.04279e-05 8.79978e-06 8.17618e-06 7.85874e-06 7.38137e-06 6.55163e-06 5.23815e-06 3.5299e-06 1.90796e-06 8.15853e-07 2.81513e-07 8.14446e-08 2.03874e-08 4.4515e-09 8.35832e-10 1.29831e-10 1.5129e-11 9.48758e-13 0 
0 1.15837e-09 1.03853e-08 4.853e-08 1.64844e-07 4.5063e-07 1.03739e-06 2.06334e-06 3.60881e-06 5.62832e-06 7.92125e-06 1.0165e-05 1.19992e-05 1.31228e-05 1.33689e-05 1.27365e-05 1.13782e-05 9.55449e-06 7.56877e-06 5.70145e-06 4.15791e-06 3.04139e-06 2.35288e-06 2.01039e-06 1.87735e-06 1.79958e-06 1.65391e-06 1.38801e-06 1.02578e-06 6.46217e-07 3.38901e-07 1.47102e-07 5.34814e-08 1.65948e-08 4.4515e-09 1.03328e-09 2.04847e-10 3.34343e-11 4.07681e-12 2.6644e-13 0 
0 2.27228e-10 1.97252e-09 8.95544e-09 2.97054e-08 7.97912e-08 1.81688e-07 3.59742e-07 6.29825e-07 9.87325e-07 1.40002e-06 1.81121e-06 2.15328e-06 2.3666e-06 2.41623e-06 2.30045e-06 2.04917e-06 1.71381e-06 1.35288e-06 1.01817e-06 7.45187e-07 5.49484e-07 4.28302e-07 3.65248e-07 3.35997e-07 3.14618e-07 2.81132e-07 2.2837e-07 1.63288e-07 1.00615e-07 5.28025e-08 2.35502e-08 8.97442e-09 2.9446e-09 8.35832e-10 2.04847e-10 4.27656e-11 7.32922e-12 9.35356e-13 6.37587e-14 0 
0 3.72204e-11 3.13009e-10 1.38033e-09 4.46441e-09 1.17467e-08 2.633e-08 5.1566e-08 8.96824e-08 1.40148e-07 1.98614e-07 2.57199e-07 3.06278e-07 3.37172e-07 3.44663e-07 3.28389e-07 2.92666e-07 2.44976e-07 1.93783e-07 1.46469e-07 1.07963e-07 8.02833e-08 6.28498e-08 5.32249e-08 4.80051e-08 4.37719e-08 3.80897e-08 3.02663e-08 2.1338e-08 1.31204e-08 6.97566e-09 3.19939e-09 1.26808e-09 4.35605e-10 1.29831e-10 3.34343e-11 7.32922e-12 1.31666e-12 1.75707e-13 1.24892e-14 0 
0 4.60064e-12 3.75273e-11 1.6088e-10 5.07421e-10 1.30681e-09 2.87847e-09 5.56137e-09 9.57636e-09 1.48633e-08 2.0974e-08 2.70975e-08 3.22383e-08 3.54915e-08 3.63067e-08 3.46389e-08 3.09343e-08 2.59735e-08 2.06404e-08 1.57037e-08 1.1673e-08 8.75139e-09 6.87023e-09 5.77099e-09 5.10615e-09 4.544e-09 3.86538e-09 3.02155e-09 2.11492e-09 1.30519e-09 7.04438e-10 3.31454e-10 1.35917e-10 4.8594e-11 1.5129e-11 4.07681e-12 9.35356e-13 1.75707e-13 2.44785e-14 1.81253e-15 0 
0 3.06893e-13 2.43214e-12 1.01507e-11 3.12529e-11 7.88189e-11 1.7058e-10 3.24901e-10 5.5328e-10 8.51669e-10 1.19486e-09 1.53793e-09 1.82593e-09 2.0088e-09 2.05594e-09 1.96459e-09 1.75924e-09 1.4831e-09 1.18525e-09 9.08469e-10 6.81161e-10 5.14576e-10 4.04754e-10 3.37293e-10 2.93325e-10 2.55557e-10 2.13254e-10 1.64525e-10 1.14612e-10 7.10616e-11 3.8898e-11 1.87231e-11 7.91098e-12 2.93036e-12 9.48758e-13 2.6644e-13 6.37587e-14 1.24892e-14 1.81253e-15 1.39601e-16 0 
0 0 0 0 0 0 0 0 0 0 0 0 0 0 0 0 0 0 0 0 0 0 0 0 0 0 0 0 0 0 0 0 0 0 0 0 0 0 0 0 0 
