0 0 0 0 0 0 0 0 0 0 0 0 0 0 0 0 0 0 0 0 0 0 0 0 0 0 0 0 0 0 0 0 0 0 0 0 0 0 0 0 0 
0 5.36485e-08 4.96944e-07 2.36641e-06 8.05552e-06 2.16727e-05 4.82592e-05 9.15576e-05 0.000151455 0.000222947 0.000297368 0.00036491 0.000417004 0.000447749 0.000454421 0.000437364 0.000399586 0.00034619 0.000283647 0.000218901 0.000158331 0.000106757 6.675e-05 3.85252e-05 2.04537e-05 9.96823e-06 4.45611e-06 1.82789e-06 6.88808e-07 2.38804e-07 7.62738e-08 2.24614e-08 6.09612e-09 1.52121e-09 3.47045e-10 7.15729e-11 1.30562e-11 2.01549e-12 2.37372e-13 1.52227e-14 0 
0 4.96944e-07 4.79583e-06 2.3579e-05 8.1589e-05 0.000218583 0.000474057 0.000859369 0.00134184 0.00185768 0.00233997 0.00273828 0.00302317 0.00318187 0.00321264 0.00312079 0.00291695 0.00261689 0.00224252 0.00182273 0.0013929 0.000990957 0.000649966 0.000389753 0.000212418 0.00010492 4.69691e-05 1.90996e-05 7.07909e-06 2.40037e-06 7.47037e-07 2.13873e-07 5.63683e-08 1.36556e-08 3.02543e-09 6.06403e-10 1.07622e-10 1.61836e-11 1.85919e-12 1.16463e-13 0 
0 2.36641e-06 2.3579e-05 0.000117654 0.000401623 0.00102444 0.00204579 0.00334423 0.0046934 0.0059081 0.00689916 0.00764339 0.00814375 0.00840975 0.00845254 0.00828486 0.00792086 0.00737508 0.00666185 0.00579777 0.00480997 0.00374929 0.00269917 0.00176399 0.00103205 0.000536356 0.000247371 0.000101711 3.75627e-05 1.25598e-05 3.82858e-06 1.06925e-06 2.74313e-07 6.46296e-08 1.39258e-08 2.71621e-09 4.69562e-10 6.88625e-11 7.72551e-12 4.73252e-13 0 
0 8.05552e-06 8.1589e-05 0.000401623 0.00129238 0.00296238 0.00516759 0.00740749 0.00937354 0.0110057 0.0123243 0.0133383 0.0140391 0.014417 0.0144723 0.0142202 0.0136895 0.0129178 0.0119443 0.0107992 0.00949534 0.00802994 0.0064104 0.00470738 0.00309037 0.00177221 0.000878061 0.0003768 0.00014168 4.7366e-05 1.4266e-05 3.90879e-06 9.79983e-07 2.25219e-07 4.73091e-08 8.99786e-09 1.51792e-09 2.17461e-10 2.38619e-11 1.43159e-12 0 
0 2.16727e-05 0.000218583 0.00102444 0.00296238 0.00587212 0.00893913 0.0116864 0.0141063 0.0162507 0.0180927 0.0195651 0.0206044 0.0211706 0.0212539 0.0208751 0.0200812 0.0189398 0.0175306 0.0159349 0.0142207 0.0124233 0.0105267 0.00847623 0.00626815 0.00408281 0.0022631 0.00105322 0.000415088 0.000141452 4.2609e-05 1.15426e-05 2.84297e-06 6.39805e-07 1.31428e-07 2.44385e-08 4.03243e-09 5.65519e-10 6.08114e-11 3.57955e-12 0 
0 4.82592e-05 0.000474057 0.00204579 0.00516759 0.00893913 0.0124935 0.0157952 0.0189355 0.0218479 0.0243953 0.0264443 0.0278935 0.0286837 0.0288006 0.0282726 0.0271656 0.0255747 0.0236137 0.0214052 0.0190684 0.0167039 0.0143699 0.0120454 0.00962054 0.00701265 0.00441326 0.00229663 0.000978101 0.000347565 0.000106266 2.87281e-05 6.99449e-06 1.54838e-06 3.12153e-07 5.69196e-08 9.21064e-09 1.26752e-09 1.33862e-10 7.7465e-12 0 
0 9.15576e-05 0.000859369 0.00334423 0.00740749 0.0116864 0.0157952 0.0198955 0.0239326 0.0277107 0.0310205 0.0336827 0.0355649 0.0365907 0.0367418 0.0360552 0.0346164 0.0325483 0.0299984 0.027126 0.0240887 0.0210312 0.01807 0.0152664 0.0125751 0.00982016 0.00687486 0.00403025 0.00189559 0.000717633 0.000226174 6.16318e-05 1.49315e-05 3.26696e-06 6.48839e-07 1.16397e-07 1.85245e-08 2.50797e-09 2.60745e-10 1.48668e-11 0 
0 0.000151455 0.00134184 0.0046934 0.00937354 0.0141063 0.0189355 0.0239326 0.0288913 0.0335356 0.0376029 0.0408729 0.0431837 0.0444418 0.0446251 0.0437795 0.0420098 0.0394669 0.0363315 0.0327985 0.0290611 0.0252979 0.0216616 0.0182644 0.0151429 0.0121874 0.00913994 0.0059323 0.00309681 0.00126708 0.000417123 0.000115645 2.80562e-05 6.09551e-06 1.19713e-06 2.1197e-07 3.32763e-08 4.44414e-09 4.55981e-10 2.56744e-11 0 
0 0.000222947 0.00185768 0.0059081 0.0110057 0.0162507 0.0218479 0.0277107 0.0335356 0.0389897 0.0437644 0.0476013 0.0503109 0.051784 0.0519953 0.050999 0.0489184 0.0459303 0.0422468 0.038096 0.033704 0.0292799 0.0250035 0.0210164 0.0174032 0.0141367 0.0109906 0.0076709 0.00439398 0.00194974 0.000675844 0.000191991 4.68912e-05 1.01581e-05 1.97973e-06 3.47087e-07 5.39034e-08 7.12068e-09 7.22849e-10 4.02885e-11 0 
0 0.000297368 0.00233997 0.00689916 0.0123243 0.0180927 0.0243953 0.0310205 0.0376029 0.0437644 0.0491562 0.0534868 0.0565426 0.0582011 0.0584341 0.0573036 0.0549492 0.0515706 0.0474071 0.0427161 0.0377524 0.0327513 0.0279155 0.0234062 0.0193337 0.0157234 0.0124217 0.00907207 0.00558673 0.00266964 0.000975616 0.000284996 7.03254e-05 1.52403e-05 2.95653e-06 5.14738e-07 7.93055e-08 1.03903e-08 1.04624e-09 5.78628e-11 0 
0 0.00036491 0.00273828 0.00764339 0.0133383 0.0195651 0.0264443 0.0336827 0.0408729 0.0476013 0.0534868 0.0582112 0.061542 0.063346 0.0635933 0.0623521 0.0597754 0.0560816 0.0515319 0.0464072 0.0409851 0.0355221 0.0302387 0.0253107 0.0208628 0.0169488 0.0134738 0.0100982 0.00654262 0.00332021 0.00127256 0.000382096 9.54012e-05 2.07281e-05 4.01277e-06 6.95629e-07 1.06611e-07 1.389e-08 1.39094e-09 7.65255e-11 0 
0 0.000417004 0.00302317 0.00814375 0.0140391 0.0206044 0.0278935 0.0355649 0.0431837 0.0503109 0.0565426 0.061542 0.0650632 0.0669658 0.0672191 0.0658961 0.0631594 0.0592407 0.0544171 0.0489859 0.0432409 0.0374532 0.0318559 0.0266346 0.0219222 0.0177869 0.0141701 0.0107673 0.00720557 0.00381868 0.00151971 0.000467122 0.000117943 2.57229e-05 4.97948e-06 8.616e-07 1.31697e-07 1.71089e-08 1.7085e-09 9.37604e-11 0 
0 0.000447749 0.00318187 0.00840975 0.014417 0.0211706 0.0286837 0.0365907 0.0444418 0.051784 0.0582011 0.063346 0.0669658 0.0689168 0.0691678 0.0677951 0.0649668 0.0609224 0.0559475 0.0503486 0.0444284 0.0384658 0.0327002 0.0273223 0.022469 0.0182147 0.0145196 0.0111066 0.00756742 0.00411841 0.00168044 0.000525305 0.000133846 2.93145e-05 5.68431e-06 9.84064e-07 1.50427e-07 1.95428e-08 1.95201e-09 1.0719e-10 0 
0 0.000454421 0.00321264 0.00845254 0.0144723 0.0212539 0.0288006 0.0367418 0.0446251 0.0519953 0.0584341 0.0635933 0.0672191 0.0691678 0.0694091 0.06802 0.0651703 0.0611011 0.0560999 0.0504744 0.0445288 0.0385428 0.0327565 0.0273607 0.0224924 0.0182272 0.0145311 0.0111402 0.00764153 0.00420507 0.00173605 0.000547729 0.000140453 3.08994e-05 6.01278e-06 1.04427e-06 1.60151e-07 2.08799e-08 2.09391e-09 1.15509e-10 0 
0 0.000437364 0.00312079 0.00828486 0.0142202 0.0208751 0.0282726 0.0360552 0.0437795 0.050999 0.0573036 0.0623521 0.0658961 0.0677951 0.06802 0.0666471 0.0638436 0.0598465 0.054938 0.0494204 0.0435918 0.0377263 0.0320592 0.0267769 0.0220132 0.0178405 0.0142208 0.0108894 0.00744978 0.00408891 0.00168749 0.000533677 0.000137439 3.04015e-05 5.95271e-06 1.04096e-06 1.60855e-07 2.11464e-08 2.14004e-09 1.19236e-10 0 
0 0.000399586 0.00291695 0.00792086 0.0136895 0.0200812 0.0271656 0.0346164 0.0420098 0.0489184 0.0549492 0.0597754 0.0631594 0.0649668 0.0651703 0.0638436 0.0611474 0.0573094 0.0526006 0.0473108 0.041726 0.036109 0.030685 0.0256325 0.0210789 0.0170895 0.0136134 0.0103759 0.0070201 0.00379989 0.00155354 0.000490485 0.000126897 2.83098e-05 5.60418e-06 9.92483e-07 1.55527e-07 2.07595e-08 2.13535e-09 1.21034e-10 0 
0 0.00034619 0.00261689 0.00737508 0.0129178 0.0189398 0.0255747 0.0325483 0.0394669 0.0459303 0.0515706 0.0560816 0.0592407 0.0609224 0.0611011 0.0598465 0.0573094 0.0537038 0.0492839 0.0443218 0.0390858 0.0338225 0.028743 0.024015 0.0197567 0.016022 0.0127387 0.00962312 0.00639079 0.0033864 0.00136688 0.000431453 0.00011271 2.55465e-05 5.15704e-06 9.33554e-07 1.49776e-07 2.04881e-08 2.16071e-09 1.25556e-10 0 
0 0.000283647 0.00224252 0.00666185 0.0119443 0.0175306 0.0236137 0.0299984 0.0363315 0.0422468 0.0474071 0.0515319 0.0544171 0.0559475 0.0560999 0.054938 0.0526006 0.0492839 0.0452214 0.0406629 0.0358547 0.0310233 0.026363 0.0220279 0.0181246 0.0146905 0.0116279 0.00866225 0.00561888 0.00291418 0.00116855 0.000372776 9.96329e-05 2.32656e-05 4.85538e-06 9.09846e-07 1.51078e-07 2.13616e-08 2.32364e-09 1.38881e-10 0 
0 0.000218901 0.00182273 0.00579777 0.0107992 0.0159349 0.0214052 0.027126 0.0327985 0.038096 0.0427161 0.0464072 0.0489859 0.0503486 0.0504744 0.0494204 0.0473108 0.0443218 0.0406629 0.0365582 0.0322291 0.0278791 0.0236835 0.0197806 0.0162623 0.0131448 0.0103135 0.00754296 0.00478727 0.00246085 0.00100127 0.000330769 9.25735e-05 2.27124e-05 4.97322e-06 9.73896e-07 1.68096e-07 2.45606e-08 2.74438e-09 1.67548e-10 0 
0 0.000158331 0.0013929 0.00480997 0.00949534 0.0142207 0.0190684 0.0240887 0.0290611 0.033704 0.0377524 0.0409851 0.0432409 0.0444284 0.0445288 0.0435918 0.041726 0.0390858 0.0358547 0.0322291 0.028403 0.0245555 0.0208404 0.0173783 0.0142423 0.0114299 0.00884078 0.00634725 0.00399973 0.00210257 0.000903034 0.000320459 9.64485e-05 2.52208e-05 5.81285e-06 1.18332e-06 2.10003e-07 3.12632e-08 3.53344e-09 2.16952e-10 0 
0 0.000106757 0.000990957 0.00374929 0.00802994 0.0124233 0.0167039 0.0210312 0.0252979 0.0292799 0.0327513 0.0355221 0.0374532 0.0384658 0.0385428 0.0377263 0.036109 0.0338225 0.0310233 0.0278791 0.0245555 0.021205 0.0179582 0.0149142 0.0121273 0.0095977 0.00729033 0.00519085 0.00335366 0.00189239 0.000900847 0.000355261 0.000116472 3.22928e-05 7.7065e-06 1.59641e-06 2.84925e-07 4.23308e-08 4.75096e-09 2.88761e-10 0 
0 6.675e-05 0.000649966 0.00269917 0.0064104 0.0105267 0.0143699 0.01807 0.0216616 0.0250035 0.0279155 0.0302387 0.0318559 0.0327002 0.0327565 0.0320592 0.030685 0.028743 0.026363 0.0236835 0.0208404 0.0179582 0.0151407 0.0124647 0.00998287 0.00774524 0.00581312 0.00421643 0.00291292 0.00184117 0.00100266 0.000445402 0.000158049 4.55155e-05 1.09598e-05 2.25353e-06 3.95964e-07 5.76988e-08 6.34276e-09 3.77538e-10 0 
0 3.85252e-05 0.000389753 0.00176399 0.00470738 0.00847623 0.0120454 0.0152664 0.0182644 0.0210164 0.0234062 0.0253107 0.0266346 0.0273223 0.0273607 0.0267769 0.0256325 0.024015 0.0220279 0.0197806 0.0173783 0.0149142 0.0124647 0.0101011 0.00792701 0.00610389 0.00475412 0.00379087 0.00295173 0.00207964 0.00124964 0.000606762 0.000227586 6.63047e-05 1.5691e-05 3.13541e-06 5.34197e-07 7.55396e-08 8.07279e-09 4.68131e-10 0 
0 2.04537e-05 0.000212418 0.00103205 0.00309037 0.00626815 0.00962054 0.0125751 0.0151429 0.0174032 0.0193337 0.0208628 0.0219222 0.022469 0.0224924 0.0220132 0.0210789 0.0197567 0.0181246 0.0162623 0.0142423 0.0121273 0.00998287 0.00792701 0.00621235 0.0052315 0.00522027 0.00566009 0.00538226 0.00394646 0.00219696 0.000975189 0.000348487 9.70998e-05 2.17277e-05 4.11863e-06 6.72285e-07 9.1765e-08 9.51168e-09 5.36914e-10 0 
0 9.96823e-06 0.00010492 0.000536356 0.00177221 0.00408281 0.00701265 0.00982016 0.0121874 0.0141367 0.0157234 0.0169488 0.0177869 0.0182147 0.0182272 0.0178405 0.0170895 0.016022 0.0146905 0.0131448 0.0114299 0.0095977 0.00774524 0.00610389 0.0052315 0.00621197 0.00980087 0.0141413 0.0150718 0.0111342 0.00566653 0.00207523 0.000604212 0.000145117 2.87899e-05 4.98258e-06 7.67437e-07 1.00845e-07 1.01538e-08 5.59362e-10 0 
0 4.45611e-06 4.69691e-05 0.000247371 0.000878061 0.0022631 0.00441326 0.00687486 0.00913994 0.0109906 0.0124217 0.0134738 0.0141701 0.0145196 0.0145311 0.0142208 0.0136134 0.0127387 0.0116279 0.0103135 0.00884078 0.00729033 0.00581312 0.00475412 0.00522027 0.00980087 0.0203412 0.0323388 0.0355301 0.0263004 0.0130781 0.00442604 0.00108891 0.000215994 3.60965e-05 5.46406e-06 7.78754e-07 9.83509e-08 9.66135e-09 5.22153e-10 0 
0 1.82789e-06 1.90996e-05 0.000101711 0.0003768 0.00105322 0.00229663 0.00403025 0.0059323 0.0076709 0.00907207 0.0100982 0.0107673 0.0111066 0.0111402 0.0108894 0.0103759 0.00962312 0.00866225 0.00754296 0.00634725 0.00519085 0.00421643 0.00379087 0.00566009 0.0141413 0.0323388 0.0528225 0.0584667 0.0433329 0.0214217 0.00709627 0.00162785 0.000283237 4.04553e-05 5.29091e-06 6.89821e-07 8.38567e-08 8.09294e-09 4.3226e-10 0 
0 6.88808e-07 7.07909e-06 3.75627e-05 0.00014168 0.000415088 0.000978101 0.00189559 0.00309681 0.00439398 0.00558673 0.00654262 0.00720557 0.00756742 0.00764153 0.00744978 0.0070201 0.00639079 0.00561888 0.00478727 0.00399973 0.00335366 0.00291292 0.00295173 0.00538226 0.0150718 0.0355301 0.0584667 0.06469 0.0481332 0.023733 0.00781553 0.00175281 0.00028655 3.69828e-05 4.3188e-06 5.22341e-07 6.17617e-08 5.91499e-09 3.15012e-10 0 
0 2.38804e-07 2.40037e-06 1.25598e-05 4.7366e-05 0.000141452 0.000347565 0.000717633 0.00126708 0.00194974 0.00266964 0.00332021 0.00381868 0.00411841 0.00420507 0.00408891 0.00379989 0.0033864 0.00291418 0.00246085 0.00210257 0.00189239 0.00184117 0.00207964 0.00394646 0.0111342 0.0263004 0.0433329 0.0481332 0.0356313 0.0175883 0.00579002 0.00129534 0.000207523 2.55676e-05 2.82809e-06 3.31093e-07 3.89523e-08 3.75108e-09 2.01142e-10 0 
0 7.62738e-08 7.47037e-07 3.82858e-06 1.4266e-05 4.2609e-05 0.000106266 0.000226174 0.000417123 0.000675844 0.000975616 0.00127256 0.00151971 0.00168044 0.00173605 0.00168749 0.00155354 0.00136688 0.00116855 0.00100127 0.000903034 0.000900847 0.00100266 0.00124964 0.00219696 0.00566653 0.0130781 0.0214217 0.023733 0.0175883 0.00869261 0.0028752 0.000650298 0.000104638 1.28886e-05 1.44525e-06 1.73749e-07 2.09612e-08 2.0593e-09 1.12271e-10 0 
0 2.24614e-08 2.13873e-07 1.06925e-06 3.90879e-06 1.15426e-05 2.87281e-05 6.16318e-05 0.000115645 0.000191991 0.000284996 0.000382096 0.000467122 0.000525305 0.000547729 0.000533677 0.000490485 0.000431453 0.000372776 0.000330769 0.000320459 0.000355261 0.000445402 0.000606762 0.000975189 0.00207523 0.00442604 0.00709627 0.00781553 0.00579002 0.0028752 0.000964483 0.000222928 3.67543e-05 4.75273e-06 5.80832e-07 7.59452e-08 9.64839e-09 9.79226e-10 5.47528e-11 0 
0 6.09612e-09 5.63683e-08 2.74313e-07 9.79983e-07 2.84297e-06 6.99449e-06 1.49315e-05 2.80562e-05 4.68912e-05 7.03254e-05 9.54012e-05 0.000117943 0.000133846 0.000140453 0.000137439 0.000126897 0.00011271 9.96329e-05 9.25735e-05 9.64485e-05 0.000116472 0.000158049 0.000227586 0.000348487 0.000604212 0.00108891 0.00162785 0.00175281 0.00129534 0.000650298 0.000222928 5.31239e-05 9.26846e-06 1.3419e-06 1.91341e-07 2.8189e-08 3.82329e-09 4.04193e-10 2.33401e-11 0 
0 1.52121e-09 1.36556e-08 6.46296e-08 2.25219e-07 6.39805e-07 1.54838e-06 3.26696e-06 6.09551e-06 1.01581e-05 1.52403e-05 2.07281e-05 2.57229e-05 2.93145e-05 3.08994e-05 3.04015e-05 2.83098e-05 2.55465e-05 2.32656e-05 2.27124e-05 2.52208e-05 3.22928e-05 4.55155e-05 6.63047e-05 9.70998e-05 0.000145117 0.000215994 0.000283237 0.00028655 0.000207523 0.000104638 3.67543e-05 9.26846e-06 1.81694e-06 3.1673e-07 5.45488e-08 9.05907e-09 1.31216e-09 1.45107e-10 8.69725e-12 0 
0 3.47045e-10 3.02543e-09 1.39258e-08 4.73091e-08 1.31428e-07 3.12153e-07 6.48839e-07 1.19713e-06 1.97973e-06 2.95653e-06 4.01277e-06 4.97948e-06 5.68431e-06 6.01278e-06 5.95271e-06 5.60418e-06 5.15704e-06 4.85538e-06 4.97322e-06 5.81285e-06 7.7065e-06 1.09598e-05 1.5691e-05 2.17277e-05 2.87899e-05 3.60965e-05 4.04553e-05 3.69828e-05 2.55676e-05 1.28886e-05 4.75273e-06 1.3419e-06 3.1673e-07 6.84579e-08 1.39015e-08 2.54131e-09 3.90852e-10 4.5291e-11 2.82696e-12 0 
0 7.15729e-11 6.06403e-10 2.71621e-09 8.99786e-09 2.44385e-08 5.69196e-08 1.16397e-07 2.1197e-07 3.47087e-07 5.14738e-07 6.95629e-07 8.616e-07 9.84064e-07 1.04427e-06 1.04096e-06 9.92483e-07 9.33554e-07 9.09846e-07 9.73896e-07 1.18332e-06 1.59641e-06 2.25353e-06 3.13541e-06 4.11863e-06 4.98258e-06 5.46406e-06 5.29091e-06 4.3188e-06 2.82809e-06 1.44525e-06 5.80832e-07 1.91341e-07 5.45488e-08 1.39015e-08 3.15315e-09 6.19331e-10 1.00601e-10 1.22209e-11 7.95845e-13 0 
0 1.30562e-11 1.07622e-10 4.69562e-10 1.51792e-09 4.03243e-09 9.21064e-09 1.85245e-08 3.32763e-08 5.39034e-08 7.93055e-08 1.06611e-07 1.31697e-07 1.50427e-07 1.60151e-07 1.60855e-07 1.55527e-07 1.49776e-07 1.51078e-07 1.68096e-07 2.10003e-07 2.84925e-07 3.95964e-07 5.34197e-07 6.72285e-07 7.67437e-07 7.78754e-07 6.89821e-07 5.22341e-07 3.31093e-07 1.73749e-07 7.59452e-08 2.8189e-08 9.05907e-09 2.54131e-09 6.19331e-10 1.28897e-10 2.20357e-11 2.80514e-12 1.90704e-13 0 
0 2.01549e-12 1.61836e-11 6.88625e-11 2.17461e-10 5.65519e-10 1.26752e-09 2.50797e-09 4.44414e-09 7.12068e-09 1.03903e-08 1.389e-08 1.71089e-08 1.95428e-08 2.08799e-08 2.11464e-08 2.07595e-08 2.04881e-08 2.13616e-08 2.45606e-08 3.12632e-08 4.23308e-08 5.76988e-08 7.55396e-08 9.1765e-08 1.00845e-07 9.83509e-08 8.38567e-08 6.17617e-08 3.89523e-08 2.09612e-08 9.64839e-09 3.82329e-09 1.31216e-09 3.90852e-10 1.00601e-10 2.20357e-11 3.95389e-12 5.26818e-13 3.73755e-14 0 
0 2.37372e-13 1.85919e-12 7.72551e-12 2.38619e-11 6.08114e-11 1.33862e-10 2.60745e-10 4.55981e-10 7.22849e-10 1.04624e-09 1.39094e-09 1.7085e-09 1.95201e-09 2.09391e-09 2.14004e-09 2.13535e-09 2.16071e-09 2.32364e-09 2.74438e-09 3.53344e-09 4.75096e-09 6.34276e-09 8.07279e-09 9.51168e-09 1.01538e-08 9.66135e-09 8.09294e-09 5.91499e-09 3.75108e-09 2.0593e-09 9.79226e-10 4.04193e-10 1.45107e-10 4.5291e-11 1.22209e-11 2.80514e-12 5.26818e-13 7.33355e-14 5.42368e-15 0 
0 1.52227e-14 1.16463e-13 4.73252e-13 1.43159e-12 3.57955e-12 7.7465e-12 1.48668e-11 2.56744e-11 4.02885e-11 5.78628e-11 7.65255e-11 9.37604e-11 1.0719e-10 1.15509e-10 1.19236e-10 1.21034e-10 1.25556e-10 1.38881e-10 1.67548e-10 2.16952e-10 2.88761e-10 3.77538e-10 4.68131e-10 5.36914e-10 5.59362e-10 5.22153e-10 4.3226e-10 3.15012e-10 2.01142e-10 1.12271e-10 5.47528e-11 2.33401e-11 8.69725e-12 2.82696e-12 7.95845e-13 1.90704e-13 3.73755e-14 5.42368e-15 4.17488e-16 0 
0 0 0 0 0 0 0 0 0 0 0 0 0 0 0 0 0 0 0 0 0 0 0 0 0 0 0 0 0 0 0 0 0 0 0 0 0 0 0 0 0 
