0 0 0 0 0 0 0 0 0 0 0 0 0 0 0 0 0 0 0 0 0 0 0 0 0 0 0 0 0 0 0 0 0 0 0 0 0 0 0 0 0 
0 3.11332e-16 2.98811e-15 1.5272e-14 5.81288e-14 1.82525e-13 4.93855e-13 1.17674e-12 2.49896e-12 4.76311e-12 8.18456e-12 1.27168e-11 1.79071e-11 2.28976e-11 2.66371e-11 2.82465e-11 2.73616e-11 2.42678e-11 1.97577e-11 1.48069e-11 1.02447e-11 6.56453e-12 3.90823e-12 2.16903e-12 1.12588e-12 5.4836e-13 2.51372e-13 1.08759e-13 4.45203e-14 1.72742e-14 6.35975e-15 2.22157e-15 7.35103e-16 2.29503e-16 6.70996e-17 1.81276e-17 4.41761e-18 9.26747e-19 1.50489e-19 1.34632e-20 0 
0 2.98811e-15 2.9648e-14 1.56704e-13 6.16668e-13 2.00025e-12 5.58279e-12 1.36959e-11 2.98748e-11 5.83294e-11 1.02359e-10 1.61894e-10 2.31272e-10 2.9897e-10 3.50398e-10 3.73089e-10 3.61716e-10 3.20133e-10 2.59375e-10 1.92977e-10 1.32283e-10 8.38396e-11 4.93093e-11 2.7012e-11 1.3834e-11 6.64789e-12 3.00788e-12 1.28543e-12 5.20266e-13 1.99845e-13 7.29421e-14 2.52979e-14 8.32321e-15 2.5872e-15 7.53967e-16 2.03205e-16 4.94277e-17 1.03517e-17 1.67781e-18 1.49749e-19 0 
0 1.5272e-14 1.56704e-13 8.57029e-13 3.48933e-12 1.17008e-11 3.3716e-11 8.52323e-11 1.91127e-10 3.82574e-10 6.86171e-10 1.10556e-09 1.60332e-09 2.09673e-09 2.47728e-09 2.64999e-09 2.57282e-09 2.27342e-09 1.83405e-09 1.35549e-09 9.21178e-10 5.77914e-10 3.36068e-10 1.81905e-10 9.20282e-11 4.36934e-11 1.95434e-11 8.264e-12 3.31348e-12 1.26262e-12 4.57851e-13 1.57996e-13 5.1793e-14 1.60599e-14 4.67291e-15 1.25815e-15 3.0578e-16 6.39743e-17 1.03529e-17 9.21807e-19 0 
0 5.81288e-14 6.16668e-13 3.48933e-12 1.46979e-11 5.09568e-11 1.51612e-10 3.9502e-10 9.10869e-10 1.86981e-09 3.42891e-09 5.63039e-09 8.29349e-09 1.09778e-08 1.30832e-08 1.40701e-08 1.36902e-08 1.20883e-08 9.71974e-09 7.14379e-09 4.8192e-09 2.997e-09 1.72598e-09 9.24758e-10 4.63086e-10 2.17712e-10 9.64988e-11 4.04798e-11 1.61224e-11 6.11151e-12 2.20787e-12 7.60102e-13 2.48878e-13 7.71497e-14 2.24536e-14 6.04778e-15 1.47002e-15 3.07392e-16 4.96715e-17 4.41087e-18 0 
0 1.82525e-13 2.00025e-12 1.17008e-11 5.09568e-11 1.82542e-10 5.60519e-10 1.50462e-09 3.56673e-09 7.5077e-09 1.40772e-08 2.35616e-08 3.52617e-08 4.7266e-08 5.68578e-08 6.15241e-08 6.00532e-08 5.30508e-08 4.25739e-08 3.11678e-08 2.09096e-08 1.29168e-08 7.38409e-09 3.92629e-09 1.95165e-09 9.11335e-10 4.016e-10 1.67695e-10 6.65782e-11 2.51938e-11 9.0981e-12 3.13457e-12 1.02798e-12 3.19314e-13 9.31248e-14 2.51244e-14 6.1122e-15 1.27776e-15 2.06132e-16 1.82457e-17 0 
0 4.93855e-13 5.58279e-12 3.3716e-11 1.51612e-10 5.60519e-10 1.77441e-09 4.90287e-09 1.19396e-08 2.57572e-08 4.93665e-08 8.42175e-08 1.2808e-07 1.73933e-07 2.11333e-07 2.30307e-07 2.25793e-07 1.99857e-07 1.60367e-07 1.17185e-07 7.83705e-08 4.8221e-08 2.74469e-08 1.45321e-08 7.19646e-09 3.35078e-09 1.47408e-09 6.15311e-10 2.44547e-10 9.27584e-11 3.36134e-11 1.16296e-11 3.83119e-12 1.19527e-12 3.49899e-13 9.46575e-14 2.30588e-14 4.8189e-15 7.7572e-16 6.83834e-17 0 
0 1.17674e-12 1.36959e-11 8.52323e-11 3.9502e-10 1.50462e-09 4.90287e-09 1.39257e-08 3.47988e-08 7.68737e-08 1.5052e-07 2.61659e-07 4.04414e-07 5.56621e-07 6.83623e-07 7.51141e-07 7.40746e-07 6.58155e-07 5.29204e-07 3.86996e-07 2.58774e-07 1.59128e-07 9.05219e-08 4.79221e-08 2.37486e-08 1.10784e-08 4.88937e-09 2.05041e-09 8.19762e-10 3.13123e-10 1.14339e-10 3.98693e-11 1.32324e-11 4.1554e-12 1.22278e-12 3.31941e-13 8.09783e-14 1.69106e-14 2.71401e-15 2.38003e-16 0 
0 2.49896e-12 2.98748e-11 1.91127e-10 9.10869e-10 3.56673e-09 1.19396e-08 3.47988e-08 8.91015e-08 2.01329e-07 4.02402e-07 7.12521e-07 1.11917e-06 1.56184e-06 1.94055e-06 2.1525e-06 2.13886e-06 1.91176e-06 1.54446e-06 1.13379e-06 7.60746e-07 4.69431e-07 2.68097e-07 1.42616e-07 7.11035e-08 3.3417e-08 1.48807e-08 6.30496e-09 2.54957e-09 9.85577e-10 3.64231e-10 1.28459e-10 4.30706e-11 1.36399e-11 4.03886e-12 1.10055e-12 2.68787e-13 5.60422e-14 8.9565e-15 7.80181e-16 0 
0 4.76311e-12 5.83294e-11 3.82574e-10 1.86981e-09 7.5077e-09 2.57572e-08 7.68737e-08 2.01329e-07 4.64653e-07 9.47099e-07 1.70724e-06 2.72501e-06 3.85744e-06 4.85313e-06 5.44236e-06 5.45986e-06 4.92185e-06 4.00738e-06 2.96404e-06 2.00409e-06 1.24691e-06 7.18745e-07 3.86418e-07 1.95016e-07 9.29299e-08 4.20222e-08 1.81015e-08 7.44643e-09 2.92815e-09 1.09988e-09 3.93664e-10 1.33654e-10 4.27444e-11 1.27431e-11 3.48483e-12 8.51376e-13 1.7701e-13 2.81256e-14 2.42921e-15 0 
0 8.18456e-12 1.02359e-10 6.86171e-10 3.42891e-09 1.40772e-08 4.93665e-08 1.5052e-07 4.02402e-07 9.47099e-07 1.96645e-06 3.60636e-06 5.84892e-06 8.40231e-06 1.07156e-05 1.21688e-05 1.23536e-05 1.12644e-05 9.2767e-06 6.94271e-06 4.75363e-06 2.99873e-06 1.75535e-06 9.60133e-07 4.93934e-07 2.40356e-07 1.11144e-07 4.89969e-08 2.06265e-08 8.29233e-09 3.17852e-09 1.15783e-09 3.9877e-10 1.28897e-10 3.8687e-11 1.06094e-11 2.58941e-12 5.35919e-13 8.44937e-14 7.22075e-15 0 
0 1.27168e-11 1.61894e-10 1.10556e-09 5.63039e-09 2.35616e-08 8.42175e-08 2.61659e-07 7.12521e-07 1.70724e-06 3.60636e-06 6.72426e-06 1.10802e-05 1.61621e-05 2.09187e-05 2.41026e-05 2.48256e-05 2.29747e-05 1.92167e-05 1.46235e-05 1.01968e-05 6.56344e-06 3.92897e-06 2.20284e-06 1.16415e-06 5.82988e-07 2.77729e-07 1.26148e-07 5.46618e-08 2.25721e-08 8.85964e-09 3.29193e-09 1.1514e-09 3.7619e-10 1.1359e-10 3.11947e-11 7.59173e-12 1.56066e-12 2.43575e-13 2.05469e-14 0 
0 1.79071e-11 2.31272e-10 1.60332e-09 8.29349e-09 3.52617e-08 1.2808e-07 4.04414e-07 1.11917e-06 2.72501e-06 5.84892e-06 1.10802e-05 1.85495e-05 2.74918e-05 3.61632e-05 4.23685e-05 4.44095e-05 4.18726e-05 3.57394e-05 2.78087e-05 1.98746e-05 1.31478e-05 8.11203e-06 4.70068e-06 2.57353e-06 1.3372e-06 6.61265e-07 3.11521e-07 1.397e-07 5.94971e-08 2.39783e-08 9.10099e-09 3.23357e-09 1.06714e-09 3.23678e-10 8.88316e-11 2.15036e-11 4.37913e-12 6.74723e-13 5.6032e-14 0 
0 2.28976e-11 2.9897e-10 2.09673e-09 1.09778e-08 4.7266e-08 1.73933e-07 5.56621e-07 1.56184e-06 3.85744e-06 8.40231e-06 1.61621e-05 2.74918e-05 4.14338e-05 5.54838e-05 6.62642e-05 7.0924e-05 6.84304e-05 5.99206e-05 4.79745e-05 3.53975e-05 2.42608e-05 1.5562e-05 9.404e-06 5.38116e-06 2.92546e-06 1.51297e-06 7.43874e-07 3.46891e-07 1.52875e-07 6.33775e-08 2.45843e-08 8.86721e-09 2.95114e-09 8.97091e-10 2.45352e-10 5.88958e-11 1.18442e-11 1.79605e-12 1.46409e-13 0 
0 2.66371e-11 3.50398e-10 2.47728e-09 1.30832e-08 5.68578e-08 2.11333e-07 6.83623e-07 1.94055e-06 4.85313e-06 1.07156e-05 2.09187e-05 3.61632e-05 5.54838e-05 7.57825e-05 9.25284e-05 0.000101522 0.000100731 9.10348e-05 7.5528e-05 5.79965e-05 4.1547e-05 2.79661e-05 1.77905e-05 1.07372e-05 6.1581e-06 3.35432e-06 1.73085e-06 8.42692e-07 3.85195e-07 1.64406e-07 6.51423e-08 2.38119e-08 7.97154e-09 2.42078e-09 6.57451e-10 1.55924e-10 3.08539e-11 4.58908e-12 3.66075e-13 0 
0 2.82465e-11 3.73089e-10 2.64999e-09 1.40701e-08 6.15241e-08 2.30307e-07 7.51141e-07 2.1525e-06 5.44236e-06 1.21688e-05 2.41026e-05 4.23685e-05 6.62642e-05 9.25284e-05 0.000115882 0.000130915 0.00013432 0.000126127 0.000109284 8.81002e-05 6.65917e-05 4.7499e-05 3.21165e-05 2.06283e-05 1.25801e-05 7.26391e-06 3.95274e-06 2.01538e-06 9.56805e-07 4.20324e-07 1.69832e-07 6.27376e-08 2.10491e-08 6.35934e-09 1.70763e-09 3.98421e-10 7.72625e-11 1.12305e-11 8.7386e-13 0 
0 2.73616e-11 3.61716e-10 2.57282e-09 1.36902e-08 6.00532e-08 2.25793e-07 7.40746e-07 2.13886e-06 5.45986e-06 1.23536e-05 2.48256e-05 4.44095e-05 7.0924e-05 0.000101522 0.000130915 0.000153037 0.00016337 0.000160562 0.000146517 0.00012516 0.000100802 7.69482e-05 5.58268e-05 3.84895e-05 2.51424e-05 1.54781e-05 8.91781e-06 4.77196e-06 2.35365e-06 1.06265e-06 4.36547e-07 1.62307e-07 5.43134e-08 1.62412e-08 4.28993e-09 9.79942e-10 1.8542e-10 2.62385e-11 1.98503e-12 0 
0 2.42678e-11 3.20133e-10 2.27342e-09 1.20883e-08 5.30508e-08 1.99857e-07 6.58155e-07 1.91176e-06 4.92185e-06 1.12644e-05 2.29747e-05 4.18726e-05 6.84304e-05 0.000100731 0.00013432 0.00016337 0.000182674 0.00018939 0.000183625 0.000167798 0.000145413 0.000119942 9.42153e-05 7.02849e-05 4.95082e-05 3.26614e-05 1.99899e-05 1.12401e-05 5.75473e-06 2.66287e-06 1.10737e-06 4.12105e-07 1.36712e-07 4.02141e-08 1.03876e-08 2.31079e-09 4.24656e-10 5.82754e-11 4.27286e-12 0 
0 1.97577e-11 2.59375e-10 1.83405e-09 9.71974e-09 4.25739e-08 1.60367e-07 5.29204e-07 1.54446e-06 4.00738e-06 9.2767e-06 1.92167e-05 3.57394e-05 5.99206e-05 9.10348e-05 0.000126127 0.000160562 0.00018939 0.000208817 0.000217027 0.000214131 0.000201534 0.000181233 0.000155416 0.00012638 9.65883e-05 6.86019e-05 4.47204e-05 2.64332e-05 1.40194e-05 6.6204e-06 2.77034e-06 1.02474e-06 3.34538e-07 9.61125e-08 2.41212e-08 5.19621e-09 9.23083e-10 1.2238e-10 8.67106e-12 0 
0 1.48069e-11 1.92977e-10 1.35549e-09 7.14379e-09 3.11678e-08 1.17185e-07 3.86996e-07 1.13379e-06 2.96404e-06 6.94271e-06 1.46235e-05 2.78087e-05 4.79745e-05 7.5528e-05 0.000109284 0.000146517 0.000183625 0.000217027 0.000243829 0.000261978 0.000270028 0.00026686 0.000251702 0.00022462 0.000187343 0.000143869 0.000100113 6.21797e-05 3.40535e-05 1.63166e-05 6.81785e-06 2.48508e-06 7.91481e-07 2.20322e-07 5.33499e-08 1.10653e-08 1.89153e-09 2.41432e-10 1.64891e-11 0 
0 1.02447e-11 1.32283e-10 9.21178e-10 4.8192e-09 2.09096e-08 7.83705e-08 2.58774e-07 7.60746e-07 2.00409e-06 4.75363e-06 1.01968e-05 1.98746e-05 3.53975e-05 5.79965e-05 8.81002e-05 0.00012516 0.000167798 0.000214131 0.000261978 0.000308741 0.000350955 0.000383742 0.000400689 0.000394832 0.000361324 0.000301289 0.000224348 0.00014641 8.25209e-05 3.98401e-05 1.64592e-05 5.84606e-06 1.79717e-06 4.80313e-07 1.11401e-07 2.21223e-08 3.624e-09 4.44057e-10 2.91792e-11 0 
0 6.56453e-12 8.38396e-11 5.77914e-10 2.997e-09 1.29168e-08 4.8221e-08 1.59128e-07 4.69431e-07 1.24691e-06 2.99873e-06 6.56344e-06 1.31478e-05 2.42608e-05 4.1547e-05 6.65917e-05 0.000100802 0.000145413 0.000201534 0.000270028 0.000350955 0.000442297 0.000537894 0.000625052 0.000683673 0.000690278 0.000629039 0.000505099 0.000348824 0.000202831 9.80602e-05 3.94532e-05 1.33871e-05 3.89916e-06 9.86869e-07 2.17308e-07 4.1093e-08 6.42958e-09 7.54848e-10 4.76788e-11 0 
0 3.90823e-12 4.93093e-11 3.36068e-10 1.72598e-09 7.38409e-09 2.74469e-08 9.05219e-08 2.68097e-07 7.18745e-07 1.75535e-06 3.92897e-06 8.11203e-06 1.5562e-05 2.79661e-05 4.7499e-05 7.69482e-05 0.000119942 0.000181233 0.00026686 0.000383742 0.000537894 0.000729983 0.00094747 0.00115627 0.00130116 0.00132199 0.00118021 0.000891682 0.000547152 0.000265108 0.000101291 3.13932e-05 8.25769e-06 1.9112e-06 3.92286e-07 7.01065e-08 1.04486e-08 1.1745e-09 7.13318e-11 0 
0 2.16903e-12 2.7012e-11 1.81905e-10 9.24758e-10 3.92629e-09 1.45321e-08 4.79221e-08 1.42616e-07 3.86418e-07 9.60133e-07 2.20284e-06 4.70068e-06 9.404e-06 1.77905e-05 3.21165e-05 5.58268e-05 9.42153e-05 0.000155416 0.000251702 0.000400689 0.000625052 0.00094747 0.00137751 0.00189597 0.00244919 0.00292729 0.0030989 0.00270031 0.00180409 0.000885187 0.000316551 8.52049e-05 1.85997e-05 3.61425e-06 6.56489e-07 1.08747e-07 1.5374e-08 1.65546e-09 9.68459e-11 0 
0 1.12588e-12 1.3834e-11 9.20282e-11 4.63086e-10 1.95165e-09 7.19646e-09 2.37486e-08 7.11035e-08 1.95016e-07 4.93934e-07 1.16415e-06 2.57353e-06 5.38116e-06 1.07372e-05 2.06283e-05 3.84895e-05 7.02849e-05 0.00012638 0.00022462 0.000394832 0.000683673 0.00115627 0.00189597 0.00303016 0.00477265 0.00716859 0.00927794 0.00925483 0.00662604 0.00329425 0.00112765 0.000270262 4.81162e-05 7.19848e-06 1.04731e-06 1.52902e-07 2.02619e-08 2.09164e-09 1.18254e-10 0 
0 5.4836e-13 6.64789e-12 4.36934e-11 2.17712e-10 9.11335e-10 3.35078e-09 1.10784e-08 3.3417e-08 9.29299e-08 2.40356e-07 5.82988e-07 1.3372e-06 2.92546e-06 6.1581e-06 1.25801e-05 2.51424e-05 4.95082e-05 9.65883e-05 0.000187343 0.000361324 0.000690278 0.00130116 0.00244919 0.00477265 0.0096382 0.0180932 0.0270154 0.028943 0.0212986 0.0106048 0.00355469 0.000805047 0.000126689 1.51241e-05 1.65163e-06 1.96254e-07 2.37189e-08 2.34539e-09 1.28746e-10 0 
0 2.51372e-13 3.00788e-12 1.95434e-11 9.64988e-11 4.016e-10 1.47408e-09 4.88937e-09 1.48807e-08 4.20222e-08 1.11144e-07 2.77729e-07 6.61265e-07 1.51297e-06 3.35432e-06 7.26391e-06 1.54781e-05 3.26614e-05 6.86019e-05 0.000143869 0.000301289 0.000629039 0.00132199 0.00292729 0.00716859 0.0180932 0.0391819 0.062527 0.0686963 0.0508507 0.0252066 0.00834948 0.00184567 0.000274855 2.89218e-05 2.49525e-06 2.30445e-07 2.44949e-08 2.31328e-09 1.24009e-10 0 
0 1.08759e-13 1.28543e-12 8.264e-12 4.04798e-11 1.67695e-10 6.15311e-10 2.05041e-09 6.30496e-09 1.81015e-08 4.89969e-08 1.26148e-07 3.11521e-07 7.43874e-07 1.73085e-06 3.95274e-06 8.91781e-06 1.99899e-05 4.47204e-05 0.000100113 0.000224348 0.000505099 0.00118021 0.0030989 0.00927794 0.0270154 0.062527 0.102187 0.113117 0.0838175 0.0414178 0.0136276 0.00297843 0.000433113 4.29748e-05 3.22412e-06 2.39798e-07 2.20799e-08 1.991e-09 1.04991e-10 0 
0 4.45203e-14 5.20266e-13 3.31348e-12 1.61224e-11 6.65782e-11 2.44547e-10 8.19762e-10 2.54957e-09 7.44643e-09 2.06265e-08 5.46618e-08 1.397e-07 3.46891e-07 8.42692e-07 2.01538e-06 4.77196e-06 1.12401e-05 2.64332e-05 6.21797e-05 0.00014641 0.000348824 0.000891682 0.00270031 0.00925483 0.028943 0.0686963 0.113117 0.125494 0.0930095 0.0459018 0.0150552 0.00327197 0.000470724 4.55127e-05 3.18859e-06 2.07226e-07 1.70426e-08 1.48453e-09 7.77501e-11 0 
0 1.72742e-14 1.99845e-13 1.26262e-12 6.11151e-12 2.51938e-11 9.27584e-11 3.13123e-10 9.85577e-10 2.92815e-09 8.29233e-09 2.25721e-08 5.94971e-08 1.52875e-07 3.85195e-07 9.56805e-07 2.35365e-06 5.75473e-06 1.40194e-05 3.40535e-05 8.25209e-05 0.000202831 0.000547152 0.00180409 0.00662604 0.0212986 0.0508507 0.0838175 0.0930095 0.0689333 0.034008 0.0111396 0.00241438 0.000345781 3.31169e-05 2.26429e-06 1.39891e-07 1.10202e-08 9.53446e-10 5.02071e-11 0 
0 6.35975e-15 7.29421e-14 4.57851e-13 2.20787e-12 9.0981e-12 3.36134e-11 1.14339e-10 3.64231e-10 1.09988e-09 3.17852e-09 8.85964e-09 2.39783e-08 6.33775e-08 1.64406e-07 4.20324e-07 1.06265e-06 2.66287e-06 6.6204e-06 1.63166e-05 3.98401e-05 9.80602e-05 0.000265108 0.000885187 0.00329425 0.0106048 0.0252066 0.0414178 0.0459018 0.034008 0.0167757 0.00549154 0.001189 0.000170219 1.63299e-05 1.12661e-06 7.17202e-08 5.90668e-09 5.26392e-10 2.824e-11 0 
0 2.22157e-15 2.52979e-14 1.57996e-13 7.60102e-13 3.13457e-12 1.16296e-11 3.98693e-11 1.28459e-10 3.93664e-10 1.15783e-09 3.29193e-09 9.10099e-09 2.45843e-08 6.51423e-08 1.69832e-07 4.36547e-07 1.10737e-06 2.77034e-06 6.81785e-06 1.64592e-05 3.94532e-05 0.000101291 0.000316551 0.00112765 0.00355469 0.00834948 0.0136276 0.0150552 0.0111396 0.00549154 0.00179703 0.0003894 5.59887e-05 5.45167e-06 3.94935e-07 2.83359e-08 2.64873e-09 2.50492e-10 1.38432e-11 0 
0 7.35103e-16 8.32321e-15 5.1793e-14 2.48878e-13 1.02798e-12 3.83119e-12 1.32324e-11 4.30706e-11 1.33654e-10 3.9877e-10 1.1514e-09 3.23357e-09 8.86721e-09 2.38119e-08 6.27376e-08 1.62307e-07 4.12105e-07 1.02474e-06 2.48508e-06 5.84606e-06 1.33871e-05 3.13932e-05 8.52049e-05 0.000270262 0.000805047 0.00184567 0.00297843 0.00327197 0.00241438 0.001189 0.0003894 8.47483e-05 1.23483e-05 1.25147e-06 1.01861e-07 9.1317e-09 1.017e-09 1.03287e-10 5.92166e-12 0 
0 2.29503e-16 2.5872e-15 1.60599e-14 7.71497e-14 3.19314e-13 1.19527e-12 4.1554e-12 1.36399e-11 4.27444e-11 1.28897e-10 3.7619e-10 1.06714e-09 2.95114e-09 7.97154e-09 2.10491e-08 5.43134e-08 1.36712e-07 3.34538e-07 7.91481e-07 1.79717e-06 3.89916e-06 8.25769e-06 1.85997e-05 4.81162e-05 0.000126689 0.000274855 0.000433113 0.000470724 0.000345781 0.000170219 5.59887e-05 1.23483e-05 1.8652e-06 2.08706e-07 2.14179e-08 2.59026e-09 3.41131e-10 3.70532e-11 2.21192e-12 0 
0 6.70996e-17 7.53967e-16 4.67291e-15 2.24536e-14 9.31248e-14 3.49899e-13 1.22278e-12 4.03886e-12 1.27431e-11 3.8687e-11 1.1359e-10 3.23678e-10 8.97091e-10 2.42078e-09 6.35934e-09 1.62412e-08 4.02141e-08 9.61125e-08 2.20322e-07 4.80313e-07 9.86869e-07 1.9112e-06 3.61425e-06 7.19848e-06 1.51241e-05 2.89218e-05 4.29748e-05 4.55127e-05 3.31169e-05 1.63299e-05 5.45167e-06 1.25147e-06 2.08706e-07 2.91909e-08 4.24423e-09 6.75723e-10 1.00477e-10 1.1565e-11 7.20167e-13 0 
0 1.81276e-17 2.03205e-16 1.25815e-15 6.04778e-15 2.51244e-14 9.46575e-14 3.31941e-13 1.10055e-12 3.48483e-12 1.06094e-11 3.11947e-11 8.88316e-11 2.45352e-10 6.57451e-10 1.70763e-09 4.28993e-09 1.03876e-08 2.41212e-08 5.33499e-08 1.11401e-07 2.17308e-07 3.92286e-07 6.56489e-07 1.04731e-06 1.65163e-06 2.49525e-06 3.22412e-06 3.18859e-06 2.26429e-06 1.12661e-06 3.94935e-07 1.01861e-07 2.14179e-08 4.24423e-09 8.48045e-10 1.60056e-10 2.57604e-11 3.12149e-12 2.02964e-13 0 
0 4.41761e-18 4.94277e-17 3.0578e-16 1.47002e-15 6.1122e-15 2.30588e-14 8.09783e-14 2.68787e-13 8.51376e-13 2.58941e-12 7.59173e-12 2.15036e-11 5.88958e-11 1.55924e-10 3.98421e-10 9.79942e-10 2.31079e-09 5.19621e-09 1.10653e-08 2.21223e-08 4.1093e-08 7.01065e-08 1.08747e-07 1.52902e-07 1.96254e-07 2.30445e-07 2.39798e-07 2.07226e-07 1.39891e-07 7.17202e-08 2.83359e-08 9.1317e-09 2.59026e-09 6.75723e-10 1.60056e-10 3.30417e-11 5.63595e-12 7.16626e-13 4.86664e-14 0 
0 9.26747e-19 1.03517e-17 6.39743e-17 3.07392e-16 1.27776e-15 4.8189e-15 1.69106e-14 5.60422e-14 1.7701e-13 5.35919e-13 1.56066e-12 4.37913e-12 1.18442e-11 3.08539e-11 7.72625e-11 1.8542e-10 4.24656e-10 9.23083e-10 1.89153e-09 3.624e-09 6.42958e-09 1.04486e-08 1.5374e-08 2.02619e-08 2.37189e-08 2.44949e-08 2.20799e-08 1.70426e-08 1.10202e-08 5.90668e-09 2.64873e-09 1.017e-09 3.41131e-10 1.00477e-10 2.57604e-11 5.63595e-12 1.01067e-12 1.34579e-13 9.54076e-15 0 
0 1.50489e-19 1.67781e-18 1.03529e-17 4.96715e-17 2.06132e-16 7.7572e-16 2.71401e-15 8.9565e-15 2.81256e-14 8.44937e-14 2.43575e-13 6.74723e-13 1.79605e-12 4.58908e-12 1.12305e-11 2.62385e-11 5.82754e-11 1.2238e-10 2.41432e-10 4.44057e-10 7.54848e-10 1.1745e-09 1.65546e-09 2.09164e-09 2.34539e-09 2.31328e-09 1.991e-09 1.48453e-09 9.53446e-10 5.26392e-10 2.50492e-10 1.03287e-10 3.70532e-11 1.1565e-11 3.12149e-12 7.16626e-13 1.34579e-13 1.8729e-14 1.38451e-15 0 
0 1.34632e-20 1.49749e-19 9.21807e-19 4.41087e-18 1.82457e-17 6.83834e-17 2.38003e-16 7.80181e-16 2.42921e-15 7.22075e-15 2.05469e-14 5.6032e-14 1.46409e-13 3.66075e-13 8.7386e-13 1.98503e-12 4.27286e-12 8.67106e-12 1.64891e-11 2.91792e-11 4.76788e-11 7.13318e-11 9.68459e-11 1.18254e-10 1.28746e-10 1.24009e-10 1.04991e-10 7.77501e-11 5.02071e-11 2.824e-11 1.38432e-11 5.92166e-12 2.21192e-12 7.20167e-13 2.02964e-13 4.86664e-14 9.54076e-15 1.38451e-15 1.06551e-16 0 
0 0 0 0 0 0 0 0 0 0 0 0 0 0 0 0 0 0 0 0 0 0 0 0 0 0 0 0 0 0 0 0 0 0 0 0 0 0 0 0 0 
