0 0 0 0 0 0 0 0 0 0 0 0 0 0 0 0 0 0 0 0 0 0 0 0 0 0 0 0 0 0 0 0 0 0 0 0 0 0 0 0 0 
0 6.1039e-09 5.74719e-08 2.82978e-07 1.0161e-06 2.94303e-06 7.18277e-06 1.51242e-05 2.79055e-05 4.56671e-05 6.69861e-05 8.89042e-05 0.000107645 0.000119718 0.00012293 0.000116947 0.000103262 8.46621e-05 6.44076e-05 4.54029e-05 2.96078e-05 1.78332e-05 9.90958e-06 5.07767e-06 2.39957e-06 1.04671e-06 4.22007e-07 1.57521e-07 5.4531e-08 1.75353e-08 5.24353e-09 1.45841e-09 3.76879e-10 9.02015e-11 1.98654e-11 3.97736e-12 7.07801e-13 1.07034e-13 1.23918e-14 7.83512e-16 0 
0 5.74719e-08 5.63528e-07 2.88417e-06 1.07193e-05 3.193e-05 7.94948e-05 0.000169216 0.000312867 0.000509344 0.000739713 0.000970322 0.00116251 0.00128361 0.00131475 0.00125396 0.00111506 0.000923599 0.000710798 0.0005065 0.000332959 0.000201282 0.000111659 5.67914e-05 2.64948e-05 1.13547e-05 4.48005e-06 1.63158e-06 5.49904e-07 1.71924e-07 4.99477e-08 1.34948e-08 3.38846e-09 7.88485e-10 1.68979e-10 3.29568e-11 5.71981e-12 8.44593e-13 9.56023e-14 5.91734e-15 0 
0 2.82978e-07 2.88417e-06 1.52965e-05 5.85201e-05 0.000177614 0.000444677 0.000938106 0.00169599 0.00267378 0.00374506 0.00474692 0.00553324 0.00600562 0.00611937 0.00587724 0.00532168 0.00452888 0.00360178 0.00265719 0.00180433 0.00111999 0.000632513 0.00032435 0.000151129 6.41571e-05 2.49111e-05 8.88485e-06 2.92285e-06 8.90039e-07 2.51555e-07 6.60904e-08 1.61393e-08 3.65446e-09 7.62744e-10 1.45034e-10 2.45698e-11 3.5458e-12 3.92774e-13 2.38212e-14 0 
0 1.0161e-06 1.07193e-05 5.85201e-05 0.000227928 0.000692486 0.00169844 0.00343209 0.00583822 0.00858683 0.0112437 0.0134629 0.0150531 0.0159442 0.016134 0.0156535 0.0145542 0.0129111 0.0108392 0.00851271 0.00616861 0.00406799 0.00241479 0.00128264 0.000609434 0.000260121 0.00010041 3.53128e-05 1.13918e-05 3.38996e-06 9.34451e-07 2.39222e-07 5.69126e-08 1.25593e-08 2.55656e-09 4.74581e-10 7.85794e-11 1.10974e-11 1.20449e-12 7.16687e-14 0 
0 2.94303e-06 3.193e-05 0.000177614 0.000692486 0.0020509 0.00475145 0.00882566 0.0136215 0.0182568 0.0221489 0.0250888 0.027064 0.0281192 0.0283069 0.0276799 0.0262894 0.0241822 0.0214034 0.0180217 0.0141933 0.0102356 0.00661455 0.00376899 0.00188147 0.000825742 0.00032183 0.000112755 3.59138e-05 1.04937e-05 2.83122e-06 7.08257e-07 1.64554e-07 3.54654e-08 7.05464e-09 1.28079e-09 2.07624e-10 2.87409e-11 3.06139e-12 1.78982e-13 0 
0 7.18277e-06 7.94948e-05 0.000444677 0.00169844 0.00475145 0.0100312 0.0166726 0.0232035 0.0287496 0.0331337 0.0364135 0.0386392 0.0398316 0.0400166 0.0392466 0.037602 0.0351761 0.032048 0.0282562 0.0238018 0.0187445 0.0133962 0.00842293 0.00456011 0.00211553 0.000849603 0.0003006 9.53768e-05 2.75287e-05 7.30161e-06 1.79109e-06 4.07585e-07 8.6017e-08 1.67593e-08 2.9823e-09 4.74292e-10 6.44791e-11 6.75274e-12 3.88613e-13 0 
0 1.51242e-05 0.000169216 0.000938106 0.00343209 0.00882566 0.0166726 0.0249392 0.0322053 0.0382485 0.0431845 0.0470272 0.0497069 0.0511599 0.0513753 0.0504086 0.0483754 0.0454341 0.0417561 0.0374829 0.0326698 0.0272576 0.021187 0.0147481 0.0088296 0.00444006 0.00187826 0.000681795 0.000217749 6.25151e-05 1.63817e-05 3.95578e-06 8.84605e-07 1.8334e-07 3.50827e-08 6.13434e-09 9.5934e-10 1.28371e-10 1.32465e-11 7.51948e-13 0 
0 2.79055e-05 0.000312867 0.00169599 0.00583822 0.0136215 0.0232035 0.0322053 0.0400134 0.0468005 0.0525778 0.0571791 0.0604209 0.0621841 0.0624412 0.0612571 0.0587776 0.0552106 0.0507993 0.0457865 0.0403594 0.0345683 0.0282705 0.0213063 0.0140642 0.00776409 0.00352172 0.00133165 0.000432711 0.000124466 3.23903e-05 7.731e-06 1.70486e-06 3.48106e-07 6.56119e-08 1.1304e-08 1.74295e-09 2.30141e-10 2.34566e-11 1.31659e-12 0 
0 4.56671e-05 0.000509344 0.00267378 0.00858683 0.0182568 0.0287496 0.0382485 0.0468005 0.0545304 0.0612338 0.066608 0.070401 0.0724628 0.0727585 0.0713642 0.0684523 0.0642695 0.0591103 0.053285 0.0470781 0.0406782 0.0340671 0.026969 0.0192225 0.011602 0.00568802 0.00226533 0.000755835 0.000219276 5.69494e-05 1.34897e-05 2.944e-06 5.94157e-07 1.10653e-07 1.88404e-08 2.87249e-09 3.75338e-10 3.78935e-11 2.10909e-12 0 
0 6.69861e-05 0.000739713 0.00374506 0.0112437 0.0221489 0.0331337 0.0431845 0.0525778 0.0612338 0.0687847 0.0748458 0.0791222 0.081443 0.0817691 0.0801871 0.0768924 0.0721643 0.0663372 0.0597686 0.0528033 0.045723 0.0386472 0.0313929 0.0235523 0.0152886 0.00807309 0.00340039 0.00117171 0.000344587 8.96948e-05 2.11639e-05 4.587e-06 9.18133e-07 1.69514e-07 2.86181e-08 4.32868e-09 5.616e-10 5.63553e-11 3.12155e-12 0 
0 8.89042e-05 0.000970322 0.00474692 0.0134629 0.0250888 0.0364135 0.0470272 0.0571791 0.066608 0.0748458 0.0814572 0.0861181 0.0886425 0.0889885 0.0872517 0.083646 0.078477 0.0721103 0.0649377 0.0573434 0.0496633 0.04211 0.0346253 0.0267836 0.0183215 0.010295 0.00457073 0.00162862 0.000486876 0.000127419 3.00481e-05 6.4899e-06 1.2929e-06 2.37513e-07 3.99091e-08 6.01239e-09 7.77736e-10 7.79177e-11 4.31587e-12 0 
0 0.000107645 0.00116251 0.00553324 0.0150531 0.027064 0.0386392 0.0497069 0.0604209 0.070401 0.0791222 0.0861181 0.0910455 0.0937079 0.0940624 0.092211 0.0883814 0.0828978 0.0761479 0.0685472 0.0605049 0.0523878 0.0444612 0.0367595 0.0289186 0.0204674 0.0120443 0.00558523 0.00205143 0.000623612 0.000164426 3.88691e-05 8.39556e-06 1.67125e-06 3.06802e-07 5.15502e-08 7.77478e-09 1.00839e-09 1.01489e-10 5.65983e-12 0 
0 0.000119718 0.00128361 0.00600562 0.0159442 0.0281192 0.0398316 0.0511599 0.0621841 0.0724628 0.081443 0.0886425 0.0937079 0.0964379 0.0967893 0.0948683 0.0909106 0.085251 0.0782895 0.0704544 0.0621682 0.0538127 0.0456791 0.0378543 0.0300366 0.0216827 0.0131476 0.00629014 0.00236655 0.000730402 0.000194292 4.61814e-05 1.00169e-05 2.00235e-06 3.69428e-07 6.24741e-08 9.50179e-09 1.24576e-09 1.27086e-10 7.20488e-12 0 
0 0.00012293 0.00131475 0.00611937 0.016134 0.0283069 0.0400166 0.0513753 0.0624412 0.0727585 0.0817691 0.0889885 0.0940624 0.0967893 0.0971268 0.095183 0.0911953 0.0855012 0.0785027 0.0706306 0.0623091 0.0539229 0.0457702 0.0379584 0.0302223 0.0220127 0.013554 0.00660397 0.00252598 0.000789865 0.000212335 5.09563e-05 1.11634e-05 2.25701e-06 4.22056e-07 7.2536e-08 1.12466e-08 1.50815e-09 1.57872e-10 9.2095e-12 0 
0 0.000116947 0.00125396 0.00587724 0.0156535 0.0276799 0.0392466 0.0504086 0.0612571 0.0713642 0.0801871 0.0872517 0.092211 0.0948683 0.095183 0.0932619 0.0893388 0.0837455 0.0768768 0.0691555 0.0609977 0.0527796 0.0447916 0.0371364 0.0295577 0.0215369 0.0132996 0.0065237 0.00252074 0.00079814 0.000217672 5.31104e-05 1.18629e-05 2.4537e-06 4.71217e-07 8.35008e-08 1.3398e-08 1.86471e-09 2.02932e-10 1.23091e-11 0 
0 0.000103262 0.00111506 0.00532168 0.0145542 0.0262894 0.037602 0.0483754 0.0587776 0.0684523 0.0768924 0.083646 0.0883814 0.0909106 0.0911953 0.0893388 0.085566 0.0801953 0.073606 0.0662033 0.0583859 0.0505118 0.0428503 0.035478 0.0281296 0.0203543 0.012482 0.0061155 0.00238176 0.000766648 0.000214033 5.37821e-05 1.24428e-05 2.68025e-06 5.38533e-07 1.00162e-07 1.68882e-08 2.46711e-09 2.80869e-10 1.77303e-11 0 
0 8.46621e-05 0.000923599 0.00452888 0.0129111 0.0241822 0.0351761 0.0454341 0.0552106 0.0642695 0.0721643 0.078477 0.0828978 0.085251 0.0855012 0.0837455 0.0801953 0.0751497 0.0689646 0.0620201 0.0546886 0.0473006 0.0400907 0.0330929 0.0260349 0.0185893 0.0112523 0.00549864 0.00217084 0.000719394 0.000209362 5.53762e-05 1.35838e-05 3.11571e-06 6.67102e-07 1.31824e-07 2.34705e-08 3.59074e-09 4.24158e-10 2.75255e-11 0 
0 6.44076e-05 0.000710798 0.00360178 0.0108392 0.0214034 0.032048 0.0417561 0.0507993 0.0591103 0.0663372 0.0721103 0.0761479 0.0782895 0.0785027 0.0768768 0.073606 0.0689646 0.0632792 0.056898 0.0501596 0.0433565 0.0366751 0.0301018 0.0233909 0.0164087 0.00980821 0.00482386 0.00196621 0.000688298 0.000215093 6.16511e-05 1.6419e-05 4.06918e-06 9.32119e-07 1.94562e-07 3.61005e-08 5.68343e-09 6.83325e-10 4.4731e-11 0 
0 4.54029e-05 0.0005065 0.00265719 0.00851271 0.0180217 0.0282562 0.0374829 0.0457865 0.053285 0.0597686 0.0649377 0.0685472 0.0704544 0.0706306 0.0691555 0.0662033 0.0620201 0.056898 0.0511471 0.0450644 0.038893 0.0327629 0.026632 0.0203537 0.0140338 0.00837474 0.00424477 0.00184805 0.000709972 0.00024649 7.82924e-05 2.27957e-05 6.05922e-06 1.45904e-06 3.14428e-07 5.93556e-08 9.40034e-09 1.12757e-09 7.32084e-11 0 
0 2.96078e-05 0.000332959 0.00180433 0.00616861 0.0141933 0.0238018 0.0326698 0.0403594 0.0470781 0.0528033 0.0573434 0.0605049 0.0621682 0.0623091 0.0609977 0.0583859 0.0546886 0.0501596 0.0450644 0.0396488 0.0340978 0.0284957 0.0228321 0.01714 0.0117244 0.00715956 0.003886 0.00188811 0.000826227 0.000325147 0.000114395 3.58048e-05 9.94653e-06 2.44753e-06 5.30299e-07 9.95376e-08 1.5562e-08 1.83455e-09 1.1676e-10 0 
0 1.78332e-05 0.000201282 0.00111999 0.00406799 0.0102356 0.0187445 0.0272576 0.0345683 0.0406782 0.045723 0.0496633 0.0523878 0.0538127 0.0539229 0.0527796 0.0505118 0.0473006 0.0433565 0.038893 0.0340978 0.0291064 0.0240066 0.0189034 0.0140233 0.0097197 0.00629419 0.00381343 0.00214052 0.00108577 0.000483185 0.00018489 6.0551e-05 1.70796e-05 4.18353e-06 8.91713e-07 1.63597e-07 2.49215e-08 2.85931e-09 1.77121e-10 0 
0 9.90958e-06 0.000111659 0.000632513 0.00241479 0.00661455 0.0133962 0.021187 0.0282705 0.0340671 0.0386472 0.04211 0.0444612 0.0456791 0.0457702 0.0447916 0.0428503 0.0400907 0.0366751 0.0327629 0.0284957 0.0240066 0.0194637 0.0151177 0.011275 0.00816239 0.00579923 0.00402218 0.00263639 0.00154825 0.000771406 0.000315212 0.000105342 2.93772e-05 7.00049e-06 1.44294e-06 2.55646e-07 3.76292e-08 4.178e-09 2.5096e-10 0 
0 5.07767e-06 5.67914e-05 0.00032435 0.00128264 0.00376899 0.00842293 0.0147481 0.0213063 0.026969 0.0313929 0.0346253 0.0367595 0.0378543 0.0379584 0.0371364 0.035478 0.0330929 0.0301018 0.026632 0.0228321 0.0189034 0.0151177 0.0117719 0.00908336 0.00710697 0.00573105 0.00469032 0.00364325 0.00245574 0.00133999 0.00056907 0.000187621 4.983e-05 1.11976e-05 2.18888e-06 3.70742e-07 5.24681e-08 5.62411e-09 3.27278e-10 0 
0 2.39957e-06 2.64948e-05 0.000151129 0.000609434 0.00188147 0.00456011 0.0088296 0.0140642 0.0192225 0.0235523 0.0267836 0.0289186 0.0300366 0.0302223 0.0295577 0.0281296 0.0260349 0.0233909 0.0203537 0.01714 0.0140233 0.011275 0.00908336 0.00755192 0.00684736 0.00714817 0.00786078 0.00748891 0.00545786 0.00294623 0.00118744 0.000360638 8.5581e-05 1.71315e-05 3.06519e-06 4.89289e-07 6.63516e-08 6.86894e-09 3.87853e-10 0 
0 1.04671e-06 1.13547e-05 6.41571e-05 0.000260121 0.000825742 0.00211553 0.00444006 0.00776409 0.011602 0.0152886 0.0183215 0.0204674 0.0216827 0.0220127 0.0215369 0.0203543 0.0185893 0.0164087 0.0140338 0.0117244 0.0097197 0.00816239 0.00710697 0.00684736 0.00861769 0.0137088 0.0197879 0.0210903 0.0155794 0.00791876 0.00284659 0.000753998 0.000152247 2.54919e-05 3.94857e-06 5.79083e-07 7.49119e-08 7.5088e-09 4.13007e-10 0 
0 4.22007e-07 4.48005e-06 2.49111e-05 0.00010041 0.00032183 0.000849603 0.00187826 0.00352172 0.00568802 0.00807309 0.010295 0.0120443 0.0131476 0.013554 0.0132996 0.012482 0.0112523 0.00980821 0.00837474 0.00715956 0.00629419 0.00579923 0.00573105 0.00714817 0.0137088 0.0284642 0.045251 0.0497 0.0368032 0.0183004 0.00618371 0.00147517 0.000259165 3.61166e-05 4.6515e-06 6.07456e-07 7.44971e-08 7.26051e-09 3.91335e-10 0 
0 1.57521e-07 1.63158e-06 8.88485e-06 3.53128e-05 0.000112755 0.0003006 0.000681795 0.00133165 0.00226533 0.00340039 0.00457073 0.00558523 0.00629014 0.00660397 0.0065237 0.0061155 0.00549864 0.00482386 0.00424477 0.003886 0.00381343 0.00402218 0.00469032 0.00786078 0.0197879 0.045251 0.0739102 0.0818139 0.0606251 0.0299761 0.0099283 0.00225379 0.000364131 4.4491e-05 4.83748e-06 5.55805e-07 6.44779e-08 6.14968e-09 3.27322e-10 0 
0 5.4531e-08 5.49904e-07 2.92285e-06 1.13918e-05 3.59138e-05 9.53768e-05 0.000217749 0.000432711 0.000755835 0.00117171 0.00162862 0.00205143 0.00236655 0.00252598 0.00252074 0.00238176 0.00217084 0.00196621 0.00184805 0.00188811 0.00214052 0.00263639 0.00364325 0.00748891 0.0210903 0.0497 0.0818139 0.0907643 0.0672712 0.0332103 0.0109357 0.00243703 0.000377905 4.2875e-05 4.16353e-06 4.32224e-07 4.80176e-08 4.52903e-09 2.40251e-10 0 
0 1.75353e-08 1.71924e-07 8.90039e-07 3.38996e-06 1.04937e-05 2.75287e-05 6.25151e-05 0.000124466 0.000219276 0.000344587 0.000486876 0.000623612 0.000730402 0.000789865 0.00079814 0.000766648 0.000719394 0.000688298 0.000709972 0.000826227 0.00108577 0.00154825 0.00245574 0.00545786 0.0155794 0.0368032 0.0606251 0.0672712 0.0498601 0.024612 0.00810045 0.00179778 0.000274286 3.01478e-05 2.79018e-06 2.77639e-07 3.04749e-08 2.88642e-09 1.54167e-10 0 
0 5.24353e-09 4.99477e-08 2.51555e-07 9.34451e-07 2.83122e-06 7.30161e-06 1.63817e-05 3.23903e-05 5.69494e-05 8.96948e-05 0.000127419 0.000164426 0.000194292 0.000212335 0.000217672 0.000214033 0.000209362 0.000215093 0.00024649 0.000325147 0.000483185 0.000771406 0.00133999 0.00294623 0.00791876 0.0183004 0.0299761 0.0332103 0.024612 0.0121635 0.00401747 0.00089469 0.000136338 1.50118e-05 1.41223e-06 1.45125e-07 1.64177e-08 1.58922e-09 8.63437e-11 0 
0 1.45841e-09 1.34948e-08 6.60904e-08 2.39222e-07 7.08257e-07 1.79109e-06 3.95578e-06 7.731e-06 1.34897e-05 2.11639e-05 3.00481e-05 3.88691e-05 4.61814e-05 5.09563e-05 5.31104e-05 5.37821e-05 5.53762e-05 6.16511e-05 7.82924e-05 0.000114395 0.00018489 0.000315212 0.00056907 0.00118744 0.00284659 0.00618371 0.0099283 0.0109357 0.00810045 0.00401747 0.00133661 0.000300025 4.63439e-05 5.30787e-06 5.45015e-07 6.22953e-08 7.53758e-09 7.56842e-10 4.22061e-11 0 
0 3.76879e-10 3.38846e-09 1.61393e-08 5.69126e-08 1.64554e-07 4.07585e-07 8.84605e-07 1.70486e-06 2.944e-06 4.587e-06 6.4899e-06 8.39556e-06 1.00169e-05 1.11634e-05 1.18629e-05 1.24428e-05 1.35838e-05 1.6419e-05 2.27957e-05 3.58048e-05 6.0551e-05 0.000105342 0.000187621 0.000360638 0.000753998 0.00147517 0.00225379 0.00243703 0.00179778 0.00089469 0.000300025 6.84009e-05 1.0997e-05 1.38782e-06 1.68719e-07 2.25954e-08 2.97605e-09 3.12644e-10 1.80201e-11 0 
0 9.02015e-11 7.88485e-10 3.65446e-09 1.25593e-08 3.54654e-08 8.6017e-08 1.8334e-07 3.48106e-07 5.94157e-07 9.18133e-07 1.2929e-06 1.67125e-06 2.00235e-06 2.25701e-06 2.4537e-06 2.68025e-06 3.11571e-06 4.06918e-06 6.05922e-06 9.94653e-06 1.70796e-05 2.93772e-05 4.983e-05 8.5581e-05 0.000152247 0.000259165 0.000364131 0.000377905 0.000274286 0.000136338 4.63439e-05 1.0997e-05 1.94351e-06 2.94546e-07 4.51882e-08 7.12968e-09 1.01866e-09 1.12294e-10 6.72205e-12 0 
0 1.98654e-11 1.68979e-10 7.62744e-10 2.55656e-09 7.05464e-09 1.67593e-08 3.50827e-08 6.56119e-08 1.10653e-07 1.69514e-07 2.37513e-07 3.06802e-07 3.69428e-07 4.22056e-07 4.71217e-07 5.38533e-07 6.67102e-07 9.32119e-07 1.45904e-06 2.44753e-06 4.18353e-06 7.00049e-06 1.11976e-05 1.71315e-05 2.54919e-05 3.61166e-05 4.4491e-05 4.2875e-05 3.01478e-05 1.50118e-05 5.30787e-06 1.38782e-06 2.94546e-07 5.76005e-08 1.10498e-08 1.98028e-09 3.03025e-10 3.50613e-11 2.18651e-12 0 
0 3.97736e-12 3.29568e-11 1.45034e-10 4.74581e-10 1.28079e-09 2.9823e-09 6.13434e-09 1.1304e-08 1.88404e-08 2.86181e-08 3.99091e-08 5.15502e-08 6.24741e-08 7.2536e-08 8.35008e-08 1.00162e-07 1.31824e-07 1.94562e-07 3.14428e-07 5.30299e-07 8.91713e-07 1.44294e-06 2.18888e-06 3.06519e-06 3.94857e-06 4.6515e-06 4.83748e-06 4.16353e-06 2.79018e-06 1.41223e-06 5.45015e-07 1.68719e-07 4.51882e-08 1.10498e-08 2.4614e-09 4.8072e-10 7.79563e-11 9.46267e-12 6.15825e-13 0 
0 7.07801e-13 5.71981e-12 2.45698e-11 7.85794e-11 2.07624e-10 4.74292e-10 9.5934e-10 1.74295e-09 2.87249e-09 4.32868e-09 6.01239e-09 7.77478e-09 9.50179e-09 1.12466e-08 1.3398e-08 1.68882e-08 2.34705e-08 3.61005e-08 5.93556e-08 9.95376e-08 1.63597e-07 2.55646e-07 3.70742e-07 4.89289e-07 5.79083e-07 6.07456e-07 5.55805e-07 4.32224e-07 2.77639e-07 1.45125e-07 6.22953e-08 2.25954e-08 7.12968e-09 1.98028e-09 4.8072e-10 9.99178e-11 1.70715e-11 2.1722e-12 1.47604e-13 0 
0 1.07034e-13 8.44593e-13 3.5458e-12 1.10974e-11 2.87409e-11 6.44791e-11 1.28371e-10 2.30141e-10 3.75338e-10 5.616e-10 7.77736e-10 1.00839e-09 1.24576e-09 1.50815e-09 1.86471e-09 2.46711e-09 3.59074e-09 5.68343e-09 9.40034e-09 1.5562e-08 2.49215e-08 3.76292e-08 5.24681e-08 6.63516e-08 7.49119e-08 7.44971e-08 6.44779e-08 4.80176e-08 3.04749e-08 1.64177e-08 7.53758e-09 2.97605e-09 1.01866e-09 3.03025e-10 7.79563e-11 1.70715e-11 3.06248e-12 4.07935e-13 2.89318e-14 0 
0 1.23918e-14 9.56023e-14 3.92774e-13 1.20449e-12 3.06139e-12 6.75274e-12 1.32465e-11 2.34566e-11 3.78935e-11 5.63553e-11 7.79177e-11 1.01489e-10 1.27086e-10 1.57872e-10 2.02932e-10 2.80869e-10 4.24158e-10 6.83325e-10 1.12757e-09 1.83455e-09 2.85931e-09 4.178e-09 5.62411e-09 6.86894e-09 7.5088e-09 7.26051e-09 6.14968e-09 4.52903e-09 2.88642e-09 1.58922e-09 7.56842e-10 3.12644e-10 1.12294e-10 3.50613e-11 9.46267e-12 2.1722e-12 4.07935e-13 5.67791e-14 4.19835e-15 0 
0 7.83512e-16 5.91734e-15 2.38212e-14 7.16687e-14 1.78982e-13 3.88613e-13 7.51948e-13 1.31659e-12 2.10909e-12 3.12155e-12 4.31587e-12 5.65983e-12 7.20488e-12 9.2095e-12 1.23091e-11 1.77303e-11 2.75255e-11 4.4731e-11 7.32084e-11 1.1676e-10 1.77121e-10 2.5096e-10 3.27278e-10 3.87853e-10 4.13007e-10 3.91335e-10 3.27322e-10 2.40251e-10 1.54167e-10 8.63437e-11 4.22061e-11 1.80201e-11 6.72205e-12 2.18651e-12 6.15825e-13 1.47604e-13 2.89318e-14 4.19835e-15 3.23137e-16 0 
0 0 0 0 0 0 0 0 0 0 0 0 0 0 0 0 0 0 0 0 0 0 0 0 0 0 0 0 0 0 0 0 0 0 0 0 0 0 0 0 0 
