0 0 0 0 0 0 0 0 0 0 0 0 0 0 0 0 0 0 0 0 0 0 0 0 0 0 0 0 0 0 0 0 0 0 0 0 0 0 0 0 0 
0 1.06658e-07 9.7697e-07 4.54641e-06 1.49187e-05 3.81844e-05 8.00855e-05 0.000142425 0.000221059 0.000307116 0.000390155 0.000460981 0.000513039 0.000542612 0.000548454 0.000531331 0.000493663 0.00043928 0.000373198 0.000301304 0.000229816 0.000164489 0.000109698 6.77065e-05 3.84506e-05 2.00051e-05 9.51119e-06 4.12874e-06 1.63721e-06 5.93828e-07 1.97309e-07 6.0123e-08 1.6802e-08 4.2982e-09 1.00133e-09 2.10166e-10 3.89035e-11 6.07907e-12 7.23231e-13 4.67723e-14 0 
0 9.7697e-07 9.29129e-06 4.41466e-05 0.000144064 0.000355353 0.000697703 0.00113933 0.00161364 0.00205693 0.00242949 0.00271419 0.0029071 0.00301008 0.00302712 0.00296307 0.00282331 0.00261381 0.0023419 0.00201783 0.00165715 0.00128277 0.000924136 0.000611755 0.00036801 0.000199615 9.7274e-05 4.25984e-05 1.68168e-05 6.01176e-06 1.95501e-06 5.80441e-07 1.57642e-07 3.91439e-08 8.84965e-09 1.80332e-09 3.24381e-10 4.93158e-11 5.71619e-12 3.6069e-13 0 
0 4.54641e-06 4.41466e-05 0.000207468 0.000639315 0.00141998 0.00243655 0.00347085 0.00437841 0.00512229 0.00571109 0.00615527 0.00645799 0.00661953 0.0066423 0.00653332 0.00630412 0.00596878 0.00554064 0.00502882 0.00443632 0.00376356 0.00302069 0.00224552 0.00151092 0.00090218 0.000472381 0.000216399 8.72249e-05 3.12399e-05 1.00448e-05 2.92413e-06 7.74913e-07 1.87289e-07 4.11751e-08 8.15963e-09 1.4284e-09 2.11569e-10 2.39235e-11 1.47478e-12 0 
0 1.49187e-05 0.000144064 0.000639315 0.00174632 0.00330406 0.0048744 0.00624345 0.00742908 0.00847021 0.00936149 0.0100734 0.0105759 0.0108492 0.0108885 0.0107039 0.0103185 0.00976562 0.00908411 0.00831311 0.00748429 0.00661207 0.00568552 0.00467477 0.00356991 0.00244102 0.00144538 0.000727302 0.000310995 0.000114558 3.70306e-05 1.06792e-05 2.77962e-06 6.56825e-07 1.40885e-07 2.72227e-08 4.64808e-09 6.72062e-10 7.42709e-11 4.48056e-12 0 
0 3.81844e-05 0.000355353 0.00141998 0.00330406 0.00537292 0.00724665 0.00898853 0.0106576 0.0122125 0.0135759 0.0146739 0.015451 0.0158747 0.0159371 0.0156533 0.0150591 0.0142059 0.0131558 0.0119756 0.0107309 0.00947849 0.00825375 0.00705198 0.00581509 0.0044688 0.00304222 0.00174776 0.000826748 0.00032384 0.00010762 3.11779e-05 8.04023e-06 1.86834e-06 3.92642e-07 7.42235e-08 1.23954e-08 1.75383e-09 1.89841e-10 1.12302e-11 0 
0 8.00855e-05 0.000697703 0.00243655 0.0048744 0.00724665 0.00954661 0.0118864 0.0142064 0.0163827 0.0182912 0.0198271 0.0209135 0.021506 0.0215936 0.0211978 0.0203678 0.0191751 0.0177052 0.0160508 0.014304 0.0125502 0.0108612 0.00928413 0.00781565 0.0063713 0.00481927 0.0031668 0.00170219 0.000731935 0.000256399 7.585e-05 1.9579e-05 4.50403e-06 9.31849e-07 1.72981e-07 2.8344e-08 3.93531e-09 4.18254e-10 2.43162e-11 0 
0 0.000142425 0.00113933 0.00347085 0.00624345 0.00898853 0.0118864 0.0149231 0.0179445 0.0207765 0.023258 0.025254 0.0266652 0.0274343 0.0275476 0.0270328 0.0259541 0.0244034 0.0224917 0.0203381 0.0180613 0.0157714 0.0135635 0.0115131 0.00966383 0.00799544 0.00637775 0.00463284 0.00282325 0.00135771 0.000512351 0.000157321 4.10809e-05 9.42077e-06 1.92835e-06 3.52896e-07 5.69232e-08 7.77778e-09 8.1379e-10 4.66079e-11 0 
0 0.000221059 0.00161364 0.00437841 0.00742908 0.0106576 0.0142064 0.0179445 0.0216617 0.0251437 0.0281932 0.0306449 0.0323775 0.0333207 0.0334582 0.0328242 0.0314974 0.0295908 0.02724 0.0245911 0.021789 0.0189677 0.0162434 0.0137092 0.0114318 0.00943565 0.00765499 0.00588691 0.00396142 0.00212847 0.000876025 0.000282851 7.54278e-05 1.73544e-05 3.53109e-06 6.39475e-07 1.01875e-07 1.3739e-08 1.41894e-09 8.02525e-11 0 
0 0.000307116 0.00205693 0.00512229 0.00847021 0.0122125 0.0163827 0.0207765 0.0251437 0.029233 0.0328129 0.0356896 0.0377212 0.0388257 0.0389842 0.0382371 0.0366771 0.0344368 0.031675 0.0285629 0.02527 0.021953 0.0187471 0.0157608 0.0130735 0.0107307 0.00871565 0.00687548 0.00494109 0.00291627 0.00130933 0.000447584 0.000122705 2.8471e-05 5.78173e-06 1.03973e-06 1.64098e-07 2.19052e-08 2.23897e-09 1.25358e-10 0 
0 0.000390155 0.00242949 0.00571109 0.00936149 0.0135759 0.0182912 0.023258 0.0281932 0.0328129 0.0368555 0.0401024 0.0423938 0.0436376 0.0438124 0.0429646 0.041199 0.0386657 0.0355441 0.0320269 0.0283053 0.0245557 0.02093 0.01755 0.0145044 0.0118488 0.00959186 0.00763304 0.00569962 0.00360876 0.00174957 0.000632881 0.000178863 4.19859e-05 8.53568e-06 1.52866e-06 2.39692e-07 3.17551e-08 3.22039e-09 1.7892e-10 0 
0 0.000460981 0.00271419 0.00615527 0.0100734 0.0146739 0.0198271 0.025254 0.0306449 0.0356896 0.0401024 0.0436449 0.0461428 0.0474957 0.0476813 0.0467504 0.044818 0.042048 0.0386367 0.0347943 0.0307291 0.0266331 0.0226718 0.0189773 0.0156457 0.0127381 0.0102749 0.00819062 0.00624166 0.00414472 0.00213497 0.000811528 0.000236091 5.61189e-05 1.14431e-05 2.04562e-06 3.19441e-07 4.21059e-08 4.24708e-09 2.34696e-10 0 
0 0.000513039 0.0029071 0.00645799 0.0105759 0.015451 0.0209135 0.0266652 0.0323775 0.0377212 0.0423938 0.0461428 0.0487826 0.0502078 0.0503974 0.0494067 0.0473555 0.0444171 0.0408 0.0367277 0.0324204 0.028081 0.0238843 0.0199697 0.0164382 0.0133542 0.0107433 0.00855949 0.00658878 0.00450593 0.00242195 0.000956304 0.000284927 6.84999e-05 1.40205e-05 2.5061e-06 3.90584e-07 5.13408e-08 5.16275e-09 2.84425e-10 0 
0 0.000542612 0.00301008 0.00661953 0.0108492 0.0158747 0.021506 0.0274343 0.0333207 0.0388257 0.0436376 0.0474957 0.0502078 0.0516662 0.0518532 0.0508277 0.0487105 0.0456784 0.0419477 0.0377495 0.0333107 0.0288402 0.0245173 0.0204852 0.0168476 0.0136699 0.0109802 0.00874155 0.00675936 0.00469598 0.00258832 0.00104703 0.000317078 7.68853e-05 1.57954e-05 2.82669e-06 4.4054e-07 5.7876e-08 5.81583e-09 3.20192e-10 0 
0 0.000548454 0.00302712 0.0066423 0.0108885 0.0159371 0.0215936 0.0275476 0.0334582 0.0389842 0.0438124 0.0476813 0.0503974 0.0518532 0.0520327 0.0509955 0.048863 0.0458126 0.042062 0.0378438 0.033386 0.0288979 0.0245595 0.020514 0.016865 0.0136778 0.0109806 0.00873919 0.00676647 0.00472557 0.00262874 0.00107396 0.000327739 7.98735e-05 1.64633e-05 2.95318e-06 4.61145e-07 6.06925e-08 6.11011e-09 3.37064e-10 0 
0 0.000531331 0.00296307 0.00653332 0.0107039 0.0156533 0.0211978 0.0270328 0.0328242 0.0382371 0.0429646 0.0467504 0.0494067 0.0508277 0.0509955 0.0499686 0.0478687 0.0448716 0.0411907 0.0370535 0.0326834 0.0282858 0.0240367 0.0200764 0.0165058 0.0133889 0.0107524 0.00855948 0.00662012 0.00460641 0.00254963 0.00103815 0.00031669 7.7328e-05 1.59897e-05 2.87936e-06 4.51553e-07 5.97049e-08 6.04029e-09 3.34957e-10 0 
0 0.000493663 0.00282331 0.00630412 0.0103185 0.0150591 0.0203678 0.0259541 0.0314974 0.0366771 0.041199 0.044818 0.0473555 0.0487105 0.048863 0.0478687 0.0458471 0.0429689 0.039438 0.0354718 0.0312846 0.0270732 0.0230064 0.0192184 0.0158058 0.0128298 0.010314 0.00821398 0.00632865 0.00435075 0.00236677 0.000950306 0.000288104 7.0377e-05 1.4616e-05 2.64912e-06 4.18647e-07 5.58234e-08 5.69868e-09 3.19016e-10 0 
0 0.00043928 0.00261381 0.00596878 0.00976562 0.0142059 0.0191751 0.0244034 0.0295908 0.0344368 0.0386657 0.042048 0.0444171 0.0456784 0.0458126 0.0448716 0.0429689 0.0402652 0.0369512 0.0332308 0.029305 0.0253588 0.0215504 0.0180057 0.0148158 0.0120377 0.00969038 0.00771581 0.00589926 0.0039743 0.00210541 0.000828708 0.000249335 6.10461e-05 1.27817e-05 2.34288e-06 3.7508e-07 5.07167e-08 5.25322e-09 2.98484e-10 0 
0 0.000373198 0.0023419 0.00554064 0.00908411 0.0131558 0.0177052 0.0224917 0.02724 0.031675 0.0355441 0.0386367 0.0408 0.0419477 0.042062 0.0411907 0.039438 0.0369512 0.0339053 0.0304875 0.0268825 0.0232601 0.019766 0.0165163 0.0135952 0.0110552 0.00890735 0.00707576 0.00533995 0.00350228 0.0018011 0.00069646 0.000209176 5.17197e-05 1.1006e-05 2.0567e-06 3.36132e-07 4.6416e-08 4.90885e-09 2.846e-10 0 
0 0.000301304 0.00201783 0.00502882 0.00831311 0.0119756 0.0160508 0.0203381 0.0245911 0.0285629 0.0320269 0.0347943 0.0367277 0.0377495 0.0378438 0.0370535 0.0354718 0.0332308 0.0304875 0.0274099 0.0241641 0.0209027 0.0177571 0.0148325 0.0122059 0.00992365 0.00798596 0.00630064 0.00466653 0.00297652 0.00149834 0.000577854 0.000176172 4.46697e-05 9.78701e-06 1.88402e-06 3.16812e-07 4.49204e-08 4.86584e-09 2.88164e-10 0 
0 0.000229816 0.00165715 0.00443632 0.00748429 0.0107309 0.014304 0.0180613 0.021789 0.02527 0.0283053 0.0307291 0.0324204 0.0333107 0.033386 0.0326834 0.0312846 0.029305 0.0268825 0.0241641 0.0212955 0.0184109 0.0156262 0.013035 0.0107061 0.00867803 0.00693953 0.00539994 0.00391546 0.00245772 0.00124425 0.000494545 0.000157529 4.18199e-05 9.55319e-06 1.90542e-06 3.29867e-07 4.78717e-08 5.28032e-09 3.17021e-10 0 
0 0.000164489 0.00128277 0.00376356 0.00661207 0.00947849 0.0125502 0.0157714 0.0189677 0.021953 0.0245557 0.0266331 0.028081 0.0288402 0.0288979 0.0282858 0.0270732 0.0253588 0.0232601 0.0209027 0.0184109 0.0158993 0.0134677 0.011197 0.00914632 0.00734543 0.0057838 0.00440893 0.00315559 0.00201279 0.00107582 0.000461887 0.000158695 4.47288e-05 1.06532e-05 2.18275e-06 3.84024e-07 5.62117e-08 6.22067e-09 3.73304e-10 0 
0 0.000109698 0.000924136 0.00302069 0.00568552 0.00825375 0.0108612 0.0135635 0.0162434 0.0187471 0.02093 0.0226718 0.0238843 0.0245173 0.0245595 0.0240367 0.0230064 0.0215504 0.019766 0.0177571 0.0156262 0.0134677 0.0113639 0.00938164 0.00757062 0.00596512 0.00458872 0.00344509 0.00249862 0.00169149 0.00100281 0.000483952 0.000182654 5.44845e-05 1.33131e-05 2.7445e-06 4.80685e-07 6.96624e-08 7.61222e-09 4.50517e-10 0 
0 6.77065e-05 0.000611755 0.00224552 0.00467477 0.00705198 0.00928413 0.0115131 0.0137092 0.0157608 0.01755 0.0189773 0.0199697 0.0204852 0.020514 0.0200764 0.0192184 0.0180057 0.0165163 0.0148325 0.013035 0.011197 0.00938164 0.00764307 0.00604362 0.0046813 0.00365107 0.00291247 0.0022835 0.00164866 0.00104941 0.000557618 0.000229183 7.12709e-05 1.74842e-05 3.54981e-06 6.08035e-07 8.60389e-08 9.18465e-09 5.31727e-10 0 
0 3.84506e-05 0.00036801 0.00151092 0.00356991 0.00581509 0.00781565 0.00966383 0.0114318 0.0130735 0.0145044 0.0156457 0.0164382 0.0168476 0.016865 0.0165058 0.0158058 0.0148158 0.0135952 0.0122059 0.0107061 0.00914632 0.00757062 0.00604362 0.00473201 0.00395395 0.00392272 0.0042465 0.0040376 0.00296414 0.00166643 0.000776464 0.000307389 9.4932e-05 2.2701e-05 4.44697e-06 7.35669e-07 1.00901e-07 1.04756e-08 5.91625e-10 0 
0 2.00051e-05 0.000199615 0.00090218 0.00244102 0.0044688 0.0063713 0.00799544 0.00943565 0.0107307 0.0118488 0.0127381 0.0133542 0.0136699 0.0136778 0.0133889 0.0128298 0.0120377 0.0110552 0.00992365 0.00867803 0.00734543 0.00596512 0.0046813 0.00395395 0.0046604 0.00734841 0.0106026 0.0113003 0.00834804 0.00424906 0.00156435 0.000478959 0.0001287 2.82612e-05 5.1834e-06 8.18305e-07 1.08482e-07 1.09589e-08 6.0469e-10 0 
0 9.51119e-06 9.7274e-05 0.000472381 0.00144538 0.00304222 0.00481927 0.00637775 0.00765499 0.00871565 0.00959186 0.0102749 0.0107433 0.0109802 0.0109806 0.0107524 0.010314 0.00969038 0.00890735 0.00798596 0.00693953 0.0057838 0.00458872 0.00365107 0.00392272 0.00734841 0.0152511 0.024324 0.0269963 0.0197205 0.00980545 0.00331914 0.000826727 0.000177071 3.32422e-05 5.48474e-06 8.14265e-07 1.04293e-07 1.02933e-08 5.57518e-10 0 
0 4.12874e-06 4.25984e-05 0.000216399 0.000727302 0.00174776 0.0031668 0.00463284 0.00588691 0.00687548 0.00763304 0.00819062 0.00855949 0.00874155 0.00873919 0.00855948 0.00821398 0.00771581 0.00707576 0.00630064 0.00539994 0.00440893 0.00344509 0.00291247 0.0042465 0.0106026 0.024324 0.0396601 0.0434452 0.0327268 0.016063 0.00532057 0.00122452 0.000222805 3.5372e-05 5.13381e-06 7.09625e-07 8.80542e-08 8.54958e-09 4.57764e-10 0 
0 1.63721e-06 1.68168e-05 8.72249e-05 0.000310995 0.000826748 0.00170219 0.00282325 0.00396142 0.00494109 0.00569962 0.00624166 0.00658878 0.00675936 0.00676647 0.00662012 0.00632865 0.00589926 0.00533995 0.00466653 0.00391546 0.00315559 0.00249862 0.0022835 0.0040376 0.0113003 0.0269963 0.0434452 0.0465275 0.0367287 0.0178166 0.00585981 0.00131668 0.000222204 3.13884e-05 4.08595e-06 5.30738e-07 6.44235e-08 6.21396e-09 3.31761e-10 0 
0 5.93828e-07 6.01176e-06 3.12399e-05 0.000114558 0.00032384 0.000731935 0.00135771 0.00212847 0.00291627 0.00360876 0.00414472 0.00450593 0.00469598 0.00472557 0.00460641 0.00435075 0.0039743 0.00350228 0.00297652 0.00245772 0.00201279 0.00169149 0.00164866 0.00296414 0.00834804 0.0197205 0.0327268 0.0367287 0.0267386 0.0131871 0.00434122 0.000973993 0.000161021 2.15243e-05 2.64726e-06 3.3437e-07 4.04761e-08 3.92652e-09 2.11047e-10 0 
0 1.97309e-07 1.95501e-06 1.00448e-05 3.70306e-05 0.00010762 0.000256399 0.000512351 0.000876025 0.00130933 0.00174957 0.00213497 0.00242195 0.00258832 0.00262874 0.00254963 0.00236677 0.00210541 0.0018011 0.00149834 0.00124425 0.00107582 0.00100281 0.00104941 0.00166643 0.00424906 0.00980545 0.016063 0.0178166 0.0131871 0.00651739 0.00215635 0.000491444 8.21897e-05 1.09634e-05 1.36069e-06 1.75701e-07 2.17533e-08 2.15087e-09 1.17502e-10 0 
0 6.0123e-08 5.80441e-07 2.92413e-06 1.06792e-05 3.11779e-05 7.585e-05 0.000157321 0.000282851 0.000447584 0.000632881 0.000811528 0.000956304 0.00104703 0.00107396 0.00103815 0.000950306 0.000828708 0.00069646 0.000577854 0.000494545 0.000461887 0.000483952 0.000557618 0.000776464 0.00156435 0.00331914 0.00532057 0.00585981 0.00434122 0.00215635 0.000725968 0.000171094 2.96228e-05 4.15748e-06 5.58029e-07 7.73419e-08 1.00174e-08 1.02146e-09 5.72058e-11 0 
0 1.6802e-08 1.57642e-07 7.74913e-07 2.77962e-06 8.04023e-06 1.9579e-05 4.10809e-05 7.54278e-05 0.000122705 0.000178863 0.000236091 0.000284927 0.000317078 0.000327739 0.00031669 0.000288104 0.000249335 0.000209176 0.000176172 0.000157529 0.000158695 0.000182654 0.000229183 0.000307389 0.000478959 0.000826727 0.00122452 0.00131668 0.000973993 0.000491444 0.000171094 4.2175e-05 7.80393e-06 1.22769e-06 1.89083e-07 2.89615e-08 3.97369e-09 4.21314e-10 2.43576e-11 0 
0 4.2982e-09 3.91439e-08 1.87289e-07 6.56825e-07 1.86834e-06 4.50403e-06 9.42077e-06 1.73544e-05 2.8471e-05 4.19859e-05 5.61189e-05 6.84999e-05 7.68853e-05 7.98735e-05 7.7328e-05 7.0377e-05 6.10461e-05 5.17197e-05 4.46697e-05 4.18199e-05 4.47288e-05 5.44845e-05 7.12709e-05 9.4932e-05 0.0001287 0.000177071 0.000222805 0.000222204 0.000161021 8.21897e-05 2.96228e-05 7.80393e-06 1.63178e-06 3.05654e-07 5.53139e-08 9.37139e-09 1.36493e-09 1.51185e-10 9.06932e-12 0 
0 1.00133e-09 8.84965e-09 4.11751e-08 1.40885e-07 3.92642e-07 9.31849e-07 1.92835e-06 3.53109e-06 5.78173e-06 8.53568e-06 1.14431e-05 1.40205e-05 1.57954e-05 1.64633e-05 1.59897e-05 1.4616e-05 1.27817e-05 1.1006e-05 9.78701e-06 9.55319e-06 1.06532e-05 1.33131e-05 1.74842e-05 2.2701e-05 2.82612e-05 3.32422e-05 3.5372e-05 3.13884e-05 2.15243e-05 1.09634e-05 4.15748e-06 1.22769e-06 3.05654e-07 6.89831e-08 1.43238e-08 2.63877e-09 4.06745e-10 4.71744e-11 2.9464e-12 0 
0 2.10166e-10 1.80332e-09 8.15963e-09 2.72227e-08 7.42235e-08 1.72981e-07 3.52896e-07 6.39475e-07 1.03973e-06 1.52866e-06 2.04562e-06 2.5061e-06 2.82669e-06 2.95318e-06 2.87936e-06 2.64912e-06 2.34288e-06 2.0567e-06 1.88402e-06 1.90542e-06 2.18275e-06 2.7445e-06 3.54981e-06 4.44697e-06 5.1834e-06 5.48474e-06 5.13381e-06 4.08595e-06 2.64726e-06 1.36069e-06 5.58029e-07 1.89083e-07 5.53139e-08 1.43238e-08 3.27151e-09 6.44088e-10 1.04713e-10 1.27272e-11 8.29203e-13 0 
0 3.89035e-11 3.24381e-10 1.4284e-09 4.64808e-09 1.23954e-08 2.8344e-08 5.69232e-08 1.01875e-07 1.64098e-07 2.39692e-07 3.19441e-07 3.90584e-07 4.4054e-07 4.61145e-07 4.51553e-07 4.18647e-07 3.7508e-07 3.36132e-07 3.16812e-07 3.29867e-07 3.84024e-07 4.80685e-07 6.08035e-07 7.35669e-07 8.18305e-07 8.14265e-07 7.09625e-07 5.30738e-07 3.3437e-07 1.75701e-07 7.73419e-08 2.89615e-08 9.37139e-09 2.63877e-09 6.44088e-10 1.34134e-10 2.29395e-11 2.92118e-12 1.98662e-13 0 
0 6.07907e-12 4.93158e-11 2.11569e-10 6.72062e-10 1.75383e-09 3.93531e-09 7.77778e-09 1.3739e-08 2.19052e-08 3.17551e-08 4.21059e-08 5.13408e-08 5.7876e-08 6.06925e-08 5.97049e-08 5.58234e-08 5.07167e-08 4.6416e-08 4.49204e-08 4.78717e-08 5.62117e-08 6.96624e-08 8.60389e-08 1.00901e-07 1.08482e-07 1.04293e-07 8.80542e-08 6.44235e-08 4.04761e-08 2.17533e-08 1.00174e-08 3.97369e-09 1.36493e-09 4.06745e-10 1.04713e-10 2.29395e-11 4.11674e-12 5.48629e-13 3.89325e-14 0 
0 7.23231e-13 5.71619e-12 2.39235e-11 7.42709e-11 1.89841e-10 4.18254e-10 8.1379e-10 1.41894e-09 2.23897e-09 3.22039e-09 4.24708e-09 5.16275e-09 5.81583e-09 6.11011e-09 6.04029e-09 5.69868e-09 5.25322e-09 4.90885e-09 4.86584e-09 5.28032e-09 6.22067e-09 7.61222e-09 9.18465e-09 1.04756e-08 1.09589e-08 1.02933e-08 8.54958e-09 6.21396e-09 3.92652e-09 2.15087e-09 1.02146e-09 4.21314e-10 1.51185e-10 4.71744e-11 1.27272e-11 2.92118e-12 5.48629e-13 7.63796e-14 5.64969e-15 0 
0 4.67723e-14 3.6069e-13 1.47478e-12 4.48056e-12 1.12302e-11 2.43162e-11 4.66079e-11 8.02525e-11 1.25358e-10 1.7892e-10 2.34696e-10 2.84425e-10 3.20192e-10 3.37064e-10 3.34957e-10 3.19016e-10 2.98484e-10 2.846e-10 2.88164e-10 3.17021e-10 3.73304e-10 4.50517e-10 5.31727e-10 5.91625e-10 6.0469e-10 5.57518e-10 4.57764e-10 3.31761e-10 2.11047e-10 1.17502e-10 5.72058e-11 2.43576e-11 9.06932e-12 2.9464e-12 8.29203e-13 1.98662e-13 3.89325e-14 5.64969e-15 4.34918e-16 0 
0 0 0 0 0 0 0 0 0 0 0 0 0 0 0 0 0 0 0 0 0 0 0 0 0 0 0 0 0 0 0 0 0 0 0 0 0 0 0 0 0 
