0 0 0 0 0 0 0 0 0 0 0 0 0 0 0 0 0 0 0 0 0 0 0 0 0 0 0 0 0 0 0 0 0 0 0 0 0 0 0 0 0 
0 1.93791e-07 1.73115e-06 7.66042e-06 2.32491e-05 5.37623e-05 0.000100516 0.000159148 0.000221906 0.000281276 0.000332033 0.0003714 0.000398335 0.000412777 0.00041515 0.000406116 0.000386493 0.000357301 0.000319866 0.000275988 0.00022807 0.000179126 0.000132532 9.15056e-05 5.84058e-05 3.41715e-05 1.82033e-05 8.79044e-06 3.84058e-06 1.51825e-06 5.43778e-07 1.76737e-07 5.21741e-08 1.39773e-08 3.38417e-09 7.33358e-10 1.39377e-10 2.22561e-11 2.6953e-12 1.7687e-13 0 
0 1.73115e-06 1.58346e-05 6.91687e-05 0.000197279 0.000409136 0.000666697 0.000916293 0.00112648 0.00129141 0.00141628 0.00150693 0.00156691 0.00159808 0.00160181 0.00157969 0.0015337 0.00146582 0.00137742 0.00126876 0.00113894 0.000987146 0.000815265 0.000631116 0.000449727 0.000289944 0.000166828 8.49825e-05 3.82568e-05 1.52683e-05 5.43441e-06 1.73597e-06 5.00138e-07 1.30232e-07 3.05886e-08 6.42699e-09 1.18479e-09 1.83693e-10 2.16292e-11 1.38216e-12 0 
0 7.66042e-06 6.91687e-05 0.000279434 0.000685782 0.00117689 0.00161038 0.00195439 0.00223911 0.00248702 0.00270068 0.00287282 0.00299495 0.00306129 0.00307011 0.00302383 0.00292855 0.00279317 0.00262819 0.00244404 0.00224873 0.00204472 0.00182609 0.00157912 0.00129093 0.000966591 0.000641479 0.000367858 0.00018015 7.55231e-05 2.74219e-05 8.74982e-06 2.48426e-06 6.32524e-07 1.44684e-07 2.95564e-08 5.29643e-09 7.98789e-10 9.16009e-11 5.70927e-12 0 
0 2.32491e-05 0.000197279 0.000685782 0.00137145 0.00198281 0.00248863 0.00296533 0.00343669 0.00388462 0.00428148 0.0046028 0.00483074 0.00495498 0.00497284 0.0048888 0.0047136 0.0044629 0.00415577 0.00381313 0.0034561 0.00310409 0.00277122 0.00245986 0.00215223 0.00181004 0.00140049 0.000945706 0.000534061 0.000247949 9.54874e-05 3.12112e-05 8.86817e-06 2.22867e-06 4.99485e-07 9.96282e-08 1.74111e-08 2.56117e-09 2.86708e-10 1.74662e-11 0 
0 5.37623e-05 0.000409136 0.00117689 0.00198281 0.00267604 0.00337693 0.00412031 0.00486956 0.00557676 0.00619863 0.00669982 0.00705458 0.00724803 0.00727649 0.00714694 0.00687566 0.00648616 0.00600686 0.00546859 0.00490235 0.00433759 0.00380081 0.00331352 0.00288613 0.00250376 0.00211218 0.00164102 0.00109159 0.000586416 0.000250076 8.6418e-05 2.50689e-05 6.29442e-06 1.39285e-06 2.72706e-07 4.66652e-08 6.71715e-09 7.36098e-10 4.39389e-11 0 
0 0.000100516 0.000666697 0.00161038 0.00248863 0.00337693 0.00436989 0.00542843 0.00648648 0.00747998 0.00835131 0.00905257 0.00954863 0.00981913 0.00985913 0.00967839 0.00929947 0.00875489 0.00808379 0.00732844 0.00653099 0.00573079 0.00496261 0.00425584 0.00363371 0.0031081 0.00266091 0.00221845 0.00167983 0.00105326 0.000513034 0.000193318 5.85252e-05 1.48844e-05 3.2801e-06 6.34091e-07 1.06712e-07 1.50848e-08 1.62318e-09 9.5194e-11 0 
0 0.000159148 0.000916293 0.00195439 0.00296533 0.00412031 0.00542843 0.00681361 0.00819302 0.00948607 0.0106191 0.0115304 0.0121749 0.0125263 0.0125781 0.0123429 0.0118501 0.011142 0.0102692 0.00928589 0.00824638 0.00720086 0.00619308 0.00525893 0.00442652 0.00371647 0.00313559 0.0026501 0.00215274 0.0015296 0.000855656 0.000359035 0.000115676 3.02006e-05 6.68505e-06 1.28346e-06 2.13369e-07 2.97281e-08 3.15092e-09 1.82061e-10 0 
0 0.000221906 0.00112648 0.00223911 0.00343669 0.00486956 0.00648648 0.00819302 0.0098902 0.01148 0.0128726 0.0139938 0.0147902 0.0152275 0.0152919 0.0149975 0.0143854 0.0135114 0.0124372 0.0112277 0.00994831 0.00866021 0.00741637 0.00625961 0.00522229 0.00432759 0.00359 0.00300308 0.00249714 0.00192158 0.00121115 0.000568715 0.000197479 5.34994e-05 1.19843e-05 2.29721e-06 3.7881e-07 5.22008e-08 5.46656e-09 3.1205e-10 0 
0 0.000281276 0.00129141 0.00248702 0.00388462 0.00557676 0.00747998 0.00948607 0.01148 0.0133474 0.0149859 0.016317 0.0172791 0.0178155 0.0178951 0.0175325 0.016785 0.0157357 0.0144643 0.0130413 0.0115377 0.0100232 0.00855946 0.00719602 0.0059696 0.00490519 0.00401864 0.00331416 0.00275487 0.00220839 0.00152044 0.000790829 0.000296881 8.39728e-05 1.91372e-05 3.67789e-06 6.03698e-07 8.25377e-08 8.56438e-09 4.84253e-10 0 
0 0.000332033 0.00141628 0.00270068 0.00428148 0.00619863 0.00835131 0.0106191 0.0128726 0.0149859 0.0168551 0.0183924 0.0194911 0.0200784 0.0201623 0.0197689 0.0189258 0.0177104 0.0162445 0.014625 0.0129237 0.0112115 0.00955616 0.0080129 0.0066225 0.00541181 0.0043967 0.00358404 0.00295536 0.00240864 0.00175749 0.000993071 0.000400625 0.000118382 2.75145e-05 5.31619e-06 8.70983e-07 1.18462e-07 1.22107e-08 6.85549e-10 0 
0 0.0003714 0.00150693 0.00287282 0.0046028 0.00669982 0.00905257 0.0115304 0.0139938 0.016317 0.0183924 0.0200559 0.0211461 0.0216844 0.021756 0.0213947 0.0205826 0.0193119 0.0176932 0.0158984 0.0140314 0.0121601 0.0103514 0.00866456 0.00714349 0.00581667 0.00469994 0.00380016 0.00310736 0.00254383 0.00192199 0.00115397 0.000493983 0.000151785 3.59564e-05 6.99245e-06 1.14562e-06 1.5534e-07 1.5942e-08 8.90676e-10 0 
0 0.000398335 0.00156691 0.00299495 0.00483074 0.00705458 0.00954863 0.0121749 0.0147902 0.0172791 0.0194911 0.0211461 0.0221475 0.0226269 0.0226869 0.0223583 0.021615 0.0203969 0.0187251 0.016801 0.0148069 0.0128213 0.010905 0.00911768 0.00750532 0.00609757 0.00491028 0.00394975 0.00320943 0.00262695 0.00202332 0.00126428 0.000564999 0.000178952 4.30659e-05 8.42664e-06 1.38207e-06 1.8715e-07 1.91596e-08 1.06737e-09 0 
0 0.000412777 0.00159808 0.00306129 0.00495498 0.00724803 0.00981913 0.0125263 0.0152275 0.0178155 0.0200784 0.0216844 0.0226269 0.0230751 0.023128 0.0228141 0.0221079 0.0209393 0.0192744 0.0172868 0.0152175 0.0131682 0.011194 0.00935307 0.00769221 0.00624161 0.00501705 0.00402435 0.00325818 0.00266405 0.00207089 0.0013227 0.000606374 0.000195755 4.7611e-05 9.35986e-06 1.53747e-06 2.08188e-07 2.12977e-08 1.18526e-09 0 
0 0.00041515 0.00160181 0.00307011 0.00497284 0.00727649 0.00985913 0.0125781 0.0152919 0.0178951 0.0201623 0.021756 0.0226869 0.023128 0.0231774 0.022863 0.0221597 0.0209968 0.0193331 0.0173348 0.015253 0.0131947 0.0112133 0.00936622 0.00770016 0.00624519 0.0050169 0.00402086 0.00325194 0.00265787 0.00207111 0.00133139 0.000615394 0.000200036 4.88714e-05 9.63344e-06 1.585e-06 2.14862e-07 2.19991e-08 1.22519e-09 0 
0 0.000406116 0.00157969 0.00302383 0.0048888 0.00714694 0.00967839 0.0123429 0.0149975 0.0175325 0.0197689 0.0213947 0.0223583 0.0228141 0.022863 0.0225344 0.0218027 0.020602 0.0189238 0.0169613 0.0149293 0.012915 0.0109746 0.00916638 0.00753618 0.00611333 0.00491311 0.0039411 0.00319165 0.00260991 0.00202724 0.00129348 0.000593149 0.000191879 4.68123e-05 9.23414e-06 1.522e-06 2.06787e-07 2.12245e-08 1.18508e-09 0 
0 0.000386493 0.0015337 0.00292855 0.0047136 0.00687566 0.00929947 0.0118501 0.0143854 0.016785 0.0189258 0.0205826 0.021615 0.0221079 0.0221597 0.0218027 0.0210136 0.0197524 0.0180875 0.0162184 0.0142866 0.0123611 0.0105042 0.00877465 0.00721659 0.00585817 0.00471428 0.00379067 0.00308016 0.00252064 0.00193983 0.00121255 0.000543901 0.000173408 4.20515e-05 8.2909e-06 1.36977e-06 1.86796e-07 1.9256e-08 1.08015e-09 0 
0 0.000357301 0.00146582 0.00279317 0.0044629 0.00648616 0.00875489 0.011142 0.0135114 0.0157357 0.0177104 0.0193119 0.0203969 0.0209393 0.0209968 0.020602 0.0197524 0.0184784 0.0169076 0.0151797 0.0133806 0.0115782 0.00983941 0.00822099 0.00676458 0.00549686 0.0044324 0.0035771 0.00292043 0.00238846 0.0018075 0.00109367 0.000474748 0.000148257 3.56604e-05 7.02958e-06 1.16594e-06 1.59934e-07 1.65985e-08 9.37732e-10 0 
0 0.000319866 0.00137742 0.00262819 0.00415577 0.00600686 0.00808379 0.0102692 0.0124372 0.0144643 0.0162445 0.0176932 0.0187251 0.0192744 0.0193331 0.0189238 0.0180875 0.0169076 0.01549 0.0139211 0.012274 0.01062 0.0090247 0.00754095 0.00620737 0.00504909 0.00408053 0.00330735 0.00271265 0.00220818 0.00162875 0.0009454 0.000395245 0.000120828 2.88777e-05 5.7072e-06 9.53282e-07 1.3195e-07 1.38301e-08 7.89262e-10 0 
0 0.000275988 0.00126876 0.00244404 0.00381313 0.00546859 0.00732844 0.00928589 0.0112277 0.0130413 0.014625 0.0158984 0.016801 0.0172868 0.0173348 0.0169613 0.0162184 0.0151797 0.0139211 0.0125148 0.0110328 0.00954368 0.00810749 0.00677221 0.00557328 0.00453447 0.00367014 0.00298434 0.00245085 0.00197107 0.00140622 0.000781933 0.000316514 9.54523e-05 2.28309e-05 4.55086e-06 7.69254e-07 1.07881e-07 1.14578e-08 6.62323e-10 0 
0 0.00022807 0.00113894 0.00224873 0.0034561 0.00490235 0.00653099 0.00824638 0.00994831 0.0115377 0.0129237 0.0140314 0.0148069 0.0152175 0.015253 0.0149293 0.0142866 0.0133806 0.012274 0.0110328 0.00972302 0.00840596 0.00713454 0.00595158 0.00488931 0.00397021 0.00320812 0.00260338 0.00212167 0.00167037 0.00115334 0.000623403 0.000249531 7.56352e-05 1.83455e-05 3.71936e-06 6.395e-07 9.11264e-08 9.81956e-09 5.75012e-10 0 
0 0.000179126 0.000987146 0.00204472 0.00310409 0.00433759 0.00573079 0.00720086 0.00866021 0.0100232 0.0112115 0.0121601 0.0128213 0.0131682 0.0131947 0.012915 0.0123611 0.0115782 0.01062 0.00954368 0.00840596 0.00725925 0.00614909 0.00511283 0.00417939 0.0033697 0.00269574 0.00215445 0.00171599 0.00131751 0.000899117 0.000491841 0.000202762 6.35537e-05 1.58694e-05 3.29081e-06 5.75531e-07 8.30701e-08 9.03849e-09 5.33117e-10 0 
0 0.000132532 0.000815265 0.00182609 0.00277122 0.00380081 0.00496261 0.00619308 0.00741637 0.00855946 0.00955616 0.0103514 0.010905 0.011194 0.0112133 0.0109746 0.0105042 0.00983941 0.0090247 0.00810749 0.00713454 0.00614909 0.00518889 0.00428554 0.0034648 0.00274721 0.00214619 0.00166274 0.00128128 0.000969198 0.000681484 0.000400931 0.0001793 5.97551e-05 1.5466e-05 3.26355e-06 5.74609e-07 8.30181e-08 9.01381e-09 5.29619e-10 0 
0 9.15056e-05 0.000631116 0.00157912 0.00245986 0.00331352 0.00425584 0.00525893 0.00625961 0.00719602 0.0080129 0.00866456 0.00911768 0.00935307 0.00936622 0.00916638 0.00877465 0.00822099 0.00754095 0.00677221 0.00595158 0.00511283 0.00428554 0.00349608 0.00277323 0.00215716 0.00168734 0.00134949 0.00106724 0.000795006 0.000554341 0.000349751 0.0001745 6.28267e-05 1.67822e-05 3.55205e-06 6.19386e-07 8.82316e-08 9.43607e-09 5.4627e-10 0 
0 5.84058e-05 0.000449727 0.00129093 0.00215223 0.00288613 0.00363371 0.00442652 0.00522229 0.0059696 0.0066225 0.00714349 0.00750532 0.00769221 0.00770016 0.00753618 0.00721659 0.00676458 0.00620737 0.00557328 0.00488931 0.00417939 0.0034648 0.00277323 0.0021736 0.00181113 0.00179245 0.00193925 0.00184381 0.00135454 0.000768395 0.000384232 0.00018426 6.9794e-05 1.90145e-05 3.97785e-06 6.77816e-07 9.41984e-08 9.84302e-09 5.57992e-10 0 
0 3.41715e-05 0.000289944 0.000966591 0.00181004 0.00250376 0.0031081 0.00371647 0.00432759 0.00490519 0.00541181 0.00581667 0.00609757 0.00624161 0.00624519 0.00611333 0.00585817 0.00549686 0.00504909 0.00453447 0.00397021 0.0033697 0.00274721 0.00215716 0.00181113 0.00212819 0.00335511 0.00484645 0.00523159 0.00381152 0.0019401 0.000717547 0.000237902 7.95737e-05 2.11452e-05 4.29419e-06 7.08624e-07 9.5684e-08 9.75141e-09 5.40958e-10 0 
0 1.82033e-05 0.000166828 0.000641479 0.00140049 0.00211218 0.00266091 0.00313559 0.00359 0.00401864 0.0043967 0.00469994 0.00491028 0.00501705 0.0050169 0.00491311 0.00471428 0.0044324 0.00408053 0.00367014 0.00320812 0.00269574 0.00214619 0.00168734 0.00179245 0.00335511 0.00697114 0.0123246 0.0139634 0.00940311 0.00447694 0.00151557 0.000383221 9.49371e-05 2.23605e-05 4.27202e-06 6.76837e-07 8.88361e-08 8.85779e-09 4.8259e-10 0 
0 8.79044e-06 8.49825e-05 0.000367858 0.000945706 0.00164102 0.00221845 0.0026501 0.00300308 0.00331416 0.00358404 0.00380016 0.00394975 0.00402435 0.00402086 0.0039411 0.00379067 0.0035771 0.00330735 0.00298434 0.00260338 0.00215445 0.00166274 0.00134949 0.00193925 0.00484645 0.0123246 0.016576 0.0170527 0.0154782 0.00778876 0.00242925 0.000560874 0.000110695 2.18035e-05 3.79345e-06 5.72847e-07 7.33647e-08 7.20453e-09 3.88008e-10 0 
0 3.84058e-06 3.82568e-05 0.00018015 0.000534061 0.00109159 0.00167983 0.00215274 0.00249714 0.00275487 0.00295536 0.00310736 0.00320943 0.00325818 0.00325194 0.00319165 0.00308016 0.00292043 0.00271265 0.00245085 0.00212167 0.00171599 0.00128128 0.00106724 0.00184381 0.00523159 0.0139634 0.0170527 0.0174317 0.0161914 0.00927214 0.00267545 0.000602218 0.000107674 1.83987e-05 2.90764e-06 4.19933e-07 5.29299e-08 5.16695e-09 2.77389e-10 0 
0 1.51825e-06 1.52683e-05 7.55231e-05 0.000247949 0.000586416 0.00105326 0.0015296 0.00192158 0.00220839 0.00240864 0.00254383 0.00262695 0.00266405 0.00265787 0.00260991 0.00252064 0.00238846 0.00220818 0.00197107 0.00167037 0.00131751 0.000969198 0.000795006 0.00135454 0.00381152 0.00940311 0.0154782 0.0161914 0.0132949 0.00604522 0.00198211 0.000446103 7.8379e-05 1.2485e-05 1.85625e-06 2.61991e-07 3.29866e-08 3.23739e-09 1.7487e-10 0 
0 5.43778e-07 5.43441e-06 2.74219e-05 9.54874e-05 0.000250076 0.000513034 0.000855656 0.00121115 0.00152044 0.00175749 0.00192199 0.00202332 0.00207089 0.00207111 0.00202724 0.00193983 0.0018075 0.00162875 0.00140622 0.00115334 0.000899117 0.000681484 0.000554341 0.000768395 0.0019401 0.00447694 0.00778876 0.00927214 0.00604522 0.00297569 0.000984729 0.000226975 4.12237e-05 6.51741e-06 9.64013e-07 1.37786e-07 1.76647e-08 1.76404e-09 9.6773e-11 0 
0 1.76737e-07 1.73597e-06 8.74982e-06 3.12112e-05 8.6418e-05 0.000193318 0.000359035 0.000568715 0.000790829 0.000993071 0.00115397 0.00126428 0.0013227 0.00133139 0.00129348 0.00121255 0.00109367 0.0009454 0.000781933 0.000623403 0.000491841 0.000400931 0.000349751 0.000384232 0.000717547 0.00151557 0.00242925 0.00267545 0.00198211 0.000984729 0.000333092 8.1593e-05 1.57806e-05 2.61109e-06 4.07616e-07 6.11709e-08 8.12929e-09 8.35055e-10 4.69226e-11 0 
0 5.21741e-08 5.00138e-07 2.48426e-06 8.86817e-06 2.50689e-05 5.85252e-05 0.000115676 0.000197479 0.000296881 0.000400625 0.000493983 0.000564999 0.000606374 0.000615394 0.000593149 0.000543901 0.000474748 0.000395245 0.000316514 0.000249531 0.000202762 0.0001793 0.0001745 0.00018426 0.000237902 0.000383221 0.000560874 0.000602218 0.000446103 0.000226975 8.1593e-05 2.17401e-05 4.56506e-06 8.33014e-07 1.43647e-07 2.31535e-08 3.22653e-09 3.4375e-10 1.99244e-11 0 
0 1.39773e-08 1.30232e-07 6.32524e-07 2.22867e-06 6.29442e-06 1.48844e-05 3.02006e-05 5.34994e-05 8.39728e-05 0.000118382 0.000151785 0.000178952 0.000195755 0.000200036 0.000191879 0.000173408 0.000148257 0.000120828 9.54523e-05 7.56352e-05 6.35537e-05 5.97551e-05 6.28267e-05 6.9794e-05 7.95737e-05 9.49371e-05 0.000110695 0.000107674 7.8379e-05 4.12237e-05 1.57806e-05 4.56506e-06 1.07445e-06 2.2473e-07 4.34604e-08 7.55494e-09 1.109e-09 1.23201e-10 7.40501e-12 0 
0 3.38417e-09 3.05886e-08 1.44684e-07 4.99485e-07 1.39285e-06 3.2801e-06 6.68505e-06 1.19843e-05 1.91372e-05 2.75145e-05 3.59564e-05 4.30659e-05 4.7611e-05 4.88714e-05 4.68123e-05 4.20515e-05 3.56604e-05 2.88777e-05 2.28309e-05 1.83455e-05 1.58694e-05 1.5466e-05 1.67822e-05 1.90145e-05 2.11452e-05 2.23605e-05 2.18035e-05 1.83987e-05 1.2485e-05 6.51741e-06 2.61109e-06 8.33014e-07 2.2473e-07 5.37558e-08 1.1484e-08 2.13727e-09 3.30607e-10 3.84142e-11 2.4028e-12 0 
0 7.33358e-10 6.42699e-09 2.95564e-08 9.96282e-08 2.72706e-07 6.34091e-07 1.28346e-06 2.29721e-06 3.67789e-06 5.31619e-06 6.99245e-06 8.42664e-06 9.35986e-06 9.63344e-06 9.23414e-06 8.2909e-06 7.02958e-06 5.7072e-06 4.55086e-06 3.71936e-06 3.29081e-06 3.26355e-06 3.55205e-06 3.97785e-06 4.29419e-06 4.27202e-06 3.79345e-06 2.90764e-06 1.85625e-06 9.64013e-07 4.07616e-07 1.43647e-07 4.34604e-08 1.1484e-08 2.64642e-09 5.22803e-10 8.51326e-11 1.03597e-11 6.75714e-13 0 
0 1.39377e-10 1.18479e-09 5.29643e-09 1.74111e-08 4.66652e-08 1.06712e-07 2.13369e-07 3.7881e-07 6.03698e-07 8.70983e-07 1.14562e-06 1.38207e-06 1.53747e-06 1.585e-06 1.522e-06 1.36977e-06 1.16594e-06 9.53282e-07 7.69254e-07 6.395e-07 5.75531e-07 5.74609e-07 6.19386e-07 6.77816e-07 7.08624e-07 6.76837e-07 5.72847e-07 4.19933e-07 2.61991e-07 1.37786e-07 6.11709e-08 2.31535e-08 7.55494e-09 2.13727e-09 5.22803e-10 1.08995e-10 1.86553e-11 2.37749e-12 1.61822e-13 0 
0 2.22561e-11 1.83693e-10 7.98789e-10 2.56117e-09 6.71715e-09 1.50848e-08 2.97281e-08 5.22008e-08 8.25377e-08 1.18462e-07 1.5534e-07 1.8715e-07 2.08188e-07 2.14862e-07 2.06787e-07 1.86796e-07 1.59934e-07 1.3195e-07 1.07881e-07 9.11264e-08 8.30701e-08 8.30181e-08 8.82316e-08 9.41984e-08 9.5684e-08 8.88361e-08 7.33647e-08 5.29299e-08 3.29866e-08 1.76647e-08 8.12929e-09 3.22653e-09 1.109e-09 3.30607e-10 8.51326e-11 1.86553e-11 3.34917e-12 4.46558e-13 3.17078e-14 0 
0 2.6953e-12 2.16292e-11 9.16009e-11 2.86708e-10 7.36098e-10 1.62318e-09 3.15092e-09 5.46656e-09 8.56438e-09 1.22107e-08 1.5942e-08 1.91596e-08 2.12977e-08 2.19991e-08 2.12245e-08 1.9256e-08 1.65985e-08 1.38301e-08 1.14578e-08 9.81956e-09 9.03849e-09 9.01381e-09 9.43607e-09 9.84302e-09 9.75141e-09 8.85779e-09 7.20453e-09 5.16695e-09 3.23739e-09 1.76404e-09 8.35055e-10 3.4375e-10 1.23201e-10 3.84142e-11 1.03597e-11 2.37749e-12 4.46558e-13 6.21848e-14 4.60145e-15 0 
0 1.7687e-13 1.38216e-12 5.70927e-12 1.74662e-11 4.39389e-11 9.5194e-11 1.82061e-10 3.1205e-10 4.84253e-10 6.85549e-10 8.90676e-10 1.06737e-09 1.18526e-09 1.22519e-09 1.18508e-09 1.08015e-09 9.37732e-10 7.89262e-10 6.62323e-10 5.75012e-10 5.33117e-10 5.29619e-10 5.4627e-10 5.57992e-10 5.40958e-10 4.8259e-10 3.88008e-10 2.77389e-10 1.7487e-10 9.6773e-11 4.69226e-11 1.99244e-11 7.40501e-12 2.4028e-12 6.75714e-13 1.61822e-13 3.17078e-14 4.60145e-15 3.54289e-16 0 
0 0 0 0 0 0 0 0 0 0 0 0 0 0 0 0 0 0 0 0 0 0 0 0 0 0 0 0 0 0 0 0 0 0 0 0 0 0 0 0 0 
