0 0 0 0 0 0 0 0 0 0 0 0 0 0 0 0 0 0 0 0 0 0 0 0 0 0 0 0 0 0 0 0 0 0 0 0 0 0 0 0 0 
0 2.00595e-07 1.77641e-06 7.72707e-06 2.28529e-05 5.11663e-05 9.23838e-05 0.000141441 0.000191458 0.000236824 0.0002743 0.000302602 0.000321579 0.00033158 0.000333105 0.000326667 0.000312765 0.00029193 0.000264826 0.000232408 0.000196081 0.000157814 0.000120074 8.55138e-05 5.64274e-05 3.41715e-05 1.88401e-05 9.40338e-06 4.23593e-06 1.7211e-06 6.31394e-07 2.09477e-07 6.2923e-08 1.71033e-08 4.19111e-09 9.1723e-10 1.75731e-10 2.82453e-11 3.43878e-12 2.26627e-13 0 
0 1.77641e-06 1.60154e-05 6.79007e-05 0.000185071 0.000363485 0.000561328 0.000737242 0.000875993 0.000980959 0.00105961 0.00111697 0.00115522 0.00117511 0.00117722 0.00116252 0.00113249 0.00108878 0.00103264 0.000964254 0.000882402 0.000784826 0.000669958 0.000539849 0.00040279 0.000272909 0.000165148 8.82711e-05 4.14926e-05 1.71831e-05 6.30497e-06 2.06401e-06 6.06343e-07 1.60339e-07 3.81216e-08 8.08702e-09 1.50212e-09 2.34282e-10 2.77154e-11 1.77765e-12 0 
0 7.72707e-06 6.79007e-05 0.000260126 0.000593628 0.000948068 0.00122994 0.00144686 0.00163252 0.00180117 0.00195044 0.00207233 0.00215935 0.00220674 0.00221302 0.00217987 0.00211178 0.00201537 0.00189874 0.00177034 0.00163752 0.00150421 0.00136802 0.00121843 0.00103992 0.000823775 0.000583868 0.000358592 0.000187258 8.29153e-05 3.14375e-05 1.03643e-05 3.01452e-06 7.81287e-07 1.81076e-07 3.73546e-08 6.74318e-09 1.02263e-09 1.17764e-10 7.3636e-12 0 
0 2.28529e-05 0.000185071 0.000593628 0.00108803 0.00148246 0.00181233 0.00214178 0.00247715 0.00279874 0.00308434 0.00331573 0.00347991 0.0035694 0.00358226 0.00352173 0.00339553 0.00321496 0.00299381 0.00274725 0.00249089 0.00223973 0.0020064 0.00179718 0.00160486 0.00140244 0.00115195 0.000840665 0.000516659 0.000259448 0.000106475 3.647e-05 1.07057e-05 2.75109e-06 6.26079e-07 1.26218e-07 2.22247e-08 3.28691e-09 3.69392e-10 2.25682e-11 0 
0 5.11663e-05 0.000363485 0.000948068 0.00148246 0.00194233 0.00243513 0.00296845 0.00350789 0.00401729 0.00446526 0.0048263 0.00508186 0.00522122 0.00524172 0.00514839 0.00495297 0.00467239 0.00432712 0.00393937 0.0035315 0.00312481 0.00273879 0.00239056 0.00209219 0.00184194 0.00160884 0.00133101 0.000966869 0.000572592 0.000266515 9.84472e-05 2.98902e-05 7.73024e-06 1.74337e-06 3.45579e-07 5.96224e-08 8.62999e-09 9.4934e-10 5.6821e-11 0 
0 9.23838e-05 0.000561328 0.00122994 0.00181233 0.00243513 0.00314809 0.00391045 0.00467262 0.0053883 0.00601597 0.00652113 0.00687848 0.00707334 0.00710216 0.00697196 0.00669899 0.0063067 0.00582327 0.00527914 0.00470468 0.00412825 0.00357492 0.00306606 0.00261958 0.00224861 0.00195146 0.00168811 0.00137256 0.000951375 0.000515422 0.000212275 6.84074e-05 1.81028e-05 4.08757e-06 8.02079e-07 1.36253e-07 1.93768e-08 2.09328e-09 1.23093e-10 0 
0 0.000141441 0.000737242 0.00144686 0.00214178 0.00296845 0.00391045 0.00490827 0.00590195 0.00683342 0.00764959 0.00830626 0.00877122 0.00902537 0.00906294 0.0088927 0.00853685 0.00802639 0.00739753 0.00668921 0.00594039 0.00518724 0.00446127 0.00378836 0.00318893 0.00267911 0.00226958 0.00195111 0.00166099 0.0012874 0.000806368 0.000376939 0.000131703 3.62256e-05 8.27237e-06 1.6176e-06 2.71884e-07 3.81371e-08 4.05945e-09 2.35212e-10 0 
0 0.000191458 0.000875993 0.00163252 0.00247715 0.00350789 0.00467262 0.00590195 0.00712454 0.00826983 0.00927393 0.0100874 0.0106759 0.0110076 0.0110579 0.0108338 0.0103763 0.00973673 0.0089598 0.00808804 0.0071664 0.0062385 0.00534248 0.00450919 0.00376197 0.00311777 0.00258917 0.00218084 0.00186319 0.00153266 0.00107571 0.00056934 0.000218142 6.31011e-05 1.46968e-05 2.88075e-06 4.81205e-07 6.68213e-08 7.03062e-09 4.0254e-10 0 
0 0.000236824 0.000980959 0.00180117 0.00279874 0.00401729 0.0053883 0.00683342 0.00826983 0.00961639 0.0108086 0.0118087 0.0125598 0.0129808 0.0130447 0.0127644 0.0121773 0.0113689 0.0104269 0.00939527 0.00831134 0.00722034 0.00616592 0.00518375 0.00430028 0.00353358 0.00289577 0.00239463 0.00202035 0.00169917 0.00128666 0.000757093 0.000317917 9.72564e-05 2.32323e-05 4.58514e-06 7.63984e-07 1.05363e-07 1.099e-08 6.23442e-10 0 
0 0.0002743 0.00105961 0.00195044 0.00308434 0.00446526 0.00601597 0.00764959 0.00927393 0.0108086 0.012209 0.0133867 0.0141696 0.0145514 0.0146051 0.0143561 0.0137808 0.0128689 0.0117426 0.0105429 0.00931038 0.0080764 0.0068839 0.0057722 0.0047706 0.00389848 0.00316751 0.00258501 0.00214948 0.00181273 0.00143503 0.000915407 0.000416857 0.000134695 3.30626e-05 6.58709e-06 1.09773e-06 1.50756e-07 1.56288e-08 8.8058e-10 0 
0 0.000302602 0.00111697 0.00207233 0.00331573 0.0048263 0.00652113 0.00830626 0.0100874 0.0118087 0.0133867 0.0145337 0.0151857 0.0154918 0.0155327 0.0153285 0.0148538 0.014037 0.0128474 0.0114836 0.0101119 0.00875988 0.00745677 0.00624163 0.00514591 0.00419012 0.00338577 0.00273912 0.00225123 0.00189005 0.00153153 0.00103323 0.000501807 0.000170019 4.28045e-05 8.61381e-06 1.43804e-06 1.97063e-07 2.03492e-08 1.14125e-09 0 
0 0.000321579 0.00115522 0.00215935 0.00347991 0.00508186 0.00687848 0.00877122 0.0106759 0.0125598 0.0141696 0.0151857 0.0157492 0.0160159 0.0160499 0.0158673 0.0154488 0.0147319 0.0136162 0.012171 0.0106793 0.00923695 0.00785559 0.00656804 0.00540655 0.00439247 0.00353724 0.00284624 0.00232096 0.0019381 0.00158792 0.00110957 0.000563832 0.000198007 5.08744e-05 1.03281e-05 1.72838e-06 2.36685e-07 2.4389e-08 1.36411e-09 0 
0 0.00033158 0.00117511 0.00220674 0.0035694 0.00522122 0.00707334 0.00902537 0.0110076 0.0129808 0.0145514 0.0154918 0.0160159 0.016265 0.0162951 0.0161208 0.0157254 0.015054 0.0140002 0.0125479 0.0109848 0.00948784 0.00806381 0.00673761 0.00554118 0.00449623 0.00361413 0.00289973 0.00235437 0.00195881 0.00161222 0.00114761 0.000598539 0.000214847 5.59307e-05 1.14253e-05 1.91636e-06 2.62512e-07 2.70344e-08 1.51058e-09 0 
0 0.000333105 0.00117722 0.00221302 0.00358226 0.00524172 0.00710216 0.00906294 0.0110579 0.0130447 0.0146051 0.0155327 0.0160499 0.0162951 0.0163232 0.0161483 0.0157543 0.0150875 0.0140417 0.0125885 0.0110128 0.00950716 0.00807771 0.00674708 0.00554691 0.00449881 0.00361402 0.00289716 0.00234946 0.00195264 0.00160879 0.00115094 0.000604937 0.000218711 5.72189e-05 1.1723e-05 1.9697e-06 2.70113e-07 2.78387e-08 1.55648e-09 0 
0 0.000326667 0.00116252 0.00217987 0.00352173 0.00514839 0.00697196 0.0088927 0.0108338 0.0127644 0.0143561 0.0153285 0.0158673 0.0161208 0.0161483 0.015965 0.0155531 0.0148544 0.0137636 0.0123042 0.0107728 0.00930492 0.00790573 0.00660312 0.00542878 0.00440382 0.00353927 0.0028398 0.00230664 0.00191997 0.00157928 0.00112199 0.000584295 0.000209808 5.47249e-05 1.12091e-05 1.88556e-06 2.59049e-07 2.67547e-08 1.49919e-09 0 
0 0.000312765 0.00113249 0.00211178 0.00339553 0.00495297 0.00669899 0.00853685 0.0103763 0.0121773 0.0137808 0.0148538 0.0154488 0.0157254 0.0157543 0.0155531 0.0151 0.0143278 0.0131586 0.0117351 0.0103001 0.00890501 0.00756684 0.00632093 0.00519856 0.00422001 0.00339606 0.00273172 0.00222809 0.00186105 0.00152302 0.00106198 0.000539629 0.000190147 4.9126e-05 1.00355e-05 1.68993e-06 2.32829e-07 2.41341e-08 1.35772e-09 0 
0 0.00029193 0.00108878 0.00201537 0.00321496 0.00467239 0.0063067 0.00802639 0.00973673 0.0113689 0.0128689 0.014037 0.0147319 0.015054 0.0150875 0.0148544 0.0143278 0.0134491 0.0122575 0.0109546 0.00964127 0.00834064 0.00708795 0.0059221 0.00487295 0.00395974 0.00319306 0.0025785 0.00211635 0.00177478 0.00143706 0.00097188 0.000475819 0.000163136 4.15872e-05 8.46615e-06 1.42833e-06 1.97658e-07 2.06026e-08 1.16607e-09 0 
0 0.000264826 0.00103264 0.00189874 0.00299381 0.00432712 0.00582327 0.00739753 0.0089598 0.0104269 0.0117426 0.0128474 0.0136162 0.0140002 0.0140417 0.0137636 0.0131586 0.0122575 0.0111835 0.0100326 0.00884204 0.00765026 0.00650106 0.00543222 0.00447156 0.00363719 0.00293975 0.00238544 0.00197211 0.00165673 0.00131649 0.000854319 0.000399942 0.000133034 3.347e-05 6.80164e-06 1.15229e-06 1.60565e-07 1.68722e-08 9.63083e-10 0 
0 0.000232408 0.000964254 0.00177034 0.00274725 0.00393937 0.00527914 0.00668921 0.00808804 0.00939527 0.0105429 0.0114836 0.012171 0.0125479 0.0125885 0.0123042 0.0117351 0.0109546 0.0100326 0.00901568 0.00794761 0.00687491 0.00584033 0.00487845 0.00401479 0.00326652 0.00264451 0.0021551 0.00179108 0.0014975 0.00115675 0.000716387 0.00032123 0.000104245 2.60362e-05 5.30797e-06 9.06694e-07 1.27653e-07 1.35617e-08 7.82616e-10 0 
0 0.000196081 0.000882402 0.00163752 0.00249089 0.0035315 0.00470468 0.00594039 0.0071664 0.00831134 0.00931038 0.0101119 0.0106793 0.0109848 0.0110128 0.0107728 0.0103001 0.00964127 0.00884204 0.00794761 0.00700411 0.00605535 0.00513946 0.0042873 0.00352209 0.00286017 0.00231258 0.00188423 0.00156125 0.00128462 0.000959659 0.000572017 0.000250034 8.05431e-05 2.02236e-05 4.16976e-06 7.21741e-07 1.02973e-07 1.10785e-08 6.46787e-10 0 
0 0.000157814 0.000784826 0.00150421 0.00223973 0.00312481 0.00412825 0.00518724 0.0062385 0.00722034 0.0080764 0.00875988 0.00923695 0.00948784 0.00950716 0.00930492 0.00890501 0.00834064 0.00765026 0.00687491 0.00605535 0.00522929 0.00442957 0.0036831 0.00301074 0.00242794 0.00194493 0.00156369 0.00126883 0.00101585 0.000742508 0.000440918 0.00019549 6.44064e-05 1.65359e-05 3.47377e-06 6.1034e-07 8.81245e-08 9.57214e-09 5.63145e-10 0 
0 0.000120074 0.000669958 0.00136802 0.0020064 0.00273879 0.00357492 0.00446127 0.00534248 0.00616592 0.0068839 0.00745677 0.00785559 0.00806381 0.00807771 0.00790573 0.00756684 0.00708795 0.00650106 0.00584033 0.00513946 0.00442957 0.00373789 0.00308718 0.00249616 0.00198015 0.0015497 0.00120659 0.000941259 0.000731914 0.000541082 0.000340173 0.000162074 5.65366e-05 1.50272e-05 3.21313e-06 5.68939e-07 8.23512e-08 8.9422e-09 5.25081e-10 0 
0 8.55138e-05 0.000539849 0.00121843 0.00179718 0.00239056 0.00306606 0.00378836 0.00450919 0.00518375 0.0057722 0.00624163 0.00656804 0.00673761 0.00674708 0.00660312 0.00632093 0.0059221 0.00543222 0.00487845 0.0042873 0.0036831 0.00308718 0.00251864 0.00199836 0.00155518 0.00121707 0.000973923 0.000771525 0.000578728 0.000413534 0.000275134 0.000146446 5.5511e-05 1.5304e-05 3.29391e-06 5.79159e-07 8.28388e-08 8.87815e-09 5.14622e-10 0 
0 5.64274e-05 0.00040279 0.00103992 0.00160486 0.00209219 0.00261958 0.00318893 0.00376197 0.00430028 0.0047706 0.00514591 0.00540655 0.00554118 0.00554691 0.00542878 0.00519856 0.00487295 0.00447156 0.00401479 0.00352209 0.00301074 0.00249616 0.00199836 0.00156655 0.00130503 0.00129129 0.00139698 0.00132823 0.00097585 0.000554467 0.000282453 0.000143839 5.82067e-05 1.6546e-05 3.53931e-06 6.09731e-07 8.52146e-08 8.93359e-09 5.07588e-10 0 
0 3.41715e-05 0.000272909 0.000823775 0.00140244 0.00184194 0.00224861 0.00267911 0.00311777 0.00353358 0.00389848 0.00419012 0.00439247 0.00449623 0.00449881 0.00440382 0.00422001 0.00395974 0.00363719 0.00326652 0.00286017 0.00242794 0.00198015 0.00155518 0.00130503 0.00153308 0.0024169 0.00352062 0.00394022 0.00274575 0.00139758 0.000517312 0.000175428 6.29725e-05 1.77582e-05 3.7194e-06 6.22472e-07 8.46101e-08 8.65482e-09 4.81353e-10 0 
0 1.88401e-05 0.000165148 0.000583868 0.00115195 0.00160884 0.00195146 0.00226958 0.00258917 0.00289577 0.00316751 0.00338577 0.00353724 0.00361413 0.00361402 0.00353927 0.00339606 0.00319306 0.00293975 0.00264451 0.00231258 0.00194493 0.0015497 0.00121707 0.00129129 0.0024169 0.00506447 0.0092403 0.0101515 0.0071582 0.00322508 0.00109177 0.000277038 7.19114e-05 1.82093e-05 3.6302e-06 5.85892e-07 7.74913e-08 7.75598e-09 4.23612e-10 0 
0 9.40338e-06 8.82711e-05 0.000358592 0.000840665 0.00133101 0.00168811 0.00195111 0.00218084 0.00239463 0.00258501 0.00273912 0.00284624 0.00289973 0.00289716 0.0028398 0.00273172 0.0025785 0.00238544 0.0021551 0.00188423 0.00156369 0.00120659 0.000973923 0.00139698 0.00352062 0.0092403 0.0113805 0.0116443 0.010794 0.00599554 0.00174994 0.000404286 8.18569e-05 1.73175e-05 3.17654e-06 4.91185e-07 6.34685e-08 6.25636e-09 3.37714e-10 0 
0 4.23593e-06 4.14926e-05 0.000187258 0.000516659 0.000966869 0.00137256 0.00166099 0.00186319 0.00202035 0.00214948 0.00225123 0.00232096 0.00235437 0.00234946 0.00230664 0.00222809 0.00211635 0.00197211 0.00179108 0.00156125 0.00126883 0.000941259 0.000771525 0.00132823 0.00394022 0.0101515 0.0116443 0.0118399 0.0111382 0.00718077 0.00192738 0.000433959 7.90162e-05 1.44045e-05 2.41073e-06 3.57903e-07 4.55592e-08 4.46388e-09 2.40133e-10 0 
0 1.7211e-06 1.71831e-05 8.29153e-05 0.000259448 0.000572592 0.000951375 0.0012874 0.00153266 0.00169917 0.00181273 0.00189005 0.0019381 0.00195881 0.00195264 0.00191997 0.00186105 0.00177478 0.00165673 0.0014975 0.00128462 0.00101585 0.000731914 0.000578728 0.00097585 0.00274575 0.0071582 0.010794 0.0111382 0.0098327 0.00443882 0.00142784 0.000321576 5.76432e-05 9.75287e-06 1.53338e-06 2.2263e-07 2.83093e-08 2.78779e-09 1.50851e-10 0 
0 6.31394e-07 6.30497e-06 3.14375e-05 0.000106475 0.000266515 0.000515422 0.000806368 0.00107571 0.00128666 0.00143503 0.00153153 0.00158792 0.00161222 0.00160879 0.00157928 0.00152302 0.00143706 0.00131649 0.00115675 0.000959659 0.000742508 0.000541082 0.000413534 0.000554467 0.00139758 0.00322508 0.00599554 0.00718077 0.00443882 0.00214357 0.000709381 0.000164012 3.06597e-05 5.13525e-06 7.98627e-07 1.17062e-07 1.51372e-08 1.51594e-09 8.32853e-11 0 
0 2.09477e-07 2.06401e-06 1.03643e-05 3.647e-05 9.84472e-05 0.000212275 0.000376939 0.00056934 0.000757093 0.000915407 0.00103323 0.00110957 0.00114761 0.00115094 0.00112199 0.00106198 0.00097188 0.000854319 0.000716387 0.000572017 0.000440918 0.000340173 0.000275134 0.000282453 0.000517312 0.00109177 0.00174994 0.00192738 0.00142784 0.000709381 0.000240232 5.96092e-05 1.19963e-05 2.09287e-06 3.40311e-07 5.20582e-08 6.96194e-09 7.1668e-10 4.03189e-11 0 
0 6.2923e-08 6.06343e-07 3.01452e-06 1.07057e-05 2.98902e-05 6.84074e-05 0.000131703 0.000218142 0.000317917 0.000416857 0.000501807 0.000563832 0.000598539 0.000604937 0.000584295 0.000539629 0.000475819 0.000399942 0.00032123 0.000250034 0.00019549 0.000162074 0.000146446 0.000143839 0.000175428 0.000277038 0.000404286 0.000433959 0.000321576 0.000164012 5.96092e-05 1.63384e-05 3.58142e-06 6.82397e-07 1.21061e-07 1.97486e-08 2.76277e-09 2.94778e-10 1.71019e-11 0 
0 1.71033e-08 1.60339e-07 7.81287e-07 2.75109e-06 7.73024e-06 1.81028e-05 3.62256e-05 6.31011e-05 9.72564e-05 0.000134695 0.000170019 0.000198007 0.000214847 0.000218711 0.000209808 0.000190147 0.000163136 0.000133034 0.000104245 8.05431e-05 6.44064e-05 5.65366e-05 5.5511e-05 5.82067e-05 6.29725e-05 7.19114e-05 8.18569e-05 7.90162e-05 5.76432e-05 3.06597e-05 1.19963e-05 3.58142e-06 8.73072e-07 1.87897e-07 3.69113e-08 6.45544e-09 9.49577e-10 1.05594e-10 6.35138e-12 0 
0 4.19111e-09 3.81216e-08 1.81076e-07 6.26079e-07 1.74337e-06 4.08757e-06 8.27237e-06 1.46968e-05 2.32323e-05 3.30626e-05 4.28045e-05 5.08744e-05 5.59307e-05 5.72189e-05 5.47249e-05 4.9126e-05 4.15872e-05 3.347e-05 2.60362e-05 2.02236e-05 1.65359e-05 1.50272e-05 1.5304e-05 1.6546e-05 1.77582e-05 1.82093e-05 1.73175e-05 1.44045e-05 9.75287e-06 5.13525e-06 2.09287e-06 6.82397e-07 1.87897e-07 4.55652e-08 9.79822e-09 1.82812e-09 2.83082e-10 3.29138e-11 2.05992e-12 0 
0 9.1723e-10 8.08702e-09 3.73546e-08 1.26218e-07 3.45579e-07 8.02079e-07 1.6176e-06 2.88075e-06 4.58514e-06 6.58709e-06 8.61381e-06 1.03281e-05 1.14253e-05 1.1723e-05 1.12091e-05 1.00355e-05 8.46615e-06 6.80164e-06 5.30797e-06 4.16976e-06 3.47377e-06 3.21313e-06 3.29391e-06 3.53931e-06 3.7194e-06 3.6302e-06 3.17654e-06 2.41073e-06 1.53338e-06 7.98627e-07 3.40311e-07 1.21061e-07 3.69113e-08 9.79822e-09 2.26273e-09 4.47422e-10 7.28973e-11 8.87477e-12 5.79113e-13 0 
0 1.75731e-10 1.50212e-09 6.74318e-09 2.22247e-08 5.96224e-08 1.36253e-07 2.71884e-07 4.81205e-07 7.63984e-07 1.09773e-06 1.43804e-06 1.72838e-06 1.91636e-06 1.9697e-06 1.88556e-06 1.68993e-06 1.42833e-06 1.15229e-06 9.06694e-07 7.21741e-07 6.1034e-07 5.68939e-07 5.79159e-07 6.09731e-07 6.22472e-07 5.85892e-07 4.91185e-07 3.57903e-07 2.2263e-07 1.17062e-07 5.20582e-08 1.97486e-08 6.45544e-09 1.82812e-09 4.47422e-10 9.33105e-11 1.59755e-11 2.0366e-12 1.38664e-13 0 
0 2.82453e-11 2.34282e-10 1.02263e-09 3.28691e-09 8.62999e-09 1.93768e-08 3.81371e-08 6.68213e-08 1.05363e-07 1.50756e-07 1.97063e-07 2.36685e-07 2.62512e-07 2.70113e-07 2.59049e-07 2.32829e-07 1.97658e-07 1.60565e-07 1.27653e-07 1.02973e-07 8.81245e-08 8.23512e-08 8.28388e-08 8.52146e-08 8.46101e-08 7.74913e-08 6.34685e-08 4.55592e-08 2.83093e-08 1.51372e-08 6.96194e-09 2.76277e-09 9.49577e-10 2.83082e-10 7.28973e-11 1.59755e-11 2.86848e-12 3.82538e-13 2.71684e-14 0 
0 3.43878e-12 2.77154e-11 1.17764e-10 3.69392e-10 9.4934e-10 2.09328e-09 4.05945e-09 7.03062e-09 1.099e-08 1.56288e-08 2.03492e-08 2.4389e-08 2.70344e-08 2.78387e-08 2.67547e-08 2.41341e-08 2.06026e-08 1.68722e-08 1.35617e-08 1.10785e-08 9.57214e-09 8.9422e-09 8.87815e-09 8.93359e-09 8.65482e-09 7.75598e-09 6.25636e-09 4.46388e-09 2.78779e-09 1.51594e-09 7.1668e-10 2.94778e-10 1.05594e-10 3.29138e-11 8.87477e-12 2.0366e-12 3.82538e-13 5.32749e-14 3.94272e-15 0 
0 2.26627e-13 1.77765e-12 7.3636e-12 2.25682e-11 5.6821e-11 1.23093e-10 2.35212e-10 4.0254e-10 6.23442e-10 8.8058e-10 1.14125e-09 1.36411e-09 1.51058e-09 1.55648e-09 1.49919e-09 1.35772e-09 1.16607e-09 9.63083e-10 7.82616e-10 6.46787e-10 5.63145e-10 5.25081e-10 5.14622e-10 5.07588e-10 4.81353e-10 4.23612e-10 3.37714e-10 2.40133e-10 1.50851e-10 8.32853e-11 4.03189e-11 1.71019e-11 6.35138e-12 2.05992e-12 5.79113e-13 1.38664e-13 2.71684e-14 3.94272e-15 3.03592e-16 0 
0 0 0 0 0 0 0 0 0 0 0 0 0 0 0 0 0 0 0 0 0 0 0 0 0 0 0 0 0 0 0 0 0 0 0 0 0 0 0 0 0 
