0 0 0 0 0 0 0 0 0 0 0 0 0 0 0 0 0 0 0 0 0 0 0 0 0 0 0 0 0 0 0 0 0 0 0 0 0 0 0 0 0 
0 1.56248e-07 1.41513e-06 6.43629e-06 2.03746e-05 4.97291e-05 9.87269e-05 0.000165897 0.000244111 0.000323758 0.000396094 0.000454899 0.000496581 0.000519585 0.00052377 0.000509967 0.000479768 0.000435475 0.000380143 0.000317615 0.000252416 0.0001894 0.000133091 8.68602e-05 5.22445e-05 2.87762e-05 1.44494e-05 6.59882e-06 2.73958e-06 1.0349e-06 3.56267e-07 1.11924e-07 3.21025e-08 8.39464e-09 1.992e-09 4.24549e-10 7.95914e-11 1.2568e-11 1.50819e-12 9.82337e-14 0 
0 1.41513e-06 1.32334e-05 6.05793e-05 0.000185969 0.000422911 0.000758336 0.00113485 0.00149208 0.00179539 0.00203436 0.00221009 0.00232656 0.00238751 0.00239621 0.00235581 0.00226948 0.00214016 0.00197035 0.00176237 0.00151976 0.00124998 0.000967374 0.00069377 0.000454163 0.000267972 0.000141336 6.64286e-05 2.78649e-05 1.04786e-05 3.55227e-06 1.09101e-06 3.04575e-07 7.73361e-08 1.7803e-08 3.68109e-09 6.6999e-10 1.02828e-10 1.20102e-11 7.62537e-13 0 
0 6.43629e-06 6.05793e-05 0.000266227 0.000738253 0.00144433 0.00219951 0.00286159 0.00340561 0.00385372 0.004221 0.00450778 0.00470786 0.00481575 0.00483032 0.00475576 0.00460121 0.00437922 0.00410344 0.00378555 0.00343151 0.00303881 0.0025981 0.00210361 0.00157197 0.00105441 0.000620258 0.000315915 0.000139207 5.3512e-05 1.81661e-05 5.51068e-06 1.50679e-06 3.73008e-07 8.35343e-08 1.67926e-08 2.97255e-09 4.44122e-10 5.05626e-11 3.13377e-12 0 
0 2.03746e-05 0.000185969 0.000738253 0.00173051 0.00283167 0.00379227 0.00463096 0.00540706 0.00612411 0.00675339 0.00726135 0.00762132 0.00781746 0.00784565 0.007713 0.00743641 0.00704044 0.00655476 0.00601116 0.00543996 0.00486458 0.00429352 0.00371139 0.00308021 0.00237054 0.00161881 0.000943231 0.000459668 0.000187901 6.55896e-05 1.99774e-05 5.40431e-06 1.31271e-06 2.87256e-07 5.63283e-08 9.72341e-09 1.41747e-09 1.57623e-10 9.55436e-12 0 
0 4.97291e-05 0.000422911 0.00144433 0.00283167 0.00411535 0.00530349 0.00649651 0.00768227 0.00879861 0.00977987 0.0105706 0.0111304 0.0114356 0.0114805 0.0112761 0.0108481 0.0102335 0.0094773 0.00862794 0.00773415 0.00684128 0.0059871 0.00519342 0.00444988 0.00369866 0.00286038 0.00193714 0.00108691 0.000493168 0.000182976 5.71857e-05 1.55108e-05 3.72775e-06 8.01564e-07 1.53957e-07 2.60023e-08 3.70895e-09 4.03837e-10 2.39938e-11 0 
0 9.87269e-05 0.000758336 0.00219951 0.00379227 0.00530349 0.00689192 0.00856449 0.010234 0.0118015 0.0131763 0.0142827 0.0150653 0.0154921 0.0155552 0.0152701 0.0146722 0.013813 0.0127542 0.0115625 0.0103043 0.00904166 0.00782908 0.00671042 0.0057118 0.00482113 0.00395854 0.00300152 0.00194375 0.00100678 0.000409814 0.000134607 3.71721e-05 8.92403e-06 1.89753e-06 3.58643e-07 5.94832e-08 8.32779e-09 8.90271e-10 5.19745e-11 0 
0 0.000165897 0.00113485 0.00286159 0.00463096 0.00649651 0.00856449 0.0107502 0.0129265 0.0149667 0.0167542 0.018192 0.0192086 0.0197627 0.0198443 0.0194735 0.0186963 0.0175793 0.0162022 0.0146508 0.0130107 0.0113612 0.0097711 0.00829689 0.00698061 0.00584272 0.00485416 0.00389538 0.00281297 0.00166269 0.000757092 0.000266864 7.61727e-05 1.84454e-05 3.90345e-06 7.29421e-07 1.19254e-07 1.64402e-08 1.73052e-09 9.95256e-11 0 
0 0.000244111 0.00149208 0.00340561 0.00540706 0.00768227 0.010234 0.0129265 0.0156043 0.0181126 0.0203094 0.0220755 0.0233237 0.0240035 0.0241026 0.0236457 0.0226896 0.0213161 0.0196227 0.0177145 0.015696 0.0136637 0.0117012 0.00987607 0.008239 0.00682308 0.00563211 0.00459689 0.00353818 0.00232837 0.00118721 0.00045471 0.000135773 3.34457e-05 7.08574e-06 1.31489e-06 2.1268e-07 2.89626e-08 3.01035e-09 1.70996e-10 0 
0 0.000323758 0.00179539 0.00385372 0.00612411 0.00879861 0.0118015 0.0149667 0.0181126 0.0210584 0.0236373 0.0257104 0.0271765 0.0279754 0.0280903 0.0275499 0.026423 0.0248074 0.0228176 0.0205757 0.0182036 0.0158141 0.0135047 0.0113535 0.00941846 0.00773806 0.00632945 0.00516176 0.0040912 0.00289918 0.00163115 0.000679758 0.000213704 5.38738e-05 1.14796e-05 2.12345e-06 3.40916e-07 4.59965e-08 4.73371e-09 2.66242e-10 0 
0 0.000396094 0.00203436 0.004221 0.00675339 0.00977987 0.0131763 0.0167542 0.0203094 0.0236373 0.0265506 0.0288945 0.0305543 0.0314584 0.0315863 0.0309703 0.0296892 0.027857 0.0256053 0.023071 0.0203901 0.017689 0.0150772 0.0126424 0.0104486 0.00853819 0.0069328 0.00562132 0.0045007 0.00333634 0.00202534 0.000910518 0.000301365 7.79464e-05 1.67539e-05 3.09806e-06 4.95072e-07 6.63552e-08 6.77888e-09 3.78428e-10 0 
0 0.000454899 0.00221009 0.00450778 0.00726135 0.0105706 0.0142827 0.018192 0.0220755 0.0257104 0.0288945 0.0314568 0.0332623 0.0342348 0.034368 0.0337012 0.0323069 0.0303016 0.0278359 0.025065 0.0221361 0.0191855 0.0163319 0.0136705 0.0112706 0.00917716 0.00741353 0.00597723 0.00479374 0.0036435 0.00233264 0.00111454 0.000386021 0.000102319 2.2206e-05 4.11247e-06 6.55568e-07 8.74928e-08 8.8936e-09 4.93899e-10 0 
0 0.000496581 0.00232656 0.00470786 0.00762132 0.0111304 0.0150653 0.0192086 0.0233237 0.0271765 0.0305543 0.0332623 0.0351416 0.0361315 0.0362605 0.0355763 0.0341295 0.0320169 0.0294001 0.0264591 0.0233546 0.0202285 0.0172054 0.0143854 0.0118415 0.00962041 0.00774622 0.00621983 0.00498325 0.00383645 0.00254041 0.00126758 0.000454638 0.000122959 2.69218e-05 4.99785e-06 7.96099e-07 1.06011e-07 1.07451e-08 5.94893e-10 0 
0 0.000519585 0.00238751 0.00481575 0.00781746 0.0114356 0.0154921 0.0197627 0.0240035 0.0279754 0.0314584 0.0342348 0.0361315 0.0371121 0.0372332 0.036547 0.0350878 0.0329294 0.0302325 0.0271969 0.0239961 0.0207754 0.0176614 0.0147568 0.0121364 0.00984767 0.00791496 0.0063403 0.00507377 0.00392908 0.00264953 0.00135626 0.000497278 0.00013633 3.00473e-05 5.59239e-06 8.91268e-07 1.18632e-07 1.2014e-08 6.64492e-10 0 
0 0.00052377 0.00239621 0.00483032 0.00784565 0.0114805 0.0155552 0.0198443 0.0241026 0.0280903 0.0315863 0.034368 0.0362605 0.0372332 0.0373478 0.0366577 0.0351944 0.0330273 0.0303164 0.0272654 0.0240504 0.020817 0.0176918 0.0147775 0.0121489 0.00985333 0.00791479 0.00633546 0.00506775 0.00393078 0.00266572 0.00137652 0.000508963 0.000140373 3.10547e-05 5.79351e-06 9.24823e-07 1.23256e-07 1.24968e-08 6.91977e-10 0 
0 0.000509967 0.00235581 0.00475576 0.007713 0.0112761 0.0152701 0.0194735 0.0236457 0.0275499 0.0309703 0.0337012 0.0355763 0.036547 0.0366577 0.0359593 0.0344943 0.0323487 0.0296852 0.0266948 0.0235442 0.020376 0.0173152 0.0144623 0.0118902 0.00964529 0.00775095 0.0062087 0.00496857 0.00384727 0.00259537 0.00133133 0.000490067 0.000134996 2.9897e-05 5.59029e-06 8.94952e-07 1.19655e-07 1.21724e-08 6.76373e-10 0 
0 0.000479768 0.00226948 0.00460121 0.00743641 0.0108481 0.0146722 0.0186963 0.0226896 0.026423 0.0296892 0.0323069 0.0341295 0.0350878 0.0351944 0.0344943 0.0330503 0.0309714 0.0284165 0.0255538 0.0225363 0.0195025 0.016573 0.0138442 0.011386 0.00924268 0.00743691 0.00596856 0.00478054 0.00368152 0.00244509 0.00122932 0.000445779 0.000121977 2.70014e-05 5.06402e-06 8.14544e-07 1.09516e-07 1.1209e-08 6.26814e-10 0 
0 0.000435475 0.00214016 0.00437922 0.00704044 0.0102335 0.013813 0.0175793 0.0213161 0.0248074 0.027857 0.0303016 0.0320169 0.0329294 0.0330273 0.0323487 0.0309714 0.029014 0.0266204 0.0239385 0.0211103 0.0182675 0.0155241 0.0129707 0.0106728 0.00867257 0.00699138 0.00562594 0.00450696 0.00343437 0.00222354 0.00108461 0.000384987 0.000104425 2.31236e-05 4.35997e-06 7.06817e-07 9.58986e-08 9.91089e-09 5.598e-10 0 
0 0.000380143 0.00197035 0.00410344 0.00655476 0.0094773 0.0127542 0.0162022 0.0196227 0.0228176 0.0256053 0.0278359 0.0294001 0.0302325 0.0303164 0.0296852 0.0284165 0.0266204 0.0244245 0.0219621 0.0193651 0.0167557 0.0142387 0.0118977 0.00979366 0.00796592 0.00643445 0.00519007 0.00414747 0.0031064 0.00194535 0.000916804 0.000318709 8.59854e-05 1.91352e-05 3.6455e-06 5.98644e-07 8.2362e-08 8.63432e-09 4.94673e-10 0 
0 0.000317615 0.00176237 0.00378555 0.00601116 0.00862794 0.0115625 0.0146508 0.0177145 0.0205757 0.023071 0.025065 0.0264591 0.0271969 0.0272654 0.0266948 0.0255538 0.0239385 0.0219621 0.0197451 0.0174069 0.0150575 0.0127916 0.0106849 0.00879319 0.00715348 0.00578312 0.00466397 0.00369713 0.00270365 0.0016356 0.000749892 0.000258202 7.00841e-05 1.58296e-05 3.07209e-06 5.14416e-07 7.21471e-08 7.7032e-09 4.48928e-10 0 
0 0.000252416 0.00151976 0.00343151 0.00543996 0.00773415 0.0103043 0.0130107 0.015696 0.0182036 0.0203901 0.0221361 0.0233546 0.0239961 0.0240504 0.0235442 0.0225363 0.0211103 0.0193651 0.0174069 0.0153405 0.0132625 0.0112565 0.0093901 0.00771389 0.00626181 0.00504697 0.00404247 0.00315264 0.0022476 0.00133131 0.000608834 0.000213117 5.94045e-05 1.38084e-05 2.75305e-06 4.72145e-07 6.75999e-08 7.34541e-09 4.34406e-10 0 
0 0.0001894 0.00124998 0.00303881 0.00486458 0.00684128 0.00904166 0.0113612 0.0136637 0.0158141 0.017689 0.0191855 0.0202285 0.0207754 0.020817 0.020376 0.0195025 0.0182675 0.0167557 0.0150575 0.0132625 0.0114533 0.00970171 0.00806668 0.00659319 0.00531114 0.00422933 0.00332403 0.00253333 0.00178415 0.00107403 0.000513567 0.00019004 5.56904e-05 1.34503e-05 2.75557e-06 4.8151e-07 6.98146e-08 7.64803e-09 4.54483e-10 0 
0 0.000133091 0.000967374 0.0025981 0.00429352 0.0059871 0.00782908 0.0097711 0.0117012 0.0135047 0.0150772 0.0163319 0.0172054 0.0176614 0.0176918 0.0173152 0.016573 0.0155241 0.0142387 0.0127916 0.0112565 0.00970171 0.0081867 0.00676101 0.00546395 0.00432474 0.00336096 0.0025719 0.00192966 0.00138361 0.000890668 0.00047028 0.000190959 5.96114e-05 1.48909e-05 3.09322e-06 5.41888e-07 7.82969e-08 8.52034e-09 5.02105e-10 0 
0 8.68602e-05 0.00069377 0.00210361 0.00371139 0.00519342 0.00671042 0.00829689 0.00987607 0.0113535 0.0126424 0.0136705 0.0143854 0.0147568 0.0147775 0.0144623 0.0138442 0.0129707 0.0118977 0.0106849 0.0093901 0.00806668 0.00676101 0.00551392 0.00437001 0.00339433 0.00265181 0.00211827 0.00166894 0.00122566 0.000817126 0.000471332 0.000211816 7.03592e-05 1.79189e-05 3.70274e-06 6.38675e-07 9.05637e-08 9.66826e-09 5.59349e-10 0 
0 5.22445e-05 0.000454163 0.00157197 0.00308021 0.00444988 0.0057118 0.00698061 0.008239 0.00941846 0.0104486 0.0112706 0.0118415 0.0121364 0.0121489 0.0118902 0.011386 0.0106728 0.00979366 0.00879319 0.00771389 0.00659319 0.00546395 0.00437001 0.00342356 0.00285482 0.00282742 0.00305949 0.00290893 0.00213653 0.00120753 0.0005835 0.000253126 8.6016e-05 2.1862e-05 4.41454e-06 7.39971e-07 1.02046e-07 1.06199e-08 6.00505e-10 0 
0 2.87762e-05 0.000267972 0.00105441 0.00237054 0.00369866 0.00482113 0.00584272 0.00682308 0.00773806 0.00853819 0.00917716 0.00962041 0.00984767 0.00985333 0.00964529 0.00924268 0.00867257 0.00796592 0.00715348 0.00626181 0.00531114 0.00432474 0.00339433 0.00285482 0.00335761 0.00529353 0.00763778 0.00814197 0.00601362 0.00306096 0.00113 0.00036005 0.000107249 2.57884e-05 4.96858e-06 8.01111e-07 1.07088e-07 1.08579e-08 6.00376e-10 0 
0 1.44494e-05 0.000141336 0.000620258 0.00161881 0.00286038 0.00395854 0.00485416 0.00563211 0.00632945 0.0069328 0.00741353 0.00774622 0.00791496 0.00791479 0.00775095 0.00743691 0.00699138 0.00643445 0.00578312 0.00504697 0.00422933 0.00336096 0.00265181 0.00282742 0.00529353 0.0109864 0.0180475 0.0205657 0.0142497 0.00706348 0.00239113 0.000600439 0.000137784 2.87837e-05 5.10319e-06 7.82501e-07 1.01408e-07 1.00543e-08 5.45904e-10 0 
0 6.59882e-06 6.64286e-05 0.000315915 0.000943231 0.00193714 0.00300152 0.00389538 0.00459689 0.00516176 0.00562132 0.00597723 0.00621983 0.0063403 0.00633546 0.0062087 0.00596856 0.00562594 0.00519007 0.00466397 0.00404247 0.00332403 0.0025719 0.00211827 0.00305949 0.00763778 0.0180475 0.0281372 0.0295626 0.0242803 0.0116256 0.00383275 0.000883719 0.000167183 2.9336e-05 4.65197e-06 6.72535e-07 8.47829e-08 8.27574e-09 4.44228e-10 0 
0 2.73958e-06 2.78649e-05 0.000139207 0.000459668 0.00108691 0.00194375 0.00281297 0.00353818 0.0040912 0.0045007 0.00479374 0.00498325 0.00507377 0.00506775 0.00496857 0.00478054 0.00450696 0.00414747 0.00369713 0.00315264 0.00253333 0.00192966 0.00166894 0.00290893 0.00814197 0.0205657 0.0295626 0.0306257 0.0269001 0.0131626 0.0042212 0.000949455 0.000164726 2.53939e-05 3.63188e-06 4.98071e-07 6.16386e-08 5.98e-09 3.20057e-10 0 
0 1.0349e-06 1.04786e-05 5.3512e-05 0.000187901 0.000493168 0.00100678 0.00166269 0.00232837 0.00289918 0.00333634 0.0036435 0.00383645 0.00392908 0.00393078 0.00384727 0.00368152 0.00343437 0.0031064 0.00270365 0.0022476 0.00178415 0.00138361 0.00122566 0.00213653 0.00601362 0.0142497 0.0242803 0.0269001 0.0196124 0.0095 0.00312727 0.000702857 0.000119566 1.73142e-05 2.33494e-06 3.12288e-07 3.85852e-08 3.76467e-09 2.02802e-10 0 
0 3.56267e-07 3.55227e-06 1.81661e-05 6.55896e-05 0.000182976 0.000409814 0.000757092 0.00118721 0.00163115 0.00202534 0.00233264 0.00254041 0.00264953 0.00266572 0.00259537 0.00244509 0.00222354 0.00194535 0.0016356 0.00133131 0.00107403 0.000890668 0.000817126 0.00120753 0.00306096 0.00706348 0.0116256 0.0131626 0.0095 0.00469489 0.00155355 0.000356107 6.18372e-05 8.91631e-06 1.20625e-06 1.64207e-07 2.0706e-08 2.05747e-09 1.12614e-10 0 
0 1.11924e-07 1.09101e-06 5.51068e-06 1.99774e-05 5.71857e-05 0.000134607 0.000266864 0.00045471 0.000679758 0.000910518 0.00111454 0.00126758 0.00135626 0.00137652 0.00133133 0.00122932 0.00108461 0.000916804 0.000749892 0.000608834 0.000513567 0.00047028 0.000471332 0.0005835 0.00113 0.00239113 0.00383275 0.0042212 0.00312727 0.00155355 0.000524335 0.00012582 2.28924e-05 3.47018e-06 5.02507e-07 7.26229e-08 9.53434e-09 9.75756e-10 5.47289e-11 0 
0 3.21025e-08 3.04575e-07 1.50679e-06 5.40431e-06 1.55108e-05 3.71721e-05 7.61727e-05 0.000135773 0.000213704 0.000301365 0.000386021 0.000454638 0.000497278 0.000508963 0.000490067 0.000445779 0.000384987 0.000318709 0.000258202 0.000213117 0.00019004 0.000190959 0.000211816 0.000253126 0.00036005 0.000600439 0.000883719 0.000949455 0.000702857 0.000356107 0.00012582 3.21095e-05 6.29523e-06 1.06453e-06 1.73815e-07 2.73546e-08 3.78385e-09 4.02128e-10 2.32751e-11 0 
0 8.39464e-09 7.73361e-08 3.73008e-07 1.31271e-06 3.72775e-06 8.92403e-06 1.84454e-05 3.34457e-05 5.38738e-05 7.79464e-05 0.000102319 0.000122959 0.00013633 0.000140373 0.000134996 0.000121977 0.000104425 8.59854e-05 7.00841e-05 5.94045e-05 5.56904e-05 5.96114e-05 7.03592e-05 8.6016e-05 0.000107249 0.000137784 0.000167183 0.000164726 0.000119566 6.18372e-05 2.28924e-05 6.29523e-06 1.39375e-06 2.76188e-07 5.17696e-08 8.8919e-09 1.3003e-09 1.44226e-10 8.65936e-12 0 
0 1.992e-09 1.7803e-08 8.35343e-08 2.87256e-07 8.01564e-07 1.89753e-06 3.90345e-06 7.08574e-06 1.14796e-05 1.67539e-05 2.2206e-05 2.69218e-05 3.00473e-05 3.10547e-05 2.9897e-05 2.70014e-05 2.31236e-05 1.91352e-05 1.58296e-05 1.38084e-05 1.34503e-05 1.48909e-05 1.79189e-05 2.1862e-05 2.57884e-05 2.87837e-05 2.9336e-05 2.53939e-05 1.73142e-05 8.91631e-06 3.47018e-06 1.06453e-06 2.76188e-07 6.42818e-08 1.35524e-08 2.51008e-09 3.87582e-10 4.49892e-11 2.81174e-12 0 
0 4.24549e-10 3.68109e-09 1.67926e-08 5.63283e-08 1.53957e-07 3.58643e-07 7.29421e-07 1.31489e-06 2.12345e-06 3.09806e-06 4.11247e-06 4.99785e-06 5.59239e-06 5.79351e-06 5.59029e-06 5.06402e-06 4.35997e-06 3.6455e-06 3.07209e-06 2.75305e-06 2.75557e-06 3.09322e-06 3.70274e-06 4.41454e-06 4.96858e-06 5.10319e-06 4.65197e-06 3.63188e-06 2.33494e-06 1.20625e-06 5.02507e-07 1.73815e-07 5.17696e-08 1.35524e-08 3.11005e-09 6.13364e-10 9.97933e-11 1.21356e-11 7.91051e-13 0 
0 7.95914e-11 6.6999e-10 2.97255e-09 9.72341e-09 2.60023e-08 5.94832e-08 1.19254e-07 2.1268e-07 3.40916e-07 4.95072e-07 6.55568e-07 7.96099e-07 8.91268e-07 9.24823e-07 8.94952e-07 8.14544e-07 7.06817e-07 5.98644e-07 5.14416e-07 4.72145e-07 4.8151e-07 5.41888e-07 6.38675e-07 7.39971e-07 8.01111e-07 7.82501e-07 6.72535e-07 4.98071e-07 3.12288e-07 1.64207e-07 7.26229e-08 2.73546e-08 8.8919e-09 2.51008e-09 6.13364e-10 1.27803e-10 2.18647e-11 2.78527e-12 1.89488e-13 0 
0 1.2568e-11 1.02828e-10 4.44122e-10 1.41747e-09 3.70895e-09 8.32779e-09 1.64402e-08 2.89626e-08 4.59965e-08 6.63552e-08 8.74928e-08 1.06011e-07 1.18632e-07 1.23256e-07 1.19655e-07 1.09516e-07 9.58986e-08 8.2362e-08 7.21471e-08 6.75999e-08 6.98146e-08 7.82969e-08 9.05637e-08 1.02046e-07 1.07088e-07 1.01408e-07 8.47829e-08 6.16386e-08 3.85852e-08 2.0706e-08 9.53434e-09 3.78385e-09 1.3003e-09 3.87582e-10 9.97933e-11 2.18647e-11 3.92451e-12 5.23124e-13 3.71321e-14 0 
0 1.50819e-12 1.20102e-11 5.05626e-11 1.57623e-10 4.03837e-10 8.90271e-10 1.73052e-09 3.01035e-09 4.73371e-09 6.77888e-09 8.8936e-09 1.07451e-08 1.2014e-08 1.24968e-08 1.21724e-08 1.1209e-08 9.91089e-09 8.63432e-09 7.7032e-09 7.34541e-09 7.64803e-09 8.52034e-09 9.66826e-09 1.06199e-08 1.08579e-08 1.00543e-08 8.27574e-09 5.98e-09 3.76467e-09 2.05747e-09 9.75756e-10 4.02128e-10 1.44226e-10 4.49892e-11 1.21356e-11 2.78527e-12 5.23124e-13 7.28368e-14 5.38851e-15 0 
0 9.82337e-14 7.62537e-13 3.13377e-12 9.55436e-12 2.39938e-11 5.19745e-11 9.95256e-11 1.70996e-10 2.66242e-10 3.78428e-10 4.93899e-10 5.94893e-10 6.64492e-10 6.91977e-10 6.76373e-10 6.26814e-10 5.598e-10 4.94673e-10 4.48928e-10 4.34406e-10 4.54483e-10 5.02105e-10 5.59349e-10 6.00505e-10 6.00376e-10 5.45904e-10 4.44228e-10 3.20057e-10 2.02802e-10 1.12614e-10 5.47289e-11 2.32751e-11 8.65936e-12 2.81174e-12 7.91051e-13 1.89488e-13 3.71321e-14 5.38851e-15 4.14846e-16 0 
0 0 0 0 0 0 0 0 0 0 0 0 0 0 0 0 0 0 0 0 0 0 0 0 0 0 0 0 0 0 0 0 0 0 0 0 0 0 0 0 0 
