0 0 0 0 0 0 0 0 0 0 0 0 0 0 0 0 0 0 0 0 0 0 0 0 0 0 0 0 0 0 0 0 0 0 0 0 0 0 0 0 0 
0 2.67484e-09 2.52764e-08 1.25344e-07 4.55125e-07 1.33862e-06 3.33054e-06 7.17164e-06 1.35576e-05 2.27398e-05 3.41386e-05 4.62313e-05 5.6864e-05 6.38971e-05 6.5897e-05 6.25775e-05 5.48286e-05 4.43626e-05 3.31485e-05 2.28635e-05 1.45471e-05 8.53393e-06 4.61539e-06 2.3021e-06 1.05997e-06 4.51151e-07 1.77811e-07 6.50172e-08 2.2097e-08 6.99127e-09 2.06127e-09 5.66398e-10 1.44865e-10 3.43719e-11 7.51523e-12 1.4957e-12 2.64876e-13 3.98971e-14 4.60467e-15 2.90437e-16 0 
0 2.52764e-08 2.48512e-07 1.28083e-06 4.81967e-06 1.46238e-05 3.7313e-05 8.18367e-05 0.000156478 0.000263771 0.000396005 0.00053467 0.000655007 0.00073361 0.000755502 0.000718055 0.000630898 0.000512417 0.00038424 0.000265505 0.000168734 9.84857e-05 5.27625e-05 2.59549e-05 1.17382e-05 4.89022e-06 1.88125e-06 6.70012e-07 2.21479e-07 6.80986e-08 1.95057e-08 5.20766e-09 1.29474e-09 2.98841e-10 6.3622e-11 1.23428e-11 2.13316e-12 3.13955e-13 3.54496e-14 2.1902e-15 0 
0 1.25344e-07 1.28083e-06 6.8498e-06 2.66337e-05 8.29507e-05 0.000215342 0.000475614 0.000906292 0.0015091 0.00222547 0.00294688 0.00354939 0.00393055 0.00403246 0.00384866 0.00342011 0.00282425 0.0021586 0.00151945 0.000980294 0.000577563 0.000310183 0.000151873 6.79185e-05 2.78262e-05 1.04823e-05 3.64442e-06 1.17356e-06 3.51075e-07 9.77843e-08 2.53856e-08 6.13965e-09 1.37955e-09 2.86191e-10 5.41628e-11 9.14285e-12 1.31598e-12 1.45503e-13 8.81405e-15 0 
0 4.55125e-07 4.81967e-06 2.66337e-05 0.00010631 0.000336364 0.000874623 0.0019034 0.00351805 0.00561749 0.00790805 0.0100255 0.0116658 0.0126436 0.0128851 0.0124012 0.011269 0.00962599 0.00766995 0.00564482 0.00379831 0.002317 0.00127481 0.000631973 0.000283004 0.000115037 4.26946e-05 1.45522e-05 4.57903e-06 1.33591e-06 3.62508e-07 9.16602e-08 2.15965e-08 4.73037e-09 9.57469e-10 1.76992e-10 2.92174e-11 4.11782e-12 4.46382e-13 2.6545e-14 0 
0 1.33862e-06 1.46238e-05 8.29507e-05 0.000336364 0.0010634 0.00270226 0.00561024 0.00970059 0.0143594 0.0187973 0.0224341 0.0249961 0.0264165 0.0267217 0.0259706 0.0242344 0.0216046 0.0182267 0.0143519 0.0103717 0.00676505 0.0039325 0.00202583 0.000926532 0.000378901 0.000139858 4.70336e-05 1.45273e-05 4.14744e-06 1.09947e-06 2.71397e-07 6.24244e-08 1.33538e-08 2.6419e-09 4.77817e-10 7.72615e-11 1.06791e-11 1.13676e-12 6.64645e-14 0 
0 3.33054e-06 3.7313e-05 0.000215342 0.000874623 0.00270226 0.00650739 0.0124495 0.0195612 0.026433 0.0321482 0.0364208 0.0392713 0.0407888 0.0410598 0.0401637 0.0381745 0.0351533 0.0311455 0.0262168 0.020564 0.0146649 0.00927771 0.00511984 0.00245391 0.00102898 0.00038266 0.000128064 3.90564e-05 1.09585e-05 2.84778e-06 6.88251e-07 1.54939e-07 3.24471e-08 6.28809e-09 1.11502e-09 1.76955e-10 2.40336e-11 2.51694e-12 1.44963e-13 0 
0 7.17164e-06 8.18367e-05 0.000475614 0.0019034 0.00561024 0.0124495 0.0215015 0.0306378 0.0384211 0.044529 0.0490651 0.0521299 0.0537688 0.0540238 0.0529694 0.0507158 0.0473883 0.0430865 0.0378425 0.0316319 0.0245392 0.0170843 0.0103306 0.00532308 0.0023389 0.00089011 0.000299552 9.08354e-05 2.51741e-05 6.43823e-06 1.52852e-06 3.37784e-07 6.9439e-08 1.32158e-08 2.3032e-09 3.59592e-10 4.81003e-11 4.9671e-12 2.8245e-13 0 
0 1.35576e-05 0.000156478 0.000906292 0.00351805 0.00970059 0.0195612 0.0306378 0.0405596 0.0487127 0.0552618 0.0603071 0.0638072 0.0656998 0.0659786 0.064718 0.0620672 0.058227 0.0534073 0.0477636 0.0413186 0.0339492 0.0256396 0.0170379 0.00958615 0.0044977 0.00177948 0.000608929 0.000184985 5.09105e-05 1.28679e-05 3.01191e-06 6.55509e-07 1.32682e-07 2.48716e-08 4.27202e-09 6.57955e-10 8.69145e-11 8.87445e-12 4.99645e-13 0 
0 2.27398e-05 0.000263771 0.0015091 0.00561749 0.0143594 0.026433 0.0384211 0.0487127 0.0574025 0.0646667 0.070407 0.0744374 0.0766245 0.0769388 0.0754624 0.0723761 0.0679346 0.0624306 0.0561409 0.0492403 0.0416894 0.033237 0.0238786 0.0146608 0.00741852 0.00308881 0.00108552 0.000332745 9.14213e-05 2.29341e-05 5.31212e-06 1.14257e-06 2.28471e-07 4.23185e-08 7.18686e-09 1.09543e-09 1.43373e-10 1.45244e-11 8.12615e-13 0 
0 3.41386e-05 0.000396005 0.00222547 0.00790805 0.0187973 0.0321482 0.044529 0.0552618 0.0646667 0.0727197 0.0791477 0.0836755 0.0861315 0.0864768 0.0848033 0.0813172 0.0763121 0.0701349 0.0631415 0.0556276 0.0477114 0.0391975 0.0297242 0.0196357 0.0106979 0.00471301 0.00171254 0.000532742 0.000146808 3.67012e-05 8.44416e-06 1.80152e-06 3.5718e-07 6.56144e-08 1.10594e-08 1.67484e-09 2.18104e-10 2.20215e-11 1.23043e-12 0 
0 4.62313e-05 0.00053467 0.00294688 0.0100255 0.0224341 0.0364208 0.0490651 0.0603071 0.070407 0.0791477 0.0861463 0.0910773 0.0937475 0.0941136 0.0922766 0.0884628 0.0829946 0.0762562 0.0686522 0.0605526 0.0521958 0.043524 0.0341125 0.0237758 0.0137946 0.0064154 0.00241538 0.000765162 0.000212261 5.30776e-05 1.21769e-05 2.58713e-06 5.10716e-07 9.34602e-08 1.57091e-08 2.37595e-09 3.0961e-10 3.13552e-11 1.76204e-12 0 
0 5.6864e-05 0.000655007 0.00354939 0.0116658 0.0249961 0.0392713 0.0521299 0.0638072 0.0744374 0.0836755 0.0910773 0.0962891 0.0991051 0.09948 0.0975219 0.0934716 0.0876716 0.0805308 0.0724837 0.0639421 0.0552167 0.0463633 0.0370169 0.026726 0.0162584 0.0079137 0.00307922 0.000994184 0.00027834 6.98606e-05 1.60468e-05 3.411e-06 6.73918e-07 1.23568e-07 2.08472e-08 3.17222e-09 4.17071e-10 4.27562e-11 2.44087e-12 0 
0 6.38971e-05 0.00073361 0.00393055 0.0126436 0.0264165 0.0407888 0.0537688 0.0656998 0.0766245 0.0861315 0.0937475 0.0991051 0.101992 0.102364 0.100332 0.0961466 0.0901608 0.0827971 0.0745055 0.0657187 0.0567835 0.0478246 0.03855 0.0284158 0.017836 0.00897697 0.00358803 0.00117929 0.000333835 8.4416e-05 1.95115e-05 4.17487e-06 8.31483e-07 1.54038e-07 2.63355e-08 4.07547e-09 5.47079e-10 5.749e-11 3.37642e-12 0 
0 6.5897e-05 0.000755502 0.00403246 0.0128851 0.0267217 0.0410598 0.0540238 0.0659786 0.0769388 0.0864768 0.0941136 0.09948 0.102364 0.102721 0.100665 0.0964478 0.0904255 0.0830229 0.0746932 0.0658733 0.0569215 0.0479915 0.0388379 0.0289096 0.018453 0.0094802 0.0038633 0.00129025 0.000370169 9.47898e-05 2.22066e-05 4.82674e-06 9.79701e-07 1.85713e-07 3.26341e-08 5.21402e-09 7.25485e-10 7.92463e-11 4.84347e-12 0 
0 6.25775e-05 0.000718055 0.00384866 0.0124012 0.0259706 0.0401637 0.0529694 0.064718 0.0754624 0.0848033 0.0922766 0.0975219 0.100332 0.100665 0.0986335 0.0944844 0.0885686 0.0813033 0.0731327 0.064485 0.05571 0.0469583 0.0379999 0.0283206 0.0181579 0.00941293 0.00388611 0.00131857 0.000385274 0.000100782 2.42154e-05 5.42487e-06 1.14113e-06 2.2539e-07 4.14556e-08 6.95253e-09 1.01601e-09 1.16328e-10 7.42043e-12 0 
0 5.48286e-05 0.000630898 0.00342011 0.011269 0.0242344 0.0381745 0.0507158 0.0620672 0.0723761 0.0813172 0.0884628 0.0934716 0.0961466 0.0964478 0.0944844 0.0904941 0.0848136 0.0778432 0.0700078 0.0617143 0.0532863 0.0448455 0.0361564 0.0267838 0.0170813 0.00886345 0.00369898 0.00128111 0.000385346 0.000104588 2.62774e-05 6.20084e-06 1.38203e-06 2.90176e-07 5.67258e-08 1.00739e-08 1.54848e-09 1.8489e-10 1.21845e-11 0 
0 4.43626e-05 0.000512417 0.00282425 0.00962599 0.0216046 0.0351533 0.0473883 0.058227 0.0679346 0.0763121 0.0829946 0.0876716 0.0901608 0.0904255 0.0885686 0.0848136 0.0794765 0.0729321 0.0655765 0.0577826 0.0498314 0.0417955 0.0334368 0.0244622 0.0154204 0.00799466 0.00339202 0.00121586 0.000384356 0.000111025 2.99705e-05 7.63785e-06 1.83796e-06 4.14298e-07 8.60971e-08 1.60578e-08 2.55977e-09 3.13263e-10 2.09457e-11 0 
0 3.31485e-05 0.00038424 0.0021586 0.00766995 0.0182267 0.0311455 0.0430865 0.0534073 0.0624306 0.0701349 0.0762562 0.0805308 0.0827971 0.0830229 0.0813033 0.0778432 0.0729321 0.066912 0.0601407 0.0529439 0.0455437 0.0379595 0.0299903 0.0215663 0.0134314 0.00701287 0.00308007 0.00117387 0.00040282 0.000127885 3.80474e-05 1.06174e-05 2.76017e-06 6.60825e-07 1.43357e-07 2.74807e-08 4.44497e-09 5.46438e-10 3.6427e-11 0 
0 2.28635e-05 0.000265505 0.00151945 0.00564482 0.0143519 0.0262168 0.0378425 0.0477636 0.0561409 0.0631415 0.0686522 0.0724837 0.0745055 0.0746932 0.0731327 0.0700078 0.0655765 0.0601407 0.054009 0.0474467 0.0406091 0.0334901 0.026009 0.0183729 0.011406 0.00612693 0.00287809 0.00121241 0.000468231 0.000167355 5.525e-05 1.67232e-05 4.60149e-06 1.14074e-06 2.5178e-07 4.84628e-08 7.79746e-09 9.4741e-10 6.2159e-11 0 
0 1.45471e-05 0.000168734 0.000980294 0.00379831 0.0103717 0.020564 0.0316319 0.0413186 0.0492403 0.0556276 0.0605526 0.0639421 0.0657187 0.0658733 0.064485 0.0617143 0.0577826 0.0529439 0.0474467 0.0414885 0.0351785 0.0285587 0.0217583 0.0152113 0.00961655 0.00550191 0.00288138 0.00139276 0.000618887 0.000249467 8.99766e-05 2.87961e-05 8.1516e-06 2.03738e-06 4.4714e-07 8.4821e-08 1.33774e-08 1.58841e-09 1.01697e-10 0 
0 8.53393e-06 9.84857e-05 0.000577563 0.002317 0.00676505 0.0146649 0.0245392 0.0339492 0.0416894 0.0477114 0.0521958 0.0552167 0.0567835 0.0569215 0.05571 0.0532863 0.0498314 0.0455437 0.0406091 0.0351785 0.0293812 0.0234023 0.0175822 0.0123977 0.00824423 0.0052199 0.00314934 0.00177831 0.000909594 0.000407812 0.00015706 5.17545e-05 1.46888e-05 3.6199e-06 7.76018e-07 1.43112e-07 2.19e-08 2.52248e-09 1.56774e-10 0 
0 4.61539e-06 5.27625e-05 0.000310183 0.00127481 0.0039325 0.00927771 0.0170843 0.0256396 0.033237 0.0391975 0.043524 0.0463633 0.0478246 0.0479915 0.0469583 0.0448455 0.0417955 0.0379595 0.0334901 0.0285587 0.0234023 0.0183626 0.0138397 0.0101387 0.00733155 0.0052646 0.00369482 0.00243421 0.00142439 0.000702897 0.000284058 9.40967e-05 2.61094e-05 6.21207e-06 1.28132e-06 2.27405e-07 3.35395e-08 3.73111e-09 2.24506e-10 0 
0 2.3021e-06 2.59549e-05 0.000151873 0.000631973 0.00202583 0.00511984 0.0103306 0.0170379 0.0238786 0.0297242 0.0341125 0.0370169 0.03855 0.0388379 0.0379999 0.0361564 0.0334368 0.0299903 0.026009 0.0217583 0.0175822 0.0138397 0.0107844 0.00848171 0.00683427 0.00566368 0.00471454 0.00367841 0.00246006 0.00131692 0.000544978 0.00017518 4.56329e-05 1.01366e-05 1.97159e-06 3.33518e-07 4.7212e-08 5.06422e-09 2.94922e-10 0 
0 1.05997e-06 1.17382e-05 6.79185e-05 0.000283004 0.000926532 0.00245391 0.00532308 0.00958615 0.0146608 0.0196357 0.0237758 0.026726 0.0284158 0.0289096 0.0283206 0.0267838 0.0244622 0.0215663 0.0183729 0.0152113 0.0123977 0.0101387 0.00848171 0.00739469 0.00698584 0.00746372 0.00827285 0.0078921 0.00573816 0.00306811 0.00120871 0.000354929 8.13772e-05 1.58632e-05 2.79643e-06 4.43845e-07 6.00995e-08 6.22065e-09 3.51303e-10 0 
0 4.51151e-07 4.89022e-06 2.78262e-05 0.000115037 0.000378901 0.00102898 0.0023389 0.0044977 0.00741852 0.0106979 0.0137946 0.0162584 0.017836 0.018453 0.0181579 0.0170813 0.0154204 0.0134314 0.011406 0.00961655 0.00824423 0.00733155 0.00683427 0.00698584 0.00905873 0.0144916 0.0209267 0.0223045 0.0164754 0.0083675 0.00298859 0.00077455 0.000150935 2.43171e-05 3.65872e-06 5.29268e-07 6.81826e-08 6.82758e-09 3.7545e-10 0 
0 1.77811e-07 1.88125e-06 1.04823e-05 4.26946e-05 0.000139858 0.00038266 0.00089011 0.00177948 0.00308881 0.00471301 0.0064154 0.0079137 0.00897697 0.0094802 0.00941293 0.00886345 0.00799466 0.00701287 0.00612693 0.00550191 0.0052199 0.0052646 0.00566368 0.00746372 0.0144916 0.0301036 0.0478574 0.0525626 0.0389229 0.0193541 0.00653411 0.00154531 0.000264815 3.55261e-05 4.39488e-06 5.59814e-07 6.80711e-08 6.62089e-09 3.56673e-10 0 
0 6.50172e-08 6.70012e-07 3.64442e-06 1.45522e-05 4.70336e-05 0.000128064 0.000299552 0.000608929 0.00108552 0.00171254 0.00241538 0.00307922 0.00358803 0.0038633 0.00388611 0.00369898 0.00339202 0.00308007 0.00287809 0.00288138 0.00314934 0.00369482 0.00471454 0.00827285 0.0209267 0.0478574 0.0781672 0.0865262 0.064117 0.0317027 0.0104987 0.00237499 0.000377744 4.47495e-05 4.6601e-06 5.16826e-07 5.91162e-08 5.61967e-09 2.98884e-10 0 
0 2.2097e-08 2.21479e-07 1.17356e-06 4.57903e-06 1.45273e-05 3.90564e-05 9.08354e-05 0.000184985 0.000332745 0.000532742 0.000765162 0.000994184 0.00117929 0.00129025 0.00131857 0.00128111 0.00121586 0.00117387 0.00121241 0.00139276 0.00177831 0.00243421 0.00367841 0.0078921 0.0223045 0.0525626 0.0865262 0.0959922 0.0711458 0.0351232 0.0115647 0.00257158 0.000394331 4.36454e-05 4.06722e-06 4.04991e-07 4.41438e-08 4.14487e-09 2.19667e-10 0 
0 6.99127e-09 6.80986e-08 3.51075e-07 1.33591e-06 4.14744e-06 1.09585e-05 2.51741e-05 5.09105e-05 9.14213e-05 0.000146808 0.000212261 0.00027834 0.000333835 0.000370169 0.000385274 0.000385346 0.000384356 0.00040282 0.000468231 0.000618887 0.000909594 0.00142439 0.00246006 0.00573816 0.0164754 0.0389229 0.064117 0.0711458 0.0527319 0.0260296 0.0085658 0.00189643 0.0002865 3.08179e-05 2.7423e-06 2.61135e-07 2.80585e-08 2.64416e-09 1.41089e-10 0 
0 2.06127e-09 1.95057e-08 9.77843e-08 3.62508e-07 1.09947e-06 2.84778e-06 6.43823e-06 1.28679e-05 2.29341e-05 3.67012e-05 5.30776e-05 6.98606e-05 8.4416e-05 9.47898e-05 0.000100782 0.000104588 0.000111025 0.000127885 0.000167355 0.000249467 0.000407812 0.000702897 0.00131692 0.00306811 0.0083675 0.0193541 0.0317027 0.0351232 0.0260296 0.0128636 0.00424615 0.000942061 0.000142098 1.53155e-05 1.38505e-06 1.36322e-07 1.51164e-08 1.4566e-09 7.90701e-11 0 
0 5.66398e-10 5.20766e-09 2.53856e-08 9.16602e-08 2.71397e-07 6.88251e-07 1.52852e-06 3.01191e-06 5.31212e-06 8.44416e-06 1.21769e-05 1.60468e-05 1.95115e-05 2.22066e-05 2.42154e-05 2.62774e-05 2.99705e-05 3.80474e-05 5.525e-05 8.99766e-05 0.00015706 0.000284058 0.000544978 0.00120871 0.00298859 0.00653411 0.0104987 0.0115647 0.0085658 0.00424615 0.00140966 0.000314618 4.80272e-05 5.3699e-06 5.29064e-07 5.81876e-08 6.93285e-09 6.9384e-10 3.86676e-11 0 
0 1.44865e-10 1.29474e-09 6.13965e-09 2.15965e-08 6.24244e-08 1.54939e-07 3.37784e-07 6.55509e-07 1.14257e-06 1.80152e-06 2.58713e-06 3.411e-06 4.17487e-06 4.82674e-06 5.42487e-06 6.20084e-06 7.63785e-06 1.06174e-05 1.67232e-05 2.87961e-05 5.17545e-05 9.40967e-05 0.00017518 0.000354929 0.00077455 0.00154531 0.00237499 0.00257158 0.00189643 0.000942061 0.000314618 7.11656e-05 1.12667e-05 1.38034e-06 1.61016e-07 2.09508e-08 2.73367e-09 2.86641e-10 1.65143e-11 0 
0 3.43719e-11 2.98841e-10 1.37955e-09 4.73037e-09 1.33538e-08 3.24471e-08 6.9439e-08 1.32682e-07 2.28471e-07 3.5718e-07 5.10716e-07 6.73918e-07 8.31483e-07 9.79701e-07 1.14113e-06 1.38203e-06 1.83796e-06 2.76017e-06 4.60149e-06 8.1516e-06 1.46888e-05 2.61094e-05 4.56329e-05 8.13772e-05 0.000150935 0.000264815 0.000377744 0.000394331 0.0002865 0.000142098 4.80272e-05 1.12667e-05 1.94815e-06 2.85269e-07 4.23319e-08 6.57138e-09 9.34806e-10 1.0296e-10 6.1616e-12 0 
0 7.51523e-12 6.3622e-11 2.86191e-10 9.57469e-10 2.6419e-09 6.28809e-09 1.32158e-08 2.48716e-08 4.23185e-08 6.56144e-08 9.34602e-08 1.23568e-07 1.54038e-07 1.85713e-07 2.2539e-07 2.90176e-07 4.14298e-07 6.60825e-07 1.14074e-06 2.03738e-06 3.6199e-06 6.21207e-06 1.01366e-05 1.58632e-05 2.43171e-05 3.55261e-05 4.47495e-05 4.36454e-05 3.08179e-05 1.53155e-05 5.3699e-06 1.38034e-06 2.85269e-07 5.42166e-08 1.02167e-08 1.81925e-09 2.77952e-10 3.21482e-11 2.00449e-12 0 
0 1.4957e-12 1.23428e-11 5.41628e-11 1.76992e-10 4.77817e-10 1.11502e-09 2.3032e-09 4.27202e-09 7.18686e-09 1.10594e-08 1.57091e-08 2.08472e-08 2.63355e-08 3.26341e-08 4.14556e-08 5.67258e-08 8.60971e-08 1.43357e-07 2.5178e-07 4.4714e-07 7.76018e-07 1.28132e-06 1.97159e-06 2.79643e-06 3.65872e-06 4.39488e-06 4.6601e-06 4.06722e-06 2.7423e-06 1.38505e-06 5.29064e-07 1.61016e-07 4.23319e-08 1.02167e-08 2.26245e-09 4.41071e-10 7.1494e-11 8.6768e-12 5.64611e-13 0 
0 2.64876e-13 2.13316e-12 9.14285e-12 2.92174e-11 7.72615e-11 1.76955e-10 3.59592e-10 6.57955e-10 1.09543e-09 1.67484e-09 2.37595e-09 3.17222e-09 4.07547e-09 5.21402e-09 6.95253e-09 1.00739e-08 1.60578e-08 2.74807e-08 4.84628e-08 8.4821e-08 1.43112e-07 2.27405e-07 3.33518e-07 4.43845e-07 5.29268e-07 5.59814e-07 5.16826e-07 4.04991e-07 2.61135e-07 1.36322e-07 5.81876e-08 2.09508e-08 6.57138e-09 1.81925e-09 4.41071e-10 9.16417e-11 1.56554e-11 1.99184e-12 1.35336e-13 0 
0 3.98971e-14 3.13955e-13 1.31598e-12 4.11782e-12 1.06791e-11 2.40336e-11 4.81003e-11 8.69145e-11 1.43373e-10 2.18104e-10 3.0961e-10 4.17071e-10 5.47079e-10 7.25485e-10 1.01601e-09 1.54848e-09 2.55977e-09 4.44497e-09 7.79746e-09 1.33774e-08 2.19e-08 3.35395e-08 4.7212e-08 6.00995e-08 6.81826e-08 6.80711e-08 5.91162e-08 4.41438e-08 2.80585e-08 1.51164e-08 6.93285e-09 2.73367e-09 9.34806e-10 2.77952e-10 7.1494e-11 1.56554e-11 2.80833e-12 3.74061e-13 2.65277e-14 0 
0 4.60467e-15 3.54496e-14 1.45503e-13 4.46382e-13 1.13676e-12 2.51694e-12 4.9671e-12 8.87445e-12 1.45244e-11 2.20215e-11 3.13552e-11 4.27562e-11 5.749e-11 7.92463e-11 1.16328e-10 1.8489e-10 3.13263e-10 5.46438e-10 9.4741e-10 1.58841e-09 2.52248e-09 3.73111e-09 5.06422e-09 6.22065e-09 6.82758e-09 6.62089e-09 5.61967e-09 4.14487e-09 2.64416e-09 1.4566e-09 6.9384e-10 2.86641e-10 1.0296e-10 3.21482e-11 8.6768e-12 1.99184e-12 3.74061e-13 5.20631e-14 3.84949e-15 0 
0 2.90437e-16 2.1902e-15 8.81405e-15 2.6545e-14 6.64645e-14 1.44963e-13 2.8245e-13 4.99645e-13 8.12615e-13 1.23043e-12 1.76204e-12 2.44087e-12 3.37642e-12 4.84347e-12 7.42043e-12 1.21845e-11 2.09457e-11 3.6427e-11 6.2159e-11 1.01697e-10 1.56774e-10 2.24506e-10 2.94922e-10 3.51303e-10 3.7545e-10 3.56673e-10 2.98884e-10 2.19667e-10 1.41089e-10 7.90701e-11 3.86676e-11 1.65143e-11 6.1616e-12 2.00449e-12 5.64611e-13 1.35336e-13 2.65277e-14 3.84949e-15 2.96281e-16 0 
0 0 0 0 0 0 0 0 0 0 0 0 0 0 0 0 0 0 0 0 0 0 0 0 0 0 0 0 0 0 0 0 0 0 0 0 0 0 0 0 0 
