0 0 0 0 0 0 0 0 0 0 0 0 0 0 0 0 0 0 0 0 0 0 0 0 0 0 0 0 0 0 0 0 0 0 0 0 0 0 0 0 0 
0 1.46357e-07 1.32887e-06 6.07454e-06 1.93811e-05 4.77926e-05 9.59981e-05 0.000163239 0.000242857 0.000325147 0.000400812 0.000462923 0.00050727 0.000531889 0.000536448 0.000521788 0.000489676 0.000442723 0.000384391 0.000318973 0.000251412 0.000186853 0.000129908 8.38132e-05 4.98129e-05 2.71105e-05 1.34566e-05 6.07947e-06 2.49937e-06 9.35995e-07 3.19791e-07 9.98137e-08 2.8471e-08 7.41042e-09 1.75161e-09 3.72111e-10 6.95745e-11 1.09621e-11 1.31311e-12 8.54006e-14 0 
0 1.32887e-06 1.24749e-05 5.75883e-05 0.000179199 0.000414759 0.000758068 0.00115483 0.00154081 0.0018746 0.00214057 0.00233731 0.00246807 0.00253671 0.00254683 0.00250194 0.00240555 0.00226098 0.0020713 0.00183984 0.00157195 0.00127781 0.000974995 0.000688006 0.000442599 0.000256566 0.00013305 6.15849e-05 2.54939e-05 9.48175e-06 3.18539e-06 9.71177e-07 2.69521e-07 6.81091e-08 1.56186e-08 3.21947e-09 5.84517e-10 8.95317e-11 1.04405e-11 6.62023e-13 0 
0 6.07454e-06 5.75883e-05 0.000256946 0.000729176 0.001465 0.00228428 0.00302214 0.00363296 0.00413303 0.00453904 0.00485374 0.00507232 0.00518997 0.00520594 0.00512492 0.00495659 0.00471405 0.00441123 0.00405949 0.00366395 0.00322138 0.00272362 0.00217058 0.00158932 0.00104122 0.000597708 0.000297534 0.000128557 4.86461e-05 1.63157e-05 4.90443e-06 1.33185e-06 3.27989e-07 7.31607e-08 1.46623e-08 2.58934e-09 3.86159e-10 4.3901e-11 2.71785e-12 0 
0 1.93811e-05 0.000179199 0.000729176 0.00176509 0.00297074 0.00404639 0.00497797 0.00582724 0.00660525 0.00728571 0.00783429 0.00822288 0.00843457 0.008465 0.00832185 0.00802333 0.00759586 0.00707125 0.00648334 0.00586366 0.00523517 0.0046033 0.00394797 0.00323027 0.00243244 0.00161504 0.000912705 0.000432315 0.000172652 5.92269e-05 1.78176e-05 4.7785e-06 1.15364e-06 2.51345e-07 4.91299e-08 8.46099e-09 1.2313e-09 1.36741e-10 8.28035e-12 0 
0 4.77926e-05 0.000414759 0.001465 0.00297074 0.00440246 0.0057117 0.00700726 0.00828846 0.00949329 0.0105521 0.0114053 0.0120092 0.0123386 0.012387 0.0121665 0.0117047 0.0110416 0.0102256 0.00930914 0.00834452 0.00738019 0.0064552 0.00558883 0.00476258 0.00390919 0.0029556 0.00193883 0.00104983 0.000461206 0.000166896 5.12597e-05 1.37437e-05 3.27802e-06 7.01272e-07 1.34224e-07 2.26143e-08 3.22011e-09 3.50175e-10 2.07864e-11 0 
0 9.59981e-05 0.000758068 0.00228428 0.00404639 0.0057117 0.00743466 0.00924062 0.0110421 0.0127334 0.0142167 0.0154105 0.0162549 0.0167154 0.0167835 0.0164758 0.0158308 0.0149037 0.0137613 0.0124755 0.0111179 0.00975554 0.00844687 0.00723803 0.00615304 0.00516923 0.0041906 0.00309862 0.00193515 0.000963694 0.000379344 0.000121637 3.30692e-05 7.86152e-06 1.66128e-06 3.12734e-07 5.17312e-08 7.22944e-09 7.7189e-10 4.50235e-11 0 
0 0.000163239 0.00115483 0.00302214 0.00497797 0.00700726 0.00924062 0.011599 0.0139473 0.0161485 0.0180772 0.0196285 0.0207254 0.0213232 0.0214112 0.0210111 0.0201727 0.0189674 0.0174815 0.0158077 0.0140381 0.0122583 0.0105426 0.00895178 0.00752997 0.0062943 0.00520076 0.0041087 0.00287801 0.00163237 0.000713642 0.000243771 6.81556e-05 1.62964e-05 3.42242e-06 6.36526e-07 1.03756e-07 1.42758e-08 1.50074e-09 8.62335e-11 0 
0 0.000242857 0.00154081 0.00363296 0.00582724 0.00828846 0.0110421 0.0139473 0.0168364 0.0195428 0.021913 0.0238186 0.0251653 0.0258986 0.0260054 0.0255126 0.0244812 0.0229993 0.0211721 0.0191133 0.0169353 0.0147426 0.0126251 0.0106559 0.00888927 0.00735926 0.00606242 0.00490683 0.00369399 0.00233987 0.00114092 0.000420617 0.000122345 2.96607e-05 6.22528e-06 1.14881e-06 1.85185e-07 2.51643e-08 2.61193e-09 1.48226e-10 0 
0 0.000325147 0.0018746 0.00413303 0.00660525 0.00949329 0.0127334 0.0161485 0.0195428 0.0227212 0.0255037 0.02774 0.0293202 0.0301804 0.0303039 0.0297221 0.0285081 0.026766 0.0246193 0.0222004 0.019641 0.0170628 0.0145711 0.01225 0.0101621 0.00834839 0.00682372 0.0055414 0.00432707 0.00296843 0.00159626 0.000637028 0.000194067 4.79827e-05 1.01102e-05 1.85805e-06 2.97157e-07 3.99975e-08 4.11014e-09 2.30941e-10 0 
0 0.000400812 0.00214057 0.00453904 0.00728571 0.0105521 0.0142167 0.0180772 0.021913 0.0255037 0.0286462 0.0311724 0.0329584 0.0339301 0.0340672 0.0334049 0.0320273 0.0300544 0.0276267 0.0248928 0.0220002 0.0190858 0.0162678 0.0136406 0.0112737 0.00921219 0.00747797 0.00605014 0.0047962 0.00346224 0.00201246 0.00086367 0.000275775 6.97294e-05 1.47936e-05 2.71541e-06 4.32057e-07 5.77589e-08 5.89111e-09 3.28523e-10 0 
0 0.000462923 0.00233731 0.00485374 0.00783429 0.0114053 0.0154105 0.0196285 0.0238186 0.02774 0.0311724 0.0339316 0.0358777 0.0369294 0.0370736 0.0363514 0.0348468 0.0326877 0.0300318 0.0270439 0.023884 0.0207004 0.0176215 0.01475 0.0121606 0.00990173 0.00799786 0.00644037 0.00512972 0.00381475 0.00234484 0.00106797 0.000355657 9.19083e-05 1.96571e-05 3.61071e-06 5.7288e-07 7.62436e-08 7.73678e-09 4.29184e-10 0 
0 0.00050727 0.00246807 0.00507232 0.00822288 0.0120092 0.0162549 0.0207254 0.0251653 0.0293202 0.0329584 0.0358777 0.0379184 0.0390048 0.0391475 0.0383949 0.0368176 0.0345345 0.0317163 0.0285472 0.0251986 0.0218258 0.018564 0.0155213 0.0127766 0.01038 0.00835728 0.00670506 0.00534415 0.00403857 0.00257402 0.00122382 0.00042115 0.00011083 2.38855e-05 4.3953e-06 6.96631e-07 9.24934e-08 9.35828e-09 5.17535e-10 0 
0 0.000531889 0.00253671 0.00518997 0.00843457 0.0123386 0.0167154 0.0213232 0.0258986 0.0301804 0.0339301 0.0369294 0.0390048 0.0400941 0.0402303 0.039467 0.0378614 0.035518 0.0326116 0.0293423 0.0258907 0.0224159 0.019056 0.0159221 0.0130947 0.0106253 0.00853952 0.00683631 0.00544683 0.00414789 0.00269691 0.00131566 0.00046235 0.000123199 2.67092e-05 4.92582e-06 7.81006e-07 1.03646e-07 1.04777e-08 5.78893e-10 0 
0 0.000536448 0.00254683 0.00520594 0.008465 0.012387 0.0167835 0.0214112 0.0260054 0.0303039 0.0340672 0.0370736 0.0391475 0.0402303 0.0403598 0.0395908 0.0379782 0.0356232 0.0327014 0.0294159 0.0259492 0.0224608 0.0190888 0.0159444 0.0131082 0.0106314 0.00853937 0.00683144 0.00544189 0.00415333 0.00271778 0.00133796 0.000474111 0.000127068 2.76481e-05 5.11082e-06 8.11682e-07 1.07863e-07 1.09177e-08 6.03963e-10 0 
0 0.000521788 0.00250194 0.00512492 0.00832185 0.0121665 0.0164758 0.0210111 0.0255126 0.0297221 0.0334049 0.0363514 0.0383949 0.039467 0.0395908 0.0388184 0.0372142 0.0348907 0.0320221 0.028801 0.0254031 0.021985 0.0186824 0.0156042 0.0128291 0.0104069 0.00836253 0.00669429 0.00533363 0.00406183 0.00264344 0.00129339 0.000456655 0.000122323 2.66561e-05 4.94026e-06 7.87051e-07 1.04947e-07 1.06609e-08 5.91981e-10 0 
0 0.000489676 0.00240555 0.00495659 0.00802333 0.0117047 0.0158308 0.0201727 0.0244812 0.0285081 0.0320273 0.0348468 0.0368176 0.0378614 0.0379782 0.0372142 0.0356486 0.0334073 0.0306563 0.0275708 0.0243158 0.0210425 0.0178816 0.0149374 0.012285 0.00997247 0.00802352 0.00643401 0.00512681 0.00387756 0.0024823 0.00119138 0.000415093 0.000110618 2.41191e-05 4.48656e-06 7.18539e-07 9.63956e-08 9.85661e-09 5.51083e-10 0 
0 0.000442723 0.00226098 0.00471405 0.00759586 0.0110416 0.0149037 0.0189674 0.0229993 0.026766 0.0300544 0.0326877 0.0345345 0.035518 0.0356232 0.0348907 0.0334073 0.0313001 0.0287211 0.0258285 0.0227772 0.01971 0.01675 0.0139949 0.0115156 0.0093573 0.00754241 0.00606204 0.00482493 0.00360307 0.00224626 0.00104753 0.000358232 9.48553e-05 2.07225e-05 3.87977e-06 6.26814e-07 8.49267e-08 8.77556e-09 4.95974e-10 0 
0 0.000384391 0.0020713 0.00441123 0.00707125 0.0102256 0.0137613 0.0174815 0.0211721 0.0246193 0.0276267 0.0300318 0.0317163 0.0326116 0.0327014 0.0320221 0.0306563 0.0287211 0.0263528 0.0236962 0.0208942 0.0180788 0.015363 0.0128372 0.010567 0.00859476 0.00694066 0.00558792 0.00442808 0.00324223 0.00195444 0.000882996 0.000296863 7.84331e-05 1.72589e-05 3.27041e-06 5.35953e-07 7.37268e-08 7.73671e-09 4.4399e-10 0 
0 0.000318973 0.00183984 0.00405949 0.00648334 0.00930914 0.0124755 0.0158077 0.0191133 0.0222004 0.0248928 0.0270439 0.0285472 0.0293423 0.0294159 0.028801 0.0275708 0.0258285 0.0236962 0.0213042 0.0187814 0.0162465 0.0138016 0.0115286 0.00948749 0.00771789 0.00623626 0.00501475 0.00393326 0.00280694 0.00163686 0.000722641 0.000241833 6.45351e-05 1.44543e-05 2.79621e-06 4.68077e-07 6.57326e-08 7.03348e-09 4.10968e-10 0 
0 0.000251412 0.00157195 0.00366395 0.00586366 0.00834452 0.0111179 0.0140381 0.0169353 0.019641 0.0220002 0.023884 0.0251986 0.0258907 0.0259492 0.0254031 0.0243158 0.0227772 0.0208942 0.0187814 0.0165518 0.0143098 0.0121454 0.0101316 0.00832287 0.00675515 0.00543931 0.00433843 0.00334256 0.00232681 0.00133422 0.000591251 0.000202305 5.56725e-05 1.28693e-05 2.56256e-06 4.3991e-07 6.31163e-08 6.87587e-09 4.07742e-10 0 
0 0.000186853 0.00127781 0.00322138 0.00523517 0.00738019 0.00975554 0.0122583 0.0147426 0.0170628 0.0190858 0.0207004 0.0218258 0.0224159 0.0224608 0.021985 0.0210425 0.01971 0.0180788 0.0162465 0.0143098 0.0123577 0.0104678 0.00870358 0.00711335 0.00572811 0.00455426 0.00356206 0.00268453 0.00185424 0.00108832 0.000507774 0.000184545 5.35328e-05 1.28738e-05 2.6352e-06 4.60875e-07 6.6931e-08 7.34586e-09 4.37346e-10 0 
0 0.000129908 0.000974995 0.00272362 0.0046033 0.0064552 0.00844687 0.0105426 0.0126251 0.0145711 0.0162678 0.0176215 0.018564 0.019056 0.0190888 0.0186824 0.0178816 0.01675 0.015363 0.0138016 0.0121454 0.0104678 0.0088331 0.0072946 0.00589418 0.00466242 0.00361769 0.00275932 0.00205718 0.00145812 0.000922343 0.000477359 0.000190596 5.88584e-05 1.46224e-05 3.03102e-06 5.30799e-07 7.67278e-08 8.35577e-09 4.92804e-10 0 
0 8.38132e-05 0.000688006 0.00217058 0.00394797 0.00558883 0.00723803 0.00895178 0.0106559 0.01225 0.0136406 0.01475 0.0155213 0.0159221 0.0159444 0.0156042 0.0149374 0.0139949 0.0128372 0.0115286 0.0101316 0.00870358 0.0072946 0.00594837 0.00471288 0.00365907 0.00285774 0.00228212 0.0017964 0.00131499 0.000868506 0.000492313 0.000216974 7.10273e-05 1.79375e-05 3.69156e-06 6.35669e-07 9.00842e-08 9.61591e-09 5.56352e-10 0 
0 4.98129e-05 0.000442599 0.00158932 0.00323027 0.00476258 0.00615304 0.00752997 0.00888927 0.0101621 0.0112737 0.0121606 0.0127766 0.0130947 0.0131082 0.0128291 0.012285 0.0115156 0.010567 0.00948749 0.00832287 0.00711335 0.00589418 0.00471288 0.00369173 0.00307928 0.00305045 0.00330101 0.00313858 0.00230503 0.00130156 0.000624395 0.000265664 8.84382e-05 2.21847e-05 4.45036e-06 7.43801e-07 1.02444e-07 1.06549e-08 6.02284e-10 0 
0 2.71105e-05 0.000256566 0.00104122 0.00243244 0.00390919 0.00516923 0.0062943 0.00735926 0.00834839 0.00921219 0.00990173 0.01038 0.0106253 0.0106314 0.0104069 0.00997247 0.0093573 0.00859476 0.00771789 0.00675515 0.00572811 0.00466242 0.00365907 0.00307928 0.00362268 0.00571152 0.00824085 0.00878369 0.00648847 0.00330264 0.00121865 0.000385156 0.000112223 2.64688e-05 5.0473e-06 8.10184e-07 1.08104e-07 1.09516e-08 6.0525e-10 0 
0 1.34566e-05 0.00013305 0.000597708 0.00161504 0.0029556 0.0041906 0.00520076 0.00606242 0.00682372 0.00747797 0.00799786 0.00835728 0.00853952 0.00853937 0.00836253 0.00802352 0.00754241 0.00694066 0.00623626 0.00543931 0.00455426 0.00361769 0.00285774 0.00305045 0.00571152 0.0118538 0.0192717 0.0218594 0.0153506 0.00762123 0.00257992 0.000646843 0.000146271 2.9865e-05 5.21642e-06 7.94585e-07 1.02721e-07 1.01742e-08 5.52101e-10 0 
0 6.07947e-06 6.15849e-05 0.000297534 0.000912705 0.00193883 0.00309862 0.0041087 0.00490683 0.0055414 0.00605014 0.00644037 0.00670506 0.00683631 0.00683144 0.00669429 0.00643401 0.00606204 0.00558792 0.00501475 0.00433843 0.00356206 0.00275932 0.00228212 0.00330101 0.00824085 0.0192717 0.03059 0.0324271 0.0260039 0.0125137 0.00413539 0.000953185 0.000178851 3.07106e-05 4.78084e-06 6.8493e-07 8.6068e-08 8.39167e-09 4.50192e-10 0 
0 2.49937e-06 2.54939e-05 0.000128557 0.000432315 0.00104983 0.00193515 0.00287801 0.00369399 0.00432707 0.0047962 0.00512972 0.00534415 0.00544683 0.00544189 0.00533363 0.00512681 0.00482493 0.00442808 0.00393326 0.00334256 0.00268453 0.00205718 0.0017964 0.00313858 0.00878369 0.0218594 0.0324271 0.0337429 0.0290395 0.0140521 0.00455451 0.00102424 0.000176668 2.67207e-05 3.74693e-06 5.08281e-07 6.26599e-08 6.07172e-09 3.24789e-10 0 
0 9.35995e-07 9.48175e-06 4.86461e-05 0.000172652 0.000461206 0.000963694 0.00163237 0.00233987 0.00296843 0.00346224 0.00381475 0.00403857 0.00414789 0.00415333 0.00406183 0.00387756 0.00360307 0.00324223 0.00280694 0.00232681 0.00185424 0.00145812 0.00131499 0.00230503 0.00648847 0.0153506 0.0260039 0.0290395 0.0210013 0.0102498 0.0033742 0.00075811 0.000128179 1.82388e-05 2.41257e-06 3.19003e-07 3.9256e-08 3.82561e-09 2.05984e-10 0 
0 3.19791e-07 3.18539e-06 1.63157e-05 5.92269e-05 0.000166896 0.000379344 0.000713642 0.00114092 0.00159626 0.00201246 0.00234484 0.00257402 0.00269691 0.00271778 0.00264344 0.0024823 0.00224626 0.00195444 0.00163686 0.00133422 0.00108832 0.000922343 0.000868506 0.00130156 0.00330264 0.00762123 0.0125137 0.0140521 0.0102498 0.00506561 0.00167618 0.000383775 6.60957e-05 9.36944e-06 1.24503e-06 1.67721e-07 2.10733e-08 2.09186e-09 1.14449e-10 0 
0 9.98137e-08 9.71177e-07 4.90443e-06 1.78176e-05 5.12597e-05 0.000121637 0.000243771 0.000420617 0.000637028 0.00086367 0.00106797 0.00122382 0.00131566 0.00133796 0.00129339 0.00119138 0.00104753 0.000882996 0.000722641 0.000591251 0.000507774 0.000477359 0.000492313 0.000624395 0.00121865 0.00257992 0.00413539 0.00455451 0.0033742 0.00167618 0.000565453 0.000135162 2.43229e-05 3.62629e-06 5.17032e-07 7.41108e-08 9.70398e-09 9.92376e-10 5.56426e-11 0 
0 2.8471e-08 2.69521e-07 1.33185e-06 4.7785e-06 1.37437e-05 3.30692e-05 6.81556e-05 0.000122345 0.000194067 0.000275775 0.000355657 0.00042115 0.00046235 0.000474111 0.000456655 0.000415093 0.000358232 0.000296863 0.000241833 0.000202305 0.000184545 0.000190596 0.000216974 0.000265664 0.000385156 0.000646843 0.000953185 0.00102424 0.00075811 0.000383775 0.000135162 3.42282e-05 6.62611e-06 1.10366e-06 1.78114e-07 2.78838e-08 3.8509e-09 4.09055e-10 2.36701e-11 0 
0 7.41042e-09 6.81091e-08 3.27989e-07 1.15364e-06 3.27802e-06 7.86152e-06 1.62964e-05 2.96607e-05 4.79827e-05 6.97294e-05 9.19083e-05 0.00011083 0.000123199 0.000127068 0.000122323 0.000110618 9.48553e-05 7.84331e-05 6.45351e-05 5.56725e-05 5.35328e-05 5.88584e-05 7.10273e-05 8.84382e-05 0.000112223 0.000146271 0.000178851 0.000176668 0.000128179 6.60957e-05 2.43229e-05 6.62611e-06 1.44943e-06 2.83977e-07 5.28654e-08 9.05604e-09 1.32324e-09 1.46728e-10 8.80787e-12 0 
0 1.75161e-09 1.56186e-08 7.31607e-08 2.51345e-07 7.01272e-07 1.66128e-06 3.42242e-06 6.22528e-06 1.01102e-05 1.47936e-05 1.96571e-05 2.38855e-05 2.67092e-05 2.76481e-05 2.66561e-05 2.41191e-05 2.07225e-05 1.72589e-05 1.44543e-05 1.28693e-05 1.28738e-05 1.46224e-05 1.79375e-05 2.21847e-05 2.64688e-05 2.9865e-05 3.07106e-05 2.67207e-05 1.82388e-05 9.36944e-06 3.62629e-06 1.10366e-06 2.83977e-07 6.56981e-08 1.38104e-08 2.55518e-09 3.94405e-10 4.57729e-11 2.8603e-12 0 
0 3.72111e-10 3.21947e-09 1.46623e-08 4.91299e-08 1.34224e-07 3.12734e-07 6.36526e-07 1.14881e-06 1.85805e-06 2.71541e-06 3.61071e-06 4.3953e-06 4.92582e-06 5.11082e-06 4.94026e-06 4.48656e-06 3.87977e-06 3.27041e-06 2.79621e-06 2.56256e-06 2.6352e-06 3.03102e-06 3.69156e-06 4.45036e-06 5.0473e-06 5.21642e-06 4.78084e-06 3.74693e-06 2.41257e-06 1.24503e-06 5.17032e-07 1.78114e-07 5.28654e-08 1.38104e-08 3.16633e-09 6.24245e-10 1.01547e-10 1.23475e-11 8.04771e-13 0 
0 6.95745e-11 5.84517e-10 2.58934e-09 8.46099e-09 2.26143e-08 5.17312e-08 1.03756e-07 1.85185e-07 2.97157e-07 4.32057e-07 5.7288e-07 6.96631e-07 7.81006e-07 8.11682e-07 7.87051e-07 7.18539e-07 6.26814e-07 5.35953e-07 4.68077e-07 4.3991e-07 4.60875e-07 5.30799e-07 6.35669e-07 7.43801e-07 8.10184e-07 7.94585e-07 6.8493e-07 5.08281e-07 3.19003e-07 1.67721e-07 7.41108e-08 2.78838e-08 9.05604e-09 2.55518e-09 6.24245e-10 1.30056e-10 2.22483e-11 2.83392e-12 1.92782e-13 0 
0 1.09621e-11 8.95317e-11 3.86159e-10 1.2313e-09 3.22011e-09 7.22944e-09 1.42758e-08 2.51643e-08 3.99975e-08 5.77589e-08 7.62436e-08 9.24934e-08 1.03646e-07 1.07863e-07 1.04947e-07 9.63956e-08 8.49267e-08 7.37268e-08 6.57326e-08 6.31163e-08 6.6931e-08 7.67278e-08 9.00842e-08 1.02444e-07 1.08104e-07 1.02721e-07 8.6068e-08 6.26599e-08 3.9256e-08 2.10733e-08 9.70398e-09 3.8509e-09 1.32324e-09 3.94405e-10 1.01547e-10 2.22483e-11 3.99322e-12 5.32257e-13 3.77782e-14 0 
0 1.31311e-12 1.04405e-11 4.3901e-11 1.36741e-10 3.50175e-10 7.7189e-10 1.50074e-09 2.61193e-09 4.11014e-09 5.89111e-09 7.73678e-09 9.35828e-09 1.04777e-08 1.09177e-08 1.06609e-08 9.85661e-09 8.77556e-09 7.73671e-09 7.03348e-09 6.87587e-09 7.34586e-09 8.35577e-09 9.61591e-09 1.06549e-08 1.09516e-08 1.01742e-08 8.39167e-09 6.07172e-09 3.82561e-09 2.09186e-09 9.92376e-10 4.09055e-10 1.46728e-10 4.57729e-11 1.23475e-11 2.83392e-12 5.32257e-13 7.41066e-14 5.48225e-15 0 
0 8.54006e-14 6.62023e-13 2.71785e-12 8.28035e-12 2.07864e-11 4.50235e-11 8.62335e-11 1.48226e-10 2.30941e-10 3.28523e-10 4.29184e-10 5.17535e-10 5.78893e-10 6.03963e-10 5.91981e-10 5.51083e-10 4.95974e-10 4.4399e-10 4.10968e-10 4.07742e-10 4.37346e-10 4.92804e-10 5.56352e-10 6.02284e-10 6.0525e-10 5.52101e-10 4.50192e-10 3.24789e-10 2.05984e-10 1.14449e-10 5.56426e-11 2.36701e-11 8.80787e-12 2.8603e-12 8.04771e-13 1.92782e-13 3.77782e-14 5.48225e-15 4.22055e-16 0 
0 0 0 0 0 0 0 0 0 0 0 0 0 0 0 0 0 0 0 0 0 0 0 0 0 0 0 0 0 0 0 0 0 0 0 0 0 0 0 0 0 
