0 0 0 0 0 0 0 0 0 0 0 0 0 0 0 0 0 0 0 0 0 0 0 0 0 0 0 0 0 0 0 0 0 0 0 0 0 0 0 0 0 
0 1.41953e-07 1.22245e-06 5.03387e-06 1.3729e-05 2.78577e-05 4.53747e-05 6.30768e-05 7.85482e-05 9.07867e-05 9.97919e-05 0.000105984 0.000109835 0.000111723 0.000111898 0.000110497 0.000107568 0.000103083 9.69654e-05 8.9138e-05 7.95973e-05 6.85141e-05 5.63222e-05 4.37493e-05 3.17396e-05 2.12506e-05 1.29826e-05 7.1683e-06 3.5529e-06 1.57505e-06 6.24057e-07 2.2123e-07 7.02762e-08 2.00112e-08 5.09461e-09 1.15016e-09 2.25957e-10 3.70567e-11 4.58475e-12 3.06063e-13 0 
0 1.22245e-06 1.05162e-05 4.05135e-05 9.58713e-05 0.000160002 0.000211785 0.000245337 0.000266093 0.000280373 0.000291502 0.000300353 0.000306686 0.000310055 0.000310228 0.000307328 0.000301807 0.000294335 0.000285601 0.000276024 0.000265397 0.000252569 0.000235417 0.000211424 0.000179088 0.000139671 9.79482e-05 6.05602e-05 3.2597e-05 1.52079e-05 6.16737e-06 2.18962e-06 6.86037e-07 1.90815e-07 4.7191e-08 1.03223e-08 1.96337e-09 3.11897e-10 3.74253e-11 2.42709e-12 0 
0 5.03387e-06 4.05135e-05 0.000131194 0.000240543 0.000313761 0.000354064 0.000386402 0.000421654 0.000459081 0.000494616 0.000524498 0.000546093 0.00055791 0.000559466 0.000551169 0.00053418 0.000510293 0.000481803 0.00045138 0.000421887 0.000395975 0.000375208 0.000358583 0.000340926 0.000312941 0.000265611 0.000198863 0.000126324 6.66662e-05 2.92024e-05 1.0762e-05 3.3999e-06 9.35898e-07 2.26623e-07 4.82689e-08 8.91996e-09 1.37629e-09 1.60529e-10 1.01342e-11 0 
0 1.3729e-05 9.58713e-05 0.000240543 0.000344776 0.000404342 0.000466631 0.00054312 0.000626171 0.000707034 0.000779093 0.00083752 0.000878983 0.000901586 0.000904835 0.000889545 0.000857672 0.000812071 0.000756234 0.000694036 0.000629555 0.000567023 0.000510855 0.000465426 0.000433666 0.000413506 0.000393213 0.000351942 0.000274969 0.000175637 8.88106e-05 3.57368e-05 1.17667e-05 3.27051e-06 7.84773e-07 1.64e-07 2.95983e-08 4.45292e-09 5.06474e-10 3.12101e-11 0 
0 2.78577e-05 0.000160002 0.000313761 0.000404342 0.000496812 0.000615916 0.000749879 0.000886056 0.00101472 0.00112787 0.00121906 0.00128361 0.00131881 0.00132399 0.00130042 0.00125105 0.00118018 0.00109297 0.000995035 0.000892017 0.000789325 0.000692021 0.000605047 0.000533643 0.000482907 0.000453899 0.000434911 0.000396024 0.000308949 0.000188871 8.73593e-05 3.11772e-05 8.97175e-06 2.16575e-06 4.48235e-07 7.9505e-08 1.17175e-08 1.3045e-09 7.87167e-11 0 
0 4.53747e-05 0.000211785 0.000354064 0.000466631 0.000615916 0.000795213 0.00098773 0.00118024 0.00136101 0.00151956 0.00164717 0.00173751 0.0017869 0.00179422 0.0017612 0.00169212 0.00159299 0.00147088 0.00133344 0.00118834 0.00104274 0.000902985 0.000774523 0.00066228 0.000571511 0.000508065 0.000473904 0.000454064 0.000407549 0.000300269 0.00016464 6.59768e-05 2.01754e-05 4.98031e-06 1.03121e-06 1.80982e-07 2.62605e-08 2.87308e-09 1.70343e-10 0 
0 6.30768e-05 0.000245337 0.000386402 0.00054312 0.000749879 0.00098773 0.00123976 0.00149076 0.00172604 0.00193254 0.00210219 0.00223576 0.00232187 0.00233686 0.00227773 0.00216701 0.00202907 0.00186867 0.00168961 0.00150046 0.00131023 0.00112686 0.000956893 0.000805538 0.000677276 0.000577213 0.000511426 0.000479716 0.000456438 0.000386687 0.000250711 0.00011514 3.82263e-05 9.79612e-06 2.04897e-06 3.58138e-07 5.1411e-08 5.54942e-09 3.24373e-10 0 
0 7.85482e-05 0.000266093 0.000421654 0.000626171 0.000886056 0.00118024 0.00149076 0.00179958 0.00208978 0.00236134 0.00264919 0.00288167 0.00299843 0.00301672 0.00294597 0.00277409 0.0025201 0.0022714 0.00204347 0.00181015 0.00157576 0.00134944 0.00113896 0.000950229 0.000787593 0.000654946 0.00055758 0.000501012 0.000476453 0.000437038 0.00032526 0.000171257 6.24689e-05 1.68059e-05 3.57905e-06 6.26533e-07 8.93662e-08 9.55195e-09 5.52191e-10 0 
0 9.07867e-05 0.000280373 0.000459081 0.000707034 0.00101472 0.00136101 0.00172604 0.00208978 0.00245616 0.00288832 0.00318364 0.0033212 0.00338261 0.00339214 0.00335436 0.00326049 0.00307583 0.00273907 0.00238602 0.00209999 0.00182378 0.00155743 0.00130935 0.00108619 0.00089255 0.000731672 0.000607324 0.000525492 0.000486981 0.00046097 0.000378311 0.000224676 9.00817e-05 2.55761e-05 5.57396e-06 9.81299e-07 1.39568e-07 1.48183e-08 8.49645e-10 0 
0 9.97919e-05 0.000291502 0.000494616 0.000779093 0.00112787 0.00151956 0.00193254 0.00236134 0.00288832 0.00325959 0.00343264 0.00352523 0.00356949 0.00357639 0.00354843 0.00348188 0.00336349 0.00315578 0.00276515 0.00236163 0.00204038 0.00173879 0.00145798 0.00120499 0.000984708 0.000800139 0.000653936 0.000550944 0.000495844 0.000471003 0.000410945 0.000268457 0.000117173 3.50678e-05 7.83363e-06 1.39023e-06 1.97666e-07 2.08998e-08 1.1915e-09 0 
0 0.000105984 0.000300353 0.000524498 0.00083752 0.00121906 0.00164717 0.00210219 0.00264919 0.00318364 0.00343264 0.00356604 0.00364208 0.00367941 0.00368517 0.00366119 0.00360522 0.00350945 0.00335379 0.00307808 0.00261308 0.00221606 0.00188355 0.00157655 0.00129979 0.00105837 0.000855226 0.000692334 0.000573332 0.000503923 0.000474841 0.000428783 0.000299987 0.000140216 4.39272e-05 1.00398e-05 1.79705e-06 2.55816e-07 2.69883e-08 1.53294e-09 0 
0 0.000109835 0.000306686 0.000546093 0.000878983 0.00128361 0.00173751 0.00223576 0.00288167 0.0033212 0.00352523 0.00364208 0.00371055 0.00374451 0.00374963 0.00372745 0.0036763 0.00359032 0.00345532 0.00323328 0.00282024 0.00234739 0.00198458 0.001659 0.00136562 0.00110948 0.000893472 0.000719191 0.000589419 0.000509829 0.000475753 0.000437117 0.000319662 0.000156859 5.08665e-05 1.18392e-05 2.13495e-06 3.04468e-07 3.20939e-08 1.81926e-09 0 
0 0.000111723 0.000310055 0.00055791 0.000901586 0.00131881 0.0017869 0.00232187 0.00299843 0.00338261 0.00356949 0.00367941 0.00374451 0.00377688 0.00378159 0.00376006 0.00371084 0.00362882 0.00350196 0.00329949 0.00292855 0.00242506 0.00203765 0.00170184 0.00139963 0.00113569 0.00091289 0.000732628 0.000597208 0.000512076 0.00047468 0.000439376 0.00032897 0.000165982 5.49537e-05 1.29386e-05 2.34521e-06 3.35032e-07 3.53187e-08 2.00074e-09 0 
0 0.000111898 0.000310228 0.000559466 0.000904835 0.00132399 0.00179422 0.00233686 0.00301672 0.00339214 0.00357639 0.00368517 0.00374963 0.00378159 0.00378602 0.00376431 0.00371505 0.00363323 0.0035071 0.00330688 0.00294199 0.0024336 0.00204129 0.00170423 0.00140108 0.00113634 0.000912861 0.000731965 0.000595823 0.000509767 0.000471674 0.000437227 0.000329235 0.000167351 5.57458e-05 1.31761e-05 2.39352e-06 3.42358e-07 3.61177e-08 2.04698e-09 0 
0 0.000110497 0.000307328 0.000551169 0.000889545 0.00130042 0.0017612 0.00227773 0.00294597 0.00335436 0.00354843 0.00366119 0.00372745 0.00376006 0.00376431 0.00374168 0.00369058 0.00360555 0.00347358 0.00326075 0.00286708 0.00237204 0.00199747 0.00166787 0.00137124 0.00111235 0.000893981 0.000717507 0.000585273 0.000502644 0.000466505 0.000430974 0.000321116 0.000161294 5.32963e-05 1.25515e-05 2.27832e-06 3.26099e-07 3.44471e-08 1.95531e-09 0 
0 0.000107568 0.000301807 0.00053418 0.000857672 0.00125105 0.00169212 0.00216701 0.00277409 0.00326049 0.00348188 0.00360522 0.0036763 0.00371084 0.00371505 0.00369058 0.00363546 0.00354298 0.00339651 0.00314951 0.00269978 0.00225734 0.00191147 0.00159658 0.00131309 0.00106592 0.000857814 0.000690302 0.000566187 0.000490862 0.000458645 0.000419753 0.0003046 0.000148561 4.80948e-05 1.12138e-05 2.02909e-06 2.90529e-07 3.07502e-08 1.7501e-09 0 
0 0.000103083 0.000294335 0.000510293 0.000812071 0.00118018 0.00159299 0.00202907 0.0025201 0.00307583 0.00336349 0.00350945 0.00359032 0.00362882 0.00363323 0.00360555 0.00354298 0.00343596 0.00325882 0.00293274 0.00246894 0.00210834 0.00179035 0.00149584 0.00123084 0.00100018 0.000806554 0.000651817 0.000539458 0.000474508 0.000446791 0.000401505 0.000279338 0.000130362 4.09683e-05 9.4169e-06 1.69645e-06 2.43054e-07 2.58014e-08 1.47426e-09 0 
0 9.69654e-05 0.000285601 0.000481803 0.000756234 0.00109297 0.00147088 0.00186867 0.0022714 0.00273907 0.00315578 0.00335379 0.00345532 0.00350196 0.0035071 0.00347358 0.00339651 0.00325882 0.00300842 0.00259524 0.00223808 0.00193254 0.00164208 0.00137211 0.00112946 0.00091871 0.000742616 0.000603529 0.00050569 0.000452734 0.000427983 0.000373025 0.000245326 0.000108489 3.29484e-05 7.45729e-06 1.3381e-06 1.92055e-07 2.04779e-08 1.17655e-09 0 
0 8.9138e-05 0.000276024 0.00045138 0.000694036 0.000995035 0.00133344 0.00168961 0.00204347 0.00238602 0.00276515 0.00307808 0.00323328 0.00329949 0.00330688 0.00326075 0.00314951 0.00293274 0.00259524 0.0022837 0.00200784 0.00173652 0.00147519 0.00123223 0.00101408 0.000825091 0.00066817 0.000546346 0.000464196 0.000422243 0.000396625 0.000330747 0.000203919 8.53428e-05 2.51028e-05 5.6101e-06 1.00518e-06 1.44848e-07 1.55431e-08 8.99524e-10 0 
0 7.95973e-05 0.000265397 0.000421887 0.000629555 0.000892017 0.00118834 0.00150046 0.00181015 0.00209999 0.00236163 0.00261308 0.00282024 0.00292855 0.00294199 0.00286708 0.00269978 0.00246894 0.00223808 0.00200784 0.00176916 0.0015295 0.00129816 0.00108292 0.000889636 0.00072249 0.00058467 0.000479703 0.000411272 0.000375507 0.000344907 0.000273194 0.000158844 6.36916e-05 1.83447e-05 4.07801e-06 7.32887e-07 1.06329e-07 1.15038e-08 6.71461e-10 0 
0 6.85141e-05 0.000252569 0.000395975 0.000567023 0.000789325 0.00104274 0.00131023 0.00157576 0.00182378 0.00204038 0.00221606 0.00234739 0.00242506 0.0024336 0.00237204 0.00225734 0.00210834 0.00193254 0.00173652 0.0015295 0.00132085 0.00111885 0.000930303 0.00076049 0.000613441 0.000492482 0.000400638 0.000339286 0.000302642 0.000268507 0.000205195 0.000116257 4.60742e-05 1.32627e-05 2.96392e-06 5.36743e-07 7.85148e-08 8.5635e-09 5.03654e-10 0 
0 5.63222e-05 0.000235417 0.000375208 0.000510855 0.000692021 0.000902985 0.00112686 0.00134944 0.00155743 0.00173879 0.00188355 0.00198458 0.00203765 0.00204129 0.00199747 0.00191147 0.00179035 0.00164208 0.00147519 0.00129816 0.00111885 0.000944142 0.000779789 0.000630576 0.000500606 0.000393114 0.000309466 0.000248992 0.00020912 0.000179814 0.000139763 8.25306e-05 3.39671e-05 1.00203e-05 2.2701e-06 4.14167e-07 6.0852e-08 6.65667e-09 3.92351e-10 0 
0 4.37493e-05 0.000211424 0.000358583 0.000465426 0.000605047 0.000774523 0.000956893 0.00113896 0.00130935 0.00145798 0.00157655 0.001659 0.00170184 0.00170423 0.00166787 0.00159658 0.00149584 0.00137211 0.00123223 0.00108292 0.000930303 0.000779789 0.000636232 0.000504996 0.000393354 0.00030817 0.000246932 0.000196439 0.000150151 0.000115548 9.12276e-05 6.0077e-05 2.70956e-05 8.35549e-06 1.91709e-06 3.49172e-07 5.09605e-08 5.53116e-09 3.23526e-10 0 
0 3.17396e-05 0.000179088 0.000340926 0.000433666 0.000533643 0.00066228 0.000805538 0.000950229 0.00108619 0.00120499 0.00129979 0.00136562 0.00139963 0.00140108 0.00137124 0.00131309 0.00123084 0.00112946 0.00101408 0.000889636 0.00076049 0.000630576 0.000504996 0.000396013 0.00032979 0.000326195 0.000352866 0.000335501 0.000246529 0.000140632 7.58303e-05 4.70587e-05 2.35624e-05 7.6825e-06 1.77248e-06 3.18109e-07 4.55279e-08 4.84854e-09 2.78794e-10 0 
0 2.12506e-05 0.000139671 0.000312941 0.000413506 0.000482907 0.000571511 0.000677276 0.000787593 0.00089255 0.000984708 0.00105837 0.00110948 0.00113569 0.00113634 0.00111235 0.00106592 0.00100018 0.00091871 0.000825091 0.00072249 0.000613441 0.000500606 0.000393354 0.00032979 0.000387242 0.000610478 0.00104839 0.00126593 0.000707278 0.000353011 0.000130925 4.77358e-05 2.1632e-05 7.32877e-06 1.6877e-06 2.95929e-07 4.1243e-08 4.28657e-09 2.41307e-10 0 
0 1.29826e-05 9.79482e-05 0.000265611 0.000393213 0.000453899 0.000508065 0.000577213 0.000654946 0.000731672 0.000800139 0.000855226 0.000893472 0.00091289 0.000912861 0.000893981 0.000857814 0.000806554 0.000742616 0.00066817 0.00058467 0.000492482 0.000393114 0.00030817 0.000326195 0.000610478 0.00150005 0.0023125 0.00237197 0.00208272 0.000827528 0.000275772 7.06999e-05 2.15006e-05 6.84526e-06 1.5446e-06 2.634e-07 3.57466e-08 3.63145e-09 2.00514e-10 0 
0 7.1683e-06 6.05602e-05 0.000198863 0.000351942 0.000434911 0.000473904 0.000511426 0.00055758 0.000607324 0.000653936 0.000692334 0.000719191 0.000732628 0.000731965 0.000717507 0.000690302 0.000651817 0.000603529 0.000546346 0.000479703 0.000400638 0.000309466 0.000246932 0.000352866 0.00104839 0.0023125 0.00254245 0.00256884 0.0024467 0.0018047 0.000442594 0.000102285 2.25994e-05 6.05019e-06 1.29278e-06 2.13477e-07 2.83384e-08 2.83169e-09 1.54293e-10 0 
0 3.5529e-06 3.2597e-05 0.000126324 0.000274969 0.000396024 0.000454064 0.000479716 0.000501012 0.000525492 0.000550944 0.000573332 0.000589419 0.000597208 0.000595823 0.000585273 0.000566187 0.000539458 0.00050569 0.000464196 0.000411272 0.000339286 0.000248992 0.000196439 0.000335501 0.00126593 0.00237197 0.00256884 0.00259572 0.00249866 0.00207874 0.000502801 0.000109705 2.12677e-05 4.82562e-06 9.53853e-07 1.52438e-07 1.99517e-08 1.97909e-09 1.07312e-10 0 
0 1.57505e-06 1.52079e-05 6.66662e-05 0.000175637 0.000308949 0.000407549 0.000456438 0.000476453 0.000486981 0.000495844 0.000503923 0.000509829 0.000512076 0.000509767 0.000502644 0.000490862 0.000474508 0.000452734 0.000422243 0.000375507 0.000302642 0.00020912 0.000150151 0.000246529 0.000707278 0.00208272 0.0024467 0.00249866 0.00233813 0.00132447 0.000360653 8.13797e-05 1.56549e-05 3.25111e-06 6.00548e-07 9.3867e-08 1.22584e-08 1.22026e-09 6.64678e-11 0 
0 6.24057e-07 6.16737e-06 2.92024e-05 8.88106e-05 0.000188871 0.000300269 0.000386687 0.000437038 0.00046097 0.000471003 0.000474841 0.000475753 0.00047468 0.000471674 0.000466505 0.000458645 0.000446791 0.000427983 0.000396625 0.000344907 0.000268507 0.000179814 0.000115548 0.000140632 0.000353011 0.000827528 0.0018047 0.00207874 0.00132447 0.000541439 0.000179191 4.18372e-05 8.68014e-06 1.76018e-06 3.15061e-07 4.92514e-08 6.51449e-09 6.58226e-10 3.63597e-11 0 
0 2.2123e-07 2.18962e-06 1.0762e-05 3.57368e-05 8.73593e-05 0.00016464 0.000250711 0.00032526 0.000378311 0.000410945 0.000428783 0.000437117 0.000439376 0.000437227 0.000430974 0.000419753 0.000401505 0.000373025 0.000330747 0.000273194 0.000205195 0.000139763 9.12276e-05 7.58303e-05 0.000130925 0.000275772 0.000442594 0.000502801 0.000360653 0.000179191 6.08929e-05 1.58202e-05 3.66957e-06 7.54828e-07 1.36887e-07 2.19684e-08 2.98719e-09 3.09599e-10 1.74938e-11 0 
0 7.02762e-08 6.86037e-07 3.3999e-06 1.17667e-05 3.11772e-05 6.59768e-05 0.00011514 0.000171257 0.000224676 0.000268457 0.000299987 0.000319662 0.00032897 0.000329235 0.000321116 0.0003046 0.000279338 0.000245326 0.000203919 0.000158844 0.000116257 8.25306e-05 6.0077e-05 4.70587e-05 4.77358e-05 7.06999e-05 0.000102285 0.000109705 8.13797e-05 4.18372e-05 1.58202e-05 4.80576e-06 1.21307e-06 2.61293e-07 4.98236e-08 8.37332e-09 1.18384e-09 1.26927e-10 7.38943e-12 0 
0 2.00112e-08 1.90815e-07 9.35898e-07 3.27051e-06 8.97175e-06 2.01754e-05 3.82263e-05 6.24689e-05 9.00817e-05 0.000117173 0.000140216 0.000156859 0.000165982 0.000167351 0.000161294 0.000148561 0.000130362 0.000108489 8.53428e-05 6.36916e-05 4.60742e-05 3.39671e-05 2.70956e-05 2.35624e-05 2.1632e-05 2.15006e-05 2.25994e-05 2.12677e-05 1.56549e-05 8.68014e-06 3.66957e-06 1.21307e-06 3.27128e-07 7.57964e-08 1.54738e-08 2.74787e-09 4.06643e-10 4.53732e-11 2.73665e-12 0 
0 5.09461e-09 4.7191e-08 2.26623e-07 7.84773e-07 2.16575e-06 4.98031e-06 9.79612e-06 1.68059e-05 2.55761e-05 3.50678e-05 4.39272e-05 5.08665e-05 5.49537e-05 5.57458e-05 5.32963e-05 4.80948e-05 4.09683e-05 3.29484e-05 2.51028e-05 1.83447e-05 1.32627e-05 1.00203e-05 8.35549e-06 7.6825e-06 7.32877e-06 6.84526e-06 6.05019e-06 4.82562e-06 3.25111e-06 1.76018e-06 7.54828e-07 2.61293e-07 7.57964e-08 1.90051e-08 4.15306e-09 7.80082e-10 1.21196e-10 1.41251e-11 8.85928e-13 0 
0 1.15016e-09 1.03223e-08 4.82689e-08 1.64e-07 4.48235e-07 1.03121e-06 2.04897e-06 3.57905e-06 5.57396e-06 7.83363e-06 1.00398e-05 1.18392e-05 1.29386e-05 1.31761e-05 1.25515e-05 1.12138e-05 9.4169e-06 7.45729e-06 5.6101e-06 4.07801e-06 2.96392e-06 2.2701e-06 1.91709e-06 1.77248e-06 1.6877e-06 1.5446e-06 1.29278e-06 9.53853e-07 6.00548e-07 3.15061e-07 1.36887e-07 4.98236e-08 1.54738e-08 4.15306e-09 9.64282e-10 1.912e-10 3.12106e-11 3.80611e-12 2.48776e-13 0 
0 2.25957e-10 1.96337e-09 8.91996e-09 2.95983e-08 7.9505e-08 1.80982e-07 3.58138e-07 6.26533e-07 9.81299e-07 1.39023e-06 1.79705e-06 2.13495e-06 2.34521e-06 2.39352e-06 2.27832e-06 2.02909e-06 1.69645e-06 1.3381e-06 1.00518e-06 7.32887e-07 5.36743e-07 4.14167e-07 3.49172e-07 3.18109e-07 2.95929e-07 2.634e-07 2.13477e-07 1.52438e-07 9.3867e-08 4.92514e-08 2.19684e-08 8.37332e-09 2.74787e-09 7.80082e-10 1.912e-10 3.99192e-11 6.8419e-12 8.73234e-13 5.95292e-14 0 
0 3.70567e-11 3.11897e-10 1.37629e-09 4.45292e-09 1.17175e-08 2.62605e-08 5.1411e-08 8.93662e-08 1.39568e-07 1.97666e-07 2.55816e-07 3.04468e-07 3.35032e-07 3.42358e-07 3.26099e-07 2.90529e-07 2.43054e-07 1.92055e-07 1.44848e-07 1.06329e-07 7.85148e-08 6.0852e-08 5.09605e-08 4.55279e-08 4.1243e-08 3.57466e-08 2.83384e-08 1.99517e-08 1.22584e-08 6.51449e-09 2.98719e-09 1.18384e-09 4.06643e-10 1.21196e-10 3.12106e-11 6.8419e-12 1.22916e-12 1.64039e-13 1.16606e-14 0 
0 4.58475e-12 3.74253e-11 1.60529e-10 5.06474e-10 1.3045e-09 2.87308e-09 5.54942e-09 9.55195e-09 1.48183e-08 2.08998e-08 2.69883e-08 3.20939e-08 3.53187e-08 3.61177e-08 3.44471e-08 3.07502e-08 2.58014e-08 2.04779e-08 1.55431e-08 1.15038e-08 8.5635e-09 6.65667e-09 5.53116e-09 4.84854e-09 4.28657e-09 3.63145e-09 2.83169e-09 1.97909e-09 1.22026e-09 6.58226e-10 3.09599e-10 1.26927e-10 4.53732e-11 1.41251e-11 3.80611e-12 8.73234e-13 1.64039e-13 2.28535e-14 1.69227e-15 0 
0 3.06063e-13 2.42709e-12 1.01342e-11 3.12101e-11 7.87167e-11 1.70343e-10 3.24373e-10 5.52191e-10 8.49645e-10 1.1915e-09 1.53294e-09 1.81926e-09 2.00074e-09 2.04698e-09 1.95531e-09 1.7501e-09 1.47426e-09 1.17655e-09 8.99524e-10 6.71461e-10 5.03654e-10 3.92351e-10 3.23526e-10 2.78794e-10 2.41307e-10 2.00514e-10 1.54293e-10 1.07312e-10 6.64678e-11 3.63597e-11 1.74938e-11 7.38943e-12 2.73665e-12 8.85928e-13 2.48776e-13 5.95292e-14 1.16606e-14 1.69227e-15 1.30341e-16 0 
0 0 0 0 0 0 0 0 0 0 0 0 0 0 0 0 0 0 0 0 0 0 0 0 0 0 0 0 0 0 0 0 0 0 0 0 0 0 0 0 0 
