0 0 0 0 0 0 0 0 0 0 0 0 0 0 0 0 0 0 0 0 0 0 0 0 0 0 0 0 0 0 0 0 0 0 0 0 0 0 0 0 0 
0 1.92885e-07 1.72403e-06 7.63739e-06 2.32183e-05 5.38055e-05 0.000100831 0.000160008 0.000223553 0.000283837 0.000335493 0.000375629 0.000403126 0.000417886 0.000420323 0.000411105 0.000391079 0.000361301 0.000323152 0.000278498 0.000229817 0.000180196 0.00013307 9.16836e-05 5.83883e-05 3.40825e-05 1.81145e-05 8.72847e-06 3.80585e-06 1.50182e-06 5.37052e-07 1.74317e-07 5.14012e-08 1.37571e-08 3.32824e-09 7.2077e-10 1.36912e-10 2.1853e-11 2.64555e-12 1.73555e-13 0 
0 1.72403e-06 1.5784e-05 6.90805e-05 0.000197612 0.000411306 0.000672666 0.000927382 0.00114283 0.00131233 0.00144079 0.00153405 0.00159574 0.0016278 0.00163165 0.00160896 0.00156173 0.00149197 0.00140106 0.00128927 0.00115577 0.000999909 0.000823903 0.00063604 0.000451813 0.000290314 0.000166479 8.45365e-05 3.79488e-05 1.51091e-05 5.36719e-06 1.71179e-06 4.92548e-07 1.28127e-07 3.00703e-08 6.31411e-09 1.1634e-09 1.80306e-10 2.12238e-11 1.35592e-12 0 
0 7.63739e-06 6.90805e-05 0.000280039 0.000690577 0.00119093 0.00163571 0.00198964 0.00228214 0.00253614 0.00275464 0.0029305 0.00305522 0.00312294 0.00313195 0.00308471 0.00298744 0.0028492 0.00268062 0.00249228 0.00229216 0.00208258 0.00185738 0.00160274 0.00130621 0.000974196 0.000643627 0.000367401 0.000179169 7.48471e-05 2.71013e-05 8.6295e-06 2.44632e-06 6.22154e-07 1.42192e-07 2.90287e-08 5.19935e-09 7.83861e-10 8.9864e-11 5.5998e-12 0 
0 2.32183e-05 0.000197612 0.000690577 0.00138926 0.00201707 0.00253665 0.00302454 0.00350592 0.00396304 0.00436795 0.00469578 0.00492832 0.00505508 0.00507329 0.00498756 0.00480881 0.00455305 0.0042397 0.0038901 0.00352576 0.00316634 0.00282599 0.00250667 0.00218975 0.00183638 0.00141482 0.000950252 0.000533587 0.000246462 9.45288e-05 3.08065e-05 8.73517e-06 2.19214e-06 4.90819e-07 9.78324e-08 1.70889e-08 2.51288e-09 2.8123e-10 1.71292e-11 0 
0 5.38055e-05 0.000411306 0.00119093 0.00201707 0.00272839 0.00344482 0.0042035 0.00496793 0.00568941 0.00632385 0.00683516 0.00719709 0.00739445 0.00742349 0.00729132 0.00701455 0.00661719 0.00612821 0.00557906 0.00500138 0.00442519 0.00387748 0.00337999 0.00294285 0.00254998 0.0021455 0.0016593 0.00109698 0.000585473 0.00024826 8.54281e-05 2.47109e-05 6.19304e-06 1.36877e-06 2.67782e-07 4.57984e-08 6.58999e-09 7.21981e-10 4.30885e-11 0 
0 0.000100831 0.000672666 0.00163571 0.00253665 0.00344482 0.00445814 0.00553809 0.00661751 0.00763109 0.00852002 0.00923544 0.00974152 0.0100175 0.0100583 0.0098739 0.00948733 0.00893175 0.0082471 0.00747649 0.00666292 0.00584655 0.00506285 0.00434177 0.00370685 0.00316969 0.00271065 0.00225354 0.00169756 0.00105698 0.000511216 0.000191537 5.77588e-05 1.46532e-05 3.22423e-06 6.22704e-07 1.04733e-07 1.47993e-08 1.59205e-09 9.33517e-11 0 
0 0.000160008 0.000927382 0.00198964 0.00302454 0.0042035 0.00553809 0.00695125 0.00835853 0.0096777 0.0108336 0.0117633 0.0124208 0.0127793 0.0128321 0.0125922 0.0120895 0.0113671 0.0104766 0.00947348 0.00841297 0.00734633 0.00631819 0.00536516 0.00451591 0.00379129 0.00319759 0.00269878 0.00218448 0.00154245 0.00085619 0.000356731 0.000114345 2.97563e-05 6.57396e-06 1.26069e-06 2.09437e-07 2.91678e-08 3.09067e-09 1.78547e-10 0 
0 0.000223553 0.00114283 0.00228214 0.00350592 0.00496793 0.00661751 0.00835853 0.01009 0.0117119 0.0131326 0.0142762 0.0150881 0.0155336 0.0155991 0.0152993 0.0146754 0.0137842 0.0126885 0.0114545 0.0101493 0.00883516 0.00756619 0.00638606 0.00532779 0.00441496 0.00366212 0.00306162 0.00254036 0.00194514 0.00121674 0.000566793 0.000195574 5.27668e-05 1.17917e-05 2.25715e-06 3.71901e-07 5.12238e-08 5.36262e-09 3.06057e-10 0 
0 0.000283837 0.00131233 0.00253614 0.00396304 0.00568941 0.00763109 0.0096777 0.0117119 0.013617 0.0152881 0.0166443 0.0176227 0.0181674 0.0182481 0.0178797 0.0171201 0.0160522 0.0147562 0.0133047 0.0117707 0.0102257 0.00873238 0.00734139 0.00609019 0.00500428 0.0040997 0.0033802 0.00280633 0.00224137 0.00153258 0.000790468 0.000294595 8.29164e-05 1.88414e-05 3.61508e-06 5.92831e-07 8.10073e-08 8.40277e-09 4.75015e-10 0 
0 0.000335493 0.00144079 0.00275464 0.00436795 0.00632385 0.00852002 0.0108336 0.0131326 0.0152881 0.0171926 0.0187564 0.0198749 0.0204748 0.0205605 0.0201581 0.0192986 0.0180627 0.016571 0.0149202 0.0131847 0.011438 0.0097492 0.00817477 0.00675628 0.00552113 0.00448548 0.00365602 0.00301258 0.00244868 0.00177602 0.000995132 0.000398272 0.000117023 2.71065e-05 5.22742e-06 8.5553e-07 1.16289e-07 1.19823e-08 6.72572e-10 0 
0 0.000375629 0.00153405 0.0029305 0.00469578 0.00683516 0.00923544 0.0117633 0.0142762 0.0166443 0.0187564 0.0204525 0.0215721 0.0221279 0.022202 0.0218286 0.0209926 0.0196931 0.0180456 0.0162182 0.0143147 0.0124057 0.0105605 0.0088396 0.0072878 0.00593417 0.00479487 0.00387672 0.00316855 0.00258869 0.00194567 0.00115866 0.000491847 0.000150191 3.54442e-05 6.87824e-06 1.12559e-06 1.52523e-07 1.56467e-08 8.73962e-10 0 
0 0.000403126 0.00159574 0.00305522 0.00492832 0.00719709 0.00974152 0.0124208 0.0150881 0.0176227 0.0198749 0.0215721 0.0226075 0.0231044 0.0231666 0.022826 0.0220569 0.0208029 0.0190954 0.0171372 0.0151055 0.0130803 0.0111253 0.00930187 0.00765694 0.00622075 0.00500947 0.00402941 0.00327314 0.00267476 0.00205054 0.00127117 0.000563215 0.000177212 4.24734e-05 8.29175e-06 1.35825e-06 1.83793e-07 1.88082e-08 1.04753e-09 0 
0 0.000417886 0.0016278 0.00312294 0.00505508 0.00739445 0.0100175 0.0127793 0.0155336 0.0181674 0.0204748 0.0221279 0.0231044 0.0235694 0.0236243 0.0232987 0.022567 0.0213605 0.019655 0.0176313 0.015524 0.0134342 0.0114202 0.00954202 0.0078476 0.0063677 0.00511839 0.00410555 0.00332309 0.00271327 0.00210001 0.00133098 0.000604903 0.000193954 4.69731e-05 9.21255e-06 1.51131e-06 2.04497e-07 2.09113e-08 1.16345e-09 0 
0 0.000420323 0.00163165 0.00313195 0.00507329 0.00742349 0.0100583 0.0128321 0.0155991 0.0182481 0.0205605 0.022202 0.0231666 0.0236243 0.0236755 0.0233494 0.0226207 0.0214198 0.0197147 0.0176798 0.0155601 0.0134612 0.0114398 0.00955543 0.00785571 0.00637135 0.00511824 0.004102 0.00331677 0.00270716 0.0021006 0.00134009 0.000614081 0.000198249 4.82281e-05 9.48391e-06 1.55837e-06 2.11098e-07 2.16048e-08 1.20293e-09 0 
0 0.000411105 0.00160896 0.00308471 0.00498756 0.00729132 0.0098739 0.0125922 0.0152993 0.0178797 0.0201581 0.0218286 0.022826 0.0232987 0.0233494 0.0230088 0.0222513 0.0210134 0.0192971 0.0172998 0.0152301 0.0131758 0.0111963 0.00935155 0.00768842 0.00623683 0.00501236 0.00402061 0.00325519 0.00265804 0.00205569 0.00130165 0.00059182 0.000190171 4.62022e-05 9.09259e-06 1.49678e-06 2.03219e-07 2.08502e-08 1.16393e-09 0 
0 0.000391079 0.00156173 0.00298744 0.00480881 0.00701455 0.00948733 0.0120895 0.0146754 0.0171201 0.0192986 0.0209926 0.0220569 0.022567 0.0226207 0.0222513 0.0214367 0.0201425 0.0184457 0.0165437 0.0145749 0.0126108 0.0107164 0.00895191 0.00736237 0.00597652 0.00480951 0.0038671 0.00314124 0.00256641 0.00196597 0.00121943 0.000542453 0.000171843 4.15077e-05 8.16577e-06 1.34751e-06 1.83644e-07 1.89248e-08 1.06139e-09 0 
0 0.000361301 0.00149197 0.0028492 0.00455305 0.00661719 0.00893175 0.0113671 0.0137842 0.0160522 0.0180627 0.0196931 0.0208029 0.0213605 0.0214198 0.0210134 0.0201425 0.0188437 0.0172455 0.0154856 0.0136509 0.0118121 0.0100382 0.00838707 0.00690124 0.00560791 0.00452192 0.00364914 0.0029779 0.00243065 0.00183023 0.00109884 0.000473205 0.000146899 3.52065e-05 6.92639e-06 1.14763e-06 1.5734e-07 1.63253e-08 9.22216e-10 0 
0 0.000323152 0.00140106 0.00268062 0.0042397 0.00612821 0.0082471 0.0104766 0.0126885 0.0147562 0.016571 0.0180456 0.0190954 0.019655 0.0197147 0.0192971 0.0184457 0.0172455 0.0158018 0.0142022 0.0125219 0.0108345 0.00920701 0.00769329 0.00633276 0.00515108 0.00416293 0.00337378 0.00276533 0.00224559 0.00164738 0.000948881 0.000393765 0.000119734 2.85258e-05 5.62816e-06 9.39291e-07 1.29966e-07 1.36205e-08 7.77332e-10 0 
0 0.000278498 0.00128927 0.00249228 0.0038901 0.00557906 0.00747649 0.00947348 0.0114545 0.0133047 0.0149202 0.0162182 0.0171372 0.0176313 0.0176798 0.0172998 0.0165437 0.0154856 0.0142022 0.0127676 0.0112556 0.00973648 0.00827127 0.00690902 0.00568587 0.00462606 0.00374419 0.00304398 0.00249745 0.00200267 0.00142068 0.000784211 0.000315334 9.4661e-05 2.25821e-05 4.4953e-06 7.59424e-07 1.06485e-07 1.13101e-08 6.53902e-10 0 
0 0.000229817 0.00115577 0.00229216 0.00352576 0.00500138 0.00666292 0.00841297 0.0101493 0.0117707 0.0131847 0.0143147 0.0151055 0.015524 0.0155601 0.0152301 0.0145749 0.0136509 0.0125219 0.0112556 0.00991944 0.00857578 0.00727867 0.00607181 0.00498808 0.00405039 0.00327273 0.00265493 0.00216091 0.00169578 0.00116447 0.00062532 0.000248891 7.51583e-05 1.81924e-05 3.68483e-06 6.33361e-07 9.02529e-08 9.72722e-09 5.69756e-10 0 
0 0.000180196 0.000999909 0.00208258 0.00316634 0.00442519 0.00584655 0.00734633 0.00883516 0.0102257 0.011438 0.0124057 0.0130803 0.0134342 0.0134612 0.0131758 0.0126108 0.0118121 0.0108345 0.00973648 0.00857578 0.00740589 0.00627331 0.00521611 0.00426381 0.0034377 0.00274983 0.00219666 0.00174719 0.00133749 0.000908488 0.000494295 0.000202836 6.33832e-05 1.5801e-05 3.2743e-06 5.72528e-07 8.26412e-08 8.99337e-09 5.30571e-10 0 
0 0.00013307 0.000823903 0.00185738 0.00282599 0.00387748 0.00506285 0.00631819 0.00756619 0.00873238 0.0097492 0.0105605 0.0111253 0.0114202 0.0114398 0.0111963 0.0107164 0.0100382 0.00920701 0.00827127 0.00727867 0.00627331 0.00529371 0.00437211 0.00353476 0.00280257 0.00218912 0.00169537 0.00130527 0.000985457 0.000690591 0.000404532 0.000180182 5.98787e-05 1.54731e-05 3.26253e-06 5.74256e-07 8.29612e-08 9.00794e-09 5.29313e-10 0 
0 9.16836e-05 0.00063604 0.00160274 0.00250667 0.00337999 0.00434177 0.00536516 0.00638606 0.00734139 0.00817477 0.0088396 0.00930187 0.00954202 0.00955543 0.00935155 0.00895191 0.00838707 0.00769329 0.00690902 0.00607181 0.00521611 0.00437211 0.00356668 0.00282918 0.00220059 0.00172125 0.00137656 0.0010885 0.000810453 0.000564176 0.000354714 0.000176235 6.32423e-05 1.68595e-05 3.56471e-06 6.21286e-07 8.84817e-08 9.46178e-09 5.47726e-10 0 
0 5.83883e-05 0.000451813 0.00130621 0.00218975 0.00294285 0.00370685 0.00451591 0.00532779 0.00609019 0.00675628 0.0072878 0.00765694 0.0078476 0.00785571 0.00768842 0.00736237 0.00690124 0.00633276 0.00568587 0.00498808 0.00426381 0.00353476 0.00282918 0.00221742 0.00184767 0.00182865 0.00197842 0.00188106 0.00138189 0.00078382 0.000391453 0.000186986 7.05217e-05 1.91596e-05 4.00248e-06 6.81543e-07 9.4684e-08 9.89188e-09 5.6069e-10 0 
0 3.40825e-05 0.000290314 0.000974196 0.00183638 0.00254998 0.00316969 0.00379129 0.00441496 0.00500428 0.00552113 0.00593417 0.00622075 0.0063677 0.00637135 0.00623683 0.00597652 0.00560791 0.00515108 0.00462606 0.00405039 0.0034377 0.00280257 0.00220059 0.00184767 0.00217118 0.00342289 0.0049435 0.00532884 0.00388852 0.00197929 0.000732 0.000242329 8.06826e-05 2.13561e-05 4.32818e-06 7.13577e-07 9.63125e-08 9.81325e-09 5.44307e-10 0 
0 1.81145e-05 0.000166479 0.000643627 0.00141482 0.0021455 0.00271065 0.00319759 0.00366212 0.0040997 0.00448548 0.00479487 0.00500947 0.00511839 0.00511824 0.00501236 0.00480951 0.00452192 0.00416293 0.00374419 0.00327273 0.00274983 0.00218912 0.00172125 0.00182865 0.00342289 0.00711074 0.0125358 0.014221 0.00956461 0.00456738 0.00154619 0.000390867 9.65379e-05 2.263e-05 4.31121e-06 6.822e-07 8.94952e-08 8.92139e-09 4.85982e-10 0 
0 8.72847e-06 8.45365e-05 0.000367401 0.000950252 0.0016593 0.00225354 0.00269878 0.00306162 0.0033802 0.00365602 0.00387672 0.00402941 0.00410555 0.004102 0.00402061 0.0038671 0.00364914 0.00337378 0.00304398 0.00265493 0.00219666 0.00169537 0.00137656 0.00197842 0.0049435 0.0125358 0.0169664 0.0174608 0.015813 0.00791569 0.00247833 0.000572179 0.000112738 2.21033e-05 3.83202e-06 5.7774e-07 7.39472e-08 7.25997e-09 3.90939e-10 0 
0 3.80585e-06 3.79488e-05 0.000179169 0.000533587 0.00109698 0.00169756 0.00218448 0.00254036 0.00280633 0.00301258 0.00316855 0.00327314 0.00332309 0.00331677 0.00325519 0.00314124 0.0029779 0.00276533 0.00249745 0.00216091 0.00174719 0.00130527 0.0010885 0.00188106 0.00532884 0.014221 0.0174608 0.0178561 0.0165675 0.00941287 0.0027295 0.000614369 0.000109716 1.86698e-05 2.93919e-06 4.23687e-07 5.33671e-08 5.20838e-09 2.79577e-10 0 
0 1.50182e-06 1.51091e-05 7.48471e-05 0.000246462 0.000585473 0.00105698 0.00154245 0.00194514 0.00224137 0.00244868 0.00258869 0.00267476 0.00271327 0.00270716 0.00265804 0.00256641 0.00243065 0.00224559 0.00200267 0.00169578 0.00133749 0.000985457 0.000810453 0.00138189 0.00388852 0.00956461 0.015813 0.0165675 0.0135281 0.00616409 0.00202215 0.000455094 7.98553e-05 1.26709e-05 1.87686e-06 2.64384e-07 3.32653e-08 3.264e-09 1.76288e-10 0 
0 5.37052e-07 5.36719e-06 2.71013e-05 9.45288e-05 0.00024826 0.000511216 0.00085619 0.00121674 0.00153258 0.00177602 0.00194567 0.00205054 0.00210001 0.0021006 0.00205569 0.00196597 0.00183023 0.00164738 0.00142068 0.00116447 0.000908488 0.000690591 0.000564176 0.00078382 0.00197929 0.00456738 0.00791569 0.00941287 0.00616409 0.0030358 0.00100462 0.000231512 4.19705e-05 6.61081e-06 9.74529e-07 1.39045e-07 1.78156e-08 1.77876e-09 9.75718e-11 0 
0 1.74317e-07 1.71179e-06 8.6295e-06 3.08065e-05 8.54281e-05 0.000191537 0.000356731 0.000566793 0.000790468 0.000995132 0.00115866 0.00127117 0.00133098 0.00134009 0.00130165 0.00121943 0.00109884 0.000948881 0.000784211 0.00062532 0.000494295 0.000404532 0.000354714 0.000391453 0.000732 0.00154619 0.00247833 0.0027295 0.00202215 0.00100462 0.000339793 8.31656e-05 1.60442e-05 2.6455e-06 4.11841e-07 6.17223e-08 8.19898e-09 8.42094e-10 4.73146e-11 0 
0 5.14012e-08 4.92548e-07 2.44632e-06 8.73517e-06 2.47109e-05 5.77588e-05 0.000114345 0.000195574 0.000294595 0.000398272 0.000491847 0.000563215 0.000604903 0.000614081 0.00059182 0.000542453 0.000473205 0.000393765 0.000315334 0.000248891 0.000202836 0.000180182 0.000176235 0.000186986 0.000242329 0.000390867 0.000572179 0.000614369 0.000455094 0.000231512 8.31656e-05 2.21194e-05 4.63184e-06 8.4275e-07 1.4504e-07 2.33583e-08 3.25421e-09 3.46665e-10 2.00921e-11 0 
0 1.37571e-08 1.28127e-07 6.22154e-07 2.19214e-06 6.19304e-06 1.46532e-05 2.97563e-05 5.27668e-05 8.29164e-05 0.000117023 0.000150191 0.000177212 0.000193954 0.000198249 0.000190171 0.000171843 0.000146899 0.000119734 9.4661e-05 7.51583e-05 6.33832e-05 5.98787e-05 6.32423e-05 7.05217e-05 8.06826e-05 9.65379e-05 0.000112738 0.000109716 7.98553e-05 4.19705e-05 1.60442e-05 4.63184e-06 1.08761e-06 2.27035e-07 4.38578e-08 7.62081e-09 1.11851e-09 1.2425e-10 7.4677e-12 0 
0 3.32824e-09 3.00703e-08 1.42192e-07 4.90819e-07 1.36877e-06 3.22423e-06 6.57396e-06 1.17917e-05 1.88414e-05 2.71065e-05 3.54442e-05 4.24734e-05 4.69731e-05 4.82281e-05 4.62022e-05 4.15077e-05 3.52065e-05 2.85258e-05 2.25821e-05 1.81924e-05 1.5801e-05 1.54731e-05 1.68595e-05 1.91596e-05 2.13561e-05 2.263e-05 2.21033e-05 1.86698e-05 1.26709e-05 6.61081e-06 2.6455e-06 8.4275e-07 2.27035e-07 5.42548e-08 1.15852e-08 2.15575e-09 3.33441e-10 3.87419e-11 2.42322e-12 0 
0 7.2077e-10 6.31411e-09 2.90287e-08 9.78324e-08 2.67782e-07 6.22704e-07 1.26069e-06 2.25715e-06 3.61508e-06 5.22742e-06 6.87824e-06 8.29175e-06 9.21255e-06 9.48391e-06 9.09259e-06 8.16577e-06 6.92639e-06 5.62816e-06 4.4953e-06 3.68483e-06 3.2743e-06 3.26253e-06 3.56471e-06 4.00248e-06 4.32818e-06 4.31121e-06 3.83202e-06 2.93919e-06 1.87686e-06 9.74529e-07 4.11841e-07 1.4504e-07 4.38578e-08 1.15852e-08 2.66936e-09 5.27302e-10 8.58622e-11 1.04482e-11 6.81467e-13 0 
0 1.36912e-10 1.1634e-09 5.19935e-09 1.70889e-08 4.57984e-08 1.04733e-07 2.09437e-07 3.71901e-07 5.92831e-07 8.5553e-07 1.12559e-06 1.35825e-06 1.51131e-06 1.55837e-06 1.49678e-06 1.34751e-06 1.14763e-06 9.39291e-07 7.59424e-07 6.33361e-07 5.72528e-07 5.74256e-07 6.21286e-07 6.81543e-07 7.13577e-07 6.822e-07 5.7774e-07 4.23687e-07 2.64384e-07 1.39045e-07 6.17223e-08 2.33583e-08 7.62081e-09 2.15575e-09 5.27302e-10 1.0993e-10 1.8815e-11 2.39781e-12 1.63201e-13 0 
0 2.1853e-11 1.80306e-10 7.83861e-10 2.51288e-09 6.58999e-09 1.47993e-08 2.91678e-08 5.12238e-08 8.10073e-08 1.16289e-07 1.52523e-07 1.83793e-07 2.04497e-07 2.11098e-07 2.03219e-07 1.83644e-07 1.5734e-07 1.29966e-07 1.06485e-07 9.02529e-08 8.26412e-08 8.29612e-08 8.84817e-08 9.4684e-08 9.63125e-08 8.94952e-08 7.39472e-08 5.33671e-08 3.32653e-08 1.78156e-08 8.19898e-09 3.25421e-09 1.11851e-09 3.33441e-10 8.58622e-11 1.8815e-11 3.37782e-12 4.50373e-13 3.19783e-14 0 
0 2.64555e-12 2.12238e-11 8.9864e-11 2.8123e-10 7.21981e-10 1.59205e-09 3.09067e-09 5.36262e-09 8.40277e-09 1.19823e-08 1.56467e-08 1.88082e-08 2.09113e-08 2.16048e-08 2.08502e-08 1.89248e-08 1.63253e-08 1.36205e-08 1.13101e-08 9.72722e-09 8.99337e-09 9.00794e-09 9.46178e-09 9.89188e-09 9.81325e-09 8.92139e-09 7.25997e-09 5.20838e-09 3.264e-09 1.77876e-09 8.42094e-10 3.46665e-10 1.2425e-10 3.87419e-11 1.04482e-11 2.39781e-12 4.50373e-13 6.27157e-14 4.64069e-15 0 
0 1.73555e-13 1.35592e-12 5.5998e-12 1.71292e-11 4.30885e-11 9.33517e-11 1.78547e-10 3.06057e-10 4.75015e-10 6.72572e-10 8.73962e-10 1.04753e-09 1.16345e-09 1.20293e-09 1.16393e-09 1.06139e-09 9.22216e-10 7.77332e-10 6.53902e-10 5.69756e-10 5.30571e-10 5.29313e-10 5.47726e-10 5.6069e-10 5.44307e-10 4.85982e-10 3.90939e-10 2.79577e-10 1.76288e-10 9.75718e-11 4.73146e-11 2.00921e-11 7.4677e-12 2.42322e-12 6.81467e-13 1.63201e-13 3.19783e-14 4.64069e-15 3.57309e-16 0 
0 0 0 0 0 0 0 0 0 0 0 0 0 0 0 0 0 0 0 0 0 0 0 0 0 0 0 0 0 0 0 0 0 0 0 0 0 0 0 0 0 
