0 0 0 0 0 0 0 0 0 0 0 0 0 0 0 0 0 0 0 0 0 0 0 0 0 0 0 0 0 0 0 0 0 0 0 0 0 0 0 0 0 
0 1.30602e-07 1.12129e-06 4.58969e-06 1.24079e-05 2.49131e-05 4.01402e-05 5.52421e-05 6.82013e-05 7.82779e-05 8.55786e-05 9.05318e-05 9.35775e-05 9.50517e-05 9.51704e-05 9.40475e-05 9.17134e-05 8.81301e-05 8.32113e-05 7.68597e-05 6.90329e-05 5.98295e-05 4.95732e-05 3.88518e-05 2.84648e-05 1.92601e-05 1.1896e-05 6.64077e-06 3.32633e-06 1.48907e-06 5.9515e-07 2.12579e-07 6.79593e-08 1.94539e-08 4.97415e-09 1.12689e-09 2.22004e-10 3.64892e-11 4.52247e-12 3.02324e-13 0 
0 1.12129e-06 9.5976e-06 3.6593e-05 8.52871e-05 0.000139896 0.00018219 0.000208292 0.000223765 0.00023428 0.000242617 0.000249399 0.000254327 0.000256962 0.000257074 0.000254752 0.00025038 0.000244538 0.000237841 0.000230686 0.000222946 0.000213665 0.000200973 0.000182519 0.000156636 0.000123952 8.8277e-05 5.54352e-05 3.02825e-05 1.4317e-05 5.87231e-06 2.10436e-06 6.64229e-07 1.85825e-07 4.6164e-08 1.01327e-08 1.93242e-09 3.07602e-10 3.69671e-11 2.4002e-12 0 
0 4.58969e-06 3.6593e-05 0.000116367 0.000208421 0.000266115 0.000295973 0.000320562 0.000348678 0.000379167 0.000408338 0.000432937 0.000450735 0.000460477 0.00046176 0.000454917 0.00044091 0.000421227 0.000397781 0.000372819 0.00034879 0.000328036 0.000312086 0.000300372 0.000288721 0.000269025 0.000232592 0.00017777 0.000115313 6.20412e-05 2.76239e-05 1.03121e-05 3.28934e-06 9.1186e-07 2.21927e-07 4.74422e-08 8.79038e-09 1.35889e-09 1.5872e-10 1.00302e-11 0 
0 1.24079e-05 8.52871e-05 0.000208421 0.00029106 0.000336117 0.000385744 0.000448376 0.00051681 0.000583526 0.000642992 0.000691211 0.000725431 0.000744085 0.000746766 0.000734148 0.000707843 0.000670208 0.000624127 0.000572798 0.000519598 0.000468047 0.00042188 0.00038494 0.000360101 0.000346287 0.000334124 0.000305278 0.000244489 0.000160232 8.2922e-05 3.39913e-05 1.13441e-05 3.18255e-06 7.68463e-07 1.61267e-07 2.91874e-08 4.39952e-09 5.01058e-10 3.09045e-11 0 
0 2.49131e-05 0.000139896 0.000266115 0.000336117 0.000410447 0.000508368 0.000618885 0.000731268 0.000837452 0.000930837 0.0010061 0.00105937 0.00108842 0.0010927 0.00107324 0.0010325 0.000974014 0.000902039 0.000821209 0.000736188 0.000651437 0.000571142 0.000499421 0.000440756 0.000399813 0.000378383 0.00036777 0.000342514 0.000274879 0.000173039 8.20919e-05 2.98572e-05 8.7023e-06 2.11793e-06 4.40594e-07 7.84027e-08 1.15788e-08 1.29077e-09 7.79562e-11 0 
0 4.01402e-05 0.00018219 0.000295973 0.000385744 0.000508368 0.000656297 0.00081518 0.000974062 0.00112325 0.0012541 0.00135942 0.00143402 0.00147485 0.00148092 0.0014536 0.00139654 0.00131471 0.00121393 0.0011005 0.000980746 0.000860582 0.00074524 0.000639223 0.000546617 0.000471891 0.00042036 0.000394812 0.000384307 0.000353911 0.00026918 0.000152283 6.25756e-05 1.94681e-05 4.85784e-06 1.0124e-06 1.78369e-07 2.59418e-08 2.84226e-09 1.68666e-10 0 
0 5.52421e-05 0.000208292 0.000320562 0.000448376 0.000618885 0.00081518 0.00102319 0.00123033 0.00142452 0.00159505 0.00173682 0.00185411 0.00193245 0.00194642 0.0018929 0.00179345 0.0016753 0.00154228 0.00139445 0.00123834 0.00108134 0.000930003 0.00078973 0.000664818 0.000558991 0.00047662 0.000423379 0.000400682 0.00038886 0.000339566 0.000227905 0.000107929 3.66362e-05 9.52061e-06 2.00773e-06 3.52586e-07 5.07519e-08 5.48703e-09 3.21036e-10 0 
0 6.82013e-05 0.000223765 0.000348678 0.00051681 0.000731268 0.000974062 0.00123033 0.00148521 0.00172503 0.00195725 0.00221452 0.00240814 0.00249859 0.00251258 0.0024589 0.00232168 0.00210116 0.00187816 0.00168665 0.00149394 0.00130049 0.0011137 0.000939994 0.000784231 0.00065001 0.000540584 0.000460602 0.000415693 0.000400721 0.000377334 0.000290829 0.000158545 5.94083e-05 1.62623e-05 3.49852e-06 6.15927e-07 8.81343e-08 9.43744e-09 5.4616e-10 0 
0 7.82779e-05 0.00023428 0.000379167 0.000583526 0.000837452 0.00112325 0.00142452 0.00172503 0.0020393 0.00241457 0.00263687 0.00273946 0.00278595 0.00279326 0.00276472 0.00269419 0.00255778 0.00229035 0.00197475 0.00173334 0.00150518 0.00128536 0.00108061 0.000896444 0.000736628 0.000603866 0.000501374 0.00043472 0.000406421 0.000393052 0.00033354 0.000205556 8.49944e-05 2.46344e-05 5.43401e-06 9.63099e-07 1.37487e-07 1.46275e-08 8.39722e-10 0 
0 8.55786e-05 0.000242617 0.000408338 0.000642992 0.000930837 0.0012541 0.00159505 0.00195725 0.00241457 0.002693 0.00282389 0.00289465 0.00292873 0.00293412 0.00291271 0.0028618 0.00277181 0.00261599 0.00231009 0.00195315 0.00168405 0.00143504 0.00120328 0.000994488 0.000812686 0.000660363 0.000539753 0.000455213 0.000412036 0.000398194 0.000358364 0.000243129 0.000109755 3.36262e-05 7.61677e-06 1.36216e-06 1.94486e-07 2.06113e-08 1.17662e-09 0 
0 9.05318e-05 0.000249399 0.000432937 0.000691211 0.0010061 0.00135942 0.00173682 0.00221452 0.00263687 0.00282389 0.00292599 0.00298468 0.00301363 0.00301818 0.0029997 0.00295655 0.00288296 0.00276434 0.00255756 0.00217574 0.00183017 0.00155453 0.00130114 0.00107272 0.00087348 0.000705825 0.000571412 0.000473465 0.000417785 0.000399252 0.000370983 0.000269533 0.000130544 4.19583e-05 9.73874e-06 1.75804e-06 2.51415e-07 2.65912e-08 1.51259e-09 0 
0 9.35775e-05 0.000254327 0.000450735 0.000725431 0.00105937 0.00143402 0.00185411 0.00240814 0.00273946 0.00289465 0.00298468 0.00303775 0.00306419 0.00306825 0.00305112 0.00301155 0.00294518 0.00284157 0.00267314 0.00235285 0.00194287 0.00163801 0.00136919 0.00112706 0.000915662 0.000737389 0.000593567 0.000486643 0.000422181 0.000398727 0.000376257 0.000285622 0.000145389 4.84415e-05 1.14623e-05 2.08589e-06 2.98934e-07 3.15954e-08 1.79378e-09 0 
0 9.50517e-05 0.000256962 0.000460477 0.000744085 0.00108842 0.00147485 0.00193245 0.00249859 0.00278595 0.00292873 0.00301363 0.00306419 0.00308942 0.00309317 0.00307652 0.00303838 0.00297496 0.00287731 0.00272294 0.00243998 0.00201174 0.00168197 0.00140454 0.00115512 0.000937291 0.000753414 0.000604653 0.00049303 0.000423814 0.000397184 0.000377158 0.000293012 0.000153431 5.22335e-05 1.25101e-05 2.28907e-06 3.28678e-07 3.47452e-08 1.97138e-09 0 
0 9.51704e-05 0.000257074 0.00046176 0.000746766 0.0010927 0.00148092 0.00194642 0.00251258 0.00279326 0.00293412 0.00301818 0.00306825 0.00309317 0.0030967 0.00307991 0.00304173 0.00297843 0.0028813 0.00272852 0.00245068 0.00201991 0.00168502 0.00140652 0.00115632 0.000937829 0.00075339 0.000604104 0.000491878 0.000421857 0.000394527 0.000375058 0.000292988 0.000154556 5.29437e-05 1.27308e-05 2.33472e-06 3.35657e-07 3.55094e-08 2.01571e-09 0 
0 9.40475e-05 0.000254752 0.000454917 0.000734148 0.00107324 0.0014536 0.0018929 0.0024589 0.00276472 0.00291271 0.0029997 0.00305112 0.00307652 0.00307991 0.0030624 0.00302283 0.00295711 0.00285564 0.0026937 0.00239169 0.00196592 0.00164872 0.0013765 0.00113169 0.000918028 0.000737809 0.000592174 0.000483189 0.000416071 0.000390503 0.000370147 0.00028611 0.000149077 5.06289e-05 1.21253e-05 2.2215e-06 3.19553e-07 3.3847e-08 1.9242e-09 0 
0 9.17134e-05 0.00025038 0.00044091 0.000707843 0.0010325 0.00139654 0.00179345 0.00232168 0.00269419 0.0028618 0.00295655 0.00301155 0.00303838 0.00304173 0.00302283 0.00298022 0.00290893 0.00279679 0.00261028 0.0022535 0.00186615 0.00157761 0.00131767 0.0010837 0.000879711 0.00070796 0.000569727 0.000467488 0.000406596 0.000384665 0.000361606 0.000272237 0.000137607 4.57345e-05 1.08351e-05 1.9779e-06 2.84537e-07 3.01927e-08 1.72082e-09 0 
0 8.81301e-05 0.000244538 0.000421227 0.000670208 0.000974014 0.00131471 0.0016753 0.00210116 0.00255778 0.00277181 0.00288296 0.00294518 0.00297496 0.00297843 0.00295711 0.00290893 0.00282686 0.0026923 0.00244682 0.00205048 0.00174056 0.0014776 0.00123453 0.00101582 0.000825455 0.000665656 0.000537978 0.000445534 0.000393551 0.000375936 0.000347532 0.000250816 0.000121127 3.90117e-05 9.10036e-06 1.65276e-06 2.37819e-07 2.5304e-08 1.44764e-09 0 
0 8.32113e-05 0.000237841 0.000397781 0.000624127 0.000902039 0.00121393 0.00154228 0.00187816 0.00229035 0.00261599 0.00276434 0.00284157 0.00287731 0.0028813 0.00285564 0.00279679 0.0026923 0.00250525 0.00216353 0.0018488 0.00159499 0.00135522 0.00113241 0.000932148 0.000758218 0.000612889 0.000498155 0.000417861 0.00037629 0.000361789 0.000324874 0.000221488 0.000101134 3.14072e-05 7.20305e-06 1.30184e-06 1.87567e-07 2.00393e-08 1.15253e-09 0 
0 7.68597e-05 0.000230686 0.000372819 0.000572798 0.000821209 0.0011005 0.00139445 0.00168665 0.00197475 0.00231009 0.00255756 0.00267314 0.00272294 0.00272852 0.0026937 0.00261028 0.00244682 0.00216353 0.00188717 0.00165719 0.00143317 0.00121749 0.00101697 0.00083693 0.000680953 0.000551457 0.000451029 0.000383953 0.000352072 0.000337242 0.000289989 0.000185042 7.97262e-05 2.39164e-05 5.40678e-06 9.74806e-07 1.40928e-07 1.5147e-08 8.77272e-10 0 
0 6.90329e-05 0.000222946 0.00034879 0.000519598 0.000736188 0.000980746 0.00123834 0.00149394 0.00173334 0.00195315 0.00217574 0.00235285 0.00243998 0.00245068 0.00239169 0.0022535 0.00205048 0.0018488 0.00165719 0.0014601 0.00126231 0.00107138 0.000893738 0.000734223 0.000596278 0.000482564 0.000396161 0.000340731 0.000314349 0.000294961 0.00024078 0.000144485 5.94324e-05 1.74091e-05 3.90795e-06 7.0601e-07 1.02703e-07 1.11258e-08 6.49746e-10 0 
0 5.98295e-05 0.000213665 0.000328036 0.000468047 0.000651437 0.000860582 0.00108134 0.00130049 0.00150518 0.00168405 0.00183017 0.00194287 0.00201174 0.00201991 0.00196592 0.00186615 0.00174056 0.00159499 0.00143317 0.00126231 0.00109011 0.000923397 0.000767786 0.000627638 0.000506287 0.00040653 0.000331071 0.00028157 0.000254027 0.00023013 0.000180808 0.000105337 4.26752e-05 1.24621e-05 2.80822e-06 5.10822e-07 7.48956e-08 8.17807e-09 4.81241e-10 0 
0 4.95732e-05 0.000200973 0.000312086 0.00042188 0.000571142 0.00074524 0.000930003 0.0011137 0.00128536 0.00143504 0.00155453 0.00163801 0.00168197 0.00168502 0.00164872 0.00157761 0.0014776 0.00135522 0.00121749 0.00107138 0.000923397 0.000779207 0.000643566 0.000520423 0.000413182 0.000324561 0.000255776 0.000206465 0.000174888 0.000152975 0.000121815 7.37437e-05 3.09568e-05 9.25209e-06 2.11219e-06 3.87022e-07 5.70021e-08 6.24445e-09 3.68391e-10 0 
0 3.88518e-05 0.000182519 0.000300372 0.00038494 0.000499421 0.000639223 0.00078973 0.000939994 0.00108061 0.00120328 0.00130114 0.00136919 0.00140454 0.00140652 0.0013765 0.00131767 0.00123453 0.00113241 0.00101697 0.000893738 0.000767786 0.000643566 0.00052509 0.000416791 0.000324675 0.00025439 0.000203867 0.000162251 0.000124279 9.64694e-05 7.77183e-05 5.24608e-05 2.41446e-05 7.54638e-06 1.74551e-06 3.19441e-07 4.67594e-08 5.08535e-09 2.97899e-10 0 
0 2.84648e-05 0.000156636 0.000288721 0.000360101 0.000440756 0.000546617 0.000664818 0.000784231 0.000896444 0.000994488 0.00107272 0.00112706 0.00115512 0.00115632 0.00113169 0.0010837 0.00101582 0.000932148 0.00083693 0.000734223 0.000627638 0.000520423 0.000416791 0.000326854 0.000272189 0.000269213 0.000291224 0.000276891 0.000203465 0.000116115 6.30331e-05 4.0049e-05 2.05436e-05 6.80322e-06 1.5838e-06 2.85742e-07 4.10312e-08 4.37995e-09 2.52322e-10 0 
0 1.92601e-05 0.000123952 0.000269025 0.000346287 0.000399813 0.000471891 0.000558991 0.00065001 0.000736628 0.000812686 0.00087348 0.000915662 0.000937291 0.000937829 0.000918028 0.000879711 0.000825455 0.000758218 0.000680953 0.000596278 0.000506287 0.000413182 0.000324675 0.000272189 0.000319593 0.000503834 0.000884531 0.00106803 0.000588776 0.000291343 0.000108076 3.97515e-05 1.85123e-05 6.39852e-06 1.48893e-06 2.62524e-07 3.67081e-08 3.824e-09 2.15665e-10 0 
0 1.1896e-05 8.8277e-05 0.000232592 0.000334124 0.000378383 0.00042036 0.00047662 0.000540584 0.000603866 0.000660363 0.000705825 0.000737389 0.000753414 0.00075339 0.000737809 0.00070796 0.000665656 0.000612889 0.000551457 0.000482564 0.00040653 0.000324561 0.00025439 0.000269213 0.000503834 0.00126247 0.00189354 0.00193999 0.00172831 0.000687845 0.000227597 5.84184e-05 1.81118e-05 5.91465e-06 1.35191e-06 2.31923e-07 3.15736e-08 3.21406e-09 1.77752e-10 0 
0 6.64077e-06 5.54352e-05 0.00017777 0.000305278 0.00036777 0.000394812 0.000423379 0.000460602 0.000501374 0.000539753 0.000571412 0.000593567 0.000604653 0.000604104 0.000592174 0.000569727 0.000537978 0.000498155 0.000451029 0.000396161 0.000331071 0.000255776 0.000203867 0.000291224 0.000884531 0.00189354 0.0020748 0.00209565 0.00200109 0.00150956 0.000365646 8.44317e-05 1.88578e-05 5.18715e-06 1.12582e-06 1.87149e-07 2.49186e-08 2.49433e-09 1.36091e-10 0 
0 3.32633e-06 3.02825e-05 0.000115313 0.000244489 0.000342514 0.000384307 0.000400682 0.000415693 0.00043472 0.000455213 0.000473465 0.000486643 0.00049303 0.000491878 0.000483189 0.000467488 0.000445534 0.000417861 0.000383953 0.000340731 0.00028157 0.000206465 0.000162251 0.000276891 0.00106803 0.00193999 0.00209565 0.00211708 0.00204127 0.00172393 0.000420566 9.05488e-05 1.76922e-05 4.119e-06 8.28173e-07 1.33305e-07 1.74984e-08 1.73834e-09 9.43595e-11 0 
0 1.48907e-06 1.4317e-05 6.20412e-05 0.000160232 0.000274879 0.000353911 0.00038886 0.000400721 0.000406421 0.000412036 0.000417785 0.000422181 0.000423814 0.000421857 0.000416071 0.000406596 0.000393551 0.00037629 0.000352072 0.000314349 0.000254027 0.000174888 0.000124279 0.000203465 0.000588776 0.00172831 0.00200109 0.00204127 0.00191253 0.00111353 0.00029765 6.71776e-05 1.30387e-05 2.77382e-06 5.20846e-07 8.19814e-08 1.07349e-08 1.06995e-09 5.83317e-11 0 
0 5.9515e-07 5.87231e-06 2.76239e-05 8.2922e-05 0.000173039 0.00026918 0.000339566 0.000377334 0.000393052 0.000398194 0.000399252 0.000398727 0.000397184 0.000394527 0.000390503 0.000384665 0.000375936 0.000361789 0.000337242 0.000294961 0.00023013 0.000152975 9.64694e-05 0.000116115 0.000291343 0.000687845 0.00150956 0.00172393 0.00111353 0.000446853 0.000147888 3.45697e-05 7.26768e-06 1.50634e-06 2.73413e-07 4.29981e-08 5.70008e-09 5.76526e-10 3.18691e-11 0 
0 2.12579e-07 2.10436e-06 1.03121e-05 3.39913e-05 8.20919e-05 0.000152283 0.000227905 0.000290829 0.00033354 0.000358364 0.000370983 0.000376257 0.000377158 0.000375058 0.000370147 0.000361606 0.000347532 0.000324874 0.000289989 0.00024078 0.000180808 0.000121815 7.77183e-05 6.30331e-05 0.000108076 0.000227597 0.000365646 0.000420566 0.00029765 0.000147888 5.02759e-05 1.31388e-05 3.10125e-06 6.49372e-07 1.18998e-07 1.91819e-08 2.61258e-09 2.70986e-10 1.53206e-11 0 
0 6.79593e-08 6.64229e-07 3.28934e-06 1.13441e-05 2.98572e-05 6.25756e-05 0.000107929 0.000158545 0.000205556 0.000243129 0.000269533 0.000285622 0.000293012 0.000292988 0.00028611 0.000272237 0.000250816 0.000221488 0.000185042 0.000144485 0.000105337 7.37437e-05 5.24608e-05 4.0049e-05 3.97515e-05 5.84184e-05 8.44317e-05 9.05488e-05 6.71776e-05 3.45697e-05 1.31388e-05 4.04281e-06 1.03688e-06 2.26097e-07 4.33999e-08 7.31375e-09 1.03515e-09 1.11049e-10 6.46793e-12 0 
0 1.94539e-08 1.85825e-07 9.1186e-07 3.18255e-06 8.7023e-06 1.94681e-05 3.66362e-05 5.94083e-05 8.49944e-05 0.000109755 0.000130544 0.000145389 0.000153431 0.000154556 0.000149077 0.000137607 0.000121127 0.000101134 7.97262e-05 5.94324e-05 4.26752e-05 3.09568e-05 2.41446e-05 2.05436e-05 1.85123e-05 1.81118e-05 1.88578e-05 1.76922e-05 1.30387e-05 7.26768e-06 3.10125e-06 1.03688e-06 2.82476e-07 6.59016e-08 1.35005e-08 2.4009e-09 3.55528e-10 3.96862e-11 2.3945e-12 0 
0 4.97415e-09 4.6164e-08 2.21927e-07 7.68463e-07 2.11793e-06 4.85784e-06 9.52061e-06 1.62623e-05 2.46344e-05 3.36262e-05 4.19583e-05 4.84415e-05 5.22335e-05 5.29437e-05 5.06289e-05 4.57345e-05 3.90117e-05 3.14072e-05 2.39164e-05 1.74091e-05 1.24621e-05 9.25209e-06 7.54638e-06 6.80322e-06 6.39852e-06 5.91465e-06 5.18715e-06 4.119e-06 2.77382e-06 1.50634e-06 6.49372e-07 2.26097e-07 6.59016e-08 1.65735e-08 3.62701e-09 6.81731e-10 1.05956e-10 1.23527e-11 7.74978e-13 0 
0 1.12689e-09 1.01327e-08 4.74422e-08 1.61267e-07 4.40594e-07 1.0124e-06 2.00773e-06 3.49852e-06 5.43401e-06 7.61677e-06 9.73874e-06 1.14623e-05 1.25101e-05 1.27308e-05 1.21253e-05 1.08351e-05 9.10036e-06 7.20305e-06 5.40678e-06 3.90795e-06 2.80822e-06 2.11219e-06 1.74551e-06 1.5838e-06 1.48893e-06 1.35191e-06 1.12582e-06 8.28173e-07 5.20846e-07 2.73413e-07 1.18998e-07 4.33999e-08 1.35005e-08 3.62701e-09 8.42579e-10 1.67119e-10 2.72861e-11 3.32823e-12 2.17588e-13 0 
0 2.22004e-10 1.93242e-09 8.79038e-09 2.91874e-08 7.84027e-08 1.78369e-07 3.52586e-07 6.15927e-07 9.63099e-07 1.36216e-06 1.75804e-06 2.08589e-06 2.28907e-06 2.33472e-06 2.2215e-06 1.9779e-06 1.65276e-06 1.30184e-06 9.74806e-07 7.0601e-07 5.10822e-07 3.87022e-07 3.19441e-07 2.85742e-07 2.62524e-07 2.31923e-07 1.87149e-07 1.33305e-07 8.19814e-08 4.29981e-08 1.91819e-08 7.31375e-09 2.4009e-09 6.81731e-10 1.67119e-10 3.48962e-11 5.98181e-12 7.63574e-13 5.2062e-14 0 
0 3.64892e-11 3.07602e-10 1.35889e-09 4.39952e-09 1.15788e-08 2.59418e-08 5.07519e-08 8.81343e-08 1.37487e-07 1.94486e-07 2.51415e-07 2.98934e-07 3.28678e-07 3.35657e-07 3.19553e-07 2.84537e-07 2.37819e-07 1.87567e-07 1.40928e-07 1.02703e-07 7.48956e-08 5.70021e-08 4.67594e-08 4.10312e-08 3.67081e-08 3.15736e-08 2.49186e-08 1.74984e-08 1.07349e-08 5.70008e-09 2.61258e-09 1.03515e-09 3.55528e-10 1.05956e-10 2.72861e-11 5.98181e-12 1.07472e-12 1.43441e-13 1.01976e-14 0 
0 4.52247e-12 3.69671e-11 1.5872e-10 5.01058e-10 1.29077e-09 2.84226e-09 5.48703e-09 9.43744e-09 1.46275e-08 2.06113e-08 2.65912e-08 3.15954e-08 3.47452e-08 3.55094e-08 3.3847e-08 3.01927e-08 2.5304e-08 2.00393e-08 1.5147e-08 1.11258e-08 8.17807e-09 6.24445e-09 5.08535e-09 4.37995e-09 3.824e-09 3.21406e-09 2.49433e-09 1.73834e-09 1.06995e-09 5.76526e-10 2.70986e-10 1.11049e-10 3.96862e-11 1.23527e-11 3.32823e-12 7.63574e-13 1.43441e-13 1.99849e-14 1.47996e-15 0 
0 3.02324e-13 2.4002e-12 1.00302e-11 3.09045e-11 7.79562e-11 1.68666e-10 3.21036e-10 5.4616e-10 8.39722e-10 1.17662e-09 1.51259e-09 1.79378e-09 1.97138e-09 2.01571e-09 1.9242e-09 1.72082e-09 1.44764e-09 1.15253e-09 8.77272e-10 6.49746e-10 4.81241e-10 3.68391e-10 2.97899e-10 2.52322e-10 2.15665e-10 1.77752e-10 1.36091e-10 9.43595e-11 5.83317e-11 3.18691e-11 1.53206e-11 6.46793e-12 2.3945e-12 7.74978e-13 2.17588e-13 5.2062e-14 1.01976e-14 1.47996e-15 1.13993e-16 0 
0 0 0 0 0 0 0 0 0 0 0 0 0 0 0 0 0 0 0 0 0 0 0 0 0 0 0 0 0 0 0 0 0 0 0 0 0 0 0 0 0 
