0 0 0 0 0 0 0 0 0 0 0 0 0 0 0 0 0 0 0 0 0 0 0 0 0 0 0 0 0 0 0 0 0 0 0 0 0 0 0 0 0 
0 1.07359e-07 9.83248e-07 4.57426e-06 1.5003e-05 3.83759e-05 8.04271e-05 0.00014292 0.00022166 0.000307746 0.000390739 0.000461476 0.000513442 0.00054295 0.000548772 0.000531678 0.000494078 0.000439779 0.000373772 0.00030192 0.000230425 0.000165037 0.000110147 6.8037e-05 3.86693e-05 2.01348e-05 9.58004e-06 4.16151e-06 1.65123e-06 5.99246e-07 1.99205e-07 6.07261e-08 1.69766e-08 4.34416e-09 1.0123e-09 2.12512e-10 3.93447e-11 6.14891e-12 7.31628e-13 4.73201e-14 0 
0 9.83248e-07 9.34907e-06 4.44003e-05 0.000144778 0.000356732 0.000699538 0.0011409 0.00161408 0.00205567 0.00242638 0.00270948 0.00290122 0.00300353 0.00302042 0.00295674 0.00281779 0.0026095 0.00233908 0.0020166 0.00165741 0.00128415 0.000926116 0.000613776 0.000369665 0.000200745 9.79291e-05 4.29257e-05 1.69596e-05 6.06687e-06 1.97402e-06 5.86351e-07 1.59306e-07 3.95691e-08 8.94798e-09 1.82372e-09 3.28105e-10 4.98884e-11 5.78317e-12 3.64949e-13 0 
0 4.57426e-06 4.44003e-05 0.000208486 0.000641571 0.0014225 0.00243658 0.00346586 0.00436772 0.00510662 0.0056916 0.00613309 0.00643408 0.00659471 0.00661733 0.0065089 0.00628094 0.00594749 0.00552196 0.00501348 0.00442504 0.00375687 0.00301853 0.00224697 0.00151429 0.000905702 0.000474984 0.000217897 8.79302e-05 3.15211e-05 1.01423e-05 2.9541e-06 7.83175e-07 1.89346e-07 4.16377e-08 8.25291e-09 1.44495e-09 2.14046e-10 2.42058e-11 1.4923e-12 0 
0 1.5003e-05 0.000144778 0.000641571 0.00174882 0.00330153 0.00486269 0.00622272 0.00740137 0.00843726 0.00932452 0.0100334 0.0105338 0.010806 0.0108451 0.0106613 0.0102775 0.00972688 0.00904829 0.0082808 0.00745614 0.006589 0.00566874 0.0046654 0.00356791 0.00244426 0.00145035 0.000731281 0.000313233 0.000115535 3.73823e-05 1.0788e-05 2.80933e-06 6.64081e-07 1.42479e-07 2.75362e-08 4.70229e-09 6.79977e-10 7.5152e-11 4.53402e-12 0 
0 3.83759e-05 0.000356732 0.0014225 0.00330153 0.0053585 0.00722056 0.0089535 0.0106153 0.0121638 0.0135217 0.0146153 0.0153893 0.0158113 0.0158734 0.0155908 0.014999 0.0141492 0.0131033 0.0119278 0.0106883 0.0094412 0.00822235 0.00702763 0.00579963 0.00446341 0.003045 0.00175368 0.000831501 0.000326321 0.000108593 3.14891e-05 8.12557e-06 1.88898e-06 3.97096e-07 7.50811e-08 1.25405e-08 1.77456e-09 1.92099e-10 1.13645e-11 0 
0 8.04271e-05 0.000699538 0.00243658 0.00486269 0.00722056 0.00950912 0.011839 0.0141497 0.0163173 0.0182181 0.0197479 0.0208301 0.0214202 0.0215074 0.0211131 0.0202865 0.0190985 0.0176346 0.0159868 0.0142469 0.0125001 0.0108181 0.00924798 0.00778737 0.00635306 0.004813 0.00317029 0.00170881 0.000736629 0.000258533 7.65791e-05 1.97834e-05 4.55345e-06 9.42398e-07 1.7498e-07 2.86761e-08 3.98186e-09 4.23235e-10 2.46072e-11 0 
0 0.00014292 0.0011409 0.00346586 0.00622272 0.0089535 0.011839 0.0148635 0.0178728 0.0206936 0.0231652 0.0251532 0.0265588 0.0273248 0.0274376 0.0269249 0.0258505 0.024306 0.0224019 0.0202569 0.0179892 0.0157084 0.0135094 0.0114673 0.00962605 0.00796652 0.00636034 0.00462887 0.00282866 0.00136436 0.000516129 0.000158751 4.14987e-05 9.52286e-06 1.95005e-06 3.56962e-07 5.7589e-08 7.86968e-09 8.23471e-10 4.7165e-11 0 
0 0.00022166 0.00161408 0.00436772 0.00740137 0.0106153 0.0141497 0.0178728 0.0215752 0.0250434 0.0280807 0.0305226 0.0322482 0.0331877 0.0333246 0.0326931 0.0313716 0.0294726 0.0271312 0.0244929 0.021702 0.018892 0.0161786 0.0136545 0.0113863 0.00939904 0.00762854 0.0058739 0.00396219 0.00213557 0.000881528 0.000285241 7.61687e-05 1.75392e-05 3.57045e-06 6.46799e-07 1.03062e-07 1.39008e-08 1.43577e-09 8.12093e-11 0 
0 0.000307746 0.00205567 0.00510662 0.00843726 0.0121638 0.0163173 0.0206936 0.0250434 0.0291163 0.0326819 0.0355471 0.0375706 0.0386708 0.0388285 0.0380845 0.0365307 0.0342993 0.0315486 0.0284489 0.0251691 0.0218653 0.0186722 0.0156978 0.0130213 0.0106883 0.00868282 0.00685481 0.00493561 0.00292186 0.0013161 0.000451052 0.000123862 2.87679e-05 5.8454e-06 1.05154e-06 1.65999e-07 2.2162e-08 2.26542e-09 1.26846e-10 0 
0 0.000390739 0.00242638 0.0056916 0.00932452 0.0135217 0.0182181 0.0231652 0.0280807 0.0326819 0.0367083 0.0399423 0.0422246 0.0434634 0.0436376 0.0427931 0.0410345 0.0385113 0.0354022 0.0318991 0.0281923 0.0244577 0.0208465 0.0174799 0.0144465 0.0118017 0.00955452 0.00760686 0.00568829 0.00361154 0.00175684 0.000637349 0.000180477 4.24139e-05 8.62843e-06 1.54588e-06 2.42449e-07 3.21251e-08 3.25823e-09 1.81033e-10 0 
0 0.000461476 0.00270948 0.00613309 0.0100334 0.0146153 0.0197479 0.0251532 0.0305226 0.0355471 0.0399423 0.0434707 0.0459586 0.0473062 0.047491 0.0465639 0.0446391 0.0418802 0.0384825 0.0346554 0.0306064 0.0265268 0.0225813 0.0189015 0.0155832 0.0126873 0.0102344 0.00816076 0.00622583 0.00414444 0.00214206 0.000816764 0.000238132 5.6678e-05 1.15657e-05 2.06843e-06 3.23085e-07 4.2593e-08 4.29663e-09 2.37449e-10 0 
0 0.000513442 0.00290122 0.00643408 0.0105338 0.0153893 0.0208301 0.0265588 0.0322482 0.0375706 0.0422246 0.0459586 0.0485879 0.0500073 0.0501961 0.0492094 0.0471665 0.0442398 0.0406372 0.0365811 0.0322909 0.0279689 0.023789 0.01989 0.0163726 0.0133009 0.0107007 0.00852737 0.00656998 0.00450312 0.00242851 0.000962016 0.0002873 6.91682e-05 1.41687e-05 2.53375e-06 3.94999e-07 5.19296e-08 5.22248e-09 2.87733e-10 0 
0 0.00054295 0.00300353 0.00659471 0.010806 0.0158113 0.0214202 0.0273248 0.0331877 0.0386708 0.0434634 0.0473062 0.0500073 0.0514596 0.0516459 0.0506246 0.048516 0.0454961 0.0417802 0.0375988 0.0331778 0.028725 0.0244195 0.0204035 0.0167803 0.0136154 0.0109366 0.00870833 0.00673898 0.00469157 0.00259435 0.00105294 0.000319644 7.76222e-05 1.59601e-05 2.85752e-06 4.45467e-07 5.85327e-08 5.88238e-09 3.23873e-10 0 
0 0.000548772 0.00302042 0.00661733 0.0108451 0.0158734 0.0215074 0.0274376 0.0333246 0.0388285 0.0436376 0.047491 0.0501961 0.0516459 0.0518246 0.0507917 0.048668 0.0456298 0.0418941 0.0376928 0.0332527 0.0287826 0.0244615 0.0204321 0.0167977 0.0136232 0.010937 0.00870586 0.00674572 0.00472059 0.00263443 0.00107984 0.00033034 8.06276e-05 1.66328e-05 2.98497e-06 4.66233e-07 6.13714e-08 6.17895e-09 3.40874e-10 0 
0 0.000531678 0.00295674 0.0065089 0.0106613 0.0155908 0.0211131 0.0269249 0.0326931 0.0380845 0.0427931 0.0465639 0.0492094 0.0506246 0.0507917 0.0497691 0.0476776 0.0446925 0.0410263 0.0369056 0.032553 0.0281728 0.0239408 0.0199962 0.0164399 0.0133355 0.0107097 0.00852695 0.00660007 0.00460182 0.00255523 0.00104381 0.000319176 7.8048e-05 1.61517e-05 2.90982e-06 4.56439e-07 6.03585e-08 6.10672e-09 3.38641e-10 0 
0 0.000494078 0.00281779 0.00628094 0.0102775 0.014999 0.0202865 0.0258505 0.0313716 0.0365307 0.0410345 0.0446391 0.0471665 0.048516 0.048668 0.0476776 0.0456641 0.0427974 0.0392806 0.0353302 0.0311597 0.0269651 0.0229146 0.0191416 0.0157427 0.0127786 0.0102732 0.0081831 0.00631028 0.0043473 0.0023724 0.000955541 0.000290346 7.10207e-05 1.47607e-05 2.67638e-06 4.23035e-07 5.64125e-08 5.75879e-09 3.22363e-10 0 
0 0.000439779 0.0026095 0.00594749 0.00972688 0.0141492 0.0190985 0.024306 0.0294726 0.0342993 0.0385113 0.0418802 0.0442398 0.0454961 0.0456298 0.0446925 0.0427974 0.0401044 0.0368037 0.0330981 0.0291881 0.0252576 0.0214644 0.0179339 0.0147567 0.0119897 0.00965215 0.00768742 0.0058834 0.00397243 0.00211097 0.000833328 0.000251241 6.15867e-05 1.2903e-05 2.36581e-06 3.7879e-07 5.12175e-08 5.3046e-09 3.01359e-10 0 
0 0.000373772 0.00233908 0.00552196 0.00904829 0.0131033 0.0176346 0.0224019 0.0271312 0.0315486 0.0354022 0.0384825 0.0406372 0.0417802 0.0418941 0.0410263 0.0392806 0.0368037 0.0337699 0.0303657 0.0267751 0.0231672 0.0196871 0.0164504 0.013541 0.0110111 0.00887251 0.00705064 0.00532716 0.00350193 0.00180625 0.000700294 0.000210701 5.21483e-05 1.11023e-05 2.07501e-06 3.39114e-07 4.68214e-08 4.95072e-09 2.86957e-10 0 
0 0.00030192 0.0020166 0.00501348 0.0082808 0.0119278 0.0159868 0.0202569 0.0244929 0.0284489 0.0318991 0.0346554 0.0365811 0.0375988 0.0376928 0.0369056 0.0353302 0.0330981 0.0303657 0.0273005 0.0240676 0.0208193 0.0176863 0.0147733 0.0121572 0.00988424 0.00795519 0.00627943 0.00465684 0.00297705 0.0015026 0.000580788 0.000177319 4.49923e-05 9.86014e-06 1.89806e-06 3.1912e-07 4.52368e-08 4.89876e-09 2.9003e-10 0 
0 0.000230425 0.00165741 0.00442504 0.00745614 0.0106883 0.0142469 0.0179892 0.021702 0.0251691 0.0281923 0.0306064 0.0322909 0.0331778 0.0332527 0.032553 0.0311597 0.0291881 0.0267751 0.0240676 0.0212105 0.0183374 0.0155638 0.012983 0.0106635 0.00864379 0.00691345 0.00538283 0.00390812 0.002458 0.0012471 0.000496542 0.00015833 4.20519e-05 9.60696e-06 1.91592e-06 3.31614e-07 4.81133e-08 5.30563e-09 3.18462e-10 0 
0 0.000165037 0.00128415 0.00375687 0.006589 0.0094412 0.0125001 0.0157084 0.018892 0.0218653 0.0244577 0.0265268 0.0279689 0.028725 0.0287826 0.0281728 0.0269651 0.0252576 0.0231672 0.0208193 0.0183374 0.0158358 0.0134139 0.0111524 0.00911 0.0073168 0.00576265 0.00439534 0.00314915 0.00201164 0.00107691 0.000462961 0.000159194 4.48866e-05 1.06917e-05 2.19048e-06 3.85331e-07 5.6394e-08 6.23985e-09 3.744e-10 0 
0 0.000110147 0.000926116 0.00301853 0.00566874 0.00822235 0.0108181 0.0135094 0.0161786 0.0186722 0.0208465 0.0225813 0.023789 0.0244195 0.0244615 0.0239408 0.0229146 0.0214644 0.0196871 0.0176863 0.0155638 0.0134139 0.0113185 0.00934431 0.00754077 0.0059422 0.00457199 0.00343367 0.00249166 0.00168819 0.00100196 0.000484097 0.000182872 5.45781e-05 1.33392e-05 2.75006e-06 4.81648e-07 6.97982e-08 7.62655e-09 4.51335e-10 0 
0 6.8037e-05 0.000613776 0.00224697 0.0046654 0.00702763 0.00924798 0.0114673 0.0136545 0.0156978 0.0174799 0.0189015 0.01989 0.0204035 0.0204321 0.0199962 0.0191416 0.0179339 0.0164504 0.0147733 0.012983 0.0111524 0.00934431 0.00761285 0.00602003 0.00466327 0.0036371 0.00290138 0.00227498 0.00164295 0.00104647 0.00055668 0.000229066 7.12955e-05 1.74986e-05 3.55349e-06 6.08714e-07 8.61365e-08 9.19501e-09 5.32319e-10 0 
0 3.86693e-05 0.000369665 0.00151429 0.00356791 0.00579963 0.00778737 0.00962605 0.0113863 0.0130213 0.0144465 0.0155832 0.0163726 0.0167803 0.0167977 0.0164399 0.0157427 0.0147567 0.013541 0.0121572 0.0106635 0.00911 0.00754077 0.00602003 0.00471357 0.00393836 0.00390711 0.00422957 0.0040215 0.00295234 0.00165995 0.000773862 0.000306743 9.48542e-05 2.2701e-05 4.44878e-06 7.36095e-07 1.00966e-07 1.04827e-08 5.92028e-10 0 
0 2.01348e-05 0.000200745 0.000905702 0.00244426 0.00446341 0.00635306 0.00796652 0.00939904 0.0106883 0.0118017 0.0126873 0.0133009 0.0136154 0.0136232 0.0133355 0.0127786 0.0119897 0.0110111 0.00988424 0.00864379 0.0073168 0.0059422 0.00466327 0.00393836 0.00464181 0.00731907 0.0105603 0.0112552 0.00831472 0.0042321 0.00155818 0.000477345 0.000128445 2.82402e-05 5.1831e-06 8.18497e-07 1.08519e-07 1.09632e-08 6.0494e-10 0 
0 9.58004e-06 9.79291e-05 0.000474984 0.00145035 0.003045 0.004813 0.00636034 0.00762854 0.00868282 0.00955452 0.0102344 0.0107007 0.0109366 0.010937 0.0107097 0.0102732 0.00965215 0.00887251 0.00795519 0.00691345 0.00576265 0.00457199 0.0036371 0.00390711 0.00731907 0.0151902 0.0242302 0.0269003 0.0196419 0.00976631 0.0033059 0.000823533 0.000176553 3.31928e-05 5.48214e-06 8.14256e-07 1.04309e-07 1.02955e-08 5.57654e-10 0 
0 4.16151e-06 4.29257e-05 0.000217897 0.000731281 0.00175368 0.00317029 0.00462887 0.0058739 0.00685481 0.00760686 0.00816076 0.00852737 0.00870833 0.00870586 0.00852695 0.0081831 0.00768742 0.00705064 0.00627943 0.00538283 0.00439534 0.00343367 0.00290138 0.00422957 0.0105603 0.0242302 0.0395023 0.0432557 0.032604 0.015999 0.00529933 0.00121967 0.000222042 3.52979e-05 5.12941e-06 7.09481e-07 8.80566e-08 8.55043e-09 4.57824e-10 0 
0 1.65123e-06 1.69596e-05 8.79302e-05 0.000313233 0.000831501 0.00170881 0.00282866 0.00396219 0.00493561 0.00568829 0.00622583 0.00656998 0.00673898 0.00674572 0.00660007 0.00631028 0.0058834 0.00532716 0.00465684 0.00390812 0.00314915 0.00249166 0.00227498 0.0040215 0.0112552 0.0269003 0.0432557 0.046296 0.0365959 0.0177467 0.00583642 0.00131145 0.000221406 3.13118e-05 4.0813e-06 5.30556e-07 6.44199e-08 6.21412e-09 3.3178e-10 0 
0 5.99246e-07 6.06687e-06 3.15211e-05 0.000115535 0.000326321 0.000736629 0.00136436 0.00213557 0.00292186 0.00361154 0.00414444 0.00450312 0.00469157 0.00472059 0.00460182 0.0043473 0.00397243 0.00350193 0.00297705 0.002458 0.00201164 0.00168819 0.00164295 0.00295234 0.00831472 0.0196419 0.032604 0.0365959 0.0266331 0.0131344 0.00432389 0.000970132 0.000160445 2.14698e-05 2.64393e-06 3.34233e-07 4.04719e-08 3.92644e-09 2.11049e-10 0 
0 1.99205e-07 1.97402e-06 1.01423e-05 3.73823e-05 0.000108593 0.000258533 0.000516129 0.000881528 0.0013161 0.00175684 0.00214206 0.00242851 0.00259435 0.00263443 0.00255523 0.0023724 0.00211097 0.00180625 0.0015026 0.0012471 0.00107691 0.00100196 0.00104647 0.00165995 0.0042321 0.00976631 0.015999 0.0177467 0.0131344 0.00649138 0.00214775 0.000489525 8.19092e-05 1.09371e-05 1.35908e-06 1.75631e-07 2.17506e-08 2.15076e-09 1.17499e-10 0 
0 6.07261e-08 5.86351e-07 2.9541e-06 1.0788e-05 3.14891e-05 7.65791e-05 0.000158751 0.000285241 0.000451052 0.000637349 0.000816764 0.000962016 0.00105294 0.00107984 0.00104381 0.000955541 0.000833328 0.000700294 0.000580788 0.000496542 0.000462961 0.000484097 0.00055668 0.000773862 0.00155818 0.0033059 0.00529933 0.00583642 0.00432389 0.00214775 0.000723099 0.000170459 2.95318e-05 4.14898e-06 5.57495e-07 7.73167e-08 1.00162e-08 1.02139e-09 5.7203e-11 0 
0 1.69766e-08 1.59306e-07 7.83175e-07 2.80933e-06 8.12557e-06 1.97834e-05 4.14987e-05 7.61687e-05 0.000123862 0.000180477 0.000238132 0.0002873 0.000319644 0.00033034 0.000319176 0.000290346 0.000251241 0.000210701 0.000177319 0.00015833 0.000159194 0.000182872 0.000229066 0.000306743 0.000477345 0.000823533 0.00121967 0.00131145 0.000970132 0.000489525 0.000170459 4.20373e-05 7.78435e-06 1.22584e-06 1.88961e-07 2.89547e-08 3.97324e-09 4.21281e-10 2.4356e-11 0 
0 4.34416e-09 3.95691e-08 1.89346e-07 6.64081e-07 1.88898e-06 4.55345e-06 9.52286e-06 1.75392e-05 2.87679e-05 4.24139e-05 5.6678e-05 6.91682e-05 7.76222e-05 8.06276e-05 7.8048e-05 7.10207e-05 6.15867e-05 5.21483e-05 4.49923e-05 4.20519e-05 4.48866e-05 5.45781e-05 7.12955e-05 9.48542e-05 0.000128445 0.000176553 0.000222042 0.000221406 0.000160445 8.19092e-05 2.95318e-05 7.78435e-06 1.62897e-06 3.05377e-07 5.52932e-08 9.36986e-09 1.36478e-09 1.51172e-10 9.06865e-12 0 
0 1.0123e-09 8.94798e-09 4.16377e-08 1.42479e-07 3.97096e-07 9.42398e-07 1.95005e-06 3.57045e-06 5.8454e-06 8.62843e-06 1.15657e-05 1.41687e-05 1.59601e-05 1.66328e-05 1.61517e-05 1.47607e-05 1.2903e-05 1.11023e-05 9.86014e-06 9.60696e-06 1.06917e-05 1.33392e-05 1.74986e-05 2.2701e-05 2.82402e-05 3.31928e-05 3.52979e-05 3.13118e-05 2.14698e-05 1.09371e-05 4.14898e-06 1.22584e-06 3.05377e-07 6.89528e-08 1.43209e-08 2.63844e-09 4.06705e-10 4.71702e-11 2.94616e-12 0 
0 2.12512e-10 1.82372e-09 8.25291e-09 2.75362e-08 7.50811e-08 1.7498e-07 3.56962e-07 6.46799e-07 1.05154e-06 1.54588e-06 2.06843e-06 2.53375e-06 2.85752e-06 2.98497e-06 2.90982e-06 2.67638e-06 2.36581e-06 2.07501e-06 1.89806e-06 1.91592e-06 2.19048e-06 2.75006e-06 3.55349e-06 4.44878e-06 5.1831e-06 5.48214e-06 5.12941e-06 4.0813e-06 2.64393e-06 1.35908e-06 5.57495e-07 1.88961e-07 5.52932e-08 1.43209e-08 3.27108e-09 6.44018e-10 1.04703e-10 1.2726e-11 8.29133e-13 0 
0 3.93447e-11 3.28105e-10 1.44495e-09 4.70229e-09 1.25405e-08 2.86761e-08 5.7589e-08 1.03062e-07 1.65999e-07 2.42449e-07 3.23085e-07 3.94999e-07 4.45467e-07 4.66233e-07 4.56439e-07 4.23035e-07 3.7879e-07 3.39114e-07 3.1912e-07 3.31614e-07 3.85331e-07 4.81648e-07 6.08714e-07 7.36095e-07 8.18497e-07 8.14256e-07 7.09481e-07 5.30556e-07 3.34233e-07 1.75631e-07 7.73167e-08 2.89547e-08 9.36986e-09 2.63844e-09 6.44018e-10 1.34121e-10 2.29373e-11 2.92091e-12 1.98644e-13 0 
0 6.14891e-12 4.98884e-11 2.14046e-10 6.79977e-10 1.77456e-09 3.98186e-09 7.86968e-09 1.39008e-08 2.2162e-08 3.21251e-08 4.2593e-08 5.19296e-08 5.85327e-08 6.13714e-08 6.03585e-08 5.64125e-08 5.12175e-08 4.68214e-08 4.52368e-08 4.81133e-08 5.6394e-08 6.97982e-08 8.61365e-08 1.00966e-07 1.08519e-07 1.04309e-07 8.80566e-08 6.44199e-08 4.04719e-08 2.17506e-08 1.00162e-08 3.97324e-09 1.36478e-09 4.06705e-10 1.04703e-10 2.29373e-11 4.11635e-12 5.48579e-13 3.89291e-14 0 
0 7.31628e-13 5.78317e-12 2.42058e-11 7.5152e-11 1.92099e-10 4.23235e-10 8.23471e-10 1.43577e-09 2.26542e-09 3.25823e-09 4.29663e-09 5.22248e-09 5.88238e-09 6.17895e-09 6.10672e-09 5.75879e-09 5.3046e-09 4.95072e-09 4.89876e-09 5.30563e-09 6.23985e-09 7.62655e-09 9.19501e-09 1.04827e-08 1.09632e-08 1.02955e-08 8.55043e-09 6.21412e-09 3.92644e-09 2.15076e-09 1.02139e-09 4.21281e-10 1.51172e-10 4.71702e-11 1.2726e-11 2.92091e-12 5.48579e-13 7.63728e-14 5.64919e-15 0 
0 4.73201e-14 3.64949e-13 1.4923e-12 4.53402e-12 1.13645e-11 2.46072e-11 4.7165e-11 8.12093e-11 1.26846e-10 1.81033e-10 2.37449e-10 2.87733e-10 3.23873e-10 3.40874e-10 3.38641e-10 3.22363e-10 3.01359e-10 2.86957e-10 2.9003e-10 3.18462e-10 3.744e-10 4.51335e-10 5.32319e-10 5.92028e-10 6.0494e-10 5.57654e-10 4.57824e-10 3.3178e-10 2.11049e-10 1.17499e-10 5.7203e-11 2.4356e-11 9.06865e-12 2.94616e-12 8.29133e-13 1.98644e-13 3.89291e-14 5.64919e-15 4.34881e-16 0 
0 0 0 0 0 0 0 0 0 0 0 0 0 0 0 0 0 0 0 0 0 0 0 0 0 0 0 0 0 0 0 0 0 0 0 0 0 0 0 0 0 
