0 0 0 0 0 0 0 0 0 0 0 0 0 0 0 0 0 0 0 0 0 0 0 0 0 0 0 0 0 0 0 0 0 0 0 0 0 0 0 0 0 
0 1.67016e-07 1.44902e-06 6.05472e-06 1.68715e-05 3.5128e-05 5.87622e-05 8.3732e-05 0.000106507 0.00012524 0.000139502 0.000149594 0.000156024 0.000159254 0.000159625 0.000157347 0.000152528 0.000145192 0.000135326 0.000122951 0.00010823 9.15967e-05 7.38417e-05 5.61099e-05 3.97339e-05 2.59238e-05 1.54195e-05 8.28995e-06 4.00534e-06 1.73439e-06 6.72987e-07 2.3431e-07 7.3306e-08 2.06117e-08 5.19348e-09 1.1627e-09 2.26889e-10 3.70105e-11 4.55958e-12 3.03357e-13 0 
0 1.44902e-06 1.26209e-05 4.98742e-05 0.000122498 0.000213289 0.000293748 0.000351384 0.000390056 0.000417363 0.000438107 0.000453975 0.000465012 0.000470828 0.000471231 0.000466461 0.000457175 0.000444282 0.000428655 0.000410722 0.000390021 0.000364889 0.000332645 0.000290676 0.000238439 0.000179416 0.000121136 7.21021e-05 3.74389e-05 1.69149e-05 6.67509e-06 2.31769e-06 7.13414e-07 1.95699e-07 4.78809e-08 1.03866e-08 1.96303e-09 3.1032e-10 3.70967e-11 2.39884e-12 0 
0 6.05472e-06 4.98742e-05 0.000168849 0.000327797 0.000450401 0.000526464 0.000585249 0.000643723 0.000702976 0.000758224 0.000804361 0.000837613 0.000855789 0.000858185 0.000845432 0.000819303 0.000782509 0.000738483 0.000691128 0.000644451 0.000601836 0.000564688 0.000530448 0.000491042 0.000434471 0.000352388 0.000250791 0.000151357 7.62154e-05 3.20966e-05 1.14699e-05 3.54116e-06 9.58589e-07 2.29324e-07 4.84186e-08 8.89102e-09 1.3655e-09 1.58734e-10 9.9959e-12 0 
0 1.68715e-05 0.000122498 0.000327797 0.000500531 0.00060941 0.000712955 0.0008326 0.000960531 0.00108469 0.00119527 0.00128491 0.00134852 0.0013832 0.00138818 0.00136473 0.00131583 0.00124587 0.00116019 0.00106475 0.000965748 0.000869537 0.000782472 0.000710222 0.000655288 0.000611943 0.000561484 0.000477713 0.000351165 0.000210632 0.00010068 3.87505e-05 1.2355e-05 3.35902e-06 7.94126e-07 1.64306e-07 2.94539e-08 4.4108e-09 5.00089e-10 3.07477e-11 0 
0 3.5128e-05 0.000213289 0.000450401 0.00060941 0.000760203 0.000944694 0.00115043 0.00135937 0.00155676 0.00173036 0.00187026 0.0019693 0.0020233 0.00203125 0.00199508 0.00191935 0.00181062 0.00167683 0.00152657 0.00136852 0.00121096 0.00106163 0.000927905 0.000817101 0.000734963 0.00067919 0.000628289 0.000541208 0.000393753 0.000224071 9.74805e-05 3.32512e-05 9.28324e-06 2.1981e-06 4.49435e-07 7.91069e-08 1.16015e-08 1.28746e-09 7.75228e-11 0 
0 5.87622e-05 0.000293748 0.000526464 0.000712955 0.000944694 0.00121999 0.00151536 0.00181071 0.00208805 0.00233128 0.00252705 0.00266557 0.00274117 0.00275236 0.00270184 0.00259599 0.00244394 0.0022566 0.00204575 0.00182314 0.00159976 0.00138535 0.00118824 0.0010159 0.000875747 0.00077453 0.000710158 0.000654399 0.000551262 0.000375541 0.000190801 7.19872e-05 2.11299e-05 5.08472e-06 1.03684e-06 1.80309e-07 2.60178e-08 2.83679e-09 1.67826e-10 0 
0 8.3732e-05 0.000351384 0.000585249 0.0008326 0.00115043 0.00151536 0.00190203 0.0022871 0.00264806 0.00296455 0.00322105 0.00340926 0.00351985 0.00353762 0.00346223 0.00331361 0.00311135 0.00286675 0.00259218 0.00230199 0.00201013 0.00172881 0.00146805 0.00123583 0.00103892 0.000884379 0.000778538 0.00071427 0.000647153 0.000508719 0.000302997 0.000129188 4.06792e-05 1.00864e-05 2.06935e-06 3.57699e-07 5.10173e-08 5.48589e-09 3.19909e-10 0 
0 0.000106507 0.000390056 0.000643723 0.000960531 0.00135937 0.00181071 0.0022871 0.00276088 0.00320527 0.00360372 0.00397307 0.00428954 0.00447255 0.00450235 0.00438487 0.00413288 0.00380739 0.00347677 0.00313459 0.0027771 0.00241751 0.00207029 0.00174738 0.00145783 0.00120829 0.00100455 0.000853379 0.000758393 0.000697334 0.00059948 0.000409258 0.000197985 6.77074e-05 1.74813e-05 3.63516e-06 6.27886e-07 8.88852e-08 9.4593e-09 5.45415e-10 0 
0 0.00012524 0.000417363 0.000702976 0.00108469 0.00155676 0.00208805 0.00264806 0.00320527 0.00374053 0.00430355 0.00480311 0.00507641 0.00519602 0.00521397 0.00514014 0.00495454 0.00460095 0.00410562 0.00364815 0.0032212 0.002798 0.00238939 0.00200878 0.00166642 0.00136934 0.00112246 0.000931039 0.000801342 0.00072651 0.000652149 0.000492747 0.000267275 9.94893e-05 2.68964e-05 5.69694e-06 9.87239e-07 1.39193e-07 1.47057e-08 8.40741e-10 0 
0 0.000139502 0.000438107 0.000758224 0.00119527 0.00173036 0.00233128 0.00296455 0.00360372 0.00430355 0.00495501 0.00529302 0.00546741 0.00554927 0.00556154 0.00550925 0.00538448 0.00515937 0.00475322 0.00414983 0.00361375 0.00312998 0.00266762 0.00223682 0.00184868 0.00151072 0.00122755 0.00100299 0.000842788 0.000747704 0.00068056 0.00054993 0.000327363 0.000131688 3.72702e-05 8.05666e-06 1.4042e-06 1.97694e-07 2.0788e-08 1.18131e-09 0 
0 0.000149594 0.000453975 0.000804361 0.00128491 0.00187026 0.00252705 0.00322105 0.00397307 0.00480311 0.00529302 0.00554366 0.00568306 0.00575057 0.00576052 0.00571647 0.00561379 0.00543642 0.00514198 0.00462007 0.00395391 0.00339672 0.00288966 0.00241873 0.00199412 0.00162374 0.00131207 0.00106205 0.000878197 0.000764273 0.000695448 0.000585104 0.000373006 0.000159905 4.71196e-05 1.0384e-05 1.82182e-06 2.56545e-07 2.69032e-08 1.52278e-09 0 
0 0.000156024 0.000465012 0.000837613 0.00134852 0.0019693 0.00266557 0.00340926 0.00428954 0.00507641 0.00546741 0.00568306 0.00580708 0.00586789 0.00587661 0.00583619 0.00574324 0.00558598 0.00533509 0.004911 0.00423008 0.00358775 0.0030444 0.00254522 0.00209512 0.00170215 0.00137075 0.0011033 0.000903351 0.000775528 0.000702398 0.000604122 0.000402934 0.000180835 5.49561e-05 1.23012e-05 2.17115e-06 3.06069e-07 3.20577e-08 1.8105e-09 0 
0 0.000159254 0.000470828 0.000855789 0.0013832 0.0020233 0.00274117 0.00351985 0.00447255 0.00519602 0.00554927 0.00575057 0.00586789 0.0059256 0.00593356 0.00589446 0.00580539 0.00565618 0.00542223 0.00503915 0.00438875 0.00369341 0.00312538 0.00261093 0.00214729 0.00174236 0.00140054 0.00112394 0.000915499 0.000780001 0.000703643 0.000611435 0.000417925 0.000192619 5.96494e-05 1.34867e-05 2.39069e-06 3.37462e-07 3.53417e-08 1.99444e-09 0 
0 0.000159625 0.000471231 0.000858185 0.00138818 0.00203125 0.00275236 0.00353762 0.00450235 0.00521397 0.00556154 0.00576052 0.00587661 0.00593356 0.00594103 0.00590166 0.0058126 0.0056639 0.00543161 0.0050535 0.00440822 0.00370312 0.00313085 0.0026146 0.00214951 0.00174336 0.0014005 0.00112292 0.000913414 0.0007767 0.000699826 0.000609504 0.000419215 0.000194654 6.06323e-05 1.37588e-05 2.44397e-06 3.45391e-07 3.61984e-08 2.0438e-09 0 
0 0.000157347 0.000466461 0.000845432 0.00136473 0.00199508 0.00270184 0.00346223 0.00438487 0.00514014 0.00550925 0.00571647 0.00583619 0.00589446 0.00590166 0.00586055 0.00576798 0.00561303 0.00536897 0.00496462 0.00429201 0.00361836 0.00306397 0.00255881 0.00210374 0.00170655 0.00137153 0.00110074 0.000897143 0.000765354 0.000690866 0.000599018 0.000407706 0.000187289 5.79461e-05 1.31138e-05 2.32887e-06 3.29445e-07 3.45787e-08 1.95565e-09 0 
0 0.000152528 0.000457175 0.000819303 0.00131583 0.00191935 0.00259599 0.00331361 0.00413288 0.00495454 0.00538448 0.00561379 0.00574324 0.00580539 0.0058126 0.00576798 0.00566758 0.00549776 0.00522396 0.00475131 0.0040571 0.00345562 0.00293239 0.00244946 0.00201452 0.00163532 0.00131604 0.00105897 0.00086762 0.000746144 0.000676027 0.000579125 0.00038387 0.000171636 5.21762e-05 1.17141e-05 2.07614e-06 2.93988e-07 3.09302e-08 1.75446e-09 0 
0 0.000145192 0.000444282 0.000782509 0.00124587 0.00181062 0.00244394 0.00311135 0.00380739 0.00460095 0.00515937 0.00543642 0.00558598 0.00565618 0.0056639 0.00561303 0.00549776 0.00529809 0.00496027 0.00437856 0.00375539 0.00323317 0.00274671 0.0022949 0.00188834 0.00153446 0.0012374 0.000999866 0.000826123 0.000719018 0.000653381 0.000547595 0.000348161 0.000149533 4.43155e-05 9.83738e-06 1.7388e-06 2.46612e-07 2.60383e-08 1.48347e-09 0 
0 0.000135326 0.000428655 0.000738483 0.00116019 0.00167683 0.0022566 0.00286675 0.00347677 0.00410562 0.00475322 0.00514198 0.00533509 0.00542223 0.00543161 0.00536897 0.00522396 0.00496027 0.00449483 0.00392286 0.00342942 0.00296471 0.00251926 0.00210507 0.0017328 0.00140947 0.00113929 0.00092564 0.000773404 0.000682461 0.000618856 0.000501254 0.00030184 0.000123537 3.55766e-05 7.80507e-06 1.37704e-06 1.95897e-07 2.07921e-08 1.19185e-09 0 
0 0.000122951 0.000410722 0.000691128 0.00106475 0.00152657 0.00204575 0.00259218 0.00313459 0.00364815 0.00414983 0.00462007 0.004911 0.00503915 0.0050535 0.00496462 0.00475131 0.00437856 0.00392286 0.00349778 0.00308007 0.00266414 0.00226322 0.00189047 0.00155579 0.00126584 0.00102504 0.000837591 0.000708209 0.000631577 0.000565526 0.000437433 0.000248014 9.67821e-05 2.71695e-05 5.91037e-06 1.04379e-06 1.493e-07 1.59632e-08 9.22384e-10 0 
0 0.00010823 0.000390021 0.000644451 0.000965748 0.00136852 0.00182314 0.00230199 0.0027771 0.0032212 0.00361375 0.00395391 0.00423008 0.00438875 0.00440822 0.00429201 0.0040571 0.00375539 0.00342942 0.00308007 0.0027142 0.00234654 0.00199162 0.00166139 0.00136487 0.00110842 0.000896834 0.000734735 0.000624984 0.000556365 0.000485176 0.000357094 0.000192345 7.2552e-05 2.00816e-05 4.36403e-06 7.74976e-07 1.11772e-07 1.20605e-08 7.03294e-10 0 
0 9.15967e-05 0.000364889 0.000601836 0.000869537 0.00121096 0.00159976 0.00201013 0.00241751 0.002798 0.00312998 0.00339672 0.00358775 0.00369341 0.00370312 0.00361836 0.00345562 0.00323317 0.00296471 0.00266414 0.00234654 0.00202643 0.00171653 0.00142726 0.00116673 0.000941083 0.000755177 0.0006127 0.000513521 0.000445699 0.000376042 0.000268784 0.000142419 5.35653e-05 1.49085e-05 3.26875e-06 5.86043e-07 8.53016e-08 9.28258e-09 5.45462e-10 0 
0 7.38417e-05 0.000332645 0.000564688 0.000782472 0.00106163 0.00138535 0.00172881 0.00207029 0.00238939 0.00266762 0.00288966 0.0030444 0.00312538 0.00313085 0.00306397 0.00293239 0.00274671 0.00251926 0.00226322 0.00199162 0.00171653 0.00144849 0.00119634 0.000967399 0.000767885 0.000602546 0.000473084 0.000377674 0.000310837 0.000256642 0.000188299 0.000104793 4.11568e-05 1.17769e-05 2.62146e-06 4.73668e-07 6.92276e-08 7.55034e-09 4.44215e-10 0 
0 5.61099e-05 0.000290676 0.000530448 0.000710222 0.000927905 0.00118824 0.00146805 0.00174738 0.00200878 0.00223682 0.00241873 0.00254522 0.00261093 0.0026146 0.00255881 0.00244946 0.0022949 0.00210507 0.00189047 0.00166139 0.00142726 0.00119634 0.000976083 0.000774686 0.000603303 0.000472531 0.000378508 0.000300791 0.000228783 0.000172528 0.000129909 8.06775e-05 3.46762e-05 1.03593e-05 2.33271e-06 4.20298e-07 6.09413e-08 6.58589e-09 3.8398e-10 0 
0 3.97339e-05 0.000238439 0.000491042 0.000655288 0.000817101 0.0010159 0.00123583 0.00145783 0.00166642 0.00184868 0.00199412 0.00209512 0.00214729 0.00214951 0.00210374 0.00201452 0.00188834 0.0017328 0.00155579 0.00136487 0.00116673 0.000967399 0.000774686 0.000607454 0.000505908 0.000500434 0.000541361 0.000514718 0.000378207 0.000215532 0.000114411 6.71885e-05 3.17489e-05 9.97303e-06 2.2527e-06 3.99456e-07 5.6749e-08 6.01262e-09 3.4434e-10 0 
0 2.59238e-05 0.000179416 0.000434471 0.000611943 0.000734963 0.000875747 0.00103892 0.00120829 0.00136934 0.00151072 0.00162374 0.00170215 0.00174236 0.00174336 0.00170655 0.00163532 0.00153446 0.00140947 0.00126584 0.00110842 0.000941083 0.000767885 0.000603303 0.000505908 0.000594099 0.000936585 0.00152072 0.00183001 0.00107079 0.000541584 0.000200763 7.17273e-05 3.04717e-05 9.83396e-06 2.20824e-06 3.82204e-07 5.28709e-08 5.46744e-09 3.06559e-10 0 
0 1.54195e-05 0.000121136 0.000352388 0.000561484 0.00067919 0.00077453 0.000884379 0.00100455 0.00112246 0.00122755 0.00131207 0.00137075 0.00140054 0.0014005 0.00137153 0.00131604 0.0012374 0.00113929 0.00102504 0.000896834 0.000755177 0.000602546 0.000472531 0.000500434 0.000936585 0.00218511 0.00361148 0.00372508 0.0031241 0.00125603 0.000423084 0.000108166 3.14502e-05 9.41663e-06 2.05836e-06 3.45968e-07 4.66114e-08 4.71373e-09 2.59365e-10 0 
0 8.28995e-06 7.21021e-05 0.000250791 0.000477713 0.000628289 0.000710158 0.000778538 0.000853379 0.000931039 0.00100299 0.00106205 0.0011033 0.00112394 0.00112292 0.00110074 0.00105897 0.000999866 0.00092564 0.000837591 0.000734735 0.0006127 0.000473084 0.000378508 0.000541361 0.00152072 0.00361148 0.00401633 0.0040642 0.00384575 0.00266732 0.000678298 0.000156858 3.38016e-05 8.48261e-06 1.74351e-06 2.83188e-07 3.7322e-08 3.71452e-09 2.01806e-10 0 
0 4.00534e-06 3.74389e-05 0.000151357 0.000351165 0.000541208 0.000654399 0.00071427 0.000758393 0.000801342 0.000842788 0.000878197 0.000903351 0.000915499 0.000913414 0.000897143 0.00086762 0.000826123 0.000773404 0.000708209 0.000624984 0.000513521 0.000377674 0.000300791 0.000514718 0.00183001 0.00372508 0.0040642 0.00410987 0.00393789 0.00312537 0.000755149 0.000168272 3.20383e-05 6.83948e-06 1.29582e-06 2.03383e-07 2.64307e-08 2.61265e-09 1.41324e-10 0 
0 1.73439e-06 1.69149e-05 7.62154e-05 0.000210632 0.000393753 0.000551262 0.000647153 0.000697334 0.00072651 0.000747704 0.000764273 0.000775528 0.000780001 0.0007767 0.000765354 0.000746144 0.000719018 0.000682461 0.000631577 0.000556365 0.000445699 0.000310837 0.000228783 0.000378207 0.00107079 0.0031241 0.00384575 0.00393789 0.00367074 0.00193837 0.000553309 0.000124789 2.35186e-05 4.61304e-06 8.18012e-07 1.25602e-07 1.62942e-08 1.61718e-09 8.79148e-11 0 
0 6.72987e-07 6.67509e-06 3.20966e-05 0.00010068 0.000224071 0.000375541 0.000508719 0.00059948 0.000652149 0.00068056 0.000695448 0.000702398 0.000703643 0.000699826 0.000690866 0.000676027 0.000653381 0.000618856 0.000565526 0.000485176 0.000376042 0.000256642 0.000172528 0.000215532 0.000541584 0.00125603 0.00266732 0.00312537 0.00193837 0.000830668 0.000274908 6.40092e-05 1.28828e-05 2.47903e-06 4.28438e-07 6.59558e-08 8.67552e-09 8.7446e-10 4.82268e-11 0 
0 2.3431e-07 2.31769e-06 1.14699e-05 3.87505e-05 9.74805e-05 0.000190801 0.000302997 0.000409258 0.000492747 0.00054993 0.000585104 0.000604122 0.000611435 0.000609504 0.000599018 0.000579125 0.000547595 0.000501254 0.000437433 0.000357094 0.000268784 0.000188299 0.000129909 0.000114411 0.000200763 0.000423084 0.000678298 0.000755149 0.000553309 0.000274908 9.33314e-05 2.39245e-05 5.32795e-06 1.0493e-06 1.85307e-07 2.94046e-08 3.98198e-09 4.11939e-10 2.32465e-11 0 
0 7.3306e-08 7.13414e-07 3.54116e-06 1.2355e-05 3.32512e-05 7.19872e-05 0.000129188 0.000197985 0.000267275 0.000327363 0.000373006 0.000402934 0.000417925 0.000419215 0.000407706 0.00038387 0.000348161 0.00030184 0.000248014 0.000192345 0.000142419 0.000104793 8.06775e-05 6.71885e-05 7.17273e-05 0.000108166 0.000156858 0.000168272 0.000124789 6.40092e-05 2.39245e-05 7.05431e-06 1.71356e-06 3.57921e-07 6.70926e-08 1.11968e-08 1.57883e-09 1.69048e-10 9.83159e-12 0 
0 2.06117e-08 1.95699e-07 9.58589e-07 3.35902e-06 9.28324e-06 2.11299e-05 4.06792e-05 6.77074e-05 9.94893e-05 0.000131688 0.000159905 0.000180835 0.000192619 0.000194654 0.000187289 0.000171636 0.000149533 0.000123537 9.67821e-05 7.2552e-05 5.35653e-05 4.11568e-05 3.46762e-05 3.17489e-05 3.04717e-05 3.14502e-05 3.38016e-05 3.20383e-05 2.35186e-05 1.28828e-05 5.32795e-06 1.71356e-06 4.50471e-07 1.02553e-07 2.07494e-08 3.6713e-09 5.42448e-10 6.04678e-11 3.64412e-12 0 
0 5.19348e-09 4.78809e-08 2.29324e-07 7.94126e-07 2.1981e-06 5.08472e-06 1.00864e-05 1.74813e-05 2.68964e-05 3.72702e-05 4.71196e-05 5.49561e-05 5.96494e-05 6.06323e-05 5.79461e-05 5.21762e-05 4.43155e-05 3.55766e-05 2.71695e-05 2.00816e-05 1.49085e-05 1.17769e-05 1.03593e-05 9.97303e-06 9.83396e-06 9.41663e-06 8.48261e-06 6.83948e-06 4.61304e-06 2.47903e-06 1.0493e-06 3.57921e-07 1.02553e-07 2.55158e-08 5.55485e-09 1.04165e-09 1.61687e-10 1.88312e-11 1.18034e-12 0 
0 1.1627e-09 1.03866e-08 4.84186e-08 1.64306e-07 4.49435e-07 1.03684e-06 2.06935e-06 3.63516e-06 5.69694e-06 8.05666e-06 1.0384e-05 1.23012e-05 1.34867e-05 1.37588e-05 1.31138e-05 1.17141e-05 9.83738e-06 7.80507e-06 5.91037e-06 4.36403e-06 3.26875e-06 2.62146e-06 2.33271e-06 2.2527e-06 2.20824e-06 2.05836e-06 1.74351e-06 1.29582e-06 8.18012e-07 4.28438e-07 1.85307e-07 6.70926e-08 2.07494e-08 5.55485e-09 1.28807e-09 2.55215e-10 4.16378e-11 5.07518e-12 3.31562e-13 0 
0 2.26889e-10 1.96303e-09 8.89102e-09 2.94539e-08 7.91069e-08 1.80309e-07 3.57699e-07 6.27886e-07 9.87239e-07 1.4042e-06 1.82182e-06 2.17115e-06 2.39069e-06 2.44397e-06 2.32887e-06 2.07614e-06 1.7388e-06 1.37704e-06 1.04379e-06 7.74976e-07 5.86043e-07 4.73668e-07 4.20298e-07 3.99456e-07 3.82204e-07 3.45968e-07 2.83188e-07 2.03383e-07 1.25602e-07 6.59558e-08 2.94046e-08 1.11968e-08 3.6713e-09 1.04165e-09 2.55215e-10 5.32681e-11 9.12692e-12 1.16447e-12 7.93539e-14 0 
0 3.70105e-11 3.1032e-10 1.3655e-09 4.4108e-09 1.16015e-08 2.60178e-08 5.10173e-08 8.88852e-08 1.39193e-07 1.97694e-07 2.56545e-07 3.06069e-07 3.37462e-07 3.45391e-07 3.29445e-07 2.93988e-07 2.46612e-07 1.95897e-07 1.493e-07 1.11772e-07 8.53016e-08 6.92276e-08 6.09413e-08 5.6749e-08 5.28709e-08 4.66114e-08 3.7322e-08 2.64307e-08 1.62942e-08 8.67552e-09 3.98198e-09 1.57883e-09 5.42448e-10 1.61687e-10 4.16378e-11 9.12692e-12 1.6394e-12 2.18741e-13 1.55449e-14 0 
0 4.55958e-12 3.70967e-11 1.58734e-10 5.00089e-10 1.28746e-09 2.83679e-09 5.48589e-09 9.4593e-09 1.47057e-08 2.0788e-08 2.69032e-08 3.20577e-08 3.53417e-08 3.61984e-08 3.45787e-08 3.09302e-08 2.60383e-08 2.07921e-08 1.59632e-08 1.20605e-08 9.28258e-09 7.55034e-09 6.58589e-09 6.01262e-09 5.46744e-09 4.71373e-09 3.71452e-09 2.61265e-09 1.61718e-09 8.7446e-10 4.11939e-10 1.69048e-10 6.04678e-11 1.88312e-11 5.07518e-12 1.16447e-12 2.18741e-13 3.04711e-14 2.25597e-15 0 
0 3.03357e-13 2.39884e-12 9.9959e-12 3.07477e-11 7.75228e-11 1.67826e-10 3.19909e-10 5.45415e-10 8.40741e-10 1.18131e-09 1.52278e-09 1.8105e-09 1.99444e-09 2.0438e-09 1.95565e-09 1.75446e-09 1.48347e-09 1.19185e-09 9.22384e-10 7.03294e-10 5.45462e-10 4.44215e-10 3.8398e-10 3.4434e-10 3.06559e-10 2.59365e-10 2.01806e-10 1.41324e-10 8.79148e-11 4.82268e-11 2.32465e-11 9.83159e-12 3.64412e-12 1.18034e-12 3.31562e-13 7.93539e-14 1.55449e-14 2.25597e-15 1.73744e-16 0 
0 0 0 0 0 0 0 0 0 0 0 0 0 0 0 0 0 0 0 0 0 0 0 0 0 0 0 0 0 0 0 0 0 0 0 0 0 0 0 0 0 
