0 0 0 0 0 0 0 0 0 0 0 0 0 0 0 0 0 0 0 0 0 0 0 0 0 0 0 0 0 0 0 0 0 0 0 0 0 0 0 0 0 
0 1.99685e-07 1.76262e-06 7.61839e-06 2.23178e-05 4.93838e-05 8.8054e-05 0.000133212 0.000178448 0.000218856 0.000251821 0.000276473 0.00029288 0.000301469 0.000302738 0.000297144 0.000285094 0.000266988 0.000243314 0.000214788 0.000182525 0.00014816 0.000113836 8.19594e-05 5.47229e-05 3.35499e-05 1.87282e-05 9.46044e-06 4.30964e-06 1.76883e-06 6.54673e-07 2.18857e-07 6.61634e-08 1.80805e-08 4.45015e-09 9.77448e-10 1.87819e-10 3.02599e-11 3.69112e-12 2.43634e-13 0 
0 1.76262e-06 1.58049e-05 6.62651e-05 0.00017762 0.000342054 0.000518271 0.000670038 0.000786933 0.000874312 0.000939687 0.000987549 0.0010196 0.00103629 0.00103797 0.00102545 0.00100005 0.000963294 0.000916392 0.000859582 0.00079169 0.00071032 0.000613237 0.000501022 0.000379864 0.000261934 0.000161399 8.77887e-05 4.19278e-05 1.76035e-05 6.53311e-06 2.15838e-06 6.38692e-07 1.69864e-07 4.05684e-08 8.63652e-09 1.60863e-09 2.51438e-10 2.97953e-11 1.9136e-12 0 
0 7.61839e-06 6.62651e-05 0.000248906 0.000553254 0.000861587 0.00109779 0.0012784 0.00143562 0.00158078 0.00171041 0.00181672 0.00189275 0.00193419 0.00193967 0.00191067 0.00185112 0.00176691 0.00166524 0.0015538 0.00143948 0.00132642 0.00121327 0.00109098 0.000944565 0.000762708 0.000553114 0.000348125 0.000186106 8.41003e-05 3.24115e-05 1.08186e-05 3.17557e-06 8.28552e-07 1.92976e-07 3.99544e-08 7.23201e-09 1.09898e-09 1.26749e-10 7.93461e-12 0 
0 2.23178e-05 0.00017762 0.000553254 0.000983482 0.00131384 0.0015931 0.00187823 0.00217115 0.00245273 0.00270296 0.00290572 0.00304959 0.00312801 0.00313928 0.00308624 0.00297565 0.00281742 0.00262363 0.00240761 0.00218313 0.00196358 0.00176067 0.00158124 0.00142083 0.00125685 0.00105292 0.00078908 0.00049973 0.000258268 0.000108556 3.7853e-05 1.12516e-05 2.91615e-06 6.67508e-07 1.35109e-07 2.38571e-08 3.53533e-09 3.97874e-10 2.43336e-11 0 
0 4.93838e-05 0.000342054 0.000861587 0.00131384 0.00170568 0.00213455 0.00260144 0.00307412 0.00352052 0.00391309 0.00422948 0.00445344 0.00457557 0.00459353 0.00451175 0.00434049 0.00409461 0.00379203 0.00345223 0.00309481 0.00273843 0.00240028 0.00209573 0.00183655 0.00162381 0.00143355 0.00121032 0.000905824 0.000555306 0.000266958 0.000101141 3.12534e-05 8.17589e-06 1.8574e-06 3.69921e-07 6.40189e-08 9.28546e-09 1.02288e-09 6.12822e-11 0 
0 8.8054e-05 0.000518271 0.00109779 0.0015931 0.00213455 0.00275884 0.00342689 0.00409481 0.00472199 0.00527205 0.00571474 0.0060279 0.00619867 0.00622392 0.00610982 0.0058706 0.00552682 0.00510317 0.00462633 0.00412291 0.00361775 0.00313285 0.00268697 0.00229606 0.00197274 0.00171866 0.00150345 0.00125075 0.000897011 0.000504853 0.000214954 7.09563e-05 1.90701e-05 4.34691e-06 8.57892e-07 1.46255e-07 2.0846e-08 2.25528e-09 1.32749e-10 0 
0 0.000133212 0.000670038 0.0012784 0.00187823 0.00260144 0.00342689 0.00430132 0.00517212 0.0059884 0.00670367 0.00727929 0.00768733 0.00791087 0.007944 0.00779419 0.00748161 0.00703393 0.00648276 0.00586203 0.00520581 0.00454579 0.00390959 0.00331989 0.00279464 0.00234821 0.00199137 0.00172024 0.00148557 0.00118452 0.000771538 0.000375182 0.000135198 3.79493e-05 8.77222e-06 1.72761e-06 2.916e-07 4.10072e-08 4.37187e-09 2.53573e-10 0 
0 0.000178448 0.000786933 0.00143562 0.00217115 0.00307412 0.00409481 0.00517212 0.00624352 0.00724724 0.00812795 0.0088453 0.00937188 0.00967403 0.0097208 0.00951633 0.00910338 0.00853549 0.00785226 0.00708791 0.00628021 0.00546705 0.00468183 0.00395159 0.00329677 0.0027323 0.00226964 0.00191522 0.00164919 0.00138527 0.00100791 0.000556699 0.000221315 6.56639e-05 1.5529e-05 3.07056e-06 5.15476e-07 7.17897e-08 7.56671e-09 4.33715e-10 0 
0 0.000218856 0.000874312 0.00158078 0.00245273 0.00352052 0.00472199 0.0059884 0.00724724 0.0084284 0.00948213 0.0103862 0.0110717 0.0114482 0.0115053 0.0112579 0.0107262 0.00998711 0.00914302 0.00823413 0.0072836 0.00632748 0.00540345 0.00454273 0.00376851 0.00309664 0.00253785 0.0021001 0.0017792 0.00151823 0.00118579 0.000728329 0.000318741 0.000100488 2.44504e-05 4.87607e-06 8.17206e-07 1.13079e-07 1.1818e-08 6.71232e-10 0 
0 0.000251821 0.000939687 0.00171041 0.00270296 0.00391309 0.00527205 0.00670367 0.00812795 0.00948213 0.0107449 0.0117966 0.0124517 0.01276 0.0128034 0.0126036 0.0121316 0.011341 0.0103192 0.00924473 0.0081596 0.0070777 0.00603265 0.00505841 0.00418068 0.0034164 0.00277587 0.00226602 0.00188847 0.00160868 0.0013069 0.000868857 0.000413457 0.000138218 3.46579e-05 6.98855e-06 1.17239e-06 1.6161e-07 1.67905e-08 9.47292e-10 0 
0 0.000276473 0.000987549 0.00181672 0.00290572 0.00422948 0.00571474 0.00727929 0.0088453 0.0103862 0.0117966 0.0127448 0.0132634 0.0135067 0.0135395 0.0133774 0.0129995 0.0123396 0.0113167 0.0100854 0.00886468 0.00767683 0.00653468 0.0054698 0.00450957 0.00367197 0.00296711 0.00240073 0.00197575 0.00167084 0.00138379 0.000970806 0.000493325 0.000173428 4.47089e-05 9.11863e-06 1.53353e-06 2.11007e-07 2.18404e-08 1.22663e-09 0 
0 0.00029288 0.0010196 0.00189275 0.00304959 0.00445344 0.0060279 0.00768733 0.00937188 0.0110717 0.0124517 0.0132634 0.0137109 0.0139236 0.0139511 0.0138058 0.0134724 0.0128999 0.0119834 0.0107088 0.00936807 0.00809547 0.00688419 0.00575584 0.00473798 0.0038493 0.00309984 0.00249447 0.00203595 0.00170976 0.00142779 0.00103541 0.000550732 0.000201049 5.29835e-05 1.09128e-05 1.84066e-06 2.53155e-07 2.6151e-08 1.46485e-09 0 
0 0.000301469 0.00103629 0.00193419 0.00312801 0.00457557 0.00619867 0.00791087 0.00967403 0.0114482 0.01276 0.0135067 0.0139236 0.0141227 0.0141472 0.0140081 0.0136927 0.0131568 0.0123031 0.0110494 0.00964238 0.00831608 0.00706669 0.00590444 0.00485596 0.00394023 0.00316722 0.00254129 0.00206484 0.00172634 0.00144598 0.0010668 0.000582362 0.000217499 5.81305e-05 1.20546e-05 2.03849e-06 2.80495e-07 2.89601e-08 1.62065e-09 0 
0 0.000302738 0.00103797 0.00193967 0.00313928 0.00459353 0.00622392 0.007944 0.0097208 0.0115053 0.0128034 0.0135395 0.0139511 0.0141472 0.01417 0.0140305 0.013716 0.0131835 0.0123374 0.0110873 0.00966855 0.00833322 0.00707887 0.00591274 0.00486098 0.00394249 0.00316712 0.00253903 0.00206044 0.00172051 0.00144196 0.00106866 0.000587782 0.000221125 5.94022e-05 1.2356e-05 2.09318e-06 2.88336e-07 2.9792e-08 1.66818e-09 0 
0 0.000297144 0.00102545 0.00191067 0.00308624 0.00451175 0.00610982 0.00779419 0.00951633 0.0112579 0.0126036 0.0133774 0.0138058 0.0140081 0.0140305 0.0138843 0.0135556 0.0129973 0.0121079 0.0108336 0.00945362 0.00815542 0.00692814 0.00578659 0.00475746 0.00385925 0.00310161 0.00248878 0.00202307 0.00169242 0.0014169 0.00104313 0.000568264 0.000212177 5.67934e-05 1.18059e-05 2.00189e-06 2.76227e-07 2.85979e-08 1.6047e-09 0 
0 0.000285094 0.00100005 0.00185112 0.00297565 0.00434049 0.0058706 0.00748161 0.00910338 0.0107262 0.0121316 0.0129995 0.0134724 0.0136927 0.013716 0.0135556 0.0131941 0.012574 0.0115938 0.0103185 0.00903257 0.00780427 0.00663114 0.00553929 0.00455571 0.00369817 0.00297612 0.00239413 0.00195466 0.00164229 0.00136996 0.000990795 0.000526339 0.000192565 5.09884e-05 1.05623e-05 1.79205e-06 2.47898e-07 2.57524e-08 1.45049e-09 0 
0 0.000266988 0.000963294 0.00176691 0.00281742 0.00409461 0.00552682 0.00703393 0.00853549 0.00998711 0.011341 0.0123396 0.0128999 0.0131568 0.0131835 0.0129973 0.012574 0.0118459 0.0107911 0.00961394 0.00845084 0.00730933 0.00621146 0.00518978 0.00427037 0.00347008 0.00279823 0.00226 0.00185757 0.00156925 0.00129811 0.000911578 0.000466033 0.000165518 4.31609e-05 8.89907e-06 1.51159e-06 2.09924e-07 2.1921e-08 1.24176e-09 0 
0 0.000243314 0.000916392 0.00166524 0.00262363 0.00379203 0.00510317 0.00648276 0.00785226 0.00914302 0.0103192 0.0113167 0.0119834 0.0123031 0.0123374 0.0121079 0.0115938 0.0107911 0.00981831 0.00879518 0.00774892 0.00670425 0.00569714 0.00476048 0.00391861 0.00318742 0.00257628 0.0020911 0.00173258 0.00146937 0.00119601 0.000806443 0.000393392 0.000135131 3.46897e-05 7.12852e-06 1.21469e-06 1.69744e-07 1.78594e-08 1.01983e-09 0 
0 0.000214788 0.000859582 0.0015538 0.00240761 0.00345223 0.00462633 0.00586203 0.00708791 0.00823413 0.00924473 0.0100854 0.0107088 0.0110494 0.0110873 0.0108336 0.0103185 0.00961394 0.00879518 0.0079012 0.00696483 0.00602477 0.00511812 0.00427519 0.00351832 0.00286259 0.00231763 0.00188982 0.00157602 0.00133369 0.00105764 0.000680171 0.000316726 0.000105727 2.68649e-05 5.52779e-06 9.48545e-07 1.33808e-07 1.42236e-08 8.20652e-10 0 
0 0.000182525 0.00079169 0.00143948 0.00218313 0.00309481 0.00412291 0.00520581 0.00628021 0.0072836 0.0081596 0.00886468 0.00936807 0.00964238 0.00966855 0.00945362 0.00903257 0.00845084 0.00774892 0.00696483 0.00613798 0.00530655 0.00450392 0.00375714 0.00308655 0.00250652 0.00202695 0.00165337 0.00137685 0.00114912 0.000881713 0.000544248 0.000245876 8.11105e-05 2.06545e-05 4.28947e-06 7.44861e-07 1.06384e-07 1.14446e-08 6.67726e-10 0 
0 0.00014816 0.00071032 0.00132642 0.00196358 0.00273843 0.00361775 0.00454579 0.00546705 0.00632748 0.0070777 0.00767683 0.00809547 0.00831608 0.00833322 0.00815542 0.00780427 0.00730933 0.00670425 0.00602477 0.00530655 0.00458264 0.00388182 0.00322765 0.00263845 0.00212782 0.00170514 0.00137332 0.00112095 0.000910124 0.000681401 0.00041693 0.000190037 6.38545e-05 1.65831e-05 3.50362e-06 6.17057e-07 8.91524e-08 9.68176e-09 5.6925e-10 0 
0 0.000113836 0.000613237 0.00121327 0.00176067 0.00240028 0.00313285 0.00390959 0.00468183 0.00540345 0.00603265 0.00653468 0.00688419 0.00706669 0.00707887 0.00692814 0.00663114 0.00621146 0.00569714 0.00511812 0.00450392 0.00388182 0.00327566 0.00270543 0.00218754 0.00173555 0.00135898 0.00105973 0.000830048 0.000651608 0.000490428 0.000315963 0.000154194 5.47517e-05 1.47088e-05 3.16249e-06 5.61413e-07 8.13468e-08 8.83591e-09 5.18838e-10 0 
0 8.19594e-05 0.000501022 0.00109098 0.00158124 0.00209573 0.00268697 0.00331989 0.00395159 0.00454273 0.00505841 0.0054698 0.00575584 0.00590444 0.00591274 0.00578659 0.00553929 0.00518978 0.00476048 0.00427519 0.00375714 0.00322765 0.00270543 0.00220722 0.00175139 0.00136317 0.00106697 0.000853962 0.000676869 0.000508922 0.00036683 0.000248857 0.000135688 5.24405e-05 1.46338e-05 3.1705e-06 5.59354e-07 8.01477e-08 8.59829e-09 4.98724e-10 0 
0 5.47229e-05 0.000379864 0.000944565 0.00142083 0.00183655 0.00229606 0.00279464 0.00329677 0.00376851 0.00418068 0.00450957 0.00473798 0.00485596 0.00486098 0.00475746 0.00455571 0.00427037 0.00391861 0.00351832 0.00308655 0.00263845 0.00218754 0.00175139 0.00137302 0.00114374 0.00113163 0.00122424 0.00116399 0.0008552 0.00048617 0.000249304 0.000129807 5.38283e-05 1.5544e-05 3.35293e-06 5.80082e-07 8.12555e-08 8.53036e-09 4.8516e-10 0 
0 3.35499e-05 0.000261934 0.000762708 0.00125685 0.00162381 0.00197274 0.00234821 0.0027323 0.00309664 0.0034164 0.00367197 0.0038493 0.00394023 0.00394249 0.00385925 0.00369817 0.00347008 0.00318742 0.00286259 0.00250652 0.00212782 0.00173555 0.00136317 0.00114374 0.00134351 0.00211803 0.00310978 0.00354187 0.00240635 0.00122476 0.00045346 0.00015504 5.71334e-05 1.6465e-05 3.48743e-06 5.86707e-07 7.99536e-08 8.19076e-09 4.5603e-10 0 
0 1.87282e-05 0.000161399 0.000553114 0.00105292 0.00143355 0.00171866 0.00199137 0.00226964 0.00253785 0.00277587 0.00296711 0.00309984 0.00316722 0.00316712 0.00310161 0.00297612 0.00279823 0.00257628 0.00231763 0.00202695 0.00170514 0.00135898 0.00106697 0.00113163 0.00211803 0.00447402 0.00818057 0.00885876 0.00641474 0.0028264 0.000956768 0.00024308 6.42052e-05 1.66971e-05 3.37976e-06 5.49103e-07 7.28327e-08 7.30052e-09 3.99139e-10 0 
0 9.46044e-06 8.77887e-05 0.000348125 0.00078908 0.00121032 0.00150345 0.00172024 0.00191522 0.0021001 0.00226602 0.00240073 0.00249447 0.00254129 0.00253903 0.00248878 0.00239413 0.00226 0.0020911 0.00188982 0.00165337 0.00137332 0.00105973 0.000853962 0.00122424 0.00310978 0.00818057 0.00981082 0.0100167 0.00932397 0.00538768 0.00153355 0.000354367 7.24365e-05 1.57382e-05 2.94189e-06 4.58694e-07 5.94598e-08 5.86963e-09 3.17126e-10 0 
0 4.30964e-06 4.19278e-05 0.000186106 0.00049973 0.000905824 0.00125075 0.00148557 0.00164919 0.0017792 0.00188847 0.00197575 0.00203595 0.00206484 0.00206044 0.00202307 0.00195466 0.00185757 0.00173258 0.00157602 0.00137685 0.00112095 0.000830048 0.000676869 0.00116399 0.00354187 0.00885876 0.0100167 0.0101704 0.00960212 0.00644522 0.00168923 0.000380338 6.97253e-05 1.30238e-05 2.22488e-06 3.33484e-07 4.25979e-08 4.17944e-09 2.2501e-10 0 
0 1.76883e-06 1.76035e-05 8.41003e-05 0.000258268 0.000555306 0.000897011 0.00118452 0.00138527 0.00151823 0.00160868 0.00167084 0.00170976 0.00172634 0.00172051 0.00169242 0.00164229 0.00156925 0.00146937 0.00133369 0.00114912 0.000910124 0.000651608 0.000508922 0.0008552 0.00240635 0.00641474 0.00932397 0.00960212 0.00863104 0.00394332 0.00125127 0.000281876 5.09101e-05 8.81168e-06 1.41337e-06 2.0721e-07 2.64389e-08 2.60682e-09 1.41154e-10 0 
0 6.54673e-07 6.53311e-06 3.24115e-05 0.000108556 0.000266958 0.000504853 0.000771538 0.00100791 0.00118579 0.0013069 0.00138379 0.00142779 0.00144598 0.00144196 0.0014169 0.00136996 0.00129811 0.00119601 0.00105764 0.000881713 0.000681401 0.000490428 0.00036683 0.00048617 0.00122476 0.0028264 0.00538768 0.00644522 0.00394332 0.0018785 0.000621665 0.000143892 2.71963e-05 4.65463e-06 7.36847e-07 1.0894e-07 1.41285e-08 1.41638e-09 7.78597e-11 0 
0 2.18857e-07 2.15838e-06 1.08186e-05 3.7853e-05 0.000101141 0.000214954 0.000375182 0.000556699 0.000728329 0.000868857 0.000970806 0.00103541 0.0010668 0.00106866 0.00104313 0.000990795 0.000911578 0.000806443 0.000680171 0.000544248 0.00041693 0.000315963 0.000248857 0.000249304 0.00045346 0.000956768 0.00153355 0.00168923 0.00125127 0.000621665 0.000210612 5.25151e-05 1.07306e-05 1.90879e-06 3.14815e-07 4.84714e-08 6.4963e-09 6.69269e-10 3.76689e-11 0 
0 6.61634e-08 6.38692e-07 3.17557e-06 1.12516e-05 3.12534e-05 7.09563e-05 0.000135198 0.000221315 0.000318741 0.000413457 0.000493325 0.000550732 0.000582362 0.000587782 0.000568264 0.000526339 0.000466033 0.000393392 0.000316726 0.000245876 0.000190037 0.000154194 0.000135688 0.000129807 0.00015504 0.00024308 0.000354367 0.000380338 0.000281876 0.000143892 5.25151e-05 1.45513e-05 3.24131e-06 6.27165e-07 1.12346e-07 1.84012e-08 2.57774e-09 2.75187e-10 1.5971e-11 0 
0 1.80805e-08 1.69864e-07 8.28552e-07 2.91615e-06 8.17589e-06 1.90701e-05 3.79493e-05 6.56639e-05 0.000100488 0.000138218 0.000173428 0.000201049 0.000217499 0.000221125 0.000212177 0.000192565 0.000165518 0.000135131 0.000105727 8.11105e-05 6.38545e-05 5.47517e-05 5.24405e-05 5.38283e-05 5.71334e-05 6.42052e-05 7.24365e-05 6.97253e-05 5.09101e-05 2.71963e-05 1.07306e-05 3.24131e-06 8.00144e-07 1.739e-07 3.43423e-08 6.01846e-09 8.85951e-10 9.85555e-11 5.9297e-12 0 
0 4.45015e-09 4.05684e-08 1.92976e-07 6.67508e-07 1.8574e-06 4.34691e-06 8.77222e-06 1.5529e-05 2.44504e-05 3.46579e-05 4.47089e-05 5.29835e-05 5.81305e-05 5.94022e-05 5.67934e-05 5.09884e-05 4.31609e-05 3.46897e-05 2.68649e-05 2.06545e-05 1.65831e-05 1.47088e-05 1.46338e-05 1.5544e-05 1.6465e-05 1.66971e-05 1.57382e-05 1.30238e-05 8.81168e-06 4.65463e-06 1.90879e-06 6.27165e-07 1.739e-07 4.23653e-08 9.13018e-09 1.70496e-09 2.64111e-10 3.07158e-11 1.92279e-12 0 
0 9.77448e-10 8.63652e-09 3.99544e-08 1.35109e-07 3.69921e-07 8.57892e-07 1.72761e-06 3.07056e-06 4.87607e-06 6.98855e-06 9.11863e-06 1.09128e-05 1.20546e-05 1.2356e-05 1.18059e-05 1.05623e-05 8.89907e-06 7.12852e-06 5.52779e-06 4.28947e-06 3.50362e-06 3.16249e-06 3.1705e-06 3.35293e-06 3.48743e-06 3.37976e-06 2.94189e-06 2.22488e-06 1.41337e-06 7.36847e-07 3.14815e-07 1.12346e-07 3.43423e-08 9.13018e-09 2.10997e-09 4.17355e-10 6.80126e-11 8.28155e-12 5.40496e-13 0 
0 1.87819e-10 1.60863e-09 7.23201e-09 2.38571e-08 6.40189e-08 1.46255e-07 2.916e-07 5.15476e-07 8.17206e-07 1.17239e-06 1.53353e-06 1.84066e-06 2.03849e-06 2.09318e-06 2.00189e-06 1.79205e-06 1.51159e-06 1.21469e-06 9.48545e-07 7.44861e-07 6.17057e-07 5.61413e-07 5.59354e-07 5.80082e-07 5.86707e-07 5.49103e-07 4.58694e-07 3.33484e-07 2.0721e-07 1.0894e-07 4.84714e-08 1.84012e-08 6.01846e-09 1.70496e-09 4.17355e-10 8.70509e-11 1.49055e-11 1.90042e-12 1.29409e-13 0 
0 3.02599e-11 2.51438e-10 1.09898e-09 3.53533e-09 9.28546e-09 2.0846e-08 4.10072e-08 7.17897e-08 1.13079e-07 1.6161e-07 2.11007e-07 2.53155e-07 2.80495e-07 2.88336e-07 2.76227e-07 2.47898e-07 2.09924e-07 1.69744e-07 1.33808e-07 1.06384e-07 8.91524e-08 8.13468e-08 8.01477e-08 8.12555e-08 7.99536e-08 7.28327e-08 5.94598e-08 4.25979e-08 2.64389e-08 1.41285e-08 6.4963e-09 2.57774e-09 8.85951e-10 2.64111e-10 6.80126e-11 1.49055e-11 2.6765e-12 3.56963e-13 2.53543e-14 0 
0 3.69112e-12 2.97953e-11 1.26749e-10 3.97874e-10 1.02288e-09 2.25528e-09 4.37187e-09 7.56671e-09 1.1818e-08 1.67905e-08 2.18404e-08 2.6151e-08 2.89601e-08 2.9792e-08 2.85979e-08 2.57524e-08 2.1921e-08 1.78594e-08 1.42236e-08 1.14446e-08 9.68176e-09 8.83591e-09 8.59829e-09 8.53036e-09 8.19076e-09 7.30052e-09 5.86963e-09 4.17944e-09 2.60682e-09 1.41638e-09 6.69269e-10 2.75187e-10 9.85555e-11 3.07158e-11 8.28155e-12 1.90042e-12 3.56963e-13 4.97149e-14 3.67947e-15 0 
0 2.43634e-13 1.9136e-12 7.93461e-12 2.43336e-11 6.12822e-11 1.32749e-10 2.53573e-10 4.33715e-10 6.71232e-10 9.47292e-10 1.22663e-09 1.46485e-09 1.62065e-09 1.66818e-09 1.6047e-09 1.45049e-09 1.24176e-09 1.01983e-09 8.20652e-10 6.67726e-10 5.6925e-10 5.18838e-10 4.98724e-10 4.8516e-10 4.5603e-10 3.99139e-10 3.17126e-10 2.2501e-10 1.41154e-10 7.78597e-11 3.76689e-11 1.5971e-11 5.9297e-12 1.92279e-12 5.40496e-13 1.29409e-13 2.53543e-14 3.67947e-15 2.83329e-16 0 
0 0 0 0 0 0 0 0 0 0 0 0 0 0 0 0 0 0 0 0 0 0 0 0 0 0 0 0 0 0 0 0 0 0 0 0 0 0 0 0 0 
