0 0 0 0 0 0 0 0 0 0 0 0 0 0 0 0 0 0 0 0 0 0 0 0 0 0 0 0 0 0 0 0 0 0 0 0 0 0 0 0 0 
0 1.16967e-07 1.06908e-06 4.95312e-06 1.61401e-05 4.09262e-05 8.48998e-05 0.000149258 0.000229125 0.000315241 0.000397288 0.000466562 0.000517088 0.000545615 0.000551159 0.000534522 0.000497964 0.000445002 0.000380264 0.000309263 0.00023795 0.000172012 0.000115974 7.24103e-05 4.16083e-05 2.18998e-05 1.05272e-05 4.61648e-06 1.84749e-06 6.75562e-07 2.26062e-07 6.93069e-08 1.94699e-08 5.00273e-09 1.1698e-09 2.46286e-10 4.57071e-11 7.15744e-12 8.53027e-13 5.52469e-14 0 
0 1.06908e-06 1.01358e-05 4.78239e-05 0.000154252 0.000374481 0.000721939 0.00115768 0.00161362 0.00203079 0.00237606 0.00263728 0.00281318 0.00290658 0.0029216 0.00286276 0.00273483 0.00254288 0.00229274 0.00199237 0.0016542 0.00129762 0.00094932 0.000639092 0.000391203 0.000215832 0.000106844 4.74438e-05 1.8953e-05 6.84275e-06 2.24345e-06 6.70539e-07 1.83108e-07 4.56701e-08 1.03625e-08 2.11782e-09 3.8186e-10 5.8166e-11 6.75253e-12 4.26622e-13 0 
0 4.95312e-06 4.78239e-05 0.00022195 0.000670147 0.00145075 0.00242652 0.00338584 0.00421123 0.00488468 0.00542002 0.00582646 0.00610486 0.00625375 0.00627447 0.00617333 0.00596145 0.0056528 0.00526112 0.00479615 0.00426096 0.00365353 0.00297675 0.00225627 0.00155324 0.00095029 0.0005094 0.000238259 9.76965e-05 3.54656e-05 1.15223e-05 3.38094e-06 9.01435e-07 2.18895e-07 4.83002e-08 9.59901e-09 1.68413e-09 2.49886e-10 2.82954e-11 1.74621e-12 0 
0 1.61401e-05 0.000154252 0.000670147 0.00177499 0.0032537 0.00469024 0.00593229 0.00702016 0.00798726 0.00882103 0.00948925 0.00996146 0.0102185 0.0102555 0.0100818 0.00971934 0.00919974 0.00856031 0.00783936 0.0070694 0.00626817 0.00542926 0.00452275 0.00352461 0.00247592 0.00151153 0.000783552 0.00034367 0.000129111 4.23389e-05 1.23358e-05 3.23437e-06 7.68342e-07 1.65449e-07 3.2062e-08 5.4863e-09 7.94568e-10 8.79197e-11 5.30911e-12 0 
0 4.09262e-05 0.000374481 0.00145075 0.0032537 0.00514973 0.00685946 0.00847515 0.0100395 0.011502 0.0127855 0.0138194 0.0145512 0.0149503 0.015009 0.0147417 0.0141822 0.0133787 0.0123899 0.0112788 0.0101081 0.00893296 0.00779167 0.00668814 0.00557473 0.00437128 0.00306662 0.00182589 0.000894089 0.000360249 0.0001222 3.58999e-05 9.34496e-06 2.18533e-06 4.61276e-07 8.74681e-08 1.46397e-08 2.07472e-09 2.2484e-10 1.33124e-11 0 
0 8.48998e-05 0.000721939 0.00242652 0.00469024 0.00685946 0.00899785 0.0111953 0.0133793 0.0154287 0.017226 0.0186724 0.0196956 0.0202536 0.0203361 0.0199633 0.0191817 0.0180584 0.0166742 0.0151161 0.0134711 0.0118199 0.0102314 0.00875417 0.00739586 0.00609055 0.0047073 0.00320015 0.00179077 0.000799168 0.000288 8.68496e-05 2.26961e-05 5.26236e-06 1.09435e-06 2.03848e-07 3.34806e-08 4.6561e-09 4.95436e-10 2.88276e-11 0 
0 0.000149258 0.00115768 0.00338584 0.00593229 0.00847515 0.0111953 0.0140541 0.0168995 0.0195666 0.0219036 0.0237833 0.0251123 0.0258367 0.0259433 0.0254586 0.0244426 0.0229823 0.0211819 0.0191537 0.0170095 0.0148529 0.0127739 0.0108444 0.00911036 0.00756613 0.00610742 0.00455292 0.00288631 0.0014496 0.000567372 0.000178719 4.7428e-05 1.09845e-05 2.26232e-06 4.15647e-07 6.72186e-08 9.20047e-09 9.63788e-10 5.52445e-11 0 
0 0.000229125 0.00161362 0.00421123 0.00702016 0.0100395 0.0133793 0.0168995 0.0204002 0.0236795 0.0265514 0.0288603 0.0304919 0.0313803 0.0315097 0.0309126 0.0296631 0.0278675 0.0256536 0.023159 0.0205201 0.0178631 0.0152975 0.0129111 0.0107682 0.00889861 0.00725939 0.00567745 0.00395103 0.00222093 0.00095446 0.000318248 8.66284e-05 2.01785e-05 4.13613e-06 7.52455e-07 1.2022e-07 1.62434e-08 1.67968e-09 9.50806e-11 0 
0 0.000315241 0.00203079 0.00488468 0.00798726 0.011502 0.0154287 0.0195666 0.0236795 0.0275306 0.030902 0.0336112 0.0355246 0.0365649 0.0367141 0.0360105 0.0345413 0.0324313 0.0298304 0.0268995 0.0237984 0.0206745 0.0176553 0.014843 0.0123126 0.01011 0.00823146 0.00655931 0.00483849 0.00298104 0.00140331 0.000498363 0.000140095 3.2995e-05 6.75911e-06 1.22184e-06 1.93461e-07 2.58776e-08 2.6485e-09 1.48418e-10 0 
0 0.000397288 0.00237606 0.00542002 0.00882103 0.0127855 0.017226 0.0219036 0.0265514 0.030902 0.0347092 0.0377672 0.0399255 0.0410974 0.0412622 0.0404633 0.0388001 0.036414 0.0334741 0.0301618 0.0266569 0.0231257 0.0197112 0.0165279 0.0136599 0.0111603 0.00904449 0.00724082 0.00551357 0.00362885 0.00184746 0.000697533 0.000202982 4.84874e-05 9.95695e-06 1.79369e-06 2.82247e-07 3.74755e-08 3.80588e-09 2.11644e-10 0 
0 0.000466562 0.00263728 0.00582646 0.00948925 0.0138194 0.0186724 0.0237833 0.0288603 0.0336112 0.0377672 0.0411039 0.0434569 0.0447314 0.0449062 0.0440295 0.042209 0.0395997 0.0363867 0.032768 0.0289395 0.0250821 0.0213515 0.0178721 0.0147346 0.0119969 0.00968255 0.00774776 0.00599277 0.00411852 0.00222724 0.000886439 0.000266432 6.45896e-05 1.3319e-05 2.39637e-06 3.75649e-07 4.96312e-08 5.0135e-09 2.77309e-10 0 
0 0.000517088 0.00281318 0.00610486 0.00996146 0.0145512 0.0196956 0.0251123 0.0304919 0.0355246 0.0399255 0.0434569 0.0459424 0.0472827 0.0474607 0.0465294 0.044599 0.0418314 0.0384243 0.0345889 0.0305323 0.0264457 0.0224934 0.0188067 0.015481 0.0125768 0.0101214 0.00808552 0.00629886 0.00444261 0.00250442 0.00103725 0.000320046 7.86021e-05 1.62843e-05 2.93086e-06 4.58629e-07 6.04317e-08 6.08598e-09 3.35594e-10 0 
0 0.000545615 0.00290658 0.00625375 0.0102185 0.0149503 0.0202536 0.0258367 0.0313803 0.0365649 0.0410974 0.0447314 0.0472827 0.048651 0.048826 0.0478642 0.0458745 0.0430198 0.0395054 0.0355512 0.0313709 0.0271606 0.0230896 0.0192923 0.0158665 0.0128741 0.0103435 0.00825238 0.00644782 0.00460966 0.00266191 0.00113029 0.000354933 8.80042e-05 1.83093e-05 3.29997e-06 5.16417e-07 6.80088e-08 6.84381e-09 3.77095e-10 0 
0 0.000551159 0.0029216 0.00627447 0.0102555 0.015009 0.0203361 0.0259433 0.0315097 0.0367141 0.0412622 0.0449062 0.0474607 0.048826 0.0489936 0.0480214 0.046018 0.0431463 0.0396132 0.0356401 0.0314417 0.027215 0.0231293 0.0193194 0.0158829 0.0128815 0.0103436 0.00824873 0.00645017 0.00463138 0.00269733 0.00115659 0.000366067 9.12416e-05 1.90467e-05 3.44083e-06 5.39448e-07 7.11597e-08 7.17272e-09 3.95912e-10 0 
0 0.000534522 0.00286276 0.00617333 0.0100818 0.0147417 0.0199633 0.0254586 0.0309126 0.0360105 0.0404633 0.0440295 0.0465294 0.0478642 0.0480214 0.0470572 0.0450822 0.0422598 0.0387924 0.0348958 0.0307801 0.0266385 0.0226369 0.0189072 0.0155446 0.0126095 0.010129 0.00808052 0.00631408 0.0045184 0.00261753 0.00111768 0.000353314 8.81771e-05 1.84578e-05 3.34621e-06 5.26689e-07 6.97721e-08 7.06461e-09 3.91805e-10 0 
0 0.000497964 0.00273483 0.00596145 0.00971934 0.0141822 0.0191817 0.0244426 0.0296631 0.0345413 0.0388001 0.042209 0.044599 0.0458745 0.046018 0.0450822 0.0431786 0.0404674 0.0371415 0.0334061 0.0294627 0.0254966 0.0216666 0.0180992 0.0148854 0.012083 0.00971696 0.00775863 0.00604653 0.00428028 0.0024365 0.0010242 0.000321167 8.00748e-05 1.68186e-05 3.06651e-06 4.86039e-07 6.48863e-08 6.62431e-09 3.70577e-10 0 
0 0.000445002 0.00254288 0.0056528 0.00919974 0.0133787 0.0180584 0.0229823 0.0278675 0.0324313 0.036414 0.0395997 0.0418314 0.0430198 0.0431463 0.0422598 0.0404674 0.0379206 0.0347994 0.0312956 0.0275985 0.023882 0.0202954 0.0169572 0.013953 0.0113373 0.00913134 0.00729576 0.00565304 0.00392823 0.00217615 0.000894296 0.000277493 6.91901e-05 1.46272e-05 2.69352e-06 4.31955e-07 5.8405e-08 6.04257e-09 3.42676e-10 0 
0 0.000380264 0.00229274 0.00526112 0.00856031 0.0123899 0.0166742 0.0211819 0.0256536 0.0298304 0.0334741 0.0363867 0.0384243 0.0395054 0.0396132 0.0387924 0.0371415 0.0347994 0.0319308 0.028712 0.0253169 0.0219055 0.018615 0.0155545 0.0128036 0.0104125 0.00839702 0.00670219 0.00513822 0.00348065 0.00186826 0.000751172 0.000231734 5.81685e-05 1.24678e-05 2.33584e-06 3.81701e-07 5.26172e-08 5.54963e-09 3.20689e-10 0 
0 0.000309263 0.00199237 0.00479615 0.00783936 0.0112788 0.0151161 0.0191537 0.023159 0.0268995 0.0301618 0.032768 0.0345889 0.0355512 0.0356401 0.0348958 0.0334061 0.0312956 0.028712 0.0258137 0.0227569 0.0196854 0.016723 0.0139688 0.0114954 0.00934815 0.00753431 0.00598295 0.0045109 0.00297088 0.00155459 0.00061982 0.000193097 4.95082e-05 1.08921e-05 2.09699e-06 3.51887e-07 4.97315e-08 5.36643e-09 3.16529e-10 0 
0 0.00023795 0.0016542 0.00426096 0.0070694 0.0101081 0.0134711 0.0170095 0.0205201 0.0237984 0.0266569 0.0289395 0.0305323 0.0313709 0.0314417 0.0307801 0.0294627 0.0275985 0.0253169 0.0227569 0.0200554 0.0173387 0.0147162 0.012276 0.0100835 0.00817752 0.00655531 0.00514202 0.00379662 0.0024522 0.00128181 0.000522972 0.000169287 4.52714e-05 1.03588e-05 2.06318e-06 3.56152e-07 5.15073e-08 5.66096e-09 3.38692e-10 0 
0 0.000172012 0.00129762 0.00365353 0.00626817 0.00893296 0.0118199 0.0148529 0.0178631 0.0206745 0.0231257 0.0250821 0.0264457 0.0271606 0.027215 0.0266385 0.0254966 0.023882 0.0219055 0.0196854 0.0173387 0.0149734 0.0126834 0.0105454 0.00861585 0.00692616 0.00547133 0.00420392 0.00305368 0.00198974 0.00108882 0.000476796 0.000165899 4.7039e-05 1.12206e-05 2.29707e-06 4.03367e-07 5.89093e-08 6.50431e-09 3.89489e-10 0 
0 0.000115974 0.00094932 0.00297675 0.00542926 0.00779167 0.0102314 0.0127739 0.0152975 0.0176553 0.0197112 0.0213515 0.0224934 0.0230896 0.0231293 0.0226369 0.0216666 0.0202954 0.018615 0.016723 0.0147162 0.0126834 0.0107024 0.00883667 0.00713428 0.00562878 0.00434174 0.00327482 0.00239336 0.00163999 0.000988334 0.000485181 0.000185583 5.5804e-05 1.36859e-05 2.82436e-06 4.94555e-07 7.16165e-08 7.81829e-09 4.62273e-10 0 
0 7.24103e-05 0.000639092 0.00225627 0.00452275 0.00668814 0.00875417 0.0108444 0.0129111 0.014843 0.0165279 0.0178721 0.0188067 0.0192923 0.0193194 0.0189072 0.0180992 0.0169572 0.0155545 0.0139688 0.012276 0.0105454 0.00883667 0.00720157 0.00569831 0.00441704 0.00344626 0.00274984 0.00215838 0.00156424 0.00100541 0.000543101 0.000227134 7.15328e-05 1.76731e-05 3.59983e-06 6.17349e-07 8.73819e-08 9.32724e-09 5.39869e-10 0 
0 4.16083e-05 0.000391203 0.00155324 0.00352461 0.00557473 0.00739586 0.00911036 0.0107682 0.0123126 0.0136599 0.0147346 0.015481 0.0158665 0.0158829 0.0155446 0.0148854 0.013953 0.0128036 0.0114954 0.0100835 0.00861585 0.00713428 0.00569831 0.00446212 0.00372617 0.00369492 0.00399939 0.00380263 0.00279198 0.00157164 0.000738031 0.000297598 9.36641e-05 2.26701e-05 4.46755e-06 7.40944e-07 1.01726e-07 1.05655e-08 5.96803e-10 0 
0 2.18998e-05 0.000215832 0.00095029 0.00247592 0.00437128 0.00609055 0.00756613 0.00889861 0.01011 0.0111603 0.0119969 0.0125768 0.0128741 0.0128815 0.0126095 0.012083 0.0113373 0.0104125 0.00934815 0.00817752 0.00692616 0.00562878 0.00441704 0.00372617 0.00438918 0.00692047 0.00998517 0.0106422 0.00786189 0.00400165 0.00147424 0.000455159 0.000124838 2.79167e-05 5.17184e-06 8.19974e-07 1.08879e-07 1.10065e-08 6.07536e-10 0 
0 1.05272e-05 0.000106844 0.0005094 0.00151153 0.00306662 0.0047073 0.00610742 0.00725939 0.00823146 0.00904449 0.00968255 0.0101214 0.0103435 0.0103436 0.010129 0.00971696 0.00913134 0.00839702 0.00753431 0.00655531 0.00547133 0.00434174 0.00344626 0.00369492 0.00692047 0.0143629 0.0229647 0.0256144 0.0185739 0.00923443 0.0031259 0.000780011 0.00016939 3.24833e-05 5.43929e-06 8.12978e-07 1.04378e-07 1.03108e-08 5.58713e-10 0 
0 4.61648e-06 4.74438e-05 0.000238259 0.000783552 0.00182589 0.00320015 0.00455292 0.00567745 0.00655931 0.00724082 0.00774776 0.00808552 0.00825238 0.00824873 0.00808052 0.00775863 0.00729576 0.00670219 0.00598295 0.00514202 0.00420392 0.00327482 0.00274984 0.00399939 0.00998517 0.0229647 0.0373488 0.0406457 0.0309471 0.01513 0.00501073 0.00115371 0.000211584 3.42586e-05 5.06305e-06 7.06515e-07 8.79605e-08 8.54956e-09 4.57981e-10 0 
0 1.84749e-06 1.8953e-05 9.76965e-05 0.00034367 0.000894089 0.00179077 0.00288631 0.00395103 0.00483849 0.00551357 0.00599277 0.00629886 0.00644782 0.00645017 0.00631408 0.00604653 0.00565304 0.00513822 0.0045109 0.00379662 0.00305368 0.00239336 0.00215838 0.00380263 0.0106422 0.0256144 0.0406457 0.0431435 0.0347841 0.0168022 0.00551857 0.0012403 0.000210492 3.02454e-05 4.01319e-06 5.27333e-07 6.42757e-08 6.20711e-09 3.31553e-10 0 
0 6.75562e-07 6.84275e-06 3.54656e-05 0.000129111 0.000360249 0.000799168 0.0014496 0.00222093 0.00298104 0.00362885 0.00411852 0.00444261 0.00460966 0.00463138 0.0045184 0.00428028 0.00392823 0.00348065 0.00297088 0.0024522 0.00198974 0.00163999 0.00156424 0.00279198 0.00786189 0.0185739 0.0309471 0.0347841 0.025206 0.0124191 0.00408841 0.00091764 0.000152572 2.07142e-05 2.59576e-06 3.31893e-07 4.03546e-08 3.91943e-09 2.10758e-10 0 
0 2.26062e-07 2.24345e-06 1.15223e-05 4.23389e-05 0.0001222 0.000288 0.000567372 0.00095446 0.00140331 0.00184746 0.00222724 0.00250442 0.00266191 0.00269733 0.00261753 0.0024365 0.00217615 0.00186826 0.00155459 0.00128181 0.00108882 0.000988334 0.00100541 0.00157164 0.00400165 0.00923443 0.01513 0.0168022 0.0124191 0.00613785 0.00203084 0.000463408 7.80698e-05 1.05727e-05 1.33559e-06 1.74429e-07 2.1682e-08 2.14606e-09 1.17283e-10 0 
0 6.93069e-08 6.70539e-07 3.38094e-06 1.23358e-05 3.58999e-05 8.68496e-05 0.000178719 0.000318248 0.000498363 0.000697533 0.000886439 0.00103725 0.00113029 0.00115659 0.00111768 0.0010242 0.000894296 0.000751172 0.00061982 0.000522972 0.000476796 0.000485181 0.000543101 0.000738031 0.00147424 0.0031259 0.00501073 0.00551857 0.00408841 0.00203084 0.000684089 0.000161801 2.82816e-05 4.03007e-06 5.49558e-07 7.68627e-08 9.9848e-09 1.01891e-09 5.70798e-11 0 
0 1.94699e-08 1.83108e-07 9.01435e-07 3.23437e-06 9.34496e-06 2.26961e-05 4.7428e-05 8.66284e-05 0.000140095 0.000202982 0.000266432 0.000320046 0.000354933 0.000366067 0.000353314 0.000321167 0.000277493 0.000231734 0.000193097 0.000169287 0.000165899 0.000185583 0.000227134 0.000297598 0.000455159 0.000780011 0.00115371 0.0012403 0.00091764 0.000463408 0.000161801 4.01493e-05 7.51299e-06 1.19941e-06 1.87044e-07 2.88198e-08 3.96124e-09 4.20198e-10 2.42984e-11 0 
0 5.00273e-09 4.56701e-08 2.18895e-07 7.68342e-07 2.18533e-06 5.26236e-06 1.09845e-05 2.01785e-05 3.2995e-05 4.84874e-05 6.45896e-05 7.86021e-05 8.80042e-05 9.12416e-05 8.81771e-05 8.00748e-05 6.91901e-05 5.81685e-05 4.95082e-05 4.52714e-05 4.7039e-05 5.5804e-05 7.15328e-05 9.36641e-05 0.000124838 0.00016939 0.000211584 0.000210492 0.000152572 7.80698e-05 2.82816e-05 7.51299e-06 1.58919e-06 3.01234e-07 5.49334e-08 9.33501e-09 1.3608e-09 1.5077e-10 9.04593e-12 0 
0 1.1698e-09 1.03625e-08 4.83002e-08 1.65449e-07 4.61276e-07 1.09435e-06 2.26232e-06 4.13613e-06 6.75911e-06 9.95695e-06 1.3319e-05 1.62843e-05 1.83093e-05 1.90467e-05 1.84578e-05 1.68186e-05 1.46272e-05 1.24678e-05 1.08921e-05 1.03588e-05 1.12206e-05 1.36859e-05 1.76731e-05 2.26701e-05 2.79167e-05 3.24833e-05 3.42586e-05 3.02454e-05 2.07142e-05 1.05727e-05 4.03007e-06 1.19941e-06 3.01234e-07 6.84431e-08 1.42595e-08 2.62999e-09 4.0554e-10 4.70423e-11 2.9385e-12 0 
0 2.46286e-10 2.11782e-09 9.59901e-09 3.2062e-08 8.74681e-08 2.03848e-07 4.15647e-07 7.52455e-07 1.22184e-06 1.79369e-06 2.39637e-06 2.93086e-06 3.29997e-06 3.44083e-06 3.34621e-06 3.06651e-06 2.69352e-06 2.33584e-06 2.09699e-06 2.06318e-06 2.29707e-06 2.82436e-06 3.59983e-06 4.46755e-06 5.17184e-06 5.43929e-06 5.06305e-06 4.01319e-06 2.59576e-06 1.33559e-06 5.49558e-07 1.87044e-07 5.49334e-08 1.42595e-08 3.26022e-09 6.42101e-10 1.04406e-10 1.26911e-11 8.26931e-13 0 
0 4.57071e-11 3.8186e-10 1.68413e-09 5.4863e-09 1.46397e-08 3.34806e-08 6.72186e-08 1.2022e-07 1.93461e-07 2.82247e-07 3.75649e-07 4.58629e-07 5.16417e-07 5.39448e-07 5.26689e-07 4.86039e-07 4.31955e-07 3.81701e-07 3.51887e-07 3.56152e-07 4.03367e-07 4.94555e-07 6.17349e-07 7.40944e-07 8.19974e-07 8.12978e-07 7.06515e-07 5.27333e-07 3.31893e-07 1.74429e-07 7.68627e-08 2.88198e-08 9.33501e-09 2.62999e-09 6.42101e-10 1.33735e-10 2.28728e-11 2.91288e-12 1.98111e-13 0 
0 7.15744e-12 5.8166e-11 2.49886e-10 7.94568e-10 2.07472e-09 4.6561e-09 9.20047e-09 1.62434e-08 2.58776e-08 3.74755e-08 4.96312e-08 6.04317e-08 6.80088e-08 7.11597e-08 6.97721e-08 6.48863e-08 5.8405e-08 5.26172e-08 4.97315e-08 5.15073e-08 5.89093e-08 7.16165e-08 8.73819e-08 1.01726e-07 1.08879e-07 1.04378e-07 8.79605e-08 6.42757e-08 4.03546e-08 2.1682e-08 9.9848e-09 3.96124e-09 1.3608e-09 4.0554e-10 1.04406e-10 2.28728e-11 4.1049e-12 5.47074e-13 3.8824e-14 0 
0 8.53027e-13 6.75253e-12 2.82954e-11 8.79197e-11 2.2484e-10 4.95436e-10 9.63788e-10 1.67968e-09 2.6485e-09 3.80588e-09 5.0135e-09 6.08598e-09 6.84381e-09 7.17272e-09 7.06461e-09 6.62431e-09 6.04257e-09 5.54963e-09 5.36643e-09 5.66096e-09 6.50431e-09 7.81829e-09 9.32724e-09 1.05655e-08 1.10065e-08 1.03108e-08 8.54956e-09 6.20711e-09 3.91943e-09 2.14606e-09 1.01891e-09 4.20198e-10 1.5077e-10 4.70423e-11 1.26911e-11 2.91288e-12 5.47074e-13 7.61647e-14 5.63396e-15 0 
0 5.52469e-14 4.26622e-13 1.74621e-12 5.30911e-12 1.33124e-11 2.88276e-11 5.52445e-11 9.50806e-11 1.48418e-10 2.11644e-10 2.77309e-10 3.35594e-10 3.77095e-10 3.95912e-10 3.91805e-10 3.70577e-10 3.42676e-10 3.20689e-10 3.16529e-10 3.38692e-10 3.89489e-10 4.62273e-10 5.39869e-10 5.96803e-10 6.07536e-10 5.58713e-10 4.57981e-10 3.31553e-10 2.10758e-10 1.17283e-10 5.70798e-11 2.42984e-11 9.04593e-12 2.9385e-12 8.26931e-13 1.98111e-13 3.8824e-14 5.63396e-15 4.33714e-16 0 
0 0 0 0 0 0 0 0 0 0 0 0 0 0 0 0 0 0 0 0 0 0 0 0 0 0 0 0 0 0 0 0 0 0 0 0 0 0 0 0 0 
