0 0 0 0 0 0 0 0 0 0 0 0 0 0 0 0 0 0 0 0 0 0 0 0 0 0 0 0 0 0 0 0 0 0 0 0 0 0 0 0 0 
0 1.97416e-07 1.73767e-06 7.46896e-06 2.16999e-05 4.75311e-05 8.38426e-05 0.000125554 0.000166704 0.000202977 0.000232247 0.00025395 0.000268298 0.000275765 0.000276835 0.000271919 0.000261355 0.000245446 0.000224551 0.000199214 0.000170325 0.000139258 0.000107887 7.83995e-05 5.28748e-05 3.27604e-05 1.84835e-05 9.43422e-06 4.33963e-06 1.79684e-06 6.70189e-07 2.25532e-07 6.85631e-08 1.88236e-08 4.65086e-09 1.02474e-09 1.97408e-10 3.18701e-11 3.89396e-12 2.57364e-13 0 
0 1.73767e-06 1.55071e-05 6.43877e-05 0.000170105 0.000322081 0.000480144 0.000612507 0.000712357 0.000786258 0.000841533 0.000882176 0.000909514 0.000923764 0.000925131 0.000914294 0.000892444 0.000861007 0.000821142 0.000773135 0.000715903 0.000647039 0.000563928 0.000466143 0.000358256 0.000250756 0.000156923 8.66517e-05 4.19605e-05 1.78295e-05 6.68316e-06 2.22574e-06 6.62827e-07 1.77168e-07 4.24791e-08 9.07111e-09 1.69363e-09 2.6522e-10 3.14744e-11 2.02376e-12 0 
0 7.46896e-06 6.43877e-05 0.000237743 0.000516585 0.000787424 0.000988274 0.00114131 0.00127675 0.00140362 0.00151778 0.00161171 0.001679 0.00171569 0.00172054 0.00169485 0.00164211 0.00156761 0.00147781 0.00137972 0.00127981 0.00118225 0.00108645 0.000984666 0.000862718 0.000707895 0.000523414 0.000336401 0.00018352 8.44167e-05 3.30027e-05 1.11368e-05 3.29541e-06 8.64894e-07 2.0231e-07 4.202e-08 7.62379e-09 1.16055e-09 1.34025e-10 8.39846e-12 0 
0 2.16999e-05 0.000170105 0.000516585 0.000894731 0.00117583 0.00141632 0.0016667 0.00192584 0.00217542 0.00239732 0.00257715 0.00270475 0.0027743 0.0027843 0.00273725 0.00263916 0.00249883 0.00232697 0.00213541 0.00193643 0.00174207 0.00156319 0.00140679 0.0012704 0.00113501 0.000966497 0.000740642 0.000481201 0.000254954 0.000109429 3.87641e-05 1.16509e-05 3.0425e-06 7.0001e-07 1.42187e-07 2.51683e-08 3.73606e-09 4.20981e-10 2.57697e-11 0 
0 4.75311e-05 0.000322081 0.000787424 0.00117583 0.00151521 0.00189353 0.00230731 0.0027265 0.00312242 0.0034706 0.00375122 0.00394985 0.00405816 0.0040741 0.00400156 0.00384967 0.00363159 0.00336323 0.00306186 0.00274485 0.00242878 0.00212897 0.00185927 0.00163095 0.00144687 0.00128837 0.00110602 0.000848657 0.000535802 0.000264901 0.000102624 3.22106e-05 8.51258e-06 1.94648e-06 3.89277e-07 6.75514e-08 9.81543e-09 1.08257e-09 6.49131e-11 0 
0 8.38426e-05 0.000480144 0.000988274 0.00141632 0.00189353 0.00244689 0.00303938 0.00363177 0.00418803 0.00467588 0.00506852 0.00534627 0.00549774 0.00552014 0.00541893 0.00520676 0.00490185 0.0045261 0.00410318 0.00365669 0.00320866 0.0027786 0.00238316 0.00203669 0.00175111 0.00153016 0.00135058 0.00114483 0.000844804 0.000491225 0.00021531 7.26018e-05 1.97831e-05 4.54765e-06 9.02111e-07 1.54277e-07 2.2033e-08 2.38673e-09 1.40604e-10 0 
0 0.000125554 0.000612507 0.00114131 0.0016667 0.00230731 0.00303938 0.00381493 0.00458726 0.00531124 0.00594564 0.00645637 0.00681897 0.00701824 0.00704789 0.00691423 0.0066361 0.00623864 0.0057497 0.00519916 0.00461713 0.00403175 0.0034675 0.00294448 0.00247865 0.00208292 0.00176781 0.00153287 0.00133904 0.00109284 0.000735676 0.000370139 0.000137052 3.91706e-05 9.15366e-06 1.81422e-06 3.07366e-07 4.33214e-08 4.62501e-09 2.68494e-10 0 
0 0.000166704 0.000712357 0.00127675 0.00192584 0.0027265 0.00363177 0.00458726 0.00553751 0.00642778 0.00720984 0.00785132 0.008331 0.0086114 0.00865562 0.00846584 0.00808609 0.0075736 0.00696483 0.00628644 0.00557005 0.00484884 0.00415241 0.00350475 0.00292398 0.00242337 0.00201341 0.00170137 0.00147413 0.00125933 0.0009441 0.000540774 0.000222021 6.73724e-05 1.61519e-05 3.21874e-06 5.42758e-07 7.57845e-08 8.00014e-09 4.59002e-10 0 
0 0.000202977 0.000786258 0.00140362 0.00217542 0.00312242 0.00418803 0.00531124 0.00642778 0.00747671 0.00842181 0.00925316 0.00988089 0.0102148 0.0102651 0.0100488 0.00956899 0.00888531 0.00811558 0.00730382 0.00646002 0.00561197 0.00479243 0.00402904 0.00334237 0.00274648 0.00225098 0.00186366 0.00158394 0.00136735 0.00109544 0.000697646 0.000316438 0.000102449 2.53407e-05 5.10094e-06 8.59346e-07 1.19261e-07 1.24857e-08 7.09912e-10 0 
0 0.000232247 0.000841533 0.00151778 0.00239732 0.0034706 0.00467588 0.00594564 0.00720984 0.00842181 0.00957884 0.010514 0.0110592 0.0113108 0.0113463 0.0111838 0.0107958 0.0101169 0.0091847 0.00820585 0.00723756 0.00627738 0.00535048 0.00448641 0.00370793 0.00303008 0.00246201 0.00201021 0.00167815 0.00144087 0.00119549 0.000822766 0.000406624 0.000140061 3.57929e-05 7.29556e-06 1.23117e-06 1.70274e-07 1.77246e-08 1.00116e-09 0 
0 0.00025395 0.000882176 0.00161171 0.00257715 0.00375122 0.00506852 0.00645637 0.00785132 0.00925316 0.010514 0.0112973 0.011719 0.0119174 0.0119445 0.0118125 0.0115046 0.0109646 0.0100906 0.00896956 0.00786596 0.00680897 0.00579574 0.00485128 0.00399963 0.00325675 0.0026316 0.00212946 0.00175426 0.00149197 0.00125763 0.000911475 0.000481461 0.000174818 4.60264e-05 9.5007e-06 1.6083e-06 2.22098e-07 2.30361e-08 1.2954e-09 0 
0 0.000268298 0.000909514 0.001679 0.00270475 0.00394985 0.00534627 0.00681897 0.008331 0.00988089 0.0110592 0.011719 0.0120838 0.012258 0.0122809 0.0121621 0.0118897 0.0114222 0.0106644 0.00954155 0.00831949 0.00718094 0.00610576 0.00510497 0.00420222 0.00341402 0.00274932 0.00221251 0.00180705 0.00152423 0.0012925 0.000966564 0.00053451 0.000201845 5.44053e-05 1.13513e-05 1.92813e-06 2.66211e-07 2.75599e-08 1.54581e-09 0 
0 0.000275765 0.000923764 0.00171569 0.0027743 0.00405816 0.00549774 0.00701824 0.0086114 0.0102148 0.0113108 0.0119174 0.012258 0.0124215 0.0124419 0.0123281 0.0120698 0.0116317 0.0109305 0.00984972 0.00857004 0.00737747 0.00626765 0.00523677 0.00430685 0.00349467 0.00280907 0.00225401 0.00183241 0.00153782 0.0013063 0.000992681 0.000563336 0.000217798 5.95848e-05 1.25233e-05 2.13327e-06 2.94709e-07 3.04961e-08 1.7089e-09 0 
0 0.000276835 0.000925131 0.00172054 0.0027843 0.0040741 0.00552014 0.00704789 0.00865562 0.0102651 0.0113463 0.0119445 0.0122809 0.0124419 0.012461 0.0123467 0.0120891 0.0116535 0.0109589 0.00988449 0.00859499 0.00739289 0.00627846 0.00524413 0.0043113 0.00349667 0.00280899 0.002252 0.00182844 0.00153236 0.00130199 0.000993491 0.000567937 0.000221191 6.08308e-05 1.28256e-05 2.18873e-06 3.02705e-07 3.13468e-08 1.75756e-09 0 
0 0.000271919 0.000914294 0.00169485 0.00273725 0.00400156 0.00541893 0.00691423 0.00846584 0.0100488 0.0111838 0.0118125 0.0121621 0.0123281 0.0123467 0.012227 0.011958 0.0115014 0.0107686 0.00965823 0.00839944 0.00723455 0.00614475 0.00513224 0.00421949 0.00342285 0.00275089 0.00220745 0.0017954 0.00150784 0.00128041 0.000970847 0.000549561 0.000212303 5.81465e-05 1.22478e-05 2.09173e-06 2.89743e-07 3.00617e-08 1.68893e-09 0 
0 0.000261355 0.000892444 0.00164211 0.00263916 0.00384967 0.00520676 0.0066361 0.00808609 0.00956899 0.0107958 0.0115046 0.0118897 0.0120698 0.0120891 0.011958 0.0116625 0.0111551 0.0103339 0.00918898 0.00801831 0.0069223 0.0058813 0.00491291 0.00404056 0.00327998 0.00263958 0.00212354 0.00173502 0.00146447 0.00124066 0.000924912 0.000510333 0.00019294 5.22151e-05 1.09522e-05 1.87077e-06 2.59724e-07 2.70339e-08 1.52431e-09 0 
0 0.000245446 0.000861007 0.00156761 0.00249883 0.00363159 0.00490185 0.00623864 0.0075736 0.00888531 0.0101169 0.0109646 0.0114222 0.0116317 0.0116535 0.0115014 0.0111551 0.0105509 0.00962152 0.00854283 0.0074973 0.00648291 0.00550907 0.00460292 0.00378748 0.00307769 0.00248182 0.00200466 0.00164948 0.00140157 0.00117973 0.000854882 0.000453556 0.000166145 4.42059e-05 9.21914e-06 1.57554e-06 2.19509e-07 2.29599e-08 1.30168e-09 0 
0 0.000224551 0.000821142 0.00147781 0.00232697 0.00336323 0.0045261 0.0057497 0.00696483 0.00811558 0.0091847 0.0100906 0.0106644 0.0109305 0.0109589 0.0107686 0.0103339 0.00962152 0.00872841 0.00780432 0.00687302 0.00594614 0.00505291 0.00422217 0.00347549 0.00282699 0.00228499 0.00185506 0.00153962 0.00131564 0.00109218 0.000760524 0.000384379 0.000135823 3.55001e-05 7.36863e-06 1.26222e-06 1.76852e-07 1.863e-08 1.0643e-09 0 
0 0.000199214 0.000773135 0.00137972 0.00213541 0.00306186 0.00410318 0.00519916 0.00628644 0.00730382 0.00820585 0.00896956 0.00954155 0.00984972 0.00988449 0.00965823 0.00918898 0.00854283 0.00780432 0.0070082 0.00617728 0.00534349 0.00453937 0.00379175 0.00312047 0.0025389 0.00205564 0.00167693 0.00140226 0.00119829 0.000971162 0.000644825 0.000310256 0.000106185 2.74011e-05 5.6857e-06 9.79759e-07 1.38475e-07 1.47293e-08 8.49808e-10 0 
0 0.000170325 0.000715903 0.00127981 0.00193643 0.00274485 0.00365669 0.00461713 0.00557005 0.00646002 0.00723756 0.00786596 0.00831949 0.00857004 0.00859499 0.00839944 0.00801831 0.0074973 0.00687302 0.00617728 0.0054439 0.00470649 0.00399462 0.00333228 0.00273753 0.00222311 0.00179797 0.00146787 0.00122729 0.00103632 0.000813203 0.000517189 0.00024048 8.10268e-05 2.08974e-05 4.36896e-06 7.61017e-07 1.08817e-07 1.17078e-08 6.82806e-10 0 
0 0.000139258 0.000647039 0.00118225 0.00174207 0.00242878 0.00320866 0.00403175 0.00484884 0.00561197 0.00627738 0.00680897 0.00718094 0.00737747 0.00739289 0.00723455 0.0069223 0.00648291 0.00594614 0.00534349 0.00470649 0.00406444 0.00344286 0.00286267 0.0023401 0.00188728 0.0015128 0.00122013 0.00100072 0.000822067 0.00062816 0.000394423 0.0001842 6.29921e-05 1.65307e-05 3.5112e-06 6.19847e-07 8.96252e-08 9.73297e-09 5.7204e-10 0 
0 0.000107887 0.000563928 0.00108645 0.00156319 0.00212897 0.0027786 0.0034675 0.00415241 0.00479243 0.00535048 0.00579574 0.00610576 0.00626765 0.00627846 0.00614475 0.0058813 0.00550907 0.00505291 0.00453937 0.00399462 0.00344286 0.00290525 0.0023995 0.00194021 0.00153948 0.00120594 0.000941577 0.00073998 0.000585602 0.000447591 0.000294562 0.000146814 5.29617e-05 1.43654e-05 3.10442e-06 5.52451e-07 8.01334e-08 8.70754e-09 5.11349e-10 0 
0 7.83995e-05 0.000466143 0.000984666 0.00140679 0.00185927 0.00238316 0.00294448 0.00350475 0.00402904 0.00448641 0.00485128 0.00510497 0.00523677 0.00524413 0.00513224 0.00491291 0.00460292 0.00422217 0.00379175 0.00333228 0.00286267 0.0023995 0.00195766 0.00155344 0.00120923 0.000946598 0.000757733 0.000600871 0.000452677 0.000328735 0.000226818 0.000126301 4.96519e-05 1.40052e-05 3.0523e-06 5.40172e-07 7.75276e-08 8.32521e-09 4.83197e-10 0 
0 5.28748e-05 0.000358256 0.000862718 0.0012704 0.00163095 0.00203669 0.00247865 0.00292398 0.00334237 0.00370793 0.00399963 0.00420222 0.00430685 0.0043113 0.00421949 0.00404056 0.00378748 0.00347549 0.00312047 0.00273753 0.0023401 0.00194021 0.00155344 0.00121788 0.00101447 0.00100368 0.0010858 0.00103237 0.00075851 0.00043139 0.000222474 0.000118104 5.0029e-05 1.46464e-05 3.18264e-06 5.5271e-07 7.75819e-08 8.15521e-09 4.6426e-10 0 
0 3.27604e-05 0.000250756 0.000707895 0.00113501 0.00144687 0.00175111 0.00208292 0.00242337 0.00274648 0.00303008 0.00325675 0.00341402 0.00349467 0.00349667 0.00342285 0.00327998 0.00307769 0.00282699 0.0025389 0.00222311 0.00188728 0.00153948 0.00120923 0.00101447 0.00119158 0.00187852 0.00278586 0.00321967 0.0021345 0.00108626 0.00040227 0.00013852 5.22294e-05 1.53369e-05 3.28015e-06 5.5436e-07 7.57188e-08 7.76753e-09 4.32894e-10 0 
0 1.84835e-05 0.000156923 0.000523414 0.000966497 0.00128837 0.00153016 0.00176781 0.00201341 0.00225098 0.00246201 0.0026316 0.00274932 0.00280907 0.00280899 0.00275089 0.00263958 0.00248182 0.00228499 0.00205564 0.00179797 0.0015128 0.00120594 0.000946598 0.00100368 0.00187852 0.00400862 0.00729959 0.00780978 0.00579868 0.00250703 0.000848579 0.000215819 5.78825e-05 1.54054e-05 3.15923e-06 5.16203e-07 6.864e-08 6.88942e-09 3.7701e-10 0 
0 9.43422e-06 8.66517e-05 0.000336401 0.000740642 0.00110602 0.00135058 0.00153287 0.00170137 0.00186366 0.00201021 0.00212946 0.00221251 0.00225401 0.002252 0.00220745 0.00212354 0.00200466 0.00185506 0.00167693 0.00146787 0.00122013 0.000941577 0.000757733 0.0010858 0.00278586 0.00729959 0.0085829 0.00874674 0.00816652 0.00488035 0.00136014 0.00031435 6.47963e-05 1.441e-05 2.73751e-06 4.29847e-07 5.5874e-08 5.52266e-09 2.98625e-10 0 
0 4.33963e-06 4.19605e-05 0.00018352 0.000481201 0.000848657 0.00114483 0.00133904 0.00147413 0.00158394 0.00167815 0.00175426 0.00180705 0.00183241 0.00182844 0.0017954 0.00173502 0.00164948 0.00153962 0.00140226 0.00122729 0.00100072 0.00073998 0.000600871 0.00103237 0.00321967 0.00780978 0.00874674 0.00887177 0.00840017 0.00582748 0.00149857 0.00033736 6.22172e-05 1.18723e-05 2.06418e-06 3.11902e-07 3.99587e-08 3.92518e-09 2.11472e-10 0 
0 1.79684e-06 1.78295e-05 8.44167e-05 0.000254954 0.000535802 0.000844804 0.00109284 0.00125933 0.00136735 0.00144087 0.00149197 0.00152423 0.00153782 0.00153236 0.00150784 0.00146447 0.00140157 0.00131564 0.00119829 0.00103632 0.000822067 0.000585602 0.000452677 0.00075851 0.0021345 0.00579868 0.00816652 0.00840017 0.00763992 0.00354872 0.00110978 0.00025005 4.54641e-05 8.0279e-06 1.30986e-06 1.93612e-07 2.47753e-08 2.44542e-09 1.32495e-10 0 
0 6.70189e-07 6.68316e-06 3.30027e-05 0.000109429 0.000264901 0.000491225 0.000735676 0.0009441 0.00109544 0.00119549 0.00125763 0.0012925 0.0013063 0.00130199 0.00128041 0.00124066 0.00117973 0.00109218 0.000971162 0.000813203 0.00062816 0.000447591 0.000328735 0.00043139 0.00108626 0.00250703 0.00488035 0.00582748 0.00354872 0.00166608 0.000551371 0.000127744 2.43813e-05 4.25255e-06 6.83454e-07 1.01777e-07 1.32323e-08 1.32772e-09 7.30227e-11 0 
0 2.25532e-07 2.22574e-06 1.11368e-05 3.87641e-05 0.000102624 0.00021531 0.000370139 0.000540774 0.000697646 0.000822766 0.000911475 0.000966564 0.000992681 0.000993491 0.000970847 0.000924912 0.000854882 0.000760524 0.000644825 0.000517189 0.000394423 0.000294562 0.000226818 0.000222474 0.00040227 0.000848579 0.00136014 0.00149857 0.00110978 0.000551371 0.000186863 4.67945e-05 9.69137e-06 1.75323e-06 2.92647e-07 4.53028e-08 6.0827e-09 6.27084e-10 3.53089e-11 0 
0 6.85631e-08 6.62827e-07 3.29541e-06 1.16509e-05 3.22106e-05 7.26018e-05 0.000137052 0.000222021 0.000316438 0.000406624 0.000481461 0.00053451 0.000563336 0.000567937 0.000549561 0.000510333 0.000453556 0.000384379 0.000310256 0.00024048 0.0001842 0.000146814 0.000126301 0.000118104 0.00013852 0.000215819 0.00031435 0.00033736 0.00025005 0.000127744 4.67945e-05 1.30921e-05 2.95751e-06 5.79814e-07 1.0471e-07 1.72083e-08 2.41339e-09 2.57765e-10 1.49647e-11 0 
0 1.88236e-08 1.77168e-07 8.64894e-07 3.0425e-06 8.51258e-06 1.97831e-05 3.91706e-05 6.73724e-05 0.000102449 0.000140061 0.000174818 0.000201845 0.000217798 0.000221191 0.000212303 0.00019294 0.000166145 0.000135823 0.000106185 8.10268e-05 6.29921e-05 5.29617e-05 4.96519e-05 5.0029e-05 5.22294e-05 5.78825e-05 6.47963e-05 6.22172e-05 4.54641e-05 2.43813e-05 9.69137e-06 2.95751e-06 7.37971e-07 1.61715e-07 3.20763e-08 5.63097e-09 8.29433e-10 9.22985e-11 5.55465e-12 0 
0 4.65086e-09 4.24791e-08 2.0231e-07 7.0001e-07 1.94648e-06 4.54765e-06 9.15366e-06 1.61519e-05 2.53407e-05 3.57929e-05 4.60264e-05 5.44053e-05 5.95848e-05 6.08308e-05 5.81465e-05 5.22151e-05 4.42059e-05 3.55001e-05 2.74011e-05 2.08974e-05 1.65307e-05 1.43654e-05 1.40052e-05 1.46464e-05 1.53369e-05 1.54054e-05 1.441e-05 1.18723e-05 8.0279e-06 4.25255e-06 1.75323e-06 5.79814e-07 1.61715e-07 3.95476e-08 8.53854e-09 1.59564e-09 2.47259e-10 2.87624e-11 1.80087e-12 0 
0 1.02474e-09 9.07111e-09 4.202e-08 1.42187e-07 3.89277e-07 9.02111e-07 1.81422e-06 3.21874e-06 5.10094e-06 7.29556e-06 9.5007e-06 1.13513e-05 1.25233e-05 1.28256e-05 1.22478e-05 1.09522e-05 9.21914e-06 7.36863e-06 5.6857e-06 4.36896e-06 3.5112e-06 3.10442e-06 3.0523e-06 3.18264e-06 3.28015e-06 3.15923e-06 2.73751e-06 2.06418e-06 1.30986e-06 6.83454e-07 2.92647e-07 1.0471e-07 3.20763e-08 8.53854e-09 1.97443e-09 3.90656e-10 6.36733e-11 7.7544e-12 5.06168e-13 0 
0 1.97408e-10 1.69363e-09 7.62379e-09 2.51683e-08 6.75514e-08 1.54277e-07 3.07366e-07 5.42758e-07 8.59346e-07 1.23117e-06 1.6083e-06 1.92813e-06 2.13327e-06 2.18873e-06 2.09173e-06 1.87077e-06 1.57554e-06 1.26222e-06 9.79759e-07 7.61017e-07 6.19847e-07 5.52451e-07 5.40172e-07 5.5271e-07 5.5436e-07 5.16203e-07 4.29847e-07 3.11902e-07 1.93612e-07 1.01777e-07 4.53028e-08 1.72083e-08 5.63097e-09 1.59564e-09 3.90656e-10 8.1491e-11 1.39549e-11 1.77941e-12 1.21183e-13 0 
0 3.18701e-11 2.6522e-10 1.16055e-09 3.73606e-09 9.81543e-09 2.2033e-08 4.33214e-08 7.57845e-08 1.19261e-07 1.70274e-07 2.22098e-07 2.66211e-07 2.94709e-07 3.02705e-07 2.89743e-07 2.59724e-07 2.19509e-07 1.76852e-07 1.38475e-07 1.08817e-07 8.96252e-08 8.01334e-08 7.75276e-08 7.75819e-08 7.57188e-08 6.864e-08 5.5874e-08 3.99587e-08 2.47753e-08 1.32323e-08 6.0827e-09 2.41339e-09 8.29433e-10 2.47259e-10 6.36733e-11 1.39549e-11 2.50593e-12 3.34237e-13 2.3742e-14 0 
0 3.89396e-12 3.14744e-11 1.34025e-10 4.20981e-10 1.08257e-09 2.38673e-09 4.62501e-09 8.00014e-09 1.24857e-08 1.77246e-08 2.30361e-08 2.75599e-08 3.04961e-08 3.13468e-08 3.00617e-08 2.70339e-08 2.29599e-08 1.863e-08 1.47293e-08 1.17078e-08 9.73297e-09 8.70754e-09 8.32521e-09 8.15521e-09 7.76753e-09 6.88942e-09 5.52266e-09 3.92518e-09 2.44542e-09 1.32772e-09 6.27084e-10 2.57765e-10 9.22985e-11 2.87624e-11 7.7544e-12 1.77941e-12 3.34237e-13 4.65513e-14 3.4455e-15 0 
0 2.57364e-13 2.02376e-12 8.39846e-12 2.57697e-11 6.49131e-11 1.40604e-10 2.68494e-10 4.59002e-10 7.09912e-10 1.00116e-09 1.2954e-09 1.54581e-09 1.7089e-09 1.75756e-09 1.68893e-09 1.52431e-09 1.30168e-09 1.0643e-09 8.49808e-10 6.82806e-10 5.7204e-10 5.11349e-10 4.83197e-10 4.6426e-10 4.32894e-10 3.7701e-10 2.98625e-10 2.11472e-10 1.32495e-10 7.30227e-11 3.53089e-11 1.49647e-11 5.55465e-12 1.80087e-12 5.06168e-13 1.21183e-13 2.3742e-14 3.4455e-15 2.6532e-16 0 
0 0 0 0 0 0 0 0 0 0 0 0 0 0 0 0 0 0 0 0 0 0 0 0 0 0 0 0 0 0 0 0 0 0 0 0 0 0 0 0 0 
