0 0 0 0 0 0 0 0 0 0 0 0 0 0 0 0 0 0 0 0 0 0 0 0 0 0 0 0 0 0 0 0 0 0 0 0 0 0 0 0 0 
0 1.81195e-07 1.5802e-06 6.67026e-06 1.88667e-05 3.99975e-05 6.81759e-05 9.88598e-05 0.000127657 0.000151953 0.000170857 0.000184472 0.000193271 0.000197754 0.000198321 0.000195248 0.000188703 0.000178778 0.000165548 0.000149162 0.000129973 0.00010868 8.64042e-05 6.46368e-05 4.49942e-05 2.88252e-05 1.68268e-05 8.88036e-06 4.21559e-06 1.7962e-06 6.87077e-07 2.36287e-07 7.316e-08 2.03939e-08 5.10233e-09 1.13574e-09 2.20605e-10 3.58522e-11 4.40385e-12 2.92307e-13 0 
0 1.5802e-06 1.38839e-05 5.58476e-05 0.000140788 0.000252533 0.000357648 0.000437591 0.000493736 0.00053405 0.000564387 0.000587175 0.000602797 0.000610988 0.000611641 0.000605115 0.000592237 0.000574098 0.000551685 0.000525403 0.000494567 0.000457164 0.000410281 0.00035163 0.000281941 0.00020683 0.000135953 7.87921e-05 3.99027e-05 1.76334e-05 6.83e-06 2.33579e-06 7.10386e-07 1.9304e-07 4.68853e-08 1.0113e-08 1.90295e-09 2.99807e-10 3.57466e-11 2.30688e-12 0 
0 6.67026e-06 5.58476e-05 0.000195036 0.000394099 0.000561647 0.000672974 0.000757987 0.000838496 0.000917708 0.000990648 0.00105126 0.00109485 0.00111866 0.0011218 0.0011051 0.00107088 0.00102263 0.000964758 0.000902187 0.000839798 0.00078141 0.000728018 0.000675526 0.00061358 0.00052888 0.000415333 0.000285172 0.000166035 8.09307e-05 3.31749e-05 1.16097e-05 3.52903e-06 9.44556e-07 2.24122e-07 4.70391e-08 8.60024e-09 1.31664e-09 1.52696e-10 9.59885e-12 0 
0 1.88667e-05 0.000140788 0.000394099 0.000629078 0.000786461 0.000929195 0.00108784 0.00125561 0.00141804 0.00156262 0.00167982 0.00176299 0.00180832 0.00181484 0.00178417 0.00172024 0.00162877 0.00151677 0.00139197 0.00126245 0.00113639 0.00102168 0.00092476 0.000847137 0.000779314 0.000696979 0.000571903 0.000402601 0.000231061 0.000106237 3.96688e-05 1.23763e-05 3.31524e-06 7.75988e-07 1.59475e-07 2.84567e-08 4.24798e-09 4.80565e-10 2.9501e-11 0 
0 3.99975e-05 0.000252533 0.000561647 0.000786461 0.000991862 0.0012348 0.00150399 0.00177717 0.00203523 0.00226218 0.00244509 0.00257456 0.00264516 0.00265554 0.00260826 0.00250926 0.00236711 0.00219219 0.00199575 0.00178913 0.00158314 0.00138785 0.00121273 0.00106661 0.000955078 0.00087173 0.000786185 0.000650768 0.000450542 0.000243847 0.000101712 3.36498e-05 9.2059e-06 2.15184e-06 4.36406e-07 7.64154e-08 1.11692e-08 1.23674e-09 7.43579e-11 0 
0 6.81759e-05 0.000357648 0.000672974 0.000929195 0.0012348 0.00159494 0.0019811 0.00236723 0.00272981 0.0030478 0.00330372 0.00348479 0.00358356 0.00359817 0.00353217 0.00339384 0.00319508 0.00295017 0.0026745 0.00238347 0.00209144 0.00181113 0.00155343 0.00132795 0.00114382 0.0010077 0.000912355 0.000817286 0.000657795 0.000423879 0.000204242 7.39581e-05 2.11198e-05 4.99671e-06 1.00855e-06 1.74313e-07 2.5058e-08 2.72572e-09 1.61012e-10 0 
0 9.88598e-05 0.000437591 0.000757987 0.00108784 0.00150399 0.0019811 0.00248661 0.00299003 0.00346193 0.00387555 0.00420948 0.00444965 0.0045853 0.00460617 0.0045145 0.00432817 0.00406694 0.00374777 0.00338887 0.0030095 0.00262794 0.00226015 0.00191925 0.00161565 0.00135806 0.00115498 0.00101181 0.000913291 0.000798643 0.000594997 0.000333821 0.000135236 4.10904e-05 9.96663e-06 2.0187e-06 3.46364e-07 4.91861e-08 5.2752e-09 3.07125e-10 0 
0 0.000127657 0.000493736 0.000838496 0.00125561 0.00177717 0.00236723 0.00299003 0.00360942 0.00419001 0.00470441 0.00515001 0.00551693 0.00573837 0.00577471 0.00562807 0.00533075 0.00495343 0.00454221 0.00409776 0.00363062 0.00316053 0.00270659 0.00228443 0.00190589 0.00157964 0.00131302 0.00111358 0.000981493 0.00088052 0.000722328 0.000463744 0.000211512 6.92326e-05 1.73903e-05 3.5594e-06 6.09345e-07 8.58246e-08 9.10667e-09 5.24145e-10 0 
0 0.000151953 0.00053405 0.000917708 0.00141804 0.00203523 0.00272981 0.00346193 0.00419001 0.00488035 0.00555019 0.00617825 0.00658269 0.00676767 0.00679508 0.00668005 0.00639597 0.00590869 0.00532242 0.00476452 0.00421094 0.00365795 0.00312376 0.00262618 0.0021786 0.00179019 0.00146738 0.00121645 0.00104279 0.00093022 0.000803439 0.00057214 0.000291209 0.000103026 2.69515e-05 5.60145e-06 9.60559e-07 1.34643e-07 1.41777e-08 8.08942e-10 0 
0 0.000170857 0.000564387 0.000990648 0.00156262 0.00226218 0.0030478 0.00387555 0.00470441 0.00555019 0.0063965 0.00692078 0.00718758 0.00731117 0.00732924 0.00724986 0.00705992 0.00671313 0.00611451 0.00538117 0.00472059 0.0040918 0.0034875 0.00292429 0.00241687 0.00197504 0.00160481 0.00131096 0.00109932 0.000964917 0.000851342 0.000650966 0.000362873 0.000137995 3.7612e-05 7.95472e-06 1.36989e-06 1.91598e-07 2.00723e-08 1.13814e-09 0 
0 0.000184472 0.000587175 0.00105126 0.00167982 0.00244509 0.00330372 0.00420948 0.00515001 0.00617825 0.00692078 0.00730343 0.00751265 0.00761288 0.00762723 0.00756124 0.00740739 0.00713945 0.00668946 0.00594864 0.00514506 0.00443931 0.00377775 0.00316212 0.002607 0.00212279 0.00171533 0.00138833 0.00114667 0.000990512 0.000878556 0.000702365 0.000419159 0.000169249 4.78494e-05 1.02916e-05 1.78175e-06 2.49095e-07 2.60166e-08 1.4691e-09 0 
0 0.000193271 0.000602797 0.00109485 0.00176299 0.00257456 0.00348479 0.00444965 0.00551693 0.00658269 0.00718758 0.00751265 0.00769689 0.0077864 0.00779882 0.00773867 0.00760052 0.00736549 0.00698643 0.00634814 0.0054727 0.0046849 0.00397992 0.00332748 0.00273905 0.0022253 0.00179204 0.00144233 0.00118003 0.00100733 0.000892546 0.000731887 0.000457182 0.000192842 5.60806e-05 1.22297e-05 2.12796e-06 2.97675e-07 3.10452e-08 1.74893e-09 0 
0 0.000197754 0.000610988 0.00111866 0.00180832 0.00264516 0.00358356 0.0045853 0.00573837 0.00676767 0.00731117 0.00761288 0.0077864 0.00787104 0.0078823 0.00782429 0.00769237 0.00747041 0.00711896 0.00653824 0.00566241 0.00481725 0.00408561 0.00341339 0.00280726 0.00227786 0.00183099 0.00146932 0.00119612 0.00101416 0.000896777 0.000744455 0.000476851 0.000206358 6.10668e-05 1.34382e-05 2.34708e-06 3.28672e-07 3.42694e-08 1.92895e-09 0 
0 0.000198321 0.000611641 0.0011218 0.00181484 0.00265554 0.00359817 0.00460617 0.00577471 0.00679508 0.00732924 0.00762723 0.00779882 0.0078823 0.00789284 0.00783447 0.00770267 0.00748166 0.00713307 0.00655972 0.00568446 0.00482842 0.0040927 0.00341819 0.00281016 0.00227917 0.00183093 0.001468 0.00119343 0.00101009 0.000892529 0.000743078 0.000479136 0.000208891 6.21656e-05 1.37274e-05 2.40233e-06 3.36795e-07 3.51419e-08 1.97908e-09 0 
0 0.000195248 0.000605115 0.0011051 0.00178417 0.00260826 0.00353217 0.0045145 0.00562807 0.00668005 0.00724986 0.00756124 0.00773867 0.00782429 0.00783447 0.00777348 0.00763626 0.00740543 0.00703809 0.00642652 0.00554087 0.00472198 0.00400542 0.00334526 0.00275031 0.00223105 0.00179306 0.00143898 0.00117208 0.000994866 0.000879936 0.000728804 0.000465096 0.000200781 5.9406e-05 1.3091e-05 2.29126e-06 3.21604e-07 3.36116e-08 1.89631e-09 0 
0 0.000188703 0.000592237 0.00107088 0.00172024 0.00250926 0.00339384 0.00432817 0.00533075 0.00639597 0.00705992 0.00740739 0.00760052 0.00769237 0.00770267 0.00763626 0.00748676 0.00723227 0.0068172 0.0061197 0.0052607 0.00451454 0.00383356 0.00320229 0.00263368 0.00213793 0.00172052 0.00138436 0.00113324 0.000968685 0.000858138 0.000700956 0.000435693 0.000183404 5.34247e-05 1.16954e-05 2.04451e-06 2.87386e-07 3.01153e-08 1.70443e-09 0 
0 0.000178778 0.000574098 0.00102263 0.00162877 0.00236711 0.00319508 0.00406694 0.00495343 0.00590869 0.00671313 0.00713945 0.00736549 0.00747041 0.00748166 0.00740543 0.00723227 0.00692985 0.00641485 0.00564243 0.00489663 0.0042262 0.00359089 0.00300024 0.00246872 0.00200607 0.0016177 0.00130702 0.0010785 0.000931326 0.000824748 0.000657467 0.000392217 0.000159056 4.53046e-05 9.82608e-06 1.71507e-06 2.41627e-07 2.54218e-08 1.44562e-09 0 
0 0.000165548 0.000551685 0.000964758 0.00151677 0.00219219 0.00295017 0.00374777 0.00454221 0.00532242 0.00611451 0.00668946 0.00698643 0.00711896 0.00713307 0.00703809 0.0068172 0.00641485 0.00578148 0.00510457 0.00448152 0.00387583 0.00329355 0.00275206 0.00226537 0.00184267 0.00148943 0.00120984 0.0010087 0.000880663 0.000774977 0.000595687 0.000337133 0.000130826 3.63511e-05 7.81175e-06 1.36299e-06 1.92781e-07 2.04016e-08 1.16783e-09 0 
0 0.000149162 0.000525403 0.000902187 0.00139197 0.00199575 0.0026745 0.00338887 0.00409776 0.00476452 0.00538117 0.00594864 0.00634814 0.00653824 0.00655972 0.00642652 0.0061197 0.00564243 0.00510457 0.00457021 0.00402655 0.00348295 0.00295881 0.00247151 0.00203396 0.00165489 0.00134003 0.00109441 0.000922015 0.000810531 0.000701344 0.000514318 0.000275026 0.000102311 2.7838e-05 5.94914e-06 1.04083e-06 1.48181e-07 1.58092e-08 9.12748e-10 0 
0 0.000129973 0.000494567 0.000839798 0.00126245 0.00178913 0.00238347 0.0030095 0.00363062 0.00421094 0.00472059 0.00514506 0.0054727 0.00566241 0.00568446 0.00554087 0.0052607 0.00489663 0.00448152 0.00402655 0.0035484 0.00306774 0.00260374 0.00217202 0.00178435 0.00144908 0.00117231 0.000959344 0.000811369 0.000709351 0.000596299 0.000416832 0.000212954 7.70656e-05 2.07748e-05 4.4486e-06 7.84045e-07 1.12677e-07 1.21409e-08 7.0778e-10 0 
0 0.00010868 0.000457164 0.00078141 0.00113639 0.00158314 0.00209144 0.00262794 0.00316053 0.00365795 0.0040918 0.00443931 0.0046849 0.00481725 0.00482842 0.00472198 0.00451454 0.0042262 0.00387583 0.00348295 0.00306774 0.00264925 0.0022441 0.00186592 0.00152532 0.00123027 0.000986894 0.000799128 0.000664838 0.000566075 0.000461185 0.000314726 0.000159292 5.78416e-05 1.5746e-05 3.4104e-06 6.07667e-07 8.8196e-08 9.58679e-09 5.63201e-10 0 
0 8.64042e-05 0.000410281 0.000728018 0.00102168 0.00138785 0.00181113 0.00226015 0.00270659 0.00312376 0.0034875 0.00377775 0.00397992 0.00408561 0.0040927 0.00400542 0.00383356 0.00359089 0.00329355 0.00295881 0.00260374 0.0022441 0.00189368 0.00156403 0.0012647 0.00100375 0.000787187 0.000616886 0.000489792 0.000397543 0.000319265 0.000225218 0.000120399 4.58252e-05 1.28523e-05 2.82863e-06 5.0804e-07 7.40195e-08 8.05969e-09 4.73744e-10 0 
0 6.46368e-05 0.00035163 0.000675526 0.00092476 0.00121273 0.00155343 0.00191925 0.00228443 0.00262618 0.00292429 0.00316212 0.00332748 0.00341339 0.00341819 0.00334526 0.00320229 0.00300024 0.00275206 0.00247151 0.00217202 0.00186592 0.00156403 0.00127606 0.00101271 0.000788554 0.000617513 0.000494526 0.000392697 0.000297679 0.000221445 0.00016152 9.64047e-05 4.01078e-05 1.17307e-05 2.60935e-06 4.66918e-07 6.74296e-08 7.26831e-09 4.22975e-10 0 
0 4.49942e-05 0.000281941 0.00061358 0.000847137 0.00106661 0.00132795 0.00161565 0.00190589 0.0021786 0.00241687 0.002607 0.00273905 0.00280726 0.00281016 0.00275031 0.00263368 0.00246872 0.00226537 0.00203396 0.00178435 0.00152532 0.0012647 0.00101271 0.00079405 0.000661347 0.000654231 0.000707744 0.000672914 0.000494434 0.00028157 0.000147908 8.37121e-05 3.80227e-05 1.16433e-05 2.59289e-06 4.56197e-07 6.45103e-08 6.81368e-09 3.89281e-10 0 
0 2.88252e-05 0.00020683 0.00052888 0.000779314 0.000955078 0.00114382 0.00135806 0.00157964 0.00179019 0.00197504 0.00212279 0.0022253 0.00227786 0.00227917 0.00223105 0.00213793 0.00200607 0.00184267 0.00165489 0.00144908 0.00123027 0.00100375 0.000788554 0.000661347 0.000776692 0.00122444 0.00191399 0.00228547 0.00139421 0.000708038 0.000262376 9.24846e-05 3.76169e-05 1.17367e-05 2.58993e-06 4.44379e-07 6.11782e-08 6.30682e-09 3.52777e-10 0 
0 1.68268e-05 0.000135953 0.000415333 0.000696979 0.00087173 0.0010077 0.00115498 0.00131302 0.00146738 0.00160481 0.00171533 0.00179204 0.00183099 0.00183093 0.00179306 0.00172052 0.0016177 0.00148943 0.00134003 0.00117231 0.000986894 0.000787187 0.000617513 0.000654231 0.00122444 0.00275382 0.00476312 0.00495276 0.00399068 0.00163678 0.000553116 0.000141145 3.98363e-05 1.14327e-05 2.44344e-06 4.06582e-07 5.4514e-08 5.49712e-09 3.01825e-10 0 
0 8.88036e-06 7.87921e-05 0.000285172 0.000571903 0.000786185 0.000912355 0.00101181 0.00111358 0.00121645 0.00131096 0.00138833 0.00144233 0.00146932 0.001468 0.00143898 0.00138436 0.00130702 0.00120984 0.00109441 0.000959344 0.000799128 0.000616886 0.000494526 0.000707744 0.00191399 0.00476312 0.00536598 0.00544024 0.00512372 0.00338439 0.000886603 0.000205008 4.34577e-05 1.0437e-05 2.08666e-06 3.34944e-07 4.3925e-08 4.36042e-09 2.36466e-10 0 
0 4.21559e-06 3.99027e-05 0.000166035 0.000402601 0.000650768 0.000817286 0.000913291 0.000981493 0.00104279 0.00109932 0.00114667 0.00118003 0.00119612 0.00119343 0.00117208 0.00113324 0.0010785 0.0010087 0.000922015 0.000811369 0.000664838 0.000489792 0.000392697 0.000672914 0.00228547 0.00495276 0.00544024 0.0055056 0.00525524 0.00400017 0.000980469 0.000219957 4.13871e-05 8.47976e-06 1.55878e-06 2.41466e-07 3.12226e-08 3.07921e-09 1.66308e-10 0 
0 1.7962e-06 1.76334e-05 8.09307e-05 0.000231061 0.000450542 0.000657795 0.000798643 0.00088052 0.00093022 0.000964917 0.000990512 0.00100733 0.00101416 0.00101009 0.000994866 0.000968685 0.000931326 0.000880663 0.000810531 0.000709351 0.000566075 0.000397543 0.000297679 0.000494434 0.00139421 0.00399068 0.00512372 0.00525524 0.0048763 0.0024497 0.000723367 0.000163087 3.03285e-05 5.72417e-06 9.85818e-07 1.49404e-07 1.929e-08 1.91069e-09 1.03739e-10 0 
0 6.87077e-07 6.83e-06 3.31749e-05 0.000106237 0.000243847 0.000423879 0.000594997 0.000722328 0.000803439 0.000851342 0.000878556 0.000892546 0.000896777 0.000892529 0.000879936 0.000858138 0.000824748 0.000774977 0.000701344 0.000596299 0.000461185 0.000319265 0.000221445 0.00028157 0.000708038 0.00163678 0.00338439 0.00400017 0.0024497 0.00108597 0.000359397 8.35294e-05 1.64817e-05 3.06027e-06 5.15669e-07 7.84901e-08 1.02828e-08 1.03477e-09 5.70087e-11 0 
0 2.36287e-07 2.33579e-06 1.16097e-05 3.96688e-05 0.000101712 0.000204242 0.000333821 0.000463744 0.00057214 0.000650966 0.000702365 0.000731887 0.000744455 0.000743078 0.000728804 0.000700956 0.000657467 0.000595687 0.000514318 0.000416832 0.000314726 0.000225218 0.00016152 0.000147908 0.000262376 0.000553116 0.000886603 0.000980469 0.000723367 0.000359397 0.000121938 3.09861e-05 6.71723e-06 1.28334e-06 2.22278e-07 3.49761e-08 4.7225e-09 4.87933e-10 2.75121e-11 0 
0 7.316e-08 7.10386e-07 3.52903e-06 1.23763e-05 3.36498e-05 7.39581e-05 0.000135236 0.000211512 0.000291209 0.000362873 0.000419159 0.000457182 0.000476851 0.000479136 0.000465096 0.000435693 0.000392217 0.000337133 0.000275026 0.000212954 0.000159292 0.000120399 9.64047e-05 8.37121e-05 9.24846e-05 0.000141145 0.000205008 0.000219957 0.000163087 8.35294e-05 3.09861e-05 8.95952e-06 2.11983e-06 4.33084e-07 8.01585e-08 1.33078e-08 1.87296e-09 2.0036e-10 1.16449e-11 0 
0 2.03939e-08 1.9304e-07 9.44556e-07 3.31524e-06 9.2059e-06 2.11198e-05 4.10904e-05 6.92326e-05 0.000103026 0.000137995 0.000169249 0.000192842 0.000206358 0.000208891 0.000200781 0.000183404 0.000159056 0.000130826 0.000102311 7.70656e-05 5.78416e-05 4.58252e-05 4.01078e-05 3.80227e-05 3.76169e-05 3.98363e-05 4.34577e-05 4.13871e-05 3.03285e-05 1.64817e-05 6.71723e-06 2.11983e-06 5.47179e-07 1.22956e-07 2.47113e-08 4.36058e-09 6.43588e-10 7.16962e-11 4.31854e-12 0 
0 5.10233e-09 4.68853e-08 2.24122e-07 7.75988e-07 2.15184e-06 4.99671e-06 9.96663e-06 1.73903e-05 2.69515e-05 3.7612e-05 4.78494e-05 5.60806e-05 6.10668e-05 6.21656e-05 5.9406e-05 5.34247e-05 4.53046e-05 3.63511e-05 2.7838e-05 2.07748e-05 1.5746e-05 1.28523e-05 1.17307e-05 1.16433e-05 1.17367e-05 1.14327e-05 1.0437e-05 8.47976e-06 5.72417e-06 3.06027e-06 1.28334e-06 4.33084e-07 1.22956e-07 3.04149e-08 6.60284e-09 1.23669e-09 1.91844e-10 2.23333e-11 1.39929e-12 0 
0 1.13574e-09 1.0113e-08 4.70391e-08 1.59475e-07 4.36406e-07 1.00855e-06 2.0187e-06 3.5594e-06 5.60145e-06 7.95472e-06 1.02916e-05 1.22297e-05 1.34382e-05 1.37274e-05 1.3091e-05 1.16954e-05 9.82608e-06 7.81175e-06 5.94914e-06 4.4486e-06 3.4104e-06 2.82863e-06 2.60935e-06 2.59289e-06 2.58993e-06 2.44344e-06 2.08666e-06 1.55878e-06 9.85818e-07 5.15669e-07 2.22278e-07 8.01585e-08 2.47113e-08 6.60284e-09 1.52962e-09 3.02923e-10 4.94037e-11 6.01981e-12 3.93151e-13 0 
0 2.20605e-10 1.90295e-09 8.60024e-09 2.84567e-08 7.64154e-08 1.74313e-07 3.46364e-07 6.09345e-07 9.60559e-07 1.36989e-06 1.78175e-06 2.12796e-06 2.34708e-06 2.40233e-06 2.29126e-06 2.04451e-06 1.71507e-06 1.36299e-06 1.04083e-06 7.84045e-07 6.07667e-07 5.0804e-07 4.66918e-07 4.56197e-07 4.44379e-07 4.06582e-07 3.34944e-07 2.41466e-07 1.49404e-07 7.84901e-08 3.49761e-08 1.33078e-08 4.36058e-09 1.23669e-09 3.02923e-10 6.32124e-11 1.08285e-11 1.38127e-12 9.41054e-14 0 
0 3.58522e-11 2.99807e-10 1.31664e-09 4.24798e-09 1.11692e-08 2.5058e-08 4.91861e-08 8.58246e-08 1.34643e-07 1.91598e-07 2.49095e-07 2.97675e-07 3.28672e-07 3.36795e-07 3.21604e-07 2.87386e-07 2.41627e-07 1.92781e-07 1.48181e-07 1.12677e-07 8.8196e-08 7.40195e-08 6.74296e-08 6.45103e-08 6.11782e-08 5.4514e-08 4.3925e-08 3.12226e-08 1.929e-08 1.02828e-08 4.7225e-09 1.87296e-09 6.43588e-10 1.91844e-10 4.94037e-11 1.08285e-11 1.94485e-12 2.59461e-13 1.84356e-14 0 
0 4.40385e-12 3.57466e-11 1.52696e-10 4.80565e-10 1.23674e-09 2.72572e-09 5.2752e-09 9.10667e-09 1.41777e-08 2.00723e-08 2.60166e-08 3.10452e-08 3.42694e-08 3.51419e-08 3.36116e-08 3.01153e-08 2.54218e-08 2.04016e-08 1.58092e-08 1.21409e-08 9.58679e-09 8.05969e-09 7.26831e-09 6.81368e-09 6.30682e-09 5.49712e-09 4.36042e-09 3.07921e-09 1.91069e-09 1.03477e-09 4.87933e-10 2.0036e-10 7.16962e-11 2.23333e-11 6.01981e-12 1.38127e-12 2.59461e-13 3.61409e-14 2.67545e-15 0 
0 2.92307e-13 2.30688e-12 9.59885e-12 2.9501e-11 7.43579e-11 1.61012e-10 3.07125e-10 5.24145e-10 8.08942e-10 1.13814e-09 1.4691e-09 1.74893e-09 1.92895e-09 1.97908e-09 1.89631e-09 1.70443e-09 1.44562e-09 1.16783e-09 9.12748e-10 7.0778e-10 5.63201e-10 4.73744e-10 4.22975e-10 3.89281e-10 3.52777e-10 3.01825e-10 2.36466e-10 1.66308e-10 1.03739e-10 5.70087e-11 2.75121e-11 1.16449e-11 4.31854e-12 1.39929e-12 3.93151e-13 9.41054e-14 1.84356e-14 2.67545e-15 2.06039e-16 0 
0 0 0 0 0 0 0 0 0 0 0 0 0 0 0 0 0 0 0 0 0 0 0 0 0 0 0 0 0 0 0 0 0 0 0 0 0 0 0 0 0 
