0 0 0 0 0 0 0 0 0 0 0 0 0 0 0 0 0 0 0 0 0 0 0 0 0 0 0 0 0 0 0 0 0 0 0 0 0 0 0 0 0 
0 1.03835e-07 9.51673e-07 4.434e-06 1.45774e-05 3.74062e-05 7.86893e-05 0.000140387 0.000218561 0.00030447 0.000387658 0.000458812 0.000511226 0.000541051 0.000546969 0.000529734 0.000491809 0.000437106 0.000370745 0.000298712 0.000227285 0.000162227 0.000107862 6.63609e-05 3.75642e-05 1.94817e-05 9.2344e-06 3.99742e-06 1.58115e-06 5.7222e-07 1.89759e-07 5.77257e-08 1.6109e-08 4.1159e-09 9.57887e-10 2.00876e-10 3.71574e-11 5.80281e-12 6.90028e-13 4.46071e-14 0 
0 9.51673e-07 9.05819e-06 4.31198e-05 0.000141157 0.000349691 0.000690035 0.0011325 0.00161117 0.00206123 0.00244115 0.00273233 0.00293002 0.00303571 0.00305333 0.00298783 0.00284475 0.00263037 0.00235247 0.002022 0.00165544 0.00127664 0.000915768 0.000603385 0.000361233 0.000195028 9.46309e-05 4.12843e-05 1.62455e-05 5.79193e-06 1.87935e-06 5.56959e-07 1.51039e-07 3.74586e-08 8.46021e-09 1.72257e-09 3.09654e-10 4.70517e-11 5.45142e-12 3.43863e-13 0 
0 4.434e-06 4.31198e-05 0.000203324 0.000630003 0.00140918 0.00243535 0.00348967 0.00442037 0.00518461 0.00578904 0.00624428 0.00655413 0.00671936 0.00674274 0.0066315 0.00639729 0.00605415 0.00561535 0.00508982 0.00448068 0.00378928 0.00302812 0.00223861 0.00149663 0.000887638 0.000461784 0.000210353 8.43958e-05 3.01168e-05 9.65655e-06 2.8051e-06 7.42138e-07 1.79137e-07 3.93435e-08 7.79057e-09 1.36295e-09 2.01778e-10 2.28076e-11 1.40557e-12 0 
0 1.45774e-05 0.000141157 0.000630003 0.00173546 0.00331282 0.00492029 0.00632619 0.00754047 0.00860303 0.0095107 0.010235 0.0107459 0.0110237 0.0110637 0.0108761 0.0104843 0.00992205 0.00922866 0.0084434 0.00759752 0.00670443 0.00575201 0.00471097 0.00357631 0.00242666 0.00142468 0.000711068 0.00030197 0.000110647 3.56288e-05 1.02467e-05 2.66179e-06 6.28077e-07 1.34576e-07 2.5983e-08 4.43375e-09 6.40782e-10 7.07896e-11 4.2694e-12 0 
0 3.74062e-05 0.000349691 0.00140918 0.00331282 0.00542975 0.00735128 0.00912978 0.0108285 0.0124093 0.0137948 0.0149105 0.0157002 0.0161307 0.0161941 0.0159058 0.015302 0.014435 0.0133679 0.0121685 0.0109032 0.00962893 0.00838012 0.00714935 0.00587587 0.00448853 0.00302932 0.00172302 0.000807368 0.000313852 0.000103731 2.99394e-05 7.70152e-06 1.78659e-06 3.75015e-07 7.08317e-08 1.18218e-08 1.67194e-09 1.80917e-10 1.06997e-11 0 
0 7.86893e-05 0.000690035 0.00243535 0.00492029 0.00735128 0.00969789 0.0120777 0.0144355 0.016647 0.0185862 0.0201469 0.0212509 0.0218529 0.0219419 0.0215396 0.0206963 0.0194844 0.0179908 0.0163097 0.0145347 0.0127524 0.0110354 0.00942988 0.00792909 0.00644331 0.00484234 0.00315092 0.00167473 0.000712878 0.000247833 7.29427e-05 1.87669e-05 4.30814e-06 8.9009e-07 1.65076e-07 2.70313e-08 3.75136e-09 3.98577e-10 2.31669e-11 0 
0 0.000140387 0.0011325 0.00348967 0.00632619 0.00912978 0.0120777 0.0151637 0.0182339 0.0211116 0.0236332 0.0256613 0.0270953 0.0278768 0.0279919 0.0274688 0.0263727 0.024797 0.0228544 0.0206661 0.0183526 0.0160257 0.0137822 0.011698 0.00981619 0.00811139 0.00644626 0.00464654 0.00279976 0.00133034 0.000497098 0.000151603 3.94188e-05 9.01583e-06 1.84243e-06 3.36814e-07 5.42911e-08 7.41464e-09 7.75544e-10 4.44073e-11 0 
0 0.000218561 0.00161117 0.00442037 0.00754047 0.0108285 0.0144355 0.0182339 0.0220111 0.0255493 0.0286479 0.0311392 0.0328997 0.0338582 0.0339978 0.0333536 0.0320054 0.030068 0.0276793 0.0249877 0.0221404 0.0192737 0.0165054 0.0139303 0.0116153 0.00958317 0.00776068 0.00593728 0.00395605 0.0020987 0.000853643 0.000273264 7.24753e-05 1.66207e-05 3.37516e-06 6.10492e-07 9.71818e-08 1.30994e-08 1.35243e-09 7.64731e-11 0 
0 0.00030447 0.00206123 0.00518461 0.00860303 0.0124093 0.016647 0.0211116 0.0255493 0.0297045 0.0333421 0.0362652 0.0383296 0.0394519 0.0396129 0.0388538 0.0372687 0.0349922 0.0321859 0.0290236 0.0256775 0.022307 0.0190494 0.0160149 0.0132841 0.0109022 0.00884766 0.00695731 0.00496076 0.00289199 0.00128155 0.000433614 0.000118087 2.72912e-05 5.52932e-06 9.92952e-07 1.56581e-07 2.08902e-08 2.13445e-09 1.19477e-10 0 
0 0.000387658 0.00244115 0.00578904 0.0095107 0.0137948 0.0185862 0.0236332 0.0286479 0.0333421 0.0374499 0.0407492 0.0430775 0.0443412 0.0445189 0.0436574 0.0418634 0.0392893 0.0361173 0.0325435 0.0287618 0.0249517 0.0212676 0.017833 0.0147383 0.0120394 0.00974234 0.00773765 0.00574308 0.00359539 0.00171943 0.000614802 0.000172408 4.02838e-05 8.16785e-06 1.4605e-06 2.28786e-07 3.02922e-08 3.07087e-09 1.7057e-10 0 
0 0.000458812 0.00273233 0.00624428 0.010235 0.0149105 0.0201469 0.0256613 0.0311392 0.0362652 0.0407492 0.0443488 0.0468868 0.0482615 0.04845 0.0475042 0.0455407 0.0427261 0.0392598 0.0353555 0.0312247 0.0270626 0.0230375 0.0192833 0.015898 0.0129433 0.0104384 0.00831042 0.00630355 0.00414351 0.00210523 0.000790257 0.000227911 5.3893e-05 1.09566e-05 1.95529e-06 3.05021e-07 4.01799e-08 4.0512e-09 2.23815e-10 0 
0 0.000511226 0.00293002 0.00655413 0.0107459 0.0157002 0.0212509 0.0270953 0.0328997 0.0383296 0.0430775 0.0468868 0.0495693 0.0510178 0.0512105 0.0502035 0.0481191 0.0451333 0.041458 0.0373201 0.0329433 0.0285339 0.0242696 0.0202918 0.0167033 0.0135694 0.0109151 0.0086886 0.00666294 0.00451488 0.0023941 0.000933025 0.000275401 6.58369e-05 1.34323e-05 2.39657e-06 3.7311e-07 4.90119e-08 4.9266e-09 2.71349e-10 0 
0 0.000541051 0.00303571 0.00671936 0.0110237 0.0161307 0.0218529 0.0278768 0.0338582 0.0394519 0.0443412 0.0482615 0.0510178 0.0525006 0.0526909 0.051648 0.0494959 0.0464148 0.0426241 0.0383583 0.033848 0.0293053 0.0249128 0.0208156 0.0171193 0.0138903 0.0111562 0.00887523 0.0068401 0.00471142 0.00256251 0.00102288 0.000306768 7.39474e-05 1.51411e-05 2.7045e-06 4.21035e-07 5.52779e-08 5.55265e-09 3.05638e-10 0 
0 0.000546969 0.00305333 0.00674274 0.0110637 0.0161941 0.0219419 0.0279919 0.0339978 0.0396129 0.0445189 0.04845 0.0512105 0.0526909 0.0528736 0.0518188 0.049651 0.0465512 0.0427403 0.0384542 0.0339245 0.029364 0.0249557 0.0208449 0.017137 0.0138984 0.0111567 0.00887336 0.0068488 0.00474337 0.00260425 0.0010499 0.000317279 7.68655e-05 1.57903e-05 2.82714e-06 4.40995e-07 5.80058e-08 5.83777e-09 3.21996e-10 0 
0 0.000529734 0.00298783 0.0066315 0.0108761 0.0159058 0.0215396 0.0274688 0.0333536 0.0388538 0.0436574 0.0475042 0.0502035 0.051648 0.0518188 0.0507748 0.0486405 0.0455951 0.041855 0.0376511 0.0332106 0.028742 0.0244244 0.0204002 0.016772 0.0136048 0.0109247 0.0086904 0.00669959 0.00462273 0.0025256 0.00101504 0.000306696 7.44556e-05 1.53461e-05 2.75857e-06 4.32195e-07 5.71176e-08 5.77741e-09 3.2038e-10 0 
0 0.000491809 0.00284475 0.00639729 0.0104843 0.015302 0.0206963 0.0263727 0.0320054 0.0372687 0.0418634 0.0455407 0.0481191 0.0494959 0.049651 0.0486405 0.0465863 0.0436618 0.0400741 0.0360439 0.0317892 0.0275098 0.0233775 0.0195283 0.0160608 0.0130366 0.010479 0.00833814 0.0064013 0.00436251 0.00234279 0.000928936 0.000279095 6.78091e-05 1.40411e-05 2.54098e-06 4.01256e-07 5.34899e-08 5.46066e-09 3.05767e-10 0 
0 0.000437106 0.00263037 0.00605415 0.00992205 0.014435 0.0194844 0.024797 0.030068 0.0349922 0.0392893 0.0427261 0.0451333 0.0464148 0.0465512 0.0455951 0.0436618 0.0409146 0.0375472 0.0337667 0.0297777 0.0257678 0.021898 0.0182962 0.0150547 0.0122316 0.00984467 0.00782981 0.00596169 0.00397984 0.00208191 0.000809884 0.000241678 5.88888e-05 1.22993e-05 2.25183e-06 3.60366e-07 4.87315e-08 5.04961e-09 2.8709e-10 0 
0 0.000370745 0.00235247 0.00561535 0.00922866 0.0133679 0.0179908 0.0228544 0.0276793 0.0321859 0.0361173 0.0392598 0.041458 0.0426241 0.0427403 0.041855 0.0400741 0.0375472 0.0344521 0.0309792 0.027316 0.0236352 0.0200848 0.0167827 0.0138144 0.011233 0.00904791 0.0071764 0.00538995 0.00350193 0.00177949 0.000680868 0.000203049 5.00087e-05 1.06227e-05 1.98394e-06 3.24291e-07 4.4807e-08 4.7427e-09 2.75243e-10 0 
0 0.000298712 0.002022 0.00508982 0.0084434 0.0121685 0.0163097 0.0206661 0.0249877 0.0290236 0.0325435 0.0353555 0.0373201 0.0383583 0.0384542 0.0376511 0.0360439 0.0337667 0.0309792 0.027852 0.0245538 0.0212399 0.0180435 0.0150718 0.0124026 0.0100828 0.00810992 0.0063854 0.00470408 0.00297299 0.00148059 0.000565934 0.000171566 4.338e-05 9.49547e-06 1.82812e-06 3.07626e-07 4.36616e-08 4.73488e-09 2.80741e-10 0 
0 0.000227285 0.00165544 0.00448068 0.00759752 0.0109032 0.0145347 0.0183526 0.0221404 0.0256775 0.0287618 0.0312247 0.0329433 0.033848 0.0339245 0.0332106 0.0317892 0.0297777 0.027316 0.0245538 0.021639 0.0187078 0.0158782 0.0132452 0.0108785 0.0088162 0.00704447 0.00546813 0.00394382 0.00245557 0.00123232 0.000486418 0.000154301 4.08902e-05 9.33816e-06 1.86348e-06 3.2289e-07 4.69068e-08 5.17926e-09 3.11262e-10 0 
0 0.000162227 0.00127664 0.00378928 0.00670443 0.00962893 0.0127524 0.0160257 0.0192737 0.022307 0.0249517 0.0270626 0.0285339 0.0293053 0.029364 0.028742 0.0275098 0.0257678 0.0236352 0.0212399 0.0187078 0.0161557 0.0136849 0.0113775 0.00929303 0.00746087 0.00586878 0.00446312 0.00318077 0.00201683 0.00107112 0.000457473 0.000156668 4.40927e-05 1.04984e-05 2.15167e-06 3.78771e-07 5.54789e-08 6.14354e-09 3.68898e-10 0 
0 0.000107862 0.000915768 0.00302812 0.00575201 0.00838012 0.0110354 0.0137822 0.0165054 0.0190494 0.0212676 0.0230375 0.0242696 0.0249128 0.0249557 0.0244244 0.0233775 0.021898 0.0200848 0.0180435 0.0158782 0.0136849 0.011547 0.00953244 0.00769109 0.00605752 0.00465599 0.00349086 0.00252632 0.0017045 0.00100602 0.000483279 0.000181754 5.41017e-05 1.3207e-05 2.72193e-06 4.76773e-07 6.91113e-08 7.55405e-09 4.47193e-10 0 
0 6.63609e-05 0.000603385 0.00223861 0.00471097 0.00714935 0.00942988 0.011698 0.0139303 0.0160149 0.017833 0.0192833 0.0202918 0.0208156 0.0208449 0.0204002 0.0195283 0.0182962 0.0167827 0.0150718 0.0132452 0.0113775 0.00953244 0.00776504 0.00613878 0.00475398 0.00370737 0.00295717 0.00231782 0.00167164 0.00106116 0.000561323 0.000229617 7.11621e-05 1.74243e-05 3.53457e-06 6.05232e-07 8.56364e-08 9.14196e-09 5.29289e-10 0 
0 3.75642e-05 0.000361233 0.00149663 0.00357631 0.00587587 0.00792909 0.00981619 0.0116153 0.0132841 0.0147383 0.015898 0.0167033 0.0171193 0.017137 0.016772 0.0160608 0.0150547 0.0138144 0.0124026 0.0108785 0.00929303 0.00769109 0.00613878 0.0048064 0.00401688 0.00398577 0.00431493 0.00410267 0.00301179 0.00169259 0.000786931 0.000309962 9.52329e-05 2.26978e-05 4.43907e-06 7.3386e-07 1.00626e-07 1.0446e-08 5.89927e-10 0 
0 1.94817e-05 0.000195028 0.000887638 0.00242666 0.00448853 0.00644331 0.00811139 0.00958317 0.0109022 0.0120394 0.0129433 0.0135694 0.0138903 0.0138984 0.0136048 0.0130366 0.0122316 0.011233 0.0100828 0.0088162 0.00746087 0.00605752 0.00475398 0.00401688 0.0047355 0.00746693 0.0107736 0.0114825 0.00848268 0.00431758 0.00158927 0.000485456 0.000129716 2.83421e-05 5.18387e-06 8.17417e-07 1.08316e-07 1.09402e-08 6.036e-10 0 
0 9.2344e-06 9.46309e-05 0.000461784 0.00142468 0.00302932 0.00484234 0.00644626 0.00776068 0.00884766 0.00974234 0.0104384 0.0109151 0.0111562 0.0111567 0.0109247 0.010479 0.00984467 0.00904791 0.00810992 0.00704447 0.00586878 0.00465599 0.00370737 0.00398577 0.00746693 0.0154971 0.0247041 0.027386 0.0200382 0.0099636 0.00337266 0.000839622 0.000179152 3.34378e-05 5.49449e-06 8.14182e-07 1.04214e-07 1.0283e-08 5.56893e-10 0 
0 3.99742e-06 4.12843e-05 0.000210353 0.000711068 0.00172302 0.00315092 0.00464654 0.00593728 0.00695731 0.00773765 0.00831042 0.0086886 0.00887523 0.00887336 0.0086904 0.00833814 0.00782981 0.0071764 0.0063854 0.00546813 0.00446312 0.00349086 0.00295717 0.00431493 0.0107736 0.0247041 0.040297 0.0442072 0.0332243 0.0163217 0.00540638 0.00124411 0.000225878 3.56678e-05 5.15092e-06 7.10104e-07 8.80318e-08 8.54491e-09 4.57455e-10 0 
0 1.58115e-06 1.62455e-05 8.43958e-05 0.00030197 0.000807368 0.00167473 0.00279976 0.00395605 0.00496076 0.00574308 0.00630355 0.00666294 0.0068401 0.0068488 0.00669959 0.0064013 0.00596169 0.00538995 0.00470408 0.00394382 0.00318077 0.00252632 0.00231782 0.00410267 0.0114825 0.027386 0.0442072 0.0474614 0.0372652 0.0180996 0.00595432 0.00133782 0.000225424 3.16958e-05 4.10427e-06 5.31398e-07 6.44288e-08 6.2124e-09 3.31636e-10 0 
0 5.7222e-07 5.79193e-06 3.01168e-05 0.000110647 0.000313852 0.000712878 0.00133034 0.0020987 0.00289199 0.00359539 0.00414351 0.00451488 0.00471142 0.00474337 0.00462273 0.00436251 0.00397984 0.00350193 0.00297299 0.00245557 0.00201683 0.0017045 0.00167164 0.00301179 0.00848268 0.0200382 0.0332243 0.0372652 0.0271652 0.0133997 0.00441123 0.000989588 0.000163344 2.17429e-05 2.66038e-06 3.3488e-07 4.04872e-08 3.92629e-09 2.11009e-10 0 
0 1.89759e-07 1.87935e-06 9.65655e-06 3.56288e-05 0.000103731 0.000247833 0.000497098 0.000853643 0.00128155 0.00171943 0.00210523 0.0023941 0.00256251 0.00260425 0.0025256 0.00234279 0.00208191 0.00177949 0.00148059 0.00123232 0.00107112 0.00100602 0.00106116 0.00169259 0.00431758 0.0099636 0.0163217 0.0180996 0.0133997 0.00662251 0.00219111 0.000499194 8.33199e-05 1.10685e-05 1.36705e-06 1.7596e-07 2.17609e-08 2.151e-09 1.17497e-10 0 
0 5.77257e-08 5.56959e-07 2.8051e-06 1.02467e-05 2.99394e-05 7.29427e-05 0.000151603 0.000273264 0.000433614 0.000614802 0.000790257 0.000933025 0.00102288 0.0010499 0.00101504 0.000928936 0.000809884 0.000680868 0.000565934 0.000486418 0.000457473 0.000483279 0.000561323 0.000786931 0.00158927 0.00337266 0.00540638 0.00595432 0.00441123 0.00219111 0.000737554 0.000173655 2.99889e-05 4.19142e-06 5.60116e-07 7.74327e-08 1.00208e-08 1.02159e-09 5.72084e-11 0 
0 1.6109e-08 1.51039e-07 7.42138e-07 2.66179e-06 7.70152e-06 1.87669e-05 3.94188e-05 7.24753e-05 0.000118087 0.000172408 0.000227911 0.000275401 0.000306768 0.000317279 0.000306696 0.000279095 0.000241678 0.000203049 0.000171566 0.000154301 0.000156668 0.000181754 0.000229617 0.000309962 0.000485456 0.000839622 0.00124411 0.00133782 0.000989588 0.000499194 0.000173655 4.27298e-05 7.88251e-06 1.23505e-06 1.89553e-07 2.89847e-08 3.97489e-09 4.21385e-10 2.43602e-11 0 
0 4.1159e-09 3.74586e-08 1.79137e-07 6.28077e-07 1.78659e-06 4.30814e-06 9.01583e-06 1.66207e-05 2.72912e-05 4.02838e-05 5.3893e-05 6.58369e-05 7.39474e-05 7.68655e-05 7.44556e-05 6.78091e-05 5.88888e-05 5.00087e-05 4.338e-05 4.08902e-05 4.40927e-05 5.41017e-05 7.11621e-05 9.52329e-05 0.000129716 0.000179152 0.000225878 0.000225424 0.000163344 8.33199e-05 2.99889e-05 7.88251e-06 1.64299e-06 3.06735e-07 5.53895e-08 9.37619e-09 1.36529e-09 1.51214e-10 9.07066e-12 0 
0 9.57887e-10 8.46021e-09 3.93435e-08 1.34576e-07 3.75015e-07 8.9009e-07 1.84243e-06 3.37516e-06 5.52932e-06 8.16785e-06 1.09566e-05 1.34323e-05 1.51411e-05 1.57903e-05 1.53461e-05 1.40411e-05 1.22993e-05 1.06227e-05 9.49547e-06 9.33816e-06 1.04984e-05 1.3207e-05 1.74243e-05 2.26978e-05 2.83421e-05 3.34378e-05 3.56678e-05 3.16958e-05 2.17429e-05 1.10685e-05 4.19142e-06 1.23505e-06 3.06735e-07 6.90961e-08 1.43337e-08 2.6397e-09 4.06848e-10 4.71842e-11 2.94691e-12 0 
0 2.00876e-10 1.72257e-09 7.79057e-09 2.5983e-08 7.08317e-08 1.65076e-07 3.36814e-07 6.10492e-07 9.92952e-07 1.4605e-06 1.95529e-06 2.39657e-06 2.7045e-06 2.82714e-06 2.75857e-06 2.54098e-06 2.25183e-06 1.98394e-06 1.82812e-06 1.86348e-06 2.15167e-06 2.72193e-06 3.53457e-06 4.43907e-06 5.18387e-06 5.49449e-06 5.15092e-06 4.10427e-06 2.66038e-06 1.36705e-06 5.60116e-07 1.89553e-07 5.53895e-08 1.43337e-08 3.27279e-09 6.44272e-10 1.04738e-10 1.27299e-11 8.29362e-13 0 
0 3.71574e-11 3.09654e-10 1.36295e-09 4.43375e-09 1.18218e-08 2.70313e-08 5.42911e-08 9.71818e-08 1.56581e-07 2.28786e-07 3.05021e-07 3.7311e-07 4.21035e-07 4.40995e-07 4.32195e-07 4.01256e-07 3.60366e-07 3.24291e-07 3.07626e-07 3.2289e-07 3.78771e-07 4.76773e-07 6.05232e-07 7.3386e-07 8.17417e-07 8.14182e-07 7.10104e-07 5.31398e-07 3.3488e-07 1.7596e-07 7.74327e-08 2.89847e-08 9.37619e-09 2.6397e-09 6.44272e-10 1.34169e-10 2.2945e-11 2.92182e-12 1.98702e-13 0 
0 5.80281e-12 4.70517e-11 2.01778e-10 6.40782e-10 1.67194e-09 3.75136e-09 7.41464e-09 1.30994e-08 2.08902e-08 3.02922e-08 4.01799e-08 4.90119e-08 5.52779e-08 5.80058e-08 5.71176e-08 5.34899e-08 4.87315e-08 4.4807e-08 4.36616e-08 4.69068e-08 5.54789e-08 6.91113e-08 8.56364e-08 1.00626e-07 1.08316e-07 1.04214e-07 8.80318e-08 6.44288e-08 4.04872e-08 2.17609e-08 1.00208e-08 3.97489e-09 1.36529e-09 4.06848e-10 1.04738e-10 2.2945e-11 4.11768e-12 5.48748e-13 3.89405e-14 0 
0 6.90028e-13 5.45142e-12 2.28076e-11 7.07896e-11 1.80917e-10 3.98577e-10 7.75544e-10 1.35243e-09 2.13445e-09 3.07087e-09 4.0512e-09 4.9266e-09 5.55265e-09 5.83777e-09 5.77741e-09 5.46066e-09 5.04961e-09 4.7427e-09 4.73488e-09 5.17926e-09 6.14354e-09 7.55405e-09 9.14196e-09 1.0446e-08 1.09402e-08 1.0283e-08 8.54491e-09 6.2124e-09 3.92629e-09 2.151e-09 1.02159e-09 4.21385e-10 1.51214e-10 4.71842e-11 1.27299e-11 2.92182e-12 5.48748e-13 7.63958e-14 5.65084e-15 0 
0 4.46071e-14 3.43863e-13 1.40557e-12 4.2694e-12 1.06997e-11 2.31669e-11 4.44073e-11 7.64731e-11 1.19477e-10 1.7057e-10 2.23815e-10 2.71349e-10 3.05638e-10 3.21996e-10 3.2038e-10 3.05767e-10 2.8709e-10 2.75243e-10 2.80741e-10 3.11262e-10 3.68898e-10 4.47193e-10 5.29289e-10 5.89927e-10 6.036e-10 5.56893e-10 4.57455e-10 3.31636e-10 2.11009e-10 1.17497e-10 5.72084e-11 2.43602e-11 9.07066e-12 2.94691e-12 8.29362e-13 1.98702e-13 3.89405e-14 5.65084e-15 4.35005e-16 0 
0 0 0 0 0 0 0 0 0 0 0 0 0 0 0 0 0 0 0 0 0 0 0 0 0 0 0 0 0 0 0 0 0 0 0 0 0 0 0 0 0 
