0 0 0 0 0 0 0 0 0 0 0 0 0 0 0 0 0 0 0 0 0 0 0 0 0 0 0 0 0 0 0 0 0 0 0 0 0 0 0 0 0 
0 1.63612e-07 1.41792e-06 5.91199e-06 1.64216e-05 3.40606e-05 5.67512e-05 8.0569e-05 0.00010216 0.00011982 0.000133201 0.000142632 0.000148621 0.000151621 0.000151956 0.000149827 0.00014533 0.000138478 0.000129245 0.000117632 0.00010377 8.80442e-05 7.11853e-05 5.42694e-05 3.85695e-05 2.52611e-05 1.50851e-05 8.1422e-06 3.94877e-06 1.71582e-06 6.67821e-07 2.33127e-07 7.30986e-08 2.05915e-08 5.19627e-09 1.16475e-09 2.27515e-10 3.7142e-11 4.57866e-12 3.04779e-13 0 
0 1.41792e-06 1.23273e-05 4.85305e-05 0.000118542 0.000205105 0.000280816 0.000334317 0.000369837 0.000394827 0.000413863 0.000428492 0.000438704 0.000444091 0.000444452 0.000440004 0.000431372 0.000419427 0.000405015 0.000388568 0.000369666 0.000346722 0.000317128 0.00027825 0.000229342 0.000173495 0.000117802 7.05148e-05 3.68099e-05 1.67096e-05 6.62049e-06 2.30623e-06 7.11729e-07 1.95632e-07 4.79401e-08 1.04121e-08 1.9697e-09 3.11599e-10 3.72702e-11 2.4111e-12 0 
0 5.91199e-06 4.85305e-05 0.00016322 0.000314194 0.000428392 0.00049813 0.000552233 0.000606688 0.000662231 0.000714157 0.000757565 0.000788863 0.000805973 0.000808229 0.000796222 0.000771624 0.000736994 0.000695577 0.000651078 0.000607321 0.00056759 0.00053334 0.00050229 0.000466829 0.000415318 0.000339144 0.000243196 0.000147894 7.49896e-05 3.17635e-05 1.14021e-05 3.53206e-06 9.58465e-07 2.297e-07 4.85601e-08 8.92531e-09 1.3717e-09 1.59534e-10 1.005e-11 0 
0 1.64216e-05 0.000118542 0.000314194 0.00047528 0.000575457 0.000671858 0.000784208 0.000904614 0.00102153 0.00112566 0.00121008 0.00126999 0.00130265 0.00130734 0.00128525 0.0012392 0.00117331 0.00109263 0.00100275 0.000909523 0.000818956 0.00073709 0.000669411 0.000618548 0.000579438 0.000534508 0.000458221 0.000339914 0.000205797 9.91888e-05 3.8426e-05 1.23092e-05 3.35731e-06 7.9544e-07 1.64818e-07 2.95749e-08 4.43191e-09 5.02719e-10 3.09197e-11 0 
0 3.40606e-05 0.000205105 0.000428392 0.000575457 0.000716221 0.000889714 0.00108344 0.00128021 0.0014661 0.00162959 0.00176135 0.00185462 0.00190547 0.00191295 0.0018789 0.00180758 0.00170518 0.00157918 0.00143767 0.00128882 0.00114044 0.000999812 0.00087392 0.000769751 0.000693008 0.000642059 0.000597081 0.000518621 0.000381273 0.000219288 9.62634e-05 3.30535e-05 9.26873e-06 2.20082e-06 4.50787e-07 7.94339e-08 1.16579e-08 1.29432e-09 7.79608e-11 0 
0 5.67512e-05 0.000280816 0.00049813 0.000671858 0.000889714 0.00114895 0.00142711 0.00170526 0.00196645 0.00219552 0.00237989 0.00251035 0.00258156 0.00259211 0.00254451 0.00244481 0.00230162 0.00212519 0.00192661 0.00171697 0.0015066 0.00130467 0.00111905 0.00095676 0.000824903 0.000730137 0.000671193 0.000622129 0.000529085 0.000364673 0.000187381 7.13239e-05 2.10603e-05 5.08672e-06 1.03955e-06 1.81021e-07 2.61418e-08 2.85174e-09 1.68765e-10 0 
0 8.0569e-05 0.000334317 0.000552233 0.000784208 0.00108344 0.00142711 0.00179126 0.00215391 0.00249385 0.00279194 0.00303382 0.00321249 0.00331869 0.00333595 0.00326341 0.00312155 0.00293031 0.00269982 0.00244122 0.00216793 0.00189307 0.00162813 0.00138256 0.00116386 0.000978437 0.000833049 0.000734076 0.000675736 0.00061676 0.000490296 0.000295734 0.000127478 4.04519e-05 1.00781e-05 2.07344e-06 3.58984e-07 5.12488e-08 5.51387e-09 3.21652e-10 0 
0 0.00010216 0.000369837 0.000606688 0.000904614 0.00128021 0.00170526 0.00215391 0.0026001 0.00301869 0.00339545 0.00375119 0.00405643 0.00423019 0.00425836 0.00414771 0.00390652 0.00359117 0.003275 0.00295209 0.00261537 0.00227673 0.00194973 0.00164562 0.00137293 0.00113793 0.000946087 0.000803982 0.000715695 0.000661425 0.000574175 0.000397071 0.000194512 6.71503e-05 1.74413e-05 3.63937e-06 6.29835e-07 8.9259e-08 9.50512e-09 5.48266e-10 0 
0 0.00011982 0.000394827 0.000662231 0.00102153 0.0014661 0.00196645 0.00249385 0.00301869 0.00352501 0.0040681 0.00453766 0.00478611 0.00489465 0.00491101 0.00484405 0.00467579 0.00435057 0.0038764 0.00343678 0.00303367 0.00263506 0.00225024 0.0018918 0.00156938 0.00128959 0.0010571 0.000876925 0.000755379 0.000687117 0.000621734 0.000475619 0.000261482 9.84008e-05 2.67924e-05 5.69839e-06 9.89748e-07 1.39724e-07 1.47724e-08 8.44914e-10 0 
0 0.000133201 0.000413863 0.000714157 0.00112566 0.00162959 0.00219552 0.00279194 0.00339545 0.0040681 0.00467611 0.00498257 0.00514166 0.00521654 0.00522783 0.00518007 0.00506616 0.0048611 0.00449122 0.00391772 0.00340415 0.00294774 0.00251227 0.00210655 0.00174102 0.00142275 0.00115606 0.000944619 0.000794067 0.000706017 0.000646765 0.000528672 0.000319097 0.000129915 3.70691e-05 8.05141e-06 1.40696e-06 1.98365e-07 2.08753e-08 1.18683e-09 0 
0 0.000142632 0.000428492 0.000757565 0.00121008 0.00176135 0.00237989 0.00303382 0.00375119 0.00453766 0.00498257 0.00521129 0.00533898 0.00540095 0.00541015 0.0053698 0.00527574 0.00511353 0.00484504 0.00436612 0.00372897 0.00319921 0.00272138 0.00227787 0.00187799 0.00152918 0.00123566 0.00100022 0.000827261 0.000721033 0.000659569 0.000560844 0.000362537 0.000157414 4.68023e-05 1.03688e-05 1.82442e-06 2.57315e-07 2.70075e-08 1.52946e-09 0 
0 0.000148621 0.000438704 0.000788863 0.00126999 0.00185462 0.00251035 0.00321249 0.00405643 0.00478611 0.00514166 0.00533898 0.0054528 0.00550871 0.00551679 0.00547972 0.00539444 0.00525032 0.00502093 0.00463433 0.00399501 0.00338005 0.00286714 0.002397 0.00197311 0.00160302 0.00129092 0.00103906 0.000850881 0.000731322 0.000665355 0.000577967 0.000390829 0.000177734 5.45286e-05 1.22749e-05 2.17325e-06 3.06879e-07 3.21723e-08 1.81796e-09 0 
0 0.000151621 0.000444091 0.000805973 0.00130265 0.00190547 0.00258156 0.00331869 0.00423019 0.00489465 0.00521654 0.00540095 0.00550871 0.00556181 0.00556919 0.00553331 0.00545153 0.00531467 0.00510052 0.00475114 0.00414667 0.00348084 0.00294345 0.00245888 0.00202224 0.00164089 0.00131898 0.00105849 0.000862292 0.000735388 0.000666129 0.000584357 0.000404895 0.00018913 5.91448e-05 1.34514e-05 2.39215e-06 3.38255e-07 3.54586e-08 2.00215e-09 0 
0 0.000151956 0.000444452 0.000808229 0.00130734 0.00191295 0.00259211 0.00333595 0.00425836 0.00491101 0.00522783 0.00541015 0.00551679 0.00556919 0.00557612 0.00553999 0.0054582 0.00532178 0.00510911 0.00476419 0.0041654 0.00349032 0.00294861 0.00246234 0.00202433 0.00164183 0.00131894 0.00105754 0.000860323 0.000732244 0.000662423 0.000582356 0.000406003 0.000191061 6.01008e-05 1.37191e-05 2.44485e-06 3.46118e-07 3.63093e-08 2.0512e-09 0 
0 0.000149827 0.000440004 0.000796222 0.00128525 0.0018789 0.00254451 0.00326341 0.00414771 0.00484405 0.00518007 0.0053698 0.00547972 0.00553331 0.00553999 0.00550226 0.00541729 0.00527519 0.00505188 0.00468321 0.00405523 0.00340954 0.00288559 0.0024098 0.00198122 0.00160717 0.00129166 0.00103664 0.000845012 0.000721618 0.000654123 0.000572586 0.000395021 0.000183876 5.74404e-05 1.30748e-05 2.3293e-06 3.30065e-07 3.4676e-08 1.9622e-09 0 
0 0.00014533 0.000431372 0.000771624 0.0012392 0.00180758 0.00244481 0.00312155 0.00390652 0.00467579 0.00506616 0.00527574 0.00539444 0.00545153 0.0054582 0.00541729 0.00532521 0.00516967 0.00491955 0.00448802 0.0038299 0.00325507 0.00276163 0.00230681 0.00189721 0.00154009 0.0012394 0.000997313 0.000817243 0.000703686 0.000640525 0.000554178 0.000372332 0.00016863 5.17361e-05 1.16792e-05 2.07617e-06 2.94463e-07 3.10072e-08 1.75968e-09 0 
0 0.000138478 0.000419427 0.000736994 0.00117331 0.00170518 0.00230162 0.00293031 0.00359117 0.00435057 0.0048611 0.00511353 0.00525032 0.00531467 0.00532178 0.00527519 0.00516967 0.00498725 0.00467957 0.00413892 0.00353962 0.00304503 0.00258675 0.00216126 0.00177838 0.0014451 0.00116534 0.00094166 0.000778232 0.000678425 0.000619796 0.000524902 0.000338243 0.000147064 4.39587e-05 9.80759e-06 1.7383e-06 2.46902e-07 2.60892e-08 1.48699e-09 0 
0 0.000129245 0.000405015 0.000695577 0.00109263 0.00157918 0.00212519 0.00269982 0.003275 0.0038764 0.00449122 0.00484504 0.00502093 0.00510052 0.00510911 0.00505188 0.00491955 0.00467957 0.00424982 0.00369984 0.0032301 0.00279208 0.00237255 0.00198248 0.00163189 0.00132739 0.00107295 0.000871778 0.000728714 0.000644434 0.000588029 0.000481534 0.000293791 0.00012162 3.5297e-05 7.77872e-06 1.37573e-06 1.95961e-07 2.08124e-08 1.1934e-09 0 
0 0.000117632 0.000388568 0.000651078 0.00100275 0.00143767 0.00192661 0.00244122 0.00295209 0.00343678 0.00391772 0.00436612 0.00463433 0.00475114 0.00476419 0.00468321 0.00448802 0.00413892 0.00369984 0.00329464 0.00290073 0.00250899 0.00213142 0.00178038 0.00146519 0.00119212 0.000965358 0.000788902 0.000667533 0.000597074 0.000538467 0.000421197 0.000241792 9.53282e-05 2.69435e-05 5.88405e-06 1.04129e-06 1.491e-07 1.59497e-08 9.21791e-10 0 
0 0.00010377 0.000369666 0.000607321 0.000909523 0.00128882 0.00171697 0.00216793 0.00261537 0.00303367 0.00340415 0.00372897 0.00399501 0.00414667 0.0041654 0.00405523 0.0038299 0.00353962 0.0032301 0.00290073 0.00255614 0.00220989 0.00187564 0.00156464 0.00128538 0.00104387 0.00084463 0.000692123 0.000589435 0.000526704 0.000462868 0.000344406 0.000187615 7.14029e-05 1.98777e-05 4.33378e-06 7.70907e-07 1.11276e-07 1.20112e-08 7.00491e-10 0 
0 8.80442e-05 0.000346722 0.00056759 0.000818956 0.00114044 0.0015066 0.00189307 0.00227673 0.00263506 0.00294774 0.00319921 0.00338005 0.00348084 0.00349032 0.00340954 0.00325507 0.00304503 0.00279208 0.00250899 0.00220989 0.00190842 0.00161656 0.00134414 0.00109878 0.000886286 0.000711254 0.000577297 0.000484597 0.000422299 0.000358952 0.00025911 0.00013865 5.25461e-05 1.46959e-05 3.23092e-06 5.80072e-07 8.44894e-08 9.19686e-09 5.40474e-10 0 
0 7.11853e-05 0.000317128 0.00053334 0.00073709 0.000999812 0.00130467 0.00162813 0.00194973 0.00225024 0.00251227 0.00272138 0.00286714 0.00294345 0.00294861 0.00288559 0.00276163 0.00258675 0.00237255 0.00213142 0.00187564 0.00161656 0.00136414 0.00112667 0.000911066 0.000723187 0.000567538 0.000445773 0.000356282 0.000294101 0.000244269 0.000180739 0.00010146 4.01198e-05 1.15307e-05 2.5731e-06 4.6556e-07 6.80919e-08 7.42941e-09 4.37202e-10 0 
0 5.42694e-05 0.00027825 0.00050229 0.000669411 0.00087392 0.00111905 0.00138256 0.00164562 0.0018918 0.00210655 0.00227787 0.002397 0.00245888 0.00246234 0.0024098 0.00230681 0.00216126 0.00198248 0.00178038 0.00156464 0.00134414 0.00112667 0.000919243 0.000729583 0.000568195 0.00044505 0.000356512 0.000283356 0.000215678 0.000163123 0.000123674 7.74655e-05 3.35302e-05 1.00631e-05 2.27212e-06 4.10007e-07 5.95034e-08 6.43431e-09 3.75306e-10 0 
0 3.85695e-05 0.000229342 0.000466829 0.000618548 0.000769751 0.00095676 0.00116386 0.00137293 0.00156938 0.00174102 0.00187799 0.00197311 0.00202224 0.00202433 0.00198122 0.00189721 0.00177838 0.00163189 0.00146519 0.00128538 0.00109878 0.000911066 0.000729583 0.000572094 0.000476454 0.000471292 0.000509835 0.000484744 0.000356184 0.000203012 0.000108009 6.39379e-05 3.04703e-05 9.62382e-06 2.18052e-06 3.87321e-07 5.50821e-08 5.84016e-09 3.34647e-10 0 
0 2.52611e-05 0.000173495 0.000415318 0.000579438 0.000693008 0.000824903 0.000978437 0.00113793 0.00128959 0.00142275 0.00152918 0.00160302 0.00164089 0.00164183 0.00160717 0.00154009 0.0014451 0.00132739 0.00119212 0.00104387 0.000886286 0.000723187 0.000568195 0.000476454 0.000559502 0.000882043 0.00144417 0.00173955 0.00100978 0.000510045 0.000189086 6.77532e-05 2.90551e-05 9.44437e-06 2.12865e-06 3.69123e-07 5.11156e-08 5.28962e-09 2.96752e-10 0 
0 1.50851e-05 0.000117802 0.000339144 0.000534508 0.000642059 0.000730137 0.000833049 0.000946087 0.0010571 0.00115606 0.00123566 0.00129092 0.00131898 0.00131894 0.00129166 0.0012394 0.00116534 0.00107295 0.000965358 0.00084463 0.000711254 0.000567538 0.00044505 0.000471292 0.000882043 0.00207418 0.0033931 0.00349571 0.00295442 0.00118414 0.000398445 0.000101908 2.9823e-05 9.01057e-06 1.97896e-06 3.33334e-07 4.49565e-08 4.54927e-09 2.50437e-10 0 
0 8.1422e-06 7.05148e-05 0.000243196 0.000458221 0.000597081 0.000671193 0.000734076 0.000803982 0.000876925 0.000944619 0.00100022 0.00103906 0.00105849 0.00105754 0.00103664 0.000997313 0.00094166 0.000871778 0.000788902 0.000692123 0.000577297 0.000445773 0.000356512 0.000509835 0.00144417 0.0033931 0.00376554 0.00380925 0.00360807 0.00252694 0.000638847 0.000147732 3.19495e-05 8.09396e-06 1.67333e-06 2.72463e-07 3.59465e-08 3.57965e-09 1.94558e-10 0 
0 3.94877e-06 3.68099e-05 0.000147894 0.000339914 0.000518621 0.000622129 0.000675736 0.000715695 0.000755379 0.000794067 0.000827261 0.000850881 0.000862292 0.000860323 0.000845012 0.000817243 0.000778232 0.000728714 0.000667533 0.000589435 0.000484597 0.000356282 0.000283356 0.000484744 0.00173955 0.00349571 0.00380925 0.00385154 0.00369312 0.00295445 0.000712739 0.000158477 3.02516e-05 6.51559e-06 1.24232e-06 1.95519e-07 2.54356e-08 2.51555e-09 1.36118e-10 0 
0 1.71582e-06 1.67096e-05 7.49896e-05 0.000205797 0.000381273 0.000529085 0.00061676 0.000661425 0.000687117 0.000706017 0.000721033 0.000731322 0.000735388 0.000732244 0.000721618 0.000703686 0.000678425 0.000644434 0.000597074 0.000526704 0.000422299 0.000294101 0.000215678 0.000356184 0.00100978 0.00295442 0.00360807 0.00369312 0.00344499 0.00183855 0.000521087 0.00011753 2.22156e-05 4.39384e-06 7.83932e-07 1.20695e-07 1.56732e-08 1.55622e-09 8.46245e-11 0 
0 6.67821e-07 6.62049e-06 3.17635e-05 9.91888e-05 0.000219288 0.000364673 0.000490296 0.000574175 0.000621734 0.000646765 0.000659569 0.000665355 0.000666129 0.000662423 0.000654123 0.000640525 0.000619796 0.000588029 0.000538467 0.000462868 0.000358952 0.000244269 0.000163123 0.000203012 0.000510045 0.00118414 0.00252694 0.00295445 0.00183855 0.000782294 0.0002589 6.03055e-05 1.21903e-05 2.36384e-06 4.10694e-07 6.33722e-08 8.34268e-09 8.41208e-10 4.64035e-11 0 
0 2.33127e-07 2.30623e-06 1.14021e-05 3.8426e-05 9.62634e-05 0.000187381 0.000295734 0.000397071 0.000475619 0.000528672 0.000560844 0.000577967 0.000584357 0.000582356 0.000572586 0.000554178 0.000524902 0.000481534 0.000421197 0.000344406 0.00025911 0.000180739 0.000123674 0.000108009 0.000189086 0.000398445 0.000638847 0.000712739 0.000521087 0.0002589 8.79084e-05 2.25775e-05 5.05759e-06 1.0025e-06 1.77756e-07 2.82553e-08 3.8287e-09 3.96188e-10 2.23617e-11 0 
0 7.30986e-08 7.11729e-07 3.53206e-06 1.23092e-05 3.30535e-05 7.13239e-05 0.000127478 0.000194512 0.000261482 0.000319097 0.000362537 0.000390829 0.000404895 0.000406003 0.000395021 0.000372332 0.000338243 0.000293791 0.000241792 0.000187615 0.00013865 0.00010146 7.74655e-05 6.39379e-05 6.77532e-05 0.000101908 0.000147732 0.000158477 0.00011753 6.03055e-05 2.25775e-05 6.68571e-06 1.63321e-06 3.4272e-07 6.44112e-08 1.07608e-08 1.51796e-09 1.62562e-10 9.45575e-12 0 
0 2.05915e-08 1.95632e-07 9.58465e-07 3.35731e-06 9.26873e-06 2.10603e-05 4.04519e-05 6.71503e-05 9.84008e-05 0.000129915 0.000157414 0.000177734 0.00018913 0.000191061 0.000183876 0.00016863 0.000147064 0.00012162 9.53282e-05 7.14029e-05 5.25461e-05 4.01198e-05 3.35302e-05 3.04703e-05 2.90551e-05 2.9823e-05 3.19495e-05 3.02516e-05 2.22156e-05 1.21903e-05 5.05759e-06 1.63321e-06 4.30995e-07 9.83833e-08 1.99331e-08 3.52883e-09 5.21517e-10 5.81426e-11 3.5044e-12 0 
0 5.19627e-09 4.79401e-08 2.297e-07 7.9544e-07 2.20082e-06 5.08672e-06 1.00781e-05 1.74413e-05 2.67924e-05 3.70691e-05 4.68023e-05 5.45286e-05 5.91448e-05 6.01008e-05 5.74404e-05 5.17361e-05 4.39587e-05 3.5297e-05 2.69435e-05 1.98777e-05 1.46959e-05 1.15307e-05 1.00631e-05 9.62382e-06 9.44437e-06 9.01057e-06 8.09396e-06 6.51559e-06 4.39384e-06 2.36384e-06 1.0025e-06 3.4272e-07 9.83833e-08 2.45075e-08 5.3384e-09 1.00131e-09 1.55446e-10 1.81061e-11 1.135e-12 0 
0 1.16475e-09 1.04121e-08 4.85601e-08 1.64818e-07 4.50787e-07 1.03955e-06 2.07344e-06 3.63937e-06 5.69839e-06 8.05141e-06 1.03688e-05 1.22749e-05 1.34514e-05 1.37191e-05 1.30748e-05 1.16792e-05 9.80759e-06 7.77872e-06 5.88405e-06 4.33378e-06 3.23092e-06 2.5731e-06 2.27212e-06 2.18052e-06 2.12865e-06 1.97896e-06 1.67333e-06 1.24232e-06 7.83932e-07 4.10694e-07 1.77756e-07 6.44112e-08 1.99331e-08 5.3384e-09 1.23813e-09 2.45346e-10 4.00307e-11 4.87963e-12 3.1881e-13 0 
0 2.27515e-10 1.9697e-09 8.92531e-09 2.95749e-08 7.94339e-08 1.81021e-07 3.58984e-07 6.29835e-07 9.89748e-07 1.40696e-06 1.82442e-06 2.17325e-06 2.39215e-06 2.44485e-06 2.3293e-06 2.07617e-06 1.7383e-06 1.37573e-06 1.04129e-06 7.70907e-07 5.80072e-07 4.6556e-07 4.10007e-07 3.87321e-07 3.69123e-07 3.33334e-07 2.72463e-07 1.95519e-07 1.20695e-07 6.33722e-08 2.82553e-08 1.07608e-08 3.52883e-09 1.00131e-09 2.45346e-10 5.12104e-11 8.77475e-12 1.11959e-12 7.62997e-14 0 
0 3.7142e-11 3.11599e-10 1.3717e-09 4.43191e-09 1.16579e-08 2.61418e-08 5.12488e-08 8.9259e-08 1.39724e-07 1.98365e-07 2.57315e-07 3.06879e-07 3.38255e-07 3.46118e-07 3.30065e-07 2.94463e-07 2.46902e-07 1.95961e-07 1.491e-07 1.11276e-07 8.44894e-08 6.80919e-08 5.95034e-08 5.50821e-08 5.11156e-08 4.49565e-08 3.59465e-08 2.54356e-08 1.56732e-08 8.34268e-09 3.8287e-09 1.51796e-09 5.21517e-10 1.55446e-10 4.00307e-11 8.77475e-12 1.57618e-12 2.10312e-13 1.49465e-14 0 
0 4.57866e-12 3.72702e-11 1.59534e-10 5.02719e-10 1.29432e-09 2.85174e-09 5.51387e-09 9.50512e-09 1.47724e-08 2.08753e-08 2.70075e-08 3.21723e-08 3.54586e-08 3.63093e-08 3.4676e-08 3.10072e-08 2.60892e-08 2.08124e-08 1.59497e-08 1.20112e-08 9.19686e-09 7.42941e-09 6.43431e-09 5.84016e-09 5.28962e-09 4.54927e-09 3.57965e-09 2.51555e-09 1.55622e-09 8.41208e-10 3.96188e-10 1.62562e-10 5.81426e-11 1.81061e-11 4.87963e-12 1.11959e-12 2.10312e-13 2.92974e-14 2.16912e-15 0 
0 3.04779e-13 2.4111e-12 1.005e-11 3.09197e-11 7.79608e-11 1.68765e-10 3.21652e-10 5.48266e-10 8.44914e-10 1.18683e-09 1.52946e-09 1.81796e-09 2.00215e-09 2.0512e-09 1.9622e-09 1.75968e-09 1.48699e-09 1.1934e-09 9.21791e-10 7.00491e-10 5.40474e-10 4.37202e-10 3.75306e-10 3.34647e-10 2.96752e-10 2.50437e-10 1.94558e-10 1.36118e-10 8.46245e-11 4.64035e-11 2.23617e-11 9.45575e-12 3.5044e-12 1.135e-12 3.1881e-13 7.62997e-14 1.49465e-14 2.16912e-15 1.67057e-16 0 
0 0 0 0 0 0 0 0 0 0 0 0 0 0 0 0 0 0 0 0 0 0 0 0 0 0 0 0 0 0 0 0 0 0 0 0 0 0 0 0 0 
