0 0 0 0 0 0 0 0 0 0 0 0 0 0 0 0 0 0 0 0 0 0 0 0 0 0 0 0 0 0 0 0 0 0 0 0 0 0 0 0 0 
0 1.19973e-07 1.0272e-06 4.18165e-06 1.12146e-05 2.23023e-05 3.55807e-05 4.85224e-05 5.9438e-05 6.77876e-05 7.37466e-05 7.77359e-05 8.01603e-05 8.13184e-05 8.1397e-05 8.049e-05 7.86166e-05 7.57336e-05 7.17508e-05 6.65619e-05 6.00996e-05 5.2412e-05 4.37395e-05 3.45581e-05 2.5546e-05 1.74516e-05 1.08871e-05 6.13872e-06 3.10471e-06 1.40236e-06 5.64999e-07 2.03214e-07 6.53476e-08 1.87974e-08 4.82542e-09 1.0967e-09 2.16611e-10 3.56752e-11 4.42869e-12 2.96429e-13 0 
0 1.0272e-06 8.75251e-06 3.30584e-05 7.59921e-05 0.000122703 0.000157451 0.000177853 0.000189397 0.00019714 0.000203413 0.000208649 0.000212517 0.000214596 0.000214666 0.00021279 0.000209295 0.000204687 0.000199512 0.000194147 0.000188521 0.000181841 0.000172468 0.000158235 0.000137418 0.000110192 7.95858e-05 5.06885e-05 2.80651e-05 1.34308e-05 5.56652e-06 2.01193e-06 6.39406e-07 1.7984e-07 4.48626e-08 9.87841e-09 1.88851e-09 3.01172e-10 3.62454e-11 2.35588e-12 0 
0 4.18165e-06 3.30584e-05 0.000103409 0.000181304 0.000227011 0.000249138 0.000267957 0.000290597 0.000315657 0.000339806 0.000360225 0.000375012 0.00038311 0.000384176 0.000378486 0.000366844 0.000350492 0.000331037 0.000310382 0.000290628 0.000273846 0.000261495 0.000253319 0.000245945 0.000232326 0.000204268 0.000159075 0.000105168 5.75882e-05 2.60274e-05 9.83166e-06 3.1641e-06 8.82856e-07 2.15878e-07 4.63048e-08 8.60049e-09 1.33187e-09 1.55761e-10 9.85234e-12 0 
0 1.12146e-05 7.59921e-05 0.000181304 0.000247229 0.000281475 0.00032139 0.00037312 0.000429973 0.00048546 0.000534929 0.000575044 0.000603512 0.000619031 0.000621262 0.000610764 0.00058888 0.000557571 0.000519235 0.000476536 0.000432288 0.000389443 0.000351178 0.000320865 0.000301253 0.000291959 0.000285481 0.000265777 0.000217697 0.000146046 7.71977e-05 3.2187e-05 1.08764e-05 3.07767e-06 7.4745e-07 1.57466e-07 2.85736e-08 4.31459e-09 4.91974e-10 3.03695e-11 0 
0 2.23023e-05 0.000122703 0.000227011 0.000281475 0.000341784 0.000422965 0.000514876 0.000608369 0.000696707 0.000774396 0.000837009 0.00088133 0.000905498 0.000909054 0.000892869 0.000858977 0.000810317 0.000750439 0.000683193 0.000612461 0.000541955 0.000475163 0.000415539 0.000366933 0.000333577 0.000317682 0.000312828 0.000297385 0.000244882 0.00015832 7.68707e-05 2.84489e-05 8.39014e-06 2.05744e-06 4.30045e-07 7.67543e-08 1.13568e-08 1.26756e-09 7.66151e-11 0 
0 3.55807e-05 0.000157451 0.000249138 0.00032139 0.000422965 0.000545998 0.000678178 0.000810357 0.000934476 0.00104333 0.00113096 0.00119305 0.00122711 0.0012322 0.00120938 0.00116185 0.00109376 0.00100991 0.000915544 0.000815918 0.000715949 0.000619992 0.000531795 0.000454775 0.000392746 0.000350504 0.000331281 0.00032715 0.0003084 0.000241442 0.000140539 5.90936e-05 1.86793e-05 4.70776e-06 9.87028e-07 1.74523e-07 2.5437e-08 2.79059e-09 1.65735e-10 0 
0 4.85224e-05 0.000177853 0.000267957 0.00037312 0.000514876 0.000678178 0.000851225 0.00102356 0.00118511 0.00132711 0.00144711 0.00155192 0.00162335 0.00163627 0.00158794 0.00149767 0.00139455 0.00128312 0.0011601 0.00103022 0.000899605 0.000773703 0.000657005 0.000553088 0.000465067 0.000396698 0.000353201 0.000336992 0.000333005 0.000298907 0.000207019 0.000100828 3.4931e-05 9.19534e-06 1.95391e-06 3.44634e-07 4.97321e-08 5.38466e-09 3.15325e-10 0 
0 5.9438e-05 0.000189397 0.000290597 0.000429973 0.000608369 0.000810357 0.00102356 0.0012356 0.00143546 0.00163745 0.00186604 0.00202427 0.00209363 0.0021043 0.0020637 0.00195604 0.00176781 0.0015666 0.00140335 0.00124286 0.00108192 0.000926529 0.000782014 0.00065243 0.000540769 0.00044977 0.000383511 0.000347499 0.000339157 0.000327075 0.000260233 0.00014643 5.62392e-05 1.56434e-05 3.39707e-06 6.01224e-07 8.62845e-08 9.25488e-09 5.36123e-10 0 
0 6.77876e-05 0.00019714 0.000315657 0.00048546 0.000696707 0.000934476 0.00118511 0.00143546 0.00170964 0.00203029 0.00219775 0.00227624 0.00231218 0.00231791 0.00229591 0.0022417 0.00213863 0.00192979 0.00164919 0.00144222 0.00125222 0.00106934 0.000899001 0.000745784 0.000612828 0.000502386 0.000417219 0.000362432 0.000341562 0.000336845 0.000294661 0.000187811 7.98778e-05 2.35954e-05 5.26338e-06 9.38671e-07 1.34458e-07 1.43327e-08 8.23707e-10 0 
0 7.37466e-05 0.000203413 0.000339806 0.000534929 0.000774396 0.00104333 0.00132711 0.00163745 0.00203029 0.00224049 0.00234146 0.00239659 0.00242329 0.00242758 0.00241089 0.00237122 0.00230153 0.00218194 0.00194453 0.00162946 0.00140114 0.00119386 0.00100105 0.00082735 0.000676103 0.000549382 0.00044908 0.000379092 0.000344922 0.000338611 0.000313456 0.000220094 0.000102461 3.20756e-05 7.35954e-06 1.32555e-06 1.89992e-07 2.01781e-08 1.15332e-09 0 
0 7.77359e-05 0.000208649 0.000360225 0.000575044 0.000837009 0.00113096 0.00144711 0.00186604 0.00219775 0.00234146 0.00242109 0.00246716 0.00248998 0.00249362 0.00247915 0.00244533 0.0023878 0.0022957 0.00213754 0.00182752 0.00152395 0.00129329 0.00108247 0.000892438 0.000726679 0.000587202 0.000475396 0.000394109 0.000349001 0.000337825 0.000322181 0.00024224 0.000121195 3.98808e-05 9.38924e-06 1.70834e-06 2.45349e-07 2.60103e-08 1.48154e-09 0 
0 8.01603e-05 0.000212517 0.000375012 0.000603512 0.00088133 0.00119305 0.00155192 0.00202427 0.00227624 0.00239659 0.00246716 0.00250897 0.00252987 0.00253314 0.00251969 0.00248858 0.0024365 0.00235558 0.0022253 0.00197672 0.0016222 0.00136283 0.00113908 0.000937641 0.000761772 0.000613461 0.00049382 0.000404997 0.000352294 0.000336388 0.000325242 0.000255412 0.000134428 4.59168e-05 1.10316e-05 2.02451e-06 2.91458e-07 3.08818e-08 1.75576e-09 0 
0 8.13184e-05 0.000214596 0.00038311 0.000619031 0.000905498 0.00122711 0.00162335 0.00209363 0.00231218 0.00242329 0.00248998 0.00252987 0.00254985 0.00255287 0.00253979 0.00250977 0.00245992 0.00238346 0.00226356 0.00204585 0.00168384 0.00139958 0.00116849 0.000960989 0.000779766 0.000626793 0.000503039 0.000410281 0.000353485 0.000334592 0.000325206 0.000261273 0.000141516 4.94244e-05 1.20255e-05 2.21974e-06 3.20225e-07 3.39385e-08 1.92844e-09 0 
0 8.1397e-05 0.000214666 0.000384176 0.000621262 0.000909054 0.0012322 0.00163627 0.0021043 0.00231791 0.00242758 0.00249362 0.00253314 0.00255287 0.00255572 0.00254252 0.00251247 0.0024627 0.00238661 0.00226786 0.00205425 0.00169159 0.00140218 0.00117013 0.000961982 0.000780213 0.000626773 0.000502583 0.000409316 0.000351819 0.000332247 0.000323197 0.000261044 0.000142439 5.00605e-05 1.22299e-05 2.2627e-06 3.26844e-07 3.46661e-08 1.97072e-09 0 
0 8.049e-05 0.00021279 0.000378486 0.000610764 0.000892869 0.00120938 0.00158794 0.0020637 0.00229591 0.00241089 0.00247915 0.00251969 0.00253979 0.00254252 0.00252877 0.00249763 0.002446 0.00236662 0.00224103 0.00200815 0.00164396 0.00137182 0.00114516 0.000941496 0.00076374 0.00061381 0.000492659 0.000402101 0.000347075 0.00032909 0.000319325 0.000255203 0.00013749 4.78832e-05 1.16469e-05 2.15228e-06 3.11027e-07 3.30264e-08 1.88021e-09 0 
0 7.86166e-05 0.000209295 0.000366844 0.00058888 0.000858977 0.00116185 0.00149767 0.00195604 0.0022417 0.00237122 0.00244533 0.00248858 0.00250977 0.00251247 0.00249763 0.00246415 0.00240827 0.00232085 0.00217714 0.00189576 0.00155597 0.00131253 0.00109622 0.00090157 0.000731863 0.000588978 0.000473988 0.000389077 0.000339383 0.000324745 0.000312826 0.000243521 0.000127169 4.32968e-05 1.04099e-05 1.91584e-06 2.76815e-07 2.94426e-08 1.68028e-09 0 
0 7.57336e-05 0.000204687 0.000350492 0.000557571 0.000810317 0.00109376 0.00139455 0.00176781 0.00213863 0.00230153 0.0023878 0.0024365 0.00245992 0.0024627 0.002446 0.00240827 0.00234422 0.00224011 0.00205315 0.00171877 0.00144859 0.00122928 0.00102705 0.000845101 0.000686726 0.000553784 0.000447584 0.000370891 0.000328878 0.000318319 0.000301961 0.000225316 0.000112265 3.69821e-05 8.74524e-06 1.60023e-06 2.31186e-07 2.46509e-08 1.41193e-09 0 
0 7.17508e-05 0.000199512 0.000331037 0.000519235 0.000750439 0.00100991 0.00128312 0.0015666 0.00192979 0.00218194 0.0022957 0.00235558 0.00238346 0.00238661 0.00236662 0.00232085 0.00224011 0.00209774 0.00182011 0.00153997 0.00132698 0.00112746 0.000942093 0.000775488 0.000630788 0.000509887 0.000414477 0.000348018 0.000315066 0.000307651 0.000283874 0.000199981 9.40254e-05 2.98049e-05 6.91971e-06 1.25905e-06 1.82048e-07 1.94859e-08 1.12179e-09 0 
0 6.65619e-05 0.000194147 0.000310382 0.000476536 0.000683193 0.000915544 0.0011601 0.00140335 0.00164919 0.00194453 0.00213754 0.0022253 0.00226356 0.00226786 0.00224103 0.00217714 0.00205315 0.00182011 0.00157272 0.00137878 0.0011923 0.00101287 0.000846054 0.000696272 0.00056651 0.000458784 0.000375321 0.000320066 0.000295658 0.000288325 0.000254965 0.000167872 7.42802e-05 2.26903e-05 5.18463e-06 9.40201e-07 1.36339e-07 1.46766e-08 8.5066e-10 0 
0 6.00996e-05 0.000188521 0.000290628 0.000432288 0.000612461 0.000815918 0.00103022 0.00124286 0.00144222 0.00162946 0.00182752 0.00197672 0.00204585 0.00205425 0.00200815 0.00189576 0.00171877 0.00153997 0.00137878 0.00121471 0.00105016 0.00089132 0.000743533 0.000610826 0.000496067 0.000401487 0.000329775 0.000284461 0.000264955 0.000253532 0.000212743 0.000131398 5.5332e-05 1.64628e-05 3.72926e-06 6.77048e-07 9.87411e-08 1.07099e-08 6.2581e-10 0 
0 5.2412e-05 0.000181841 0.000273846 0.000389443 0.000541955 0.000715949 0.000899605 0.00108192 0.00125222 0.00140114 0.00152395 0.0016222 0.00168384 0.00169159 0.00164396 0.00155597 0.00144859 0.00132698 0.0011923 0.00105016 0.000906899 0.000768207 0.000638748 0.000522155 0.000421205 0.000338267 0.000275751 0.000235442 0.000214652 0.000198237 0.000159766 9.54911e-05 3.94799e-05 1.16839e-05 2.65339e-06 4.84706e-07 7.12248e-08 7.78609e-09 4.58433e-10 0 
0 4.37395e-05 0.000172468 0.000261495 0.000351178 0.000475163 0.000619992 0.000773703 0.000926529 0.00106934 0.00119386 0.00129329 0.00136283 0.00139958 0.00140218 0.00137182 0.00131253 0.00122928 0.00112746 0.00101287 0.00089132 0.000768207 0.00064825 0.000535406 0.000432962 0.000343762 0.000270105 0.000213073 0.000172515 0.000147293 0.000130902 0.000106599 6.60301e-05 2.82304e-05 8.54014e-06 1.96375e-06 3.61298e-07 5.33383e-08 5.8513e-09 3.45513e-10 0 
0 3.45581e-05 0.000158235 0.000253319 0.000320865 0.000415539 0.000531795 0.000657005 0.000782014 0.000899001 0.00100105 0.00108247 0.00113908 0.00116849 0.00117013 0.00114516 0.00109622 0.00102705 0.000942093 0.000846054 0.000743533 0.000638748 0.000535406 0.000436843 0.000346755 0.000270137 0.000211679 0.00016966 0.000135082 0.000103669 8.11275e-05 6.66018e-05 4.59971e-05 2.15696e-05 6.82633e-06 1.59096e-06 2.92477e-07 4.2934e-08 4.67838e-09 2.74463e-10 0 
0 2.5546e-05 0.000137418 0.000245945 0.000301253 0.000366933 0.000454775 0.000553088 0.00065243 0.000745784 0.00082735 0.000892438 0.000937641 0.000960989 0.000961982 0.000941496 0.00090157 0.000845101 0.000775488 0.000696272 0.000610826 0.000522155 0.000432962 0.000346755 0.000271938 0.000226451 0.00022397 0.00024228 0.000230356 0.000169272 9.66389e-05 5.27934e-05 3.42883e-05 1.79849e-05 6.04179e-06 1.41835e-06 2.57162e-07 3.70447e-08 3.96343e-09 2.28744e-10 0 
0 1.74516e-05 0.000110192 0.000232326 0.000291959 0.000333577 0.000392746 0.000465067 0.000540769 0.000612828 0.000676103 0.000726679 0.000761772 0.000779766 0.000780213 0.00076374 0.000731863 0.000686726 0.000630788 0.00056651 0.000496067 0.000421205 0.000343762 0.000270137 0.000226451 0.000265881 0.000419161 0.000750195 0.00090543 0.000494484 0.000242378 8.99295e-05 3.33507e-05 1.59298e-05 5.60733e-06 1.31736e-06 2.33475e-07 3.27487e-08 3.41912e-09 1.93179e-10 0 
0 1.08871e-05 7.95858e-05 0.000204268 0.000285481 0.000317682 0.000350504 0.000396698 0.00044977 0.000502386 0.000549382 0.000587202 0.000613461 0.000626793 0.000626773 0.00061381 0.000588978 0.000553784 0.000509887 0.000458784 0.000401487 0.000338267 0.000270105 0.000211679 0.00022397 0.000419161 0.00106798 0.00156407 0.00160123 0.00144245 0.000576805 0.000189346 4.86545e-05 1.53597e-05 5.13388e-06 1.18722e-06 2.0479e-07 2.79619e-08 2.85196e-09 1.57972e-10 0 
0 6.13872e-06 5.06885e-05 0.000159075 0.000265777 0.000312828 0.000331281 0.000353201 0.000383511 0.000417219 0.00044908 0.000475396 0.00049382 0.000503039 0.000502583 0.000492659 0.000473988 0.000447584 0.000414477 0.000375321 0.000329775 0.000275751 0.000213073 0.00016966 0.00024228 0.000750195 0.00156407 0.00170918 0.00172601 0.00165178 0.00127007 0.000304622 7.02535e-05 1.58519e-05 4.47058e-06 9.84052e-07 1.64571e-07 2.19736e-08 2.2032e-09 1.2036e-10 0 
0 3.10471e-06 2.80651e-05 0.000105168 0.000217697 0.000297385 0.00032715 0.000336992 0.000347499 0.000362432 0.000379092 0.000394109 0.000404997 0.000410281 0.000409316 0.000402101 0.000389077 0.000370891 0.000348018 0.000320066 0.000284461 0.000235442 0.000172515 0.000135082 0.000230356 0.00090543 0.00160123 0.00172601 0.00174332 0.00168321 0.00143825 0.000355003 7.53371e-05 1.48294e-05 3.53575e-06 7.21896e-07 1.16947e-07 1.5392e-08 1.53124e-09 8.32037e-11 0 
0 1.40236e-06 1.34308e-05 5.75882e-05 0.000146046 0.000244882 0.0003084 0.000333005 0.000339157 0.000341562 0.000344922 0.000349001 0.000352294 0.000353485 0.000351819 0.000347075 0.000339383 0.000328878 0.000315066 0.000295658 0.000264955 0.000214652 0.000147293 0.000103669 0.000169272 0.000494484 0.00144245 0.00165178 0.00168321 0.00157881 0.000941676 0.000247625 5.58986e-05 1.09414e-05 2.38009e-06 4.53545e-07 7.1835e-08 9.42912e-09 9.40912e-10 5.13393e-11 0 
0 5.64999e-07 5.56652e-06 2.60274e-05 7.71977e-05 0.00015832 0.000241442 0.000298907 0.000327075 0.000336845 0.000338611 0.000337825 0.000336388 0.000334592 0.000332247 0.00032909 0.000324745 0.000318319 0.000307651 0.000288325 0.000253532 0.000198237 0.000130902 8.11275e-05 9.66389e-05 0.000242378 0.000576805 0.00127007 0.00143825 0.000941676 0.000371753 0.000123034 2.87922e-05 6.12883e-06 1.29608e-06 2.38207e-07 3.76616e-08 5.00268e-09 5.0647e-10 2.80153e-11 0 
0 2.03214e-07 2.01193e-06 9.83166e-06 3.2187e-05 7.68707e-05 0.000140539 0.000207019 0.000260233 0.000294661 0.000313456 0.000322181 0.000325242 0.000325206 0.000323197 0.000319325 0.000312826 0.000301961 0.000283874 0.000254965 0.000212743 0.000159766 0.000106599 6.66018e-05 5.27934e-05 8.99295e-05 0.000189346 0.000304622 0.000355003 0.000247625 0.000123034 4.18425e-05 1.09957e-05 2.63804e-06 5.61373e-07 1.03832e-07 1.68028e-08 2.29195e-09 2.37903e-10 1.34573e-11 0 
0 6.53476e-08 6.39406e-07 3.1641e-06 1.08764e-05 2.84489e-05 5.90936e-05 0.000100828 0.00014643 0.000187811 0.000220094 0.00024224 0.000255412 0.000261273 0.000261044 0.000255203 0.000243521 0.000225316 0.000199981 0.000167872 0.000131398 9.54911e-05 6.60301e-05 4.59971e-05 3.42883e-05 3.33507e-05 4.86545e-05 7.02535e-05 7.53371e-05 5.58986e-05 2.87922e-05 1.09957e-05 3.42435e-06 8.91178e-07 1.96471e-07 3.79356e-08 6.40847e-09 9.07902e-10 9.74506e-11 5.67835e-12 0 
0 1.87974e-08 1.7984e-07 8.82856e-07 3.07767e-06 8.39014e-06 1.86793e-05 3.4931e-05 5.62392e-05 7.98778e-05 0.000102461 0.000121195 0.000134428 0.000141516 0.000142439 0.00013749 0.000127169 0.000112265 9.40254e-05 7.42802e-05 5.5332e-05 3.94799e-05 2.82304e-05 2.15696e-05 1.79849e-05 1.59298e-05 1.53597e-05 1.58519e-05 1.48294e-05 1.09414e-05 6.12883e-06 2.63804e-06 8.91178e-07 2.45009e-07 5.75093e-08 1.18174e-08 2.10429e-09 3.1179e-10 3.48176e-11 2.10145e-12 0 
0 4.82542e-09 4.48626e-08 2.15878e-07 7.4745e-07 2.05744e-06 4.70776e-06 9.19534e-06 1.56434e-05 2.35954e-05 3.20756e-05 3.98808e-05 4.59168e-05 4.94244e-05 5.00605e-05 4.78832e-05 4.32968e-05 3.69821e-05 2.98049e-05 2.26903e-05 1.64628e-05 1.16839e-05 8.54014e-06 6.82633e-06 6.04179e-06 5.60733e-06 5.13388e-06 4.47058e-06 3.53575e-06 2.38009e-06 1.29608e-06 5.61373e-07 1.96471e-07 5.75093e-08 1.4501e-08 3.17759e-09 5.9762e-10 9.29169e-11 1.08356e-11 6.7998e-13 0 
0 1.0967e-09 9.87841e-09 4.63048e-08 1.57466e-07 4.30045e-07 9.87028e-07 1.95391e-06 3.39707e-06 5.26338e-06 7.35954e-06 9.38924e-06 1.10316e-05 1.20255e-05 1.22299e-05 1.16469e-05 1.04099e-05 8.74524e-06 6.91971e-06 5.18463e-06 3.72926e-06 2.65339e-06 1.96375e-06 1.59096e-06 1.41835e-06 1.31736e-06 1.18722e-06 9.84052e-07 7.21896e-07 4.53545e-07 2.38207e-07 1.03832e-07 3.79356e-08 1.18174e-08 3.17759e-09 7.38519e-10 1.4652e-10 2.39281e-11 2.91924e-12 1.90889e-13 0 
0 2.16611e-10 1.88851e-09 8.60049e-09 2.85736e-08 7.67543e-08 1.74523e-07 3.44634e-07 6.01224e-07 9.38671e-07 1.32555e-06 1.70834e-06 2.02451e-06 2.21974e-06 2.2627e-06 2.15228e-06 1.91584e-06 1.60023e-06 1.25905e-06 9.40201e-07 6.77048e-07 4.84706e-07 3.61298e-07 2.92477e-07 2.57162e-07 2.33475e-07 2.0479e-07 1.64571e-07 1.16947e-07 7.1835e-08 3.76616e-08 1.68028e-08 6.40847e-09 2.10429e-09 5.9762e-10 1.4652e-10 3.05987e-11 5.24584e-12 6.69723e-13 4.56701e-14 0 
0 3.56752e-11 3.01172e-10 1.33187e-09 4.31459e-09 1.13568e-08 2.5437e-08 4.97321e-08 8.62845e-08 1.34458e-07 1.89992e-07 2.45349e-07 2.91458e-07 3.20225e-07 3.26844e-07 3.11027e-07 2.76815e-07 2.31186e-07 1.82048e-07 1.36339e-07 9.87411e-08 7.12248e-08 5.33383e-08 4.2934e-08 3.70447e-08 3.27487e-08 2.79619e-08 2.19736e-08 1.5392e-08 9.42912e-09 5.00268e-09 2.29195e-09 9.07902e-10 3.1179e-10 9.29169e-11 2.39281e-11 5.24584e-12 9.42551e-13 1.25813e-13 8.9453e-15 0 
0 4.42869e-12 3.62454e-11 1.55761e-10 4.91974e-10 1.26756e-09 2.79059e-09 5.38466e-09 9.25488e-09 1.43327e-08 2.01781e-08 2.60103e-08 3.08818e-08 3.39385e-08 3.46661e-08 3.30264e-08 2.94426e-08 2.46509e-08 1.94859e-08 1.46766e-08 1.07099e-08 7.78609e-09 5.8513e-09 4.67838e-09 3.96343e-09 3.41912e-09 2.85196e-09 2.2032e-09 1.53124e-09 9.40912e-10 5.0647e-10 2.37903e-10 9.74506e-11 3.48176e-11 1.08356e-11 2.91924e-12 6.69723e-13 1.25813e-13 1.75296e-14 1.29823e-15 0 
0 2.96429e-13 2.35588e-12 9.85234e-12 3.03695e-11 7.66151e-11 1.65735e-10 3.15325e-10 5.36123e-10 8.23707e-10 1.15332e-09 1.48154e-09 1.75576e-09 1.92844e-09 1.97072e-09 1.88021e-09 1.68028e-09 1.41193e-09 1.12179e-09 8.5066e-10 6.2581e-10 4.58433e-10 3.45513e-10 2.74463e-10 2.28744e-10 1.93179e-10 1.57972e-10 1.2036e-10 8.32037e-11 5.13393e-11 2.80153e-11 1.34573e-11 5.67835e-12 2.10145e-12 6.7998e-13 1.90889e-13 4.56701e-14 8.9453e-15 1.29823e-15 9.99987e-17 0 
0 0 0 0 0 0 0 0 0 0 0 0 0 0 0 0 0 0 0 0 0 0 0 0 0 0 0 0 0 0 0 0 0 0 0 0 0 0 0 0 0 
