0 0 0 0 0 0 0 0 0 0 0 0 0 0 0 0 0 0 0 0 0 0 0 0 0 0 0 0 0 0 0 0 0 0 0 0 0 0 0 0 0 
0 5.63401e-10 5.35134e-09 2.67977e-08 9.87828e-08 2.96597e-07 7.57269e-07 1.6806e-06 3.28394e-06 5.69884e-06 8.84077e-06 1.23281e-05 1.55275e-05 1.77395e-05 1.84489e-05 1.75161e-05 1.52157e-05 1.2112e-05 8.84498e-06 5.931e-06 3.65499e-06 2.07213e-06 1.08213e-06 5.21399e-07 2.32229e-07 9.58165e-08 3.67033e-08 1.30815e-08 4.34662e-09 1.34852e-09 3.90986e-10 1.05932e-10 2.67802e-11 6.29431e-12 1.36593e-12 2.70284e-13 4.76611e-14 7.15792e-15 8.24675e-16 5.19799e-17 0 
0 5.35134e-09 5.28038e-08 2.74619e-07 1.04969e-06 3.25917e-06 8.57295e-06 1.95135e-05 3.89149e-05 6.85788e-05 0.000107539 0.000150987 0.000190897 0.000218457 0.000227243 0.000215564 0.000186878 0.000148243 0.00010767 7.16265e-05 4.36615e-05 2.4407e-05 1.25279e-05 5.91531e-06 2.57511e-06 1.03622e-06 3.86486e-07 1.33967e-07 4.32624e-08 1.30414e-08 3.67443e-09 9.67854e-10 2.38039e-10 5.44783e-11 1.15238e-11 2.22525e-12 3.83386e-13 5.63267e-14 6.35637e-15 3.92923e-16 0 
0 2.67977e-08 2.74619e-07 1.48275e-06 5.87258e-06 1.88289e-05 5.09032e-05 0.000118397 0.000239743 0.000426309 0.000670906 0.000941739 0.00118808 0.00135648 0.00140943 0.00133772 0.00116196 0.00092393 0.000672033 0.000446677 0.000271109 0.000150275 7.61562e-05 3.53582e-05 1.50819e-05 5.92948e-06 2.15605e-06 7.27511e-07 2.28495e-07 6.69666e-08 1.83452e-08 4.70038e-09 1.12531e-09 2.50936e-10 5.1776e-11 9.76407e-12 1.645e-12 2.36643e-13 2.6183e-14 1.58903e-15 0 
0 9.87828e-08 1.04969e-06 5.87258e-06 2.40358e-05 7.92692e-05 0.000218986 0.00051621 0.00104978 0.00185858 0.00289296 0.00400316 0.00498126 0.00563163 0.00583008 0.00555147 0.00486756 0.00392309 0.00289609 0.00195029 0.00119417 0.000663796 0.000335141 0.000154055 6.47112e-05 2.49484e-05 8.8683e-06 2.91914e-06 8.93239e-07 2.54891e-07 6.79817e-08 1.69638e-08 3.95807e-09 8.60983e-10 1.73487e-10 3.19901e-11 5.27679e-12 7.44244e-13 8.08481e-14 4.82423e-15 0 
0 2.96597e-07 3.25917e-06 1.88289e-05 7.92692e-05 0.000267094 0.000746491 0.00175812 0.00352362 0.00607401 0.00913581 0.0122015 0.0147314 0.0163255 0.0167836 0.01609 0.0143833 0.0119342 0.00911922 0.00635847 0.00401227 0.00227918 0.00116406 0.000535901 0.000223528 8.50091e-05 2.96677e-05 9.55773e-06 2.85686e-06 7.95536e-07 2.06986e-07 5.03964e-08 1.14799e-08 2.44011e-09 4.80965e-10 8.68622e-11 1.4052e-11 1.94651e-12 2.07982e-13 1.22255e-14 0 
0 7.57269e-07 8.57295e-06 5.09032e-05 0.000218986 0.000746491 0.00207975 0.00479238 0.0092194 0.0150383 0.0212944 0.0269059 0.0311148 0.0335732 0.0342087 0.0330872 0.0303521 0.026237 0.0211275 0.0156115 0.0104204 0.0062053 0.00327713 0.00153686 0.000644339 0.000243775 8.40241e-05 2.66093e-05 7.79641e-06 2.12482e-06 5.40728e-07 1.28769e-07 2.87024e-08 5.97448e-09 1.15443e-09 2.04638e-10 3.2538e-11 4.43665e-12 4.67379e-13 2.71332e-14 0 
0 1.6806e-06 1.95135e-05 0.000118397 0.00051621 0.00175812 0.00479238 0.0105393 0.018938 0.0285648 0.0375604 0.0447105 0.0496072 0.0522752 0.0528622 0.0515132 0.0483415 0.043442 0.0369594 0.0292446 0.0210404 0.0134575 0.00753329 0.00367562 0.00157365 0.000598808 0.000205382 6.42816e-05 1.85389e-05 4.96234e-06 1.23901e-06 2.89425e-07 6.33011e-08 1.29381e-08 2.45731e-09 4.28687e-10 6.71803e-11 9.04302e-12 9.42167e-13 5.42053e-14 0 
0 3.28394e-06 3.89149e-05 0.000239743 0.00104978 0.00352362 0.0092194 0.018938 0.0312735 0.043449 0.0535051 0.0608944 0.0657528 0.0683203 0.0687882 0.0673091 0.0640106 0.0589782 0.0522343 0.0437973 0.0339359 0.0235622 0.0142439 0.00737934 0.00328223 0.00127206 0.000437928 0.000136295 3.88732e-05 1.02598e-05 2.52231e-06 5.79887e-07 1.24852e-07 2.51381e-08 4.70819e-09 8.11071e-10 1.25719e-10 1.67706e-11 1.73543e-12 9.94193e-14 0 
0 5.69884e-06 6.85788e-05 0.000426309 0.00185858 0.00607401 0.0150383 0.0285648 0.043449 0.0564842 0.0665842 0.073915 0.0787841 0.0813655 0.0817726 0.0801379 0.0766313 0.0714268 0.0646304 0.0562089 0.0460564 0.0344229 0.0225634 0.0125686 0.00589231 0.00235411 0.000820664 0.0002556 7.2453e-05 1.89354e-05 4.60161e-06 1.04518e-06 2.22367e-07 4.42763e-08 8.21087e-09 1.40283e-09 2.16094e-10 2.87186e-11 2.96929e-12 1.70527e-13 0 
0 8.84077e-06 0.000107539 0.000670906 0.00289296 0.00913581 0.0212944 0.0375604 0.0535051 0.0665842 0.076665 0.0841601 0.0892554 0.0919821 0.0923792 0.0905675 0.0867555 0.0812034 0.0741479 0.0656865 0.0556788 0.0439145 0.0308765 0.0185008 0.00920948 0.00382656 0.001361 0.000426726 0.000120811 3.1404e-05 7.57656e-06 1.7076e-06 3.60641e-07 7.1359e-08 1.31723e-08 2.24511e-09 3.45979e-10 4.61529e-11 4.8084e-12 2.7945e-13 0 
0 1.23281e-05 0.000150987 0.000941739 0.00400316 0.0122015 0.0269059 0.0447105 0.0608944 0.073915 0.0841601 0.0919733 0.0973675 0.100268 0.100671 0.098697 0.0945813 0.0886418 0.0812116 0.0725294 0.0625825 0.0510503 0.0378091 0.0241225 0.0127315 0.00552056 0.00201303 0.00063845 0.000181367 4.71111e-05 1.13391e-05 2.54923e-06 5.37541e-07 1.06381e-07 1.96902e-08 3.37607e-09 5.25441e-10 7.11099e-11 7.55226e-12 4.49536e-13 0 
0 1.55275e-05 0.000190897 0.00118808 0.00498126 0.0147314 0.0311148 0.0496072 0.0657528 0.0787841 0.0892554 0.0973675 0.103009 0.106044 0.106451 0.104352 0.1 0.0937483 0.0859863 0.0770486 0.0670551 0.0557485 0.0427218 0.0285777 0.0158522 0.0071566 0.00267941 0.000862509 0.000246926 6.44236e-05 1.5561e-05 3.51353e-06 7.45573e-07 1.48937e-07 2.79358e-08 4.8769e-09 7.76841e-10 1.08162e-10 1.18725e-11 7.32742e-13 0 
0 1.77395e-05 0.000218457 0.00135648 0.00563163 0.0163255 0.0335732 0.0522752 0.0683203 0.0813655 0.0919821 0.100268 0.106044 0.109149 0.10955 0.107374 0.102884 0.096449 0.0884898 0.079392 0.0693628 0.0582364 0.0455312 0.0314279 0.0180902 0.00844543 0.00324196 0.00106158 0.000307698 8.11474e-05 1.98274e-05 4.53994e-06 9.80743e-07 2.00436e-07 3.8682e-08 6.9886e-09 1.15804e-09 1.68341e-10 1.93183e-11 1.24485e-12 0 
0 1.84489e-05 0.000227243 0.00140943 0.00583008 0.0167836 0.0342087 0.0528622 0.0687882 0.0817726 0.0923792 0.100671 0.106451 0.10955 0.109936 0.107734 0.103212 0.0967437 0.0887577 0.0796589 0.0696945 0.0587606 0.0463899 0.0325799 0.0191965 0.00918564 0.00360538 0.00120375 0.000355413 9.56112e-05 2.39135e-05 5.63417e-06 1.26037e-06 2.68543e-07 5.43611e-08 1.03458e-08 1.80851e-09 2.76822e-10 3.32843e-11 2.23098e-12 0 
0 1.75161e-05 0.000215564 0.00133772 0.00555147 0.01609 0.0330872 0.0515132 0.0673091 0.0801379 0.0905675 0.098697 0.104352 0.107374 0.107734 0.105557 0.101108 0.0947536 0.0869137 0.0779865 0.0682206 0.0575347 0.0455084 0.0321391 0.0191465 0.00931344 0.00373161 0.00127636 0.000387715 0.000107932 2.81416e-05 6.969e-06 1.65136e-06 3.74797e-07 8.09781e-08 1.641e-08 3.03494e-09 4.86965e-10 6.07289e-11 4.17732e-12 0 
0 1.52157e-05 0.000186878 0.00116196 0.00486756 0.0143833 0.0303521 0.0483415 0.0640106 0.0766313 0.0867555 0.0945813 0.1 0.102884 0.103212 0.101108 0.0968265 0.0907166 0.0831764 0.0745746 0.065129 0.0547528 0.0431018 0.0303161 0.0180886 0.00890235 0.00365108 0.0012927 0.000410956 0.000121074 3.37707e-05 9.02216e-06 2.31528e-06 5.67891e-07 1.31572e-07 2.82564e-08 5.46375e-09 9.04414e-10 1.14974e-10 7.98185e-12 0 
0 1.2112e-05 0.000148243 0.00092393 0.00392309 0.0119342 0.026237 0.043442 0.0589782 0.0714268 0.0812034 0.0886418 0.0937483 0.096449 0.0967437 0.0947536 0.0907166 0.0849567 0.0778339 0.0696674 0.0606215 0.0506009 0.039395 0.0273965 0.0162957 0.00813038 0.00345064 0.00129001 0.000440912 0.000141718 4.35064e-05 1.28009e-05 3.58928e-06 9.48258e-07 2.32573e-07 5.19698e-08 1.02971e-08 1.72472e-09 2.19702e-10 1.51723e-11 0 
0 8.84498e-06 0.00010767 0.000672033 0.00289609 0.00911922 0.0211275 0.0369594 0.0522343 0.0646304 0.0741479 0.0812116 0.0859863 0.0884898 0.0887577 0.0869137 0.0831764 0.0778339 0.0711941 0.0635098 0.0548881 0.0452651 0.0346547 0.0237456 0.0141193 0.00722885 0.00324727 0.00132227 0.000502854 0.000181642 6.2462e-05 2.02844e-05 6.14506e-06 1.71472e-06 4.35179e-07 9.89497e-08 1.96944e-08 3.28259e-09 4.13347e-10 2.80908e-11 0 
0 5.931e-06 7.16265e-05 0.000446677 0.00195029 0.00635847 0.0156115 0.0292446 0.0437973 0.0562089 0.0656865 0.0725294 0.0770486 0.079392 0.0796589 0.0779865 0.0745746 0.0696674 0.0635098 0.0562871 0.0480852 0.0389622 0.0292349 0.0198015 0.0119287 0.0064235 0.00315913 0.00145348 0.00063364 0.000260981 0.000100218 3.53341e-05 1.12982e-05 3.24837e-06 8.33747e-07 1.89147e-07 3.72125e-08 6.09336e-09 7.50915e-10 4.98355e-11 0 
0 3.65499e-06 4.36615e-05 0.000271109 0.00119417 0.00401227 0.0104204 0.0210404 0.0339359 0.0460564 0.0556788 0.0625825 0.0670551 0.0693628 0.0696945 0.0682206 0.065129 0.0606215 0.0548881 0.0480852 0.0403657 0.0320103 0.0236049 0.0160218 0.0100326 0.00588175 0.00328367 0.00175531 0.000887739 0.000414884 0.000174922 6.54362e-05 2.15557e-05 6.24336e-06 1.58941e-06 3.54076e-07 6.79941e-08 1.08321e-08 1.29691e-09 8.36041e-11 0 
0 2.07213e-06 2.4407e-05 0.000150275 0.000663796 0.00227918 0.0062053 0.0134575 0.0235622 0.0344229 0.0439145 0.0510503 0.0557485 0.0582364 0.0587606 0.0575347 0.0547528 0.0506009 0.0452651 0.0389622 0.0320103 0.024907 0.0183004 0.0127777 0.00860711 0.00567992 0.00368173 0.00230341 0.00134457 0.000704335 0.000320706 0.000124816 4.14739e-05 1.18617e-05 2.94483e-06 6.35693e-07 1.1797e-07 1.81521e-08 2.10066e-09 1.3108e-10 0 
0 1.08213e-06 1.25279e-05 7.61562e-05 0.000335141 0.00116406 0.00327713 0.00753329 0.0142439 0.0225634 0.0308765 0.0378091 0.0427218 0.0455312 0.0463899 0.0455084 0.0431018 0.039395 0.0346547 0.0292349 0.0236049 0.0183004 0.013777 0.010253 0.00767042 0.0057954 0.00436209 0.00316985 0.00212422 0.00124441 0.000608521 0.00024282 7.95522e-05 2.19237e-05 5.20375e-06 1.07408e-06 1.91034e-07 2.82464e-08 3.14993e-09 1.89949e-10 0 
0 5.21399e-07 5.91531e-06 3.53582e-05 0.000154055 0.000535901 0.00153686 0.00367562 0.00737934 0.0125686 0.0185008 0.0241225 0.0285777 0.0314279 0.0325799 0.0321391 0.0303161 0.0273965 0.0237456 0.0198015 0.0160218 0.0127777 0.010253 0.00842191 0.0071197 0.00615683 0.00538453 0.00462625 0.00364685 0.00241858 0.00126413 0.000506118 0.000157324 3.98901e-05 8.71263e-06 1.6819e-06 2.83959e-07 4.02081e-08 4.3169e-09 2.51653e-10 0 
0 2.32229e-07 2.57511e-06 1.50819e-05 6.47112e-05 0.000223528 0.000644339 0.00157365 0.00328223 0.00589231 0.00920948 0.0127315 0.0158522 0.0180902 0.0191965 0.0191465 0.0180886 0.0162957 0.0141193 0.0119287 0.0100326 0.00860711 0.00767042 0.0071197 0.00685145 0.00698091 0.00778269 0.0087609 0.00838301 0.0060722 0.0032006 0.00122247 0.000343411 7.51255e-05 1.40883e-05 2.42769e-06 3.81919e-07 5.15978e-08 5.33944e-09 3.01609e-10 0 
0 9.58165e-08 1.03622e-06 5.92948e-06 2.49484e-05 8.50091e-05 0.000243775 0.000598808 0.00127206 0.00235411 0.00382656 0.00552056 0.0071566 0.00844543 0.00918564 0.00931344 0.00890235 0.00813038 0.00722885 0.0064235 0.00588175 0.00567992 0.0057954 0.00615683 0.00698091 0.00956419 0.01549 0.0223953 0.0238719 0.0176301 0.00893879 0.00315996 0.000795174 0.000147892 2.25791e-05 3.25123e-06 4.60231e-07 5.89011e-08 5.88967e-09 3.2378e-10 0 
0 3.67033e-08 3.86486e-07 2.15605e-06 8.8683e-06 2.96677e-05 8.40241e-05 0.000205382 0.000437928 0.000820664 0.001361 0.00201303 0.00267941 0.00324196 0.00360538 0.00373161 0.00365108 0.00345064 0.00324727 0.00315913 0.00328367 0.00368173 0.00436209 0.00538453 0.00778269 0.01549 0.0322211 0.0512249 0.0562612 0.0416617 0.0207146 0.00698129 0.00163019 0.000270469 3.44918e-05 4.0242e-06 4.9292e-07 5.91187e-08 5.73227e-09 3.08583e-10 0 
0 1.30815e-08 1.33967e-07 7.27511e-07 2.91914e-06 9.55773e-06 2.66093e-05 6.42816e-05 0.000136295 0.0002556 0.000426726 0.00063845 0.000862509 0.00106158 0.00120375 0.00127636 0.0012927 0.00129001 0.00132227 0.00145348 0.00175531 0.00230341 0.00316985 0.00462625 0.0087609 0.0223953 0.0512249 0.0836675 0.0926146 0.0686286 0.0339333 0.0112336 0.00252729 0.000393783 4.4821e-05 4.39381e-06 4.61495e-07 5.15935e-08 4.87868e-09 2.59191e-10 0 
0 4.34662e-09 4.32624e-08 2.28495e-07 8.93239e-07 2.85686e-06 7.79641e-06 1.85389e-05 3.88732e-05 7.2453e-05 0.000120811 0.000181367 0.000246926 0.000307698 0.000355413 0.000387715 0.000410956 0.000440912 0.000502854 0.00063364 0.000887739 0.00134457 0.00212422 0.00364685 0.00838301 0.0238719 0.0562612 0.0926146 0.102747 0.076152 0.0375946 0.0123763 0.00274238 0.00041439 4.44411e-05 3.91441e-06 3.65997e-07 3.86822e-08 3.60547e-09 1.90815e-10 0 
0 1.34852e-09 1.30414e-08 6.69666e-08 2.54891e-07 7.95536e-07 2.12482e-06 4.96234e-06 1.02598e-05 1.89354e-05 3.1404e-05 4.71111e-05 6.44236e-05 8.11474e-05 9.56112e-05 0.000107932 0.000121074 0.000141718 0.000181642 0.000260981 0.000414884 0.000704335 0.00124441 0.00241858 0.0060722 0.0176301 0.0416617 0.0686286 0.076152 0.0564424 0.027861 0.00916559 0.0020217 0.000301577 3.15636e-05 2.66287e-06 2.37393e-07 2.46415e-08 2.30301e-09 1.22704e-10 0 
0 3.90986e-10 3.67443e-09 1.83452e-08 6.79817e-08 2.06986e-07 5.40728e-07 1.23901e-06 2.52231e-06 4.60161e-06 7.57656e-06 1.13391e-05 1.5561e-05 1.98274e-05 2.39135e-05 2.81416e-05 3.37707e-05 4.35064e-05 6.2462e-05 0.000100218 0.000174922 0.000320706 0.000608521 0.00126413 0.0032006 0.00893879 0.0207146 0.0339333 0.0375946 0.027861 0.0137675 0.00453968 0.00100195 0.000149205 1.56505e-05 1.34103e-06 1.23666e-07 1.32739e-08 1.2695e-09 6.8823e-11 0 
0 1.05932e-10 9.67854e-10 4.70038e-09 1.69638e-08 5.03964e-08 1.28769e-07 2.89425e-07 5.79887e-07 1.04518e-06 1.7076e-06 2.54923e-06 3.51353e-06 4.53994e-06 5.63417e-06 6.969e-06 9.02216e-06 1.28009e-05 2.02844e-05 3.53341e-05 6.54362e-05 0.000124816 0.00024282 0.000506118 0.00122247 0.00315996 0.00698129 0.0112336 0.0123763 0.00916559 0.00453968 0.00150256 0.000332925 5.00799e-05 5.4277e-06 5.047e-07 5.23074e-08 6.07635e-09 6.04848e-10 3.36753e-11 0 
0 2.67802e-11 2.38039e-10 1.12531e-09 3.95807e-09 1.14799e-08 2.87024e-08 6.33011e-08 1.24852e-07 2.22367e-07 3.60641e-07 5.37541e-07 7.45573e-07 9.80743e-07 1.26037e-06 1.65136e-06 2.31528e-06 3.58928e-06 6.14506e-06 1.12982e-05 2.15557e-05 4.14739e-05 7.95522e-05 0.000157324 0.000343411 0.000795174 0.00163019 0.00252729 0.00274238 0.0020217 0.00100195 0.000332925 7.45794e-05 1.15788e-05 1.36335e-06 1.49723e-07 1.8608e-08 2.39046e-09 2.49884e-10 1.43877e-11 0 
0 6.29431e-12 5.44783e-11 2.50936e-10 8.60983e-10 2.44011e-09 5.97448e-09 1.29381e-08 2.51381e-08 4.42763e-08 7.1359e-08 1.06381e-07 1.48937e-07 2.00436e-07 2.68543e-07 3.74797e-07 5.67891e-07 9.48258e-07 1.71472e-06 3.24837e-06 6.24336e-06 1.18617e-05 2.19237e-05 3.98901e-05 7.51255e-05 0.000147892 0.000270469 0.000393783 0.00041439 0.000301577 0.000149205 5.00799e-05 1.15788e-05 1.94496e-06 2.71221e-07 3.82307e-08 5.77866e-09 8.16091e-10 8.97584e-11 5.36957e-12 0 
0 1.36593e-12 1.15238e-11 5.1776e-11 1.73487e-10 4.80965e-10 1.15443e-09 2.45731e-09 4.70819e-09 8.21087e-09 1.31723e-08 1.96902e-08 2.79358e-08 3.8682e-08 5.43611e-08 8.09781e-08 1.31572e-07 2.32573e-07 4.35179e-07 8.33747e-07 1.58941e-06 2.94483e-06 5.20375e-06 8.71263e-06 1.40883e-05 2.25791e-05 3.44918e-05 4.4821e-05 4.44411e-05 3.15636e-05 1.56505e-05 5.4277e-06 1.36335e-06 2.71221e-07 4.9337e-08 9.03113e-09 1.591e-09 2.42459e-10 2.80275e-11 1.74715e-12 0 
0 2.70284e-13 2.22525e-12 9.76407e-12 3.19901e-11 8.68622e-11 2.04638e-10 4.28687e-10 8.11071e-10 1.40283e-09 2.24511e-09 3.37607e-09 4.8769e-09 6.9886e-09 1.03458e-08 1.641e-08 2.82564e-08 5.19698e-08 9.89497e-08 1.89147e-07 3.54076e-07 6.35693e-07 1.07408e-06 1.6819e-06 2.42769e-06 3.25123e-06 4.0242e-06 4.39381e-06 3.91441e-06 2.66287e-06 1.34103e-06 5.047e-07 1.49723e-07 3.82307e-08 9.03113e-09 1.98035e-09 3.84919e-10 6.23471e-11 7.56495e-12 4.92182e-13 0 
0 4.76611e-14 3.83386e-13 1.645e-12 5.27679e-12 1.4052e-11 3.2538e-11 6.71803e-11 1.25719e-10 2.16094e-10 3.45979e-10 5.25441e-10 7.76841e-10 1.15804e-09 1.80851e-09 3.03494e-09 5.46375e-09 1.02971e-08 1.96944e-08 3.72125e-08 6.79941e-08 1.1797e-07 1.91034e-07 2.83959e-07 3.81919e-07 4.60231e-07 4.9292e-07 4.61495e-07 3.65997e-07 2.37393e-07 1.23666e-07 5.23074e-08 1.8608e-08 5.77866e-09 1.591e-09 3.84919e-10 7.99254e-11 1.36513e-11 1.73664e-12 1.17983e-13 0 
0 7.15792e-15 5.63267e-14 2.36643e-13 7.44244e-13 1.94651e-12 4.43665e-12 9.04302e-12 1.67706e-11 2.87186e-11 4.61529e-11 7.11099e-11 1.08162e-10 1.68341e-10 2.76822e-10 4.86965e-10 9.04414e-10 1.72472e-09 3.28259e-09 6.09336e-09 1.08321e-08 1.81521e-08 2.82464e-08 4.02081e-08 5.15978e-08 5.89011e-08 5.91187e-08 5.15935e-08 3.86822e-08 2.46415e-08 1.32739e-08 6.07635e-09 2.39046e-09 8.16091e-10 2.42459e-10 6.23471e-11 1.36513e-11 2.44867e-12 3.26135e-13 2.3127e-14 0 
0 8.24675e-16 6.35637e-15 2.6183e-14 8.08481e-14 2.07982e-13 4.67379e-13 9.42167e-13 1.73543e-12 2.96929e-12 4.8084e-12 7.55226e-12 1.18725e-11 1.93183e-11 3.32843e-11 6.07289e-11 1.14974e-10 2.19702e-10 4.13347e-10 7.50915e-10 1.29691e-09 2.10066e-09 3.14993e-09 4.3169e-09 5.33944e-09 5.88967e-09 5.73227e-09 4.87868e-09 3.60547e-09 2.30301e-09 1.2695e-09 6.04848e-10 2.49884e-10 8.97584e-11 2.80275e-11 7.56495e-12 1.73664e-12 3.26135e-13 4.53913e-14 3.35602e-15 0 
0 5.19799e-17 3.92923e-16 1.58903e-15 4.82423e-15 1.22255e-14 2.71332e-14 5.42053e-14 9.94193e-14 1.70527e-13 2.7945e-13 4.49536e-13 7.32742e-13 1.24485e-12 2.23098e-12 4.17732e-12 7.98185e-12 1.51723e-11 2.80908e-11 4.98355e-11 8.36041e-11 1.3108e-10 1.89949e-10 2.51653e-10 3.01609e-10 3.2378e-10 3.08583e-10 2.59191e-10 1.90815e-10 1.22704e-10 6.8823e-11 3.36753e-11 1.43877e-11 5.36957e-12 1.74715e-12 4.92182e-13 1.17983e-13 2.3127e-14 3.35602e-15 2.58295e-16 0 
0 0 0 0 0 0 0 0 0 0 0 0 0 0 0 0 0 0 0 0 0 0 0 0 0 0 0 0 0 0 0 0 0 0 0 0 0 0 0 0 0 
