0 0 0 0 0 0 0 0 0 0 0 0 0 0 0 0 0 0 0 0 0 0 0 0 0 0 0 0 0 0 0 0 0 0 0 0 0 0 0 0 0 
0 1.97752e-07 1.76111e-06 7.74576e-06 2.32928e-05 5.32441e-05 9.83048e-05 0.000153764 0.000212097 0.000266451 0.000312351 0.000347612 0.000371564 0.000384328 0.000386374 0.00037831 0.00036083 0.000334754 0.000301142 0.000261456 0.000217711 0.000172527 0.000128961 9.00508e-05 5.81754e-05 3.44633e-05 1.85874e-05 9.08274e-06 4.01186e-06 1.60154e-06 5.78528e-07 1.89413e-07 5.62633e-08 1.51509e-08 3.68411e-09 8.01178e-10 1.52706e-10 2.44418e-11 2.96564e-12 1.9491e-13 0 
0 1.76111e-06 1.60269e-05 6.92741e-05 0.000194415 0.000395388 0.000631854 0.000854074 0.00103683 0.00117827 0.00128485 0.00136227 0.00141361 0.00144028 0.00144334 0.00142413 0.00138445 0.00132615 0.00125055 0.00115783 0.00104686 0.000916105 0.000765905 0.000601718 0.000436048 0.000286245 0.000167723 8.69228e-05 3.97372e-05 1.60683e-05 5.78106e-06 1.86278e-06 5.40386e-07 1.41484e-07 3.33759e-08 7.03668e-09 1.3007e-09 2.02094e-10 2.3836e-11 1.52521e-12 0 
0 7.74576e-06 6.92741e-05 0.000274643 0.000656668 0.00109775 0.00147262 0.00176619 0.00201156 0.00222838 0.00241709 0.00256992 0.00267862 0.00273772 0.00274557 0.00270429 0.00261939 0.00249892 0.00235253 0.00219001 0.00201923 0.00184335 0.00165781 0.00144974 0.00120445 0.000920856 0.00062601 0.000367995 0.000184398 7.88149e-05 2.90563e-05 9.37832e-06 2.68538e-06 6.88026e-07 1.58113e-07 3.24123e-08 5.82342e-09 8.80011e-10 1.01068e-10 6.30662e-12 0 
0 2.32928e-05 0.000194415 0.000656668 0.00127211 0.00179876 0.00223477 0.00265408 0.00307335 0.00347325 0.0038279 0.00411513 0.00431891 0.00442998 0.00444594 0.00437081 0.00421418 0.00399006 0.00371553 0.00340933 0.00309058 0.00277711 0.00248278 0.00221181 0.00195069 0.0016648 0.00131737 0.000915419 0.00053305 0.0002545 0.000100229 3.33016e-05 9.57036e-06 2.42395e-06 5.4618e-07 1.09353e-07 1.91619e-08 2.82413e-09 3.16588e-10 1.93066e-11 0 
0 5.32441e-05 0.000395388 0.00109775 0.00179876 0.0023999 0.00302046 0.00368393 0.00435363 0.00498587 0.00554185 0.00598993 0.00630711 0.00648006 0.00650551 0.00638968 0.00614714 0.00579891 0.0053704 0.00488916 0.00438294 0.00387809 0.00339855 0.00296435 0.00258708 0.00225757 0.00193041 0.00153597 0.0010556 0.000587458 0.000258429 9.14138e-05 2.69417e-05 6.83454e-06 1.52241e-06 2.9937e-07 5.13765e-08 7.40989e-09 8.13123e-10 4.85839e-11 0 
0 9.83048e-05 0.000631854 0.00147262 0.00223477 0.00302046 0.00390698 0.00485326 0.0057992 0.00668744 0.00746644 0.00809339 0.00853689 0.00877873 0.0088145 0.00865291 0.00831414 0.00782726 0.00722727 0.00655195 0.00583899 0.00512358 0.00443681 0.00380508 0.00324977 0.00278381 0.0023964 0.00202696 0.00157692 0.00102608 0.000519323 0.000201922 6.24742e-05 1.61089e-05 3.58e-06 6.9568e-07 1.17463e-07 1.66398e-08 1.79303e-09 1.05256e-10 0 
0 0.000153764 0.000854074 0.00176619 0.00265408 0.00368393 0.00485326 0.00609167 0.00732493 0.00848097 0.00949391 0.0103087 0.0108851 0.0111995 0.0112459 0.0110354 0.0105946 0.00996149 0.00918108 0.008302 0.00737263 0.00643789 0.00553689 0.00470173 0.00395764 0.00332372 0.002809 0.00239042 0.00197759 0.00145205 0.000846629 0.000369199 0.000122373 3.25312e-05 7.27888e-06 1.40639e-06 2.34702e-07 3.27782e-08 3.47944e-09 2.01244e-10 0 
0 0.000212097 0.00103683 0.00201156 0.00307335 0.00435363 0.0057992 0.00732493 0.00884228 0.0102637 0.0115089 0.0125128 0.0132288 0.0136243 0.013683 0.0134165 0.0128647 0.0120807 0.0111195 0.0100381 0.00889423 0.00774262 0.00663056 0.00559637 0.00466898 0.00386925 0.00321127 0.00269394 0.00226439 0.00178781 0.0011729 0.000575085 0.000206737 5.72963e-05 1.30086e-05 2.51289e-06 4.1624e-07 5.7513e-08 6.03288e-09 3.44746e-10 0 
0 0.000266451 0.00117827 0.00222838 0.00347325 0.00498587 0.00668744 0.00848097 0.0102637 0.0119335 0.0134015 0.0146032 0.0154823 0.0159759 0.01605 0.0157171 0.0150313 0.0140775 0.0129336 0.0116597 0.0103152 0.00896118 0.00765254 0.00643356 0.00533709 0.0043855 0.00359333 0.00296683 0.00248112 0.00202665 0.00144641 0.000787019 0.000307446 8.93688e-05 2.07006e-05 4.01501e-06 6.62472e-07 9.08487e-08 9.44408e-09 5.34615e-10 0 
0 0.000312351 0.00128485 0.00241709 0.0038279 0.00554185 0.00746644 0.00949391 0.0115089 0.0134015 0.0150879 0.0164886 0.0174794 0.0179959 0.0180693 0.0177266 0.0169745 0.0158674 0.0145345 0.0130774 0.0115545 0.0100236 0.00854363 0.00716389 0.00592081 0.00483841 0.00393101 0.00320602 0.0026528 0.00219155 0.00164972 0.000974862 0.000410703 0.000125214 2.96569e-05 5.79109e-06 9.54403e-07 1.30247e-07 1.34526e-08 7.56223e-10 0 
0 0.000347612 0.00136227 0.00256992 0.00411513 0.00598993 0.00809339 0.0103087 0.0125128 0.0146032 0.0164886 0.0179737 0.0189023 0.0193488 0.0194081 0.0191093 0.0184261 0.0173149 0.0158494 0.0142224 0.0125458 0.0108717 0.00925461 0.0077465 0.0063866 0.00520036 0.00420202 0.0033984 0.00278479 0.00230293 0.00178757 0.00112084 0.000502111 0.000159669 3.86299e-05 7.60153e-06 1.25354e-06 1.70601e-07 1.75461e-08 9.81618e-10 0 
0 0.000371564 0.00141361 0.00267862 0.00431891 0.00630711 0.00853689 0.0108851 0.0132288 0.0154823 0.0174794 0.0189023 0.0197282 0.0201199 0.020169 0.0199006 0.0192889 0.0182627 0.0167867 0.0150407 0.0132415 0.0114631 0.00974958 0.00815161 0.00671009 0.0054515 0.00439004 0.00353179 0.0028741 0.00237154 0.00187092 0.00121897 0.000570652 0.000187435 4.61427e-05 9.14416e-06 1.51023e-06 2.05305e-07 2.10662e-08 1.17523e-09 0 
0 0.000384328 0.00144028 0.00273772 0.00442998 0.00648006 0.00877873 0.0111995 0.0136243 0.0159759 0.0179959 0.0193488 0.0201199 0.0204852 0.0205285 0.0202725 0.019694 0.0187222 0.0172793 0.0154846 0.0136113 0.0117735 0.010008 0.00836206 0.00687717 0.00558028 0.00448548 0.00359835 0.00291681 0.00240177 0.00190898 0.00126987 0.000610023 0.000204441 5.09108e-05 1.01419e-05 1.67801e-06 2.28134e-07 2.33926e-08 1.30368e-09 0 
0 0.000386374 0.00144334 0.00274557 0.00444594 0.00650551 0.0088145 0.0112459 0.013683 0.01605 0.0180693 0.0194081 0.020169 0.0205285 0.0205689 0.0203124 0.0197363 0.0187705 0.0173324 0.0155297 0.0136438 0.0117972 0.0100252 0.00837381 0.00688428 0.00558348 0.00448535 0.0035952 0.00291101 0.00239539 0.0019075 0.00127643 0.00061814 0.000208617 5.21933e-05 1.04263e-05 1.72793e-06 2.35178e-07 2.41345e-08 1.34595e-09 0 
0 0.00037831 0.00142413 0.00270429 0.00437081 0.00638968 0.00865291 0.0110354 0.0134165 0.0157171 0.0177266 0.0191093 0.0199006 0.0202725 0.0203124 0.0200438 0.0194425 0.0184374 0.0169688 0.0151899 0.0133524 0.0115469 0.00981179 0.00819515 0.00673768 0.00546559 0.00439256 0.00352394 0.00285741 0.00235338 0.00186909 0.00124155 0.000596186 0.000200093 4.99618e-05 9.9842e-06 1.65725e-06 2.26031e-07 2.32499e-08 1.29976e-09 0 
0 0.00036083 0.00138445 0.00261939 0.00421418 0.00614714 0.00831414 0.0105946 0.0128647 0.0150313 0.0169745 0.0184261 0.0192889 0.019694 0.0197363 0.0194425 0.0187863 0.0177051 0.0162134 0.0145147 0.0127751 0.0110515 0.00939121 0.00784492 0.00645195 0.00523747 0.00421481 0.0033896 0.00275862 0.00227612 0.00179373 0.00116789 0.000548007 0.00018098 4.48618e-05 8.95373e-06 1.48902e-06 2.03775e-07 2.1046e-08 1.1817e-09 0 
0 0.000334754 0.00132615 0.00249892 0.00399006 0.00579891 0.00782726 0.00996149 0.0120807 0.0140775 0.0158674 0.0173149 0.0182627 0.0187222 0.0187705 0.0184374 0.0177051 0.0165678 0.0151387 0.0135767 0.0119635 0.0103515 0.00879687 0.00734993 0.00604784 0.00491444 0.00396283 0.003199 0.00261748 0.00216212 0.00167918 0.00105884 0.000479953 0.000154877 3.8009e-05 7.57586e-06 1.26389e-06 1.73887e-07 1.80724e-08 1.02156e-09 0 
0 0.000301142 0.00125055 0.00235253 0.00371553 0.0053704 0.00722727 0.00918108 0.0111195 0.0129336 0.0145345 0.0158494 0.0167867 0.0172793 0.0173324 0.0169688 0.0162134 0.0151387 0.0138556 0.0124472 0.0109735 0.00949475 0.00806848 0.00674195 0.00554966 0.00451412 0.00364834 0.00295848 0.00243438 0.00200632 0.00152231 0.000920647 0.000400785 0.000126191 3.06976e-05 6.12477e-06 1.02792e-06 1.42591e-07 1.49564e-08 8.53467e-10 0 
0 0.000261456 0.00115783 0.00219001 0.00340933 0.00488916 0.00655195 0.008302 0.0100381 0.0116597 0.0130774 0.0142224 0.0150407 0.0154846 0.0155297 0.0151899 0.0145147 0.0135767 0.0124472 0.0111889 0.00986378 0.00853247 0.00724845 0.00605466 0.00498276 0.00405405 0.00328163 0.00267088 0.00220392 0.00179931 0.00132256 0.000764893 0.000321077 9.93275e-05 2.41116e-05 4.84261e-06 8.21357e-07 1.15317e-07 1.2246e-08 7.07306e-10 0 
0 0.000217711 0.00104686 0.00201923 0.00309058 0.00438294 0.00583899 0.00737263 0.00889423 0.0103152 0.0115545 0.0125458 0.0132415 0.0136113 0.0136438 0.0133524 0.0127751 0.0119635 0.0109735 0.00986378 0.00869281 0.0075153 0.0063786 0.00532098 0.00437127 0.00354964 0.00286903 0.00233202 0.00191291 0.00153151 0.00108877 0.000609654 0.000251716 7.79155e-05 1.91205e-05 3.89787e-06 6.71534e-07 9.57045e-08 1.03044e-08 6.02627e-10 0 
0 0.000172527 0.000916105 0.00184335 0.00277711 0.00387809 0.00512358 0.00643789 0.00774262 0.00896118 0.0100236 0.0108717 0.0114631 0.0117735 0.0117972 0.0115469 0.0110515 0.0103515 0.00949475 0.00853247 0.0075153 0.00649009 0.00549755 0.0045711 0.0037366 0.00301295 0.00241166 0.00193196 0.00154979 0.00120867 0.000845788 0.000476446 0.000201483 6.4242e-05 1.61915e-05 3.37165e-06 5.90445e-07 8.52119e-08 9.26408e-09 5.45834e-10 0 
0 0.000128961 0.000765905 0.00165781 0.00248278 0.00339855 0.00443681 0.00553689 0.00663056 0.00765254 0.00854363 0.00925461 0.00974958 0.010008 0.0100252 0.00981179 0.00939121 0.00879687 0.00806848 0.00724845 0.0063786 0.00549755 0.0046391 0.00383148 0.00309782 0.00245673 0.00192062 0.00149084 0.00115415 0.000881951 0.000631477 0.000380393 0.00017394 5.88918e-05 1.53813e-05 3.25997e-06 5.75007e-07 8.31165e-08 9.02362e-09 5.30022e-10 0 
0 9.00508e-05 0.000601718 0.00144974 0.00221181 0.00296435 0.00380508 0.00470173 0.00559637 0.00643356 0.00716389 0.0077465 0.00815161 0.00836206 0.00837381 0.00819515 0.00784492 0.00734993 0.00674195 0.00605466 0.00532098 0.0045711 0.00383148 0.00312575 0.00247972 0.00192922 0.00150934 0.00120738 0.000955463 0.000713584 0.000502014 0.000322805 0.000164793 6.04171e-05 1.63176e-05 3.47372e-06 6.07429e-07 8.6644e-08 9.2724e-09 5.36994e-10 0 
0 5.81754e-05 0.000436048 0.00120445 0.00195069 0.00258708 0.00324977 0.00395764 0.00466898 0.00533709 0.00592081 0.0063866 0.00671009 0.00687717 0.00688428 0.00673768 0.00645195 0.00604784 0.00554966 0.00498276 0.00437127 0.0037366 0.00309782 0.00247972 0.00194369 0.00161941 0.00160257 0.00173378 0.00164846 0.00121106 0.000687425 0.00034607 0.00016955 6.57504e-05 1.81854e-05 3.83438e-06 6.55862e-07 9.13223e-08 9.55292e-09 5.41948e-10 0 
0 3.44633e-05 0.000286245 0.000920856 0.0016648 0.00225757 0.00278381 0.00332372 0.00386925 0.0043855 0.00483841 0.00520036 0.0054515 0.00558028 0.00558348 0.00546559 0.00523747 0.00491444 0.00451412 0.00405405 0.00354964 0.00301295 0.00245673 0.00192922 0.00161941 0.0019027 0.00299962 0.00433947 0.00473069 0.00340767 0.00173453 0.000641716 0.000214494 7.35674e-05 1.99692e-05 4.10052e-06 6.80057e-07 9.2039e-08 9.39178e-09 5.21454e-10 0 
0 1.85874e-05 0.000167723 0.00062601 0.00131737 0.00193041 0.0023964 0.002809 0.00321127 0.00359333 0.00393101 0.00420202 0.00439004 0.00448548 0.00448535 0.00439256 0.00421481 0.00396283 0.00364834 0.00328163 0.00286903 0.00241166 0.00192062 0.00150934 0.00160257 0.00299962 0.0062419 0.0111936 0.0125718 0.00855865 0.00400259 0.001355 0.000343063 8.64073e-05 2.08837e-05 4.05172e-06 6.4624e-07 8.50516e-08 8.49161e-09 4.63031e-10 0 
0 9.08274e-06 8.69228e-05 0.000367995 0.000915419 0.00153597 0.00202696 0.00239042 0.00269394 0.00296683 0.00320602 0.0033984 0.00353179 0.00359835 0.0035952 0.00352394 0.0033896 0.003199 0.00295848 0.00267088 0.00233202 0.00193196 0.00149084 0.00120738 0.00173378 0.00433947 0.0111936 0.0145604 0.0149507 0.0137062 0.00712154 0.00217186 0.000501564 9.98922e-05 2.01802e-05 3.57877e-06 5.4512e-07 7.00383e-08 6.88705e-09 3.71202e-10 0 
0 4.01186e-06 3.97372e-05 0.000184398 0.00053305 0.0010556 0.00157692 0.00197759 0.00226439 0.00248112 0.0026528 0.00278479 0.0028741 0.00291681 0.00291101 0.00285741 0.00275862 0.00261748 0.00243438 0.00220392 0.00191291 0.00154979 0.00115415 0.000955463 0.00164846 0.00473069 0.0125718 0.0149507 0.0152506 0.01424 0.00851389 0.00239198 0.000538477 9.69014e-05 1.69406e-05 2.73317e-06 3.98748e-07 5.04412e-08 4.93049e-09 2.64881e-10 0 
0 1.60154e-06 1.60683e-05 7.88149e-05 0.0002545 0.000587458 0.00102608 0.00145205 0.00178781 0.00202665 0.00219155 0.00230293 0.00237154 0.00240177 0.00239539 0.00235338 0.00227612 0.00216212 0.00200632 0.00179931 0.00153151 0.00120867 0.000881951 0.000713584 0.00121106 0.00340767 0.00855865 0.0137062 0.01424 0.0120376 0.00542717 0.00177209 0.000398937 7.05895e-05 1.14858e-05 1.74252e-06 2.48512e-07 3.14034e-08 3.08576e-09 1.66782e-10 0 
0 5.78528e-07 5.78106e-06 2.90563e-05 0.000100229 0.000258429 0.000519323 0.000846629 0.0011729 0.00144641 0.00164972 0.00178757 0.00187092 0.00190898 0.0019075 0.00186909 0.00179373 0.00167918 0.00152231 0.00132256 0.00108877 0.000845788 0.000631477 0.000502014 0.000687425 0.00173453 0.00400259 0.00712154 0.00851389 0.00542717 0.0026604 0.0008804 0.000203153 3.7272e-05 6.01413e-06 9.05902e-07 1.30691e-07 1.68083e-08 1.68023e-09 9.22229e-11 0 
0 1.89413e-07 1.86278e-06 9.37832e-06 3.33016e-05 9.14138e-05 0.000201922 0.000369199 0.000575085 0.000787019 0.000974862 0.00112084 0.00121897 0.00126987 0.00127643 0.00124155 0.00116789 0.00105884 0.000920647 0.000764893 0.000609654 0.000476446 0.000380393 0.000322805 0.00034607 0.000641716 0.001355 0.00217186 0.00239198 0.00177209 0.0008804 0.000297928 7.33115e-05 1.43776e-05 2.42431e-06 3.84143e-07 5.80591e-08 7.73366e-09 7.95028e-10 4.4692e-11 0 
0 5.62633e-08 5.40386e-07 2.68538e-06 9.57036e-06 2.69417e-05 6.24742e-05 0.000122373 0.000206737 0.000307446 0.000410703 0.000502111 0.000570652 0.000610023 0.00061814 0.000596186 0.000548007 0.000479953 0.000400785 0.000321077 0.000251716 0.000201483 0.00017394 0.000164793 0.00016955 0.000214494 0.000343063 0.000501564 0.000538477 0.000398937 0.000203153 7.33115e-05 1.97275e-05 4.2059e-06 7.79583e-07 1.35849e-07 2.19944e-08 3.06939e-09 3.27181e-10 1.89702e-11 0 
0 1.51509e-08 1.41484e-07 6.88026e-07 2.42395e-06 6.83454e-06 1.61089e-05 3.25312e-05 5.72963e-05 8.93688e-05 0.000125214 0.000159669 0.000187435 0.000204441 0.000208617 0.000200093 0.00018098 0.000154877 0.000126191 9.93275e-05 7.79155e-05 6.4242e-05 5.88918e-05 6.04171e-05 6.57504e-05 7.35674e-05 8.64073e-05 9.98922e-05 9.69014e-05 7.05895e-05 3.7272e-05 1.43776e-05 4.2059e-06 1.00256e-06 2.11906e-07 4.12199e-08 7.18158e-09 1.05499e-09 1.17242e-10 7.04861e-12 0 
0 3.68411e-09 3.33759e-08 1.58113e-07 5.4618e-07 1.52241e-06 3.58e-06 7.27888e-06 1.30086e-05 2.07006e-05 2.96569e-05 3.86299e-05 4.61427e-05 5.09108e-05 5.21933e-05 4.99618e-05 4.48618e-05 3.8009e-05 3.06976e-05 2.41116e-05 1.91205e-05 1.61915e-05 1.53813e-05 1.63176e-05 1.81854e-05 1.99692e-05 2.08837e-05 2.01802e-05 1.69406e-05 1.14858e-05 6.01413e-06 2.42431e-06 7.79583e-07 2.11906e-07 5.09473e-08 1.09106e-08 2.03244e-09 3.14509e-10 3.65521e-11 2.28678e-12 0 
0 8.01178e-10 7.03668e-09 3.24123e-08 1.09353e-07 2.9937e-07 6.9568e-07 1.40639e-06 2.51289e-06 4.01501e-06 5.79109e-06 7.60153e-06 9.14416e-06 1.01419e-05 1.04263e-05 9.9842e-06 8.95373e-06 7.57586e-06 6.12477e-06 4.84261e-06 3.89787e-06 3.37165e-06 3.25997e-06 3.47372e-06 3.83438e-06 4.10052e-06 4.05172e-06 3.57877e-06 2.73317e-06 1.74252e-06 9.05902e-07 3.84143e-07 1.35849e-07 4.12199e-08 1.09106e-08 2.51626e-09 4.97259e-10 8.09885e-11 9.85691e-12 6.43018e-13 0 
0 1.52706e-10 1.3007e-09 5.82342e-09 1.91619e-08 5.13765e-08 1.17463e-07 2.34702e-07 4.1624e-07 6.62472e-07 9.54403e-07 1.25354e-06 1.51023e-06 1.67801e-06 1.72793e-06 1.65725e-06 1.48902e-06 1.26389e-06 1.02792e-06 8.21357e-07 6.71534e-07 5.90445e-07 5.75007e-07 6.07429e-07 6.55862e-07 6.80057e-07 6.4624e-07 5.4512e-07 3.98748e-07 2.48512e-07 1.30691e-07 5.80591e-08 2.19944e-08 7.18158e-09 2.03244e-09 4.97259e-10 1.03682e-10 1.77477e-11 2.26207e-12 1.53983e-13 0 
0 2.44418e-11 2.02094e-10 8.80011e-10 2.82413e-09 7.40989e-09 1.66398e-08 3.27782e-08 5.7513e-08 9.08487e-08 1.30247e-07 1.70601e-07 2.05305e-07 2.28134e-07 2.35178e-07 2.26031e-07 2.03775e-07 1.73887e-07 1.42591e-07 1.15317e-07 9.57045e-08 8.52119e-08 8.31165e-08 8.6644e-08 9.13223e-08 9.2039e-08 8.50516e-08 7.00383e-08 5.04412e-08 3.14034e-08 1.68083e-08 7.73366e-09 3.06939e-09 1.05499e-09 3.14509e-10 8.09885e-11 1.77477e-11 3.18639e-12 4.24882e-13 3.01712e-14 0 
0 2.96564e-12 2.3836e-11 1.01068e-10 3.16588e-10 8.13123e-10 1.79303e-09 3.47944e-09 6.03288e-09 9.44408e-09 1.34526e-08 1.75461e-08 2.10662e-08 2.33926e-08 2.41345e-08 2.32499e-08 2.1046e-08 1.80724e-08 1.49564e-08 1.2246e-08 1.03044e-08 9.26408e-09 9.02362e-09 9.2724e-09 9.55292e-09 9.39178e-09 8.49161e-09 6.88705e-09 4.93049e-09 3.08576e-09 1.68023e-09 7.95028e-10 3.27181e-10 1.17242e-10 3.65521e-11 9.85691e-12 2.26207e-12 4.24882e-13 5.91683e-14 4.37846e-15 0 
0 1.9491e-13 1.52521e-12 6.30662e-12 1.93066e-11 4.85839e-11 1.05256e-10 2.01244e-10 3.44746e-10 5.34615e-10 7.56223e-10 9.81618e-10 1.17523e-09 1.30368e-09 1.34595e-09 1.29976e-09 1.1817e-09 1.02156e-09 8.53467e-10 7.07306e-10 6.02627e-10 5.45834e-10 5.30022e-10 5.36994e-10 5.41948e-10 5.21454e-10 4.63031e-10 3.71202e-10 2.64881e-10 1.66782e-10 9.22229e-11 4.4692e-11 1.89702e-11 7.04861e-12 2.28678e-12 6.43018e-13 1.53983e-13 3.01712e-14 4.37846e-15 3.37128e-16 0 
0 0 0 0 0 0 0 0 0 0 0 0 0 0 0 0 0 0 0 0 0 0 0 0 0 0 0 0 0 0 0 0 0 0 0 0 0 0 0 0 0 
