0 0 0 0 0 0 0 0 0 0 0 0 0 0 0 0 0 0 0 0 0 0 0 0 0 0 0 0 0 0 0 0 0 0 0 0 0 0 0 0 0 
0 2.00053e-07 1.77596e-06 7.76239e-06 2.31239e-05 5.224e-05 9.52349e-05 0.000147155 0.000200808 0.000250042 0.000291104 0.000322343 0.000343408 0.000354564 0.000356303 0.000349182 0.000333778 0.000310736 0.00028088 0.000245369 0.000205858 0.000164588 0.000124281 8.77654e-05 5.73884e-05 3.44257e-05 1.88008e-05 9.29813e-06 4.15298e-06 1.67452e-06 6.10198e-07 2.01284e-07 6.01688e-08 1.62885e-08 3.97809e-09 8.68223e-10 1.6597e-10 2.66281e-11 3.23714e-12 2.13087e-13 0 
0 1.77596e-06 1.6077e-05 6.87376e-05 0.000189745 0.000378322 0.000592894 0.000788326 0.000945279 0.00106516 0.00115516 0.00122066 0.00126421 0.00128685 0.00128933 0.00127279 0.00123883 0.00118919 0.00112515 0.00104687 0.000953141 0.000841927 0.000712367 0.000567852 0.00041843 0.000279683 0.000166911 8.80302e-05 4.08823e-05 1.67555e-05 6.0956e-06 1.98175e-06 5.78995e-07 1.52446e-07 3.61217e-08 7.64226e-09 1.41652e-09 2.20568e-10 2.60592e-11 1.66972e-12 0 
0 7.76239e-06 6.87376e-05 0.000267289 0.000622393 0.00101365 0.00133382 0.00158184 0.00179176 0.00198014 0.00214569 0.00228042 0.00237646 0.00242872 0.00243565 0.00239912 0.00232402 0.00221761 0.00208864 0.00194616 0.0017978 0.00164721 0.00149112 0.00131792 0.00111212 0.000867786 0.000604187 0.000364138 0.000186784 8.14429e-05 3.05031e-05 9.9634e-06 2.87814e-06 7.42204e-07 1.71383e-07 3.52579e-08 6.35166e-09 9.61772e-10 1.10627e-10 6.9112e-12 0 
0 2.31239e-05 0.000189745 0.000622393 0.00116814 0.00161673 0.00198974 0.00235615 0.00272639 0.00308064 0.00339509 0.00364981 0.00383054 0.00392905 0.0039432 0.00387657 0.00373765 0.00353889 0.00329543 0.00302397 0.00274157 0.00246449 0.00220596 0.00197156 0.00175157 0.00151563 0.0012255 0.000875888 0.000525967 0.000258402 0.000104155 3.52026e-05 1.02378e-05 2.61419e-06 5.92344e-07 1.19058e-07 2.09197e-08 3.08926e-09 3.46803e-10 2.11713e-11 0 
0 5.224e-05 0.000378322 0.00101365 0.00161673 0.00213422 0.00267988 0.00326748 0.00386134 0.00442207 0.00491518 0.00531259 0.0055939 0.0057473 0.00576987 0.00566714 0.00545203 0.00514318 0.00476312 0.0043363 0.00388733 0.00343962 0.00301456 0.00263054 0.00229963 0.0020173 0.00174661 0.00142157 0.00100864 0.000581582 0.000264141 9.57369e-05 2.86898e-05 7.35705e-06 1.65021e-06 3.25966e-07 5.61084e-08 8.10875e-09 8.91051e-10 5.32924e-11 0 
0 9.52349e-05 0.000592894 0.00133382 0.00198974 0.00267988 0.00346525 0.00430446 0.00514343 0.00593122 0.00662214 0.0071782 0.00757155 0.00778604 0.00781776 0.00767444 0.00737398 0.00694216 0.00641001 0.00581106 0.00517872 0.00454421 0.00393511 0.00337492 0.00288305 0.00247275 0.00213896 0.00183327 0.00146332 0.000987406 0.000519478 0.000208644 6.60447e-05 1.72787e-05 3.87426e-06 7.5698e-07 1.2825e-07 1.82078e-08 1.96482e-09 1.15453e-10 0 
0 0.000147155 0.000788326 0.00158184 0.00235615 0.00326748 0.00430446 0.00540282 0.00649663 0.00752195 0.00842035 0.00914309 0.00965455 0.00993382 0.00997505 0.00978804 0.00939677 0.00883508 0.00814289 0.00736321 0.00653894 0.0057099 0.00491078 0.00417006 0.0035102 0.0029486 0.00249555 0.00213657 0.00179754 0.00136194 0.000827357 0.00037528 0.000128129 3.47171e-05 7.85692e-06 1.52828e-06 2.56067e-07 3.585e-08 3.81143e-09 2.20669e-10 0 
0 0.000200808 0.000945279 0.00179176 0.00272639 0.00386134 0.00514343 0.00649663 0.0078424 0.00910307 0.0102079 0.0111006 0.0117415 0.012099 0.0121526 0.0119114 0.0114154 0.0107161 0.00986234 0.00890297 0.00788848 0.00686708 0.00588078 0.00496353 0.00414102 0.00343184 0.00284932 0.00239612 0.0020336 0.00164457 0.00112176 0.000574494 0.000214079 6.07704e-05 1.39954e-05 2.72566e-06 4.53616e-07 6.2853e-08 6.60434e-09 3.77814e-10 0 
0 0.000250042 0.00106516 0.00198014 0.00308064 0.00442207 0.00593122 0.00752195 0.00910307 0.0105846 0.0118914 0.0129737 0.0137775 0.01423 0.0142985 0.013995 0.0133664 0.012499 0.011474 0.0103415 0.00914877 0.00794786 0.00678719 0.00570606 0.00473357 0.00388961 0.00318734 0.00263413 0.00221454 0.00184026 0.0013593 0.000773508 0.000314772 9.41583e-05 2.21886e-05 4.34563e-06 7.20962e-07 9.91837e-08 1.03302e-08 5.85474e-10 0 
0 0.000291104 0.00115516 0.00214569 0.00339509 0.00491518 0.00662214 0.00842035 0.0102079 0.0118914 0.0134087 0.014681 0.0155571 0.0159976 0.0160597 0.0157704 0.0151166 0.0141184 0.0129072 0.0116016 0.0102482 0.00889016 0.00757752 0.0063538 0.00525129 0.00429129 0.0034866 0.00284471 0.00236081 0.00197427 0.00153044 0.000945026 0.000416102 0.000131071 3.16702e-05 6.25396e-06 1.03712e-06 1.42037e-07 1.4701e-08 8.27476e-10 0 
0 0.000322343 0.00122066 0.00228042 0.00364981 0.00531259 0.0071782 0.00914309 0.0111006 0.0129737 0.014681 0.0159776 0.0167448 0.0171071 0.0171553 0.0169133 0.0163535 0.0154097 0.0140987 0.0126265 0.0111288 0.00964241 0.00820811 0.00687053 0.0056644 0.00461231 0.0037269 0.00301473 0.00247484 0.00206509 0.00164379 0.00107512 0.000504278 0.000166184 4.11116e-05 8.19169e-06 1.36017e-06 1.85829e-07 1.91555e-08 1.07315e-09 0 
0 0.000343408 0.00126421 0.00237646 0.00383054 0.0055939 0.00757155 0.00965455 0.0117415 0.0137775 0.0155571 0.0167448 0.0174127 0.0177285 0.0177684 0.017552 0.0170568 0.0162137 0.0149415 0.0133675 0.0117493 0.0101672 0.00864711 0.00722983 0.00595131 0.00483505 0.00389364 0.00313279 0.00255258 0.00212127 0.00171101 0.00116078 0.000569414 0.000194213 4.89691e-05 9.83592e-06 1.63648e-06 2.23381e-07 2.29755e-08 1.2836e-09 0 
0 0.000354564 0.00128685 0.00242872 0.00392905 0.0057473 0.00778604 0.00993382 0.012099 0.01423 0.0159976 0.0171071 0.0177285 0.0180231 0.0180584 0.017852 0.0173844 0.0165924 0.0153737 0.0137724 0.0120813 0.0104429 0.00887629 0.00741648 0.00609951 0.00494926 0.00397828 0.00319173 0.00258979 0.00214571 0.00174077 0.00120425 0.000606283 0.000211208 5.39197e-05 1.0893e-05 1.8161e-06 2.47953e-07 2.54867e-08 1.42248e-09 0 
0 0.000356303 0.00128933 0.00243565 0.0039432 0.00576987 0.00781776 0.00997505 0.0121526 0.0142985 0.0160597 0.0171553 0.0177684 0.0180584 0.0180913 0.0178843 0.0174185 0.0166319 0.0154204 0.013815 0.012111 0.010464 0.00889158 0.0074269 0.00610581 0.0049521 0.00397816 0.00318891 0.00258448 0.00213937 0.00173804 0.00120888 0.000613432 0.000215225 5.5211e-05 1.1186e-05 1.86811e-06 2.55333e-07 2.62659e-08 1.46691e-09 0 
0 0.000349182 0.00127279 0.00239912 0.00387657 0.00566714 0.00767444 0.00978804 0.0119114 0.013995 0.0157704 0.0169133 0.017552 0.017852 0.0178843 0.0176675 0.0171806 0.0163578 0.0151049 0.0135072 0.0118498 0.0102418 0.00870229 0.00726845 0.00597578 0.00484755 0.00389587 0.00312575 0.00253719 0.00210287 0.00170483 0.00117732 0.000592107 0.000206441 5.2822e-05 1.07021e-05 1.78971e-06 2.45092e-07 2.5268e-08 1.41443e-09 0 
0 0.000333778 0.00123883 0.00232402 0.00373765 0.00545203 0.00737398 0.00939677 0.0114154 0.0133664 0.0151166 0.0163535 0.0170568 0.0173844 0.0174185 0.0171806 0.016646 0.0157445 0.0144332 0.0128943 0.0113339 0.009802 0.00832926 0.00695782 0.00572237 0.00464522 0.00373823 0.00300671 0.00245026 0.00203648 0.00164071 0.00111137 0.000545691 0.000186918 4.74196e-05 9.58787e-06 1.60564e-06 2.20561e-07 2.28257e-08 1.283e-09 0 
0 0.000310736 0.00118919 0.00221761 0.00353889 0.00514318 0.00694216 0.00883508 0.0107161 0.012499 0.0141184 0.0154097 0.0162137 0.0165924 0.0166319 0.0163578 0.0157445 0.0147516 0.0134583 0.0120494 0.0106116 0.00918098 0.00780212 0.0065188 0.00536395 0.00435872 0.00351476 0.0028379 0.00232638 0.00193893 0.00154294 0.00101295 0.000479713 0.000160169 4.01525e-05 8.09795e-06 1.35944e-06 1.87638e-07 1.95327e-08 1.10485e-09 0 
0 0.00028088 0.00112515 0.00208864 0.00329543 0.00476312 0.00641001 0.00814289 0.00986234 0.011474 0.0129072 0.0140987 0.0149415 0.0153737 0.0154204 0.0151049 0.0144332 0.0134583 0.0122988 0.0110414 0.00973278 0.00842109 0.0071561 0.00597957 0.00492211 0.00400367 0.00323589 0.00262507 0.00216612 0.00180547 0.0014072 0.000886169 0.000402007 0.000130541 3.23582e-05 6.52233e-06 1.10035e-06 1.53015e-07 1.60651e-08 9.16831e-10 0 
0 0.000245369 0.00104687 0.00194616 0.00302397 0.0043363 0.00581106 0.00736321 0.00890297 0.0103415 0.0116016 0.0126265 0.0133675 0.0137724 0.013815 0.0135072 0.0128943 0.0120494 0.0110414 0.00992385 0.00874839 0.00756762 0.0064288 0.00537 0.00441931 0.00359564 0.00291081 0.00237091 0.00196472 0.00162655 0.00123041 0.00074 0.00032244 0.00010246 2.52694e-05 5.11729e-06 8.71312e-07 1.2251e-07 1.30117e-08 7.51095e-10 0 
0 0.000205858 0.000953141 0.0017978 0.00274157 0.00388733 0.00517872 0.00653894 0.00788848 0.00914877 0.0102482 0.0111288 0.0117493 0.0120813 0.012111 0.0118498 0.0113339 0.0106116 0.00973278 0.00874839 0.00770983 0.00666548 0.00565731 0.00471928 0.00387697 0.00314832 0.0025452 0.00207177 0.00170954 0.00139063 0.00101721 0.00059022 0.000251652 7.96504e-05 1.9796e-05 4.06071e-06 7.01329e-07 1e-07 1.07611e-08 6.28669e-10 0 
0 0.000164588 0.000841927 0.00164721 0.00246449 0.00343962 0.00454421 0.0057099 0.00686708 0.00794786 0.00889016 0.00964241 0.0101672 0.0104429 0.010464 0.0102418 0.009802 0.00918098 0.00842109 0.00756762 0.00666548 0.00575619 0.00487589 0.0040542 0.00331409 0.00267245 0.00214013 0.00171809 0.00138747 0.00109859 0.000788144 0.00045745 0.000198662 6.45098e-05 1.64259e-05 3.43686e-06 6.02906e-07 8.7024e-08 9.45548e-09 5.56603e-10 0 
0 0.000124281 0.000712367 0.00149112 0.00220596 0.00301456 0.00393511 0.00491078 0.00588078 0.00678719 0.00757752 0.00820811 0.00864711 0.00887629 0.00889158 0.00870229 0.00832926 0.00780212 0.0071561 0.0064288 0.00565731 0.00487589 0.00411451 0.00339823 0.00274762 0.00217937 0.00170487 0.00132573 0.00103088 0.000795668 0.000580167 0.000358039 0.000167547 5.76821e-05 1.52128e-05 3.23994e-06 5.72668e-07 8.2836e-08 8.99361e-09 5.28145e-10 0 
0 8.77654e-05 0.000567852 0.00131792 0.00197156 0.00263054 0.00337492 0.00417006 0.00496353 0.00570606 0.0063538 0.00687053 0.00722983 0.00741648 0.0074269 0.00726845 0.00695782 0.0065188 0.00597957 0.00537 0.00471928 0.0040542 0.00339823 0.00277237 0.00219956 0.00171155 0.00133928 0.00107156 0.000848497 0.00063529 0.000450921 0.000295607 0.000154509 5.77204e-05 1.57701e-05 3.37781e-06 5.92457e-07 8.46354e-08 9.06454e-09 5.25203e-10 0 
0 5.73884e-05 0.00041843 0.00111212 0.00175157 0.00229963 0.00288305 0.0035102 0.00414102 0.00473357 0.00525129 0.0056644 0.00595131 0.00609951 0.00610581 0.00597578 0.00572237 0.00536395 0.00492211 0.00441931 0.00387697 0.00331409 0.00274762 0.00219956 0.0017242 0.00143643 0.00142138 0.00153774 0.00146206 0.00107415 0.000610066 0.000309201 0.000154837 6.15083e-05 1.72775e-05 3.67263e-06 6.30714e-07 8.80016e-08 9.21667e-09 5.23308e-10 0 
0 3.44257e-05 0.000279683 0.000867786 0.00151563 0.0020173 0.00247275 0.0029486 0.00343184 0.00388961 0.00429129 0.00461231 0.00483505 0.00494926 0.0049521 0.00484755 0.00464522 0.00435872 0.00400367 0.00359564 0.00314832 0.00267245 0.00217937 0.00171155 0.00143643 0.00168755 0.00266042 0.00386041 0.00426681 0.00302236 0.00153839 0.000569317 0.000191862 6.75203e-05 1.87286e-05 3.88921e-06 6.48326e-07 8.79572e-08 8.98742e-09 4.9947e-10 0 
0 1.88008e-05 0.000166911 0.000604187 0.0012255 0.00174661 0.00213896 0.00249555 0.00284932 0.00318734 0.0034866 0.0037269 0.00389364 0.00397828 0.00397816 0.00389587 0.00373823 0.00351476 0.00323589 0.00291081 0.0025452 0.00214013 0.00170487 0.00133928 0.00142138 0.00266042 0.00555296 0.0100734 0.0111821 0.00774887 0.00355 0.00120178 0.000304661 7.80507e-05 1.93682e-05 3.81629e-06 6.12797e-07 8.08758e-08 8.08588e-09 4.41308e-10 0 
0 9.29813e-06 8.80302e-05 0.000364138 0.000875888 0.00142157 0.00183327 0.00213657 0.00239612 0.00263413 0.00284471 0.00301473 0.00313279 0.00319173 0.00318891 0.00312575 0.00300671 0.0028379 0.00262507 0.00237091 0.00207177 0.00171809 0.00132573 0.00107156 0.00153774 0.00386041 0.0100734 0.0126902 0.0130048 0.012007 0.00647374 0.00192627 0.000444948 8.94454e-05 1.85465e-05 3.35288e-06 5.15123e-07 6.63987e-08 6.53818e-09 3.52693e-10 0 
0 4.15298e-06 4.08823e-05 0.000186784 0.000525967 0.00100864 0.00146332 0.00179754 0.0020336 0.00221454 0.00236081 0.00247484 0.00255258 0.00258979 0.00258448 0.00253719 0.00245026 0.00232638 0.00216612 0.00196472 0.00170954 0.00138747 0.00103088 0.000848497 0.00146206 0.00426681 0.0111821 0.0130048 0.0132403 0.0124181 0.00775311 0.00212152 0.000477643 8.65262e-05 1.54879e-05 2.55145e-06 3.75979e-07 4.77318e-08 4.67192e-09 2.51177e-10 0 
0 1.67452e-06 1.67555e-05 8.14429e-05 0.000258402 0.000581582 0.000987406 0.00136194 0.00164457 0.00184026 0.00197427 0.00206509 0.00212127 0.00214571 0.00213937 0.00210287 0.00203648 0.00193893 0.00180547 0.00162655 0.00139063 0.00109859 0.000795668 0.00063529 0.00107415 0.00302236 0.00774887 0.012007 0.0124181 0.0107771 0.00484787 0.0015717 0.000353913 6.30816e-05 1.04925e-05 1.6245e-06 2.34068e-07 2.96846e-08 2.92047e-09 1.5795e-10 0 
0 6.10198e-07 6.0956e-06 3.05031e-05 0.000104155 0.000264141 0.000519478 0.000827357 0.00112176 0.0013593 0.00153044 0.00164379 0.00171101 0.00174077 0.00173804 0.00170483 0.00164071 0.00154294 0.0014072 0.00123041 0.00101721 0.000788144 0.000580167 0.000450921 0.000610066 0.00153839 0.00355 0.00647374 0.00775311 0.00484787 0.00235956 0.000780853 0.000180384 3.34446e-05 5.5113e-06 8.45427e-07 1.23086e-07 1.58795e-08 1.58903e-09 8.72641e-11 0 
0 2.01284e-07 1.98175e-06 9.9634e-06 3.52026e-05 9.57369e-05 0.000208644 0.00037528 0.000574494 0.000773508 0.000945026 0.00107512 0.00116078 0.00120425 0.00120888 0.00117732 0.00111137 0.00101295 0.000886169 0.00074 0.00059022 0.00045745 0.000358039 0.000295607 0.000309201 0.000569317 0.00120178 0.00192627 0.00212152 0.0015717 0.000780853 0.000264352 6.53556e-05 1.30046e-05 2.2355e-06 3.59507e-07 5.47138e-08 7.30472e-09 7.51518e-10 4.22645e-11 0 
0 6.01688e-08 5.78995e-07 2.87814e-06 1.02378e-05 2.86898e-05 6.60447e-05 0.000128129 0.000214079 0.000314772 0.000416102 0.000504278 0.000569414 0.000606283 0.000613432 0.000592107 0.000545691 0.000479713 0.000402007 0.00032244 0.000251652 0.000198662 0.000167547 0.000154509 0.000154837 0.000191862 0.000304661 0.000444948 0.000477643 0.000353913 0.000180384 6.53556e-05 1.77692e-05 3.8482e-06 7.24583e-07 1.2757e-07 2.0744e-08 2.89897e-09 3.09182e-10 1.79327e-11 0 
0 1.62885e-08 1.52446e-07 7.42204e-07 2.61419e-06 7.35705e-06 1.72787e-05 3.47171e-05 6.07704e-05 9.41583e-05 0.000131071 0.000166184 0.000194213 0.000211208 0.000215225 0.000206441 0.000186918 0.000160169 0.000130541 0.00010246 7.96504e-05 6.45098e-05 5.76821e-05 5.77204e-05 6.15083e-05 6.75203e-05 7.80507e-05 8.94454e-05 8.65262e-05 6.30816e-05 3.34446e-05 1.30046e-05 3.8482e-06 9.29087e-07 1.9842e-07 3.88163e-08 6.77765e-09 9.96406e-10 1.10771e-10 6.66135e-12 0 
0 3.97809e-09 3.61217e-08 1.71383e-07 5.92344e-07 1.65021e-06 3.87426e-06 7.85692e-06 1.39954e-05 2.21886e-05 3.16702e-05 4.11116e-05 4.89691e-05 5.39197e-05 5.5211e-05 5.2822e-05 4.74196e-05 4.01525e-05 3.23582e-05 2.52694e-05 1.9796e-05 1.64259e-05 1.52128e-05 1.57701e-05 1.72775e-05 1.87286e-05 1.93682e-05 1.85465e-05 1.54879e-05 1.04925e-05 5.5113e-06 2.2355e-06 7.24583e-07 1.9842e-07 4.79422e-08 1.02914e-08 1.91885e-09 2.97043e-10 3.45306e-11 2.16076e-12 0 
0 8.68223e-10 7.64226e-09 3.52579e-08 1.19058e-07 3.25966e-07 7.5698e-07 1.52828e-06 2.72566e-06 4.34563e-06 6.25396e-06 8.19169e-06 9.83592e-06 1.0893e-05 1.1186e-05 1.07021e-05 9.58787e-06 8.09795e-06 6.52233e-06 5.11729e-06 4.06071e-06 3.43686e-06 3.23994e-06 3.37781e-06 3.67263e-06 3.88921e-06 3.81629e-06 3.35288e-06 2.55145e-06 1.6245e-06 8.45427e-07 3.59507e-07 1.2757e-07 3.88163e-08 1.02914e-08 2.37528e-09 4.69558e-10 7.6492e-11 9.31119e-12 6.07515e-13 0 
0 1.6597e-10 1.41652e-09 6.35166e-09 2.09197e-08 5.61084e-08 1.2825e-07 2.56067e-07 4.53616e-07 7.20962e-07 1.03712e-06 1.36017e-06 1.63648e-06 1.8161e-06 1.86811e-06 1.78971e-06 1.60564e-06 1.35944e-06 1.10035e-06 8.71312e-07 7.01329e-07 6.02906e-07 5.72668e-07 5.92457e-07 6.30714e-07 6.48326e-07 6.12797e-07 5.15123e-07 3.75979e-07 2.34068e-07 1.23086e-07 5.47138e-08 2.0744e-08 6.77765e-09 1.91885e-09 4.69558e-10 9.79178e-11 1.67629e-11 2.13678e-12 1.45472e-13 0 
0 2.66281e-11 2.20568e-10 9.61772e-10 3.08926e-09 8.10875e-09 1.82078e-08 3.585e-08 6.2853e-08 9.91837e-08 1.42037e-07 1.85829e-07 2.23381e-07 2.47953e-07 2.55333e-07 2.45092e-07 2.20561e-07 1.87638e-07 1.53015e-07 1.2251e-07 1e-07 8.7024e-08 8.2836e-08 8.46354e-08 8.80016e-08 8.79572e-08 8.08758e-08 6.63987e-08 4.77318e-08 2.96846e-08 1.58795e-08 7.30472e-09 2.89897e-09 9.96406e-10 2.97043e-10 7.6492e-11 1.67629e-11 3.00974e-12 4.01354e-13 2.85028e-14 0 
0 3.23714e-12 2.60592e-11 1.10627e-10 3.46803e-10 8.91051e-10 1.96482e-09 3.81143e-09 6.60434e-09 1.03302e-08 1.4701e-08 1.91555e-08 2.29755e-08 2.54867e-08 2.62659e-08 2.5268e-08 2.28257e-08 1.95327e-08 1.60651e-08 1.30117e-08 1.07611e-08 9.45548e-09 8.99361e-09 9.06454e-09 9.21667e-09 8.98742e-09 8.08588e-09 6.53818e-09 4.67192e-09 2.92047e-09 1.58903e-09 7.51518e-10 3.09182e-10 1.10771e-10 3.45306e-11 9.31119e-12 2.13678e-12 4.01354e-13 5.58938e-14 4.13636e-15 0 
0 2.13087e-13 1.66972e-12 6.9112e-12 2.11713e-11 5.32924e-11 1.15453e-10 2.20669e-10 3.77814e-10 5.85474e-10 8.27476e-10 1.07315e-09 1.2836e-09 1.42248e-09 1.46691e-09 1.41443e-09 1.283e-09 1.10485e-09 9.16831e-10 7.51095e-10 6.28669e-10 5.56603e-10 5.28145e-10 5.25203e-10 5.23308e-10 4.9947e-10 4.41308e-10 3.52693e-10 2.51177e-10 1.5795e-10 8.72641e-11 4.22645e-11 1.79327e-11 6.66135e-12 2.16076e-12 6.07515e-13 1.45472e-13 2.85028e-14 4.13636e-15 3.18496e-16 0 
0 0 0 0 0 0 0 0 0 0 0 0 0 0 0 0 0 0 0 0 0 0 0 0 0 0 0 0 0 0 0 0 0 0 0 0 0 0 0 0 0 
