0 0 0 0 0 0 0 0 0 0 0 0 0 0 0 0 0 0 0 0 0 0 0 0 0 0 0 0 0 0 0 0 0 0 0 0 0 0 0 0 0 
0 1.34238e-07 1.2223e-06 5.61964e-06 1.80919e-05 4.51448e-05 9.19218e-05 0.000158504 0.000238907 0.000323483 0.000402402 0.00046794 0.000515145 0.000541534 0.000546522 0.000530945 0.000496779 0.000447011 0.000385592 0.00031734 0.000247656 0.000181968 0.000124913 7.94995e-05 4.65883e-05 2.50022e-05 1.22439e-05 5.4626e-06 2.22038e-06 8.23185e-07 2.78791e-07 8.63622e-08 2.44763e-08 6.3362e-09 1.49091e-09 3.15533e-10 5.8812e-11 9.24254e-12 1.10478e-12 7.17263e-14 0 
0 1.2223e-06 1.15241e-05 5.37042e-05 0.000169708 0.000400851 0.000749243 0.0011659 0.0015836 0.00195312 0.00225194 0.00247482 0.00262364 0.00270209 0.00271408 0.00266358 0.00255455 0.00239089 0.00217658 0.00191657 0.00161879 0.00129704 0.000972797 0.000673255 0.000424242 0.000240873 0.000122482 5.57022e-05 2.27116e-05 8.34071e-06 2.77313e-06 8.38383e-07 2.31082e-07 5.80732e-08 1.32578e-08 2.72301e-09 4.9295e-10 7.53304e-11 8.76797e-12 5.55129e-13 0 
0 5.61964e-06 5.37042e-05 0.000243738 0.000710266 0.00147237 0.00236259 0.00319254 0.00388853 0.00445598 0.00491208 0.0052625 0.00550453 0.00563447 0.00565226 0.0055632 0.00537763 0.00510911 0.00477166 0.0043761 0.00392652 0.00341942 0.00284968 0.0022262 0.00158976 0.00101249 0.000564746 0.000273782 0.000115672 4.29959e-05 1.42246e-05 4.2318e-06 1.14022e-06 2.79124e-07 6.19756e-08 1.23767e-08 2.1797e-09 3.24375e-10 3.68153e-11 2.27618e-12 0 
0 1.80919e-05 0.000169708 0.000710266 0.00178553 0.00311102 0.00433165 0.00538366 0.00632609 0.0071796 0.00792234 0.00851995 0.00894295 0.00917333 0.00920645 0.0090507 0.00872583 0.00826045 0.00768884 0.00704694 0.00636725 0.0056713 0.00496004 0.00420822 0.00337935 0.00247549 0.00158822 0.000865699 0.000396828 0.000154356 5.19263e-05 1.54062e-05 4.09168e-06 9.81006e-07 2.12667e-07 4.14176e-08 7.11349e-09 1.0331e-09 1.14556e-10 6.92882e-12 0 
0 4.51448e-05 0.000400851 0.00147237 0.00311102 0.00472914 0.00619414 0.00761712 0.00901391 0.010325 0.0114767 0.0124047 0.0130616 0.0134198 0.0134725 0.0132326 0.0127303 0.0120091 0.0111216 0.0101247 0.00907506 0.00802442 0.00701246 0.00605368 0.00511824 0.00412991 0.00303254 0.00191263 0.000992965 0.000420369 0.000147909 4.45561e-05 1.17936e-05 2.78897e-06 5.93216e-07 1.1309e-07 1.90002e-08 2.70008e-09 2.93196e-10 1.73855e-11 0 
0 9.19218e-05 0.000749243 0.00236259 0.00433165 0.00619414 0.00808336 0.01005 0.0120097 0.0138492 0.0154625 0.0167609 0.0176793 0.0181802 0.0182542 0.0179196 0.017218 0.0162097 0.0149672 0.0135687 0.0120921 0.0106103 0.0091862 0.00786801 0.00667505 0.00556894 0.00443575 0.00317443 0.00189596 0.000901575 0.000341639 0.000106651 2.84973e-05 6.7012e-06 1.40629e-06 2.63534e-07 4.34604e-08 6.06101e-09 6.46202e-10 3.76535e-11 0 
0 0.000158504 0.0011659 0.00319254 0.00538366 0.00761712 0.01005 0.0126154 0.0151694 0.0175635 0.0196613 0.0213485 0.0225415 0.0231917 0.0232875 0.0228523 0.0219404 0.0206295 0.0190134 0.0171929 0.0152682 0.0133324 0.0114664 0.00973567 0.00818625 0.00682855 0.00559658 0.00432719 0.0029146 0.00157246 0.000655823 0.000216264 5.90973e-05 1.39344e-05 2.90162e-06 5.36816e-07 8.72066e-08 1.19721e-08 1.25668e-09 7.21349e-11 0 
0 0.000238907 0.0015836 0.00388853 0.00632609 0.00901391 0.0120097 0.0151694 0.0183118 0.0212553 0.0238333 0.0259058 0.0273704 0.0281679 0.0282841 0.0277481 0.0266264 0.0250147 0.0230274 0.0207881 0.0184194 0.0160344 0.0137315 0.0115896 0.00966757 0.00799923 0.00656855 0.00525225 0.00383804 0.00231749 0.00107179 0.000378369 0.000106905 2.54659e-05 5.28981e-06 9.70139e-07 1.55786e-07 2.11177e-08 2.18841e-09 1.24058e-10 0 
0 0.000323483 0.00195312 0.00445598 0.0071796 0.010325 0.0138492 0.0175635 0.0212553 0.0247122 0.0277385 0.0301705 0.0318883 0.0328227 0.0329568 0.0323248 0.0310055 0.0291113 0.0267766 0.0241457 0.0213621 0.018558 0.0158479 0.0133235 0.0110525 0.00907857 0.00741154 0.0059802 0.00457335 0.00300835 0.00153147 0.00058145 0.000171026 4.13915e-05 8.61421e-06 1.57176e-06 2.50284e-07 3.35979e-08 3.44658e-09 1.93437e-10 0 
0 0.000402402 0.00225194 0.00491208 0.00792234 0.0114767 0.0154625 0.0196613 0.0238333 0.0277385 0.0311561 0.0339018 0.035841 0.0368948 0.0370432 0.0363249 0.0348299 0.0326868 0.0300474 0.0270741 0.023928 0.0207582 0.0176933 0.0148359 0.0122616 0.010019 0.00812892 0.00655412 0.00512179 0.00356901 0.00196604 0.000799224 0.000245106 6.04451e-05 1.26413e-05 2.30142e-06 3.64426e-07 4.85749e-08 4.94524e-09 2.75445e-10 0 
0 0.00046794 0.00247482 0.0052625 0.00851995 0.0124047 0.0167609 0.0213485 0.0259058 0.0301705 0.0339018 0.0368991 0.0390133 0.0401577 0.0403147 0.0395279 0.0378925 0.0355479 0.0326622 0.0294135 0.0259769 0.0225144 0.0191657 0.0160425 0.0132262 0.0107692 0.0086966 0.00698891 0.00551012 0.00397806 0.00232315 0.000999883 0.00031853 8.00372e-05 1.68453e-05 3.06631e-06 4.83959e-07 6.42066e-08 6.50262e-09 3.60271e-10 0 
0 0.000515145 0.00262364 0.00550453 0.00894295 0.0130616 0.0176793 0.0225415 0.0273704 0.0318883 0.035841 0.0390133 0.0412407 0.0424357 0.0425938 0.0417644 0.0400377 0.0375533 0.0344923 0.0310482 0.0274067 0.0237384 0.0201907 0.0168815 0.0138961 0.0112895 0.00908838 0.00728182 0.00575858 0.0042418 0.00257524 0.00115596 0.000379514 9.68935e-05 2.05223e-05 3.73989e-06 5.89464e-07 7.80071e-08 7.87674e-09 4.35055e-10 0 
0 0.000541534 0.00270209 0.00563447 0.00917333 0.0134198 0.0181802 0.0231917 0.0281679 0.0328227 0.0368948 0.0401577 0.0424357 0.0436462 0.0437994 0.0429499 0.0411794 0.0386214 0.035464 0.0319123 0.0281594 0.0243801 0.0207258 0.0173173 0.0142422 0.0115563 0.00928694 0.00742683 0.00587814 0.00437342 0.00271373 0.00124972 0.000418427 0.000108032 2.30003e-05 4.19923e-06 6.6201e-07 8.75612e-08 8.83413e-09 4.87501e-10 0 
0 0.000546522 0.00271408 0.00565226 0.00920645 0.0134725 0.0182542 0.0232875 0.0282841 0.0329568 0.0370432 0.0403147 0.0425938 0.0437994 0.0439457 0.0430883 0.0413076 0.0387354 0.035561 0.0319921 0.028223 0.024429 0.0207615 0.0173416 0.0142569 0.0115629 0.00928686 0.00742216 0.00587533 0.00438456 0.00274055 0.00127406 0.000430071 0.000111658 2.38554e-05 4.36541e-06 6.89387e-07 9.13156e-08 9.22578e-09 5.09848e-10 0 
0 0.000530945 0.00266358 0.0055632 0.0090507 0.0132326 0.0179196 0.0228523 0.0277481 0.0323248 0.0363249 0.0395279 0.0417644 0.0429499 0.0430883 0.0422331 0.0404708 0.0379391 0.0348235 0.0313238 0.0276291 0.0239115 0.0203195 0.0169716 0.0139533 0.0113188 0.00909442 0.00727237 0.00575582 0.00428371 0.00266273 0.00123118 0.000414501 0.000107642 2.30444e-05 4.22953e-06 6.70232e-07 8.91097e-08 9.03844e-09 5.01562e-10 0 
0 0.000496779 0.00255455 0.00537763 0.00872583 0.0127303 0.017218 0.0219404 0.0266264 0.0310055 0.0348299 0.0378925 0.0400377 0.0411794 0.0413076 0.0404708 0.0387638 0.0363282 0.0333403 0.0299864 0.0264465 0.0228864 0.0194486 0.0162463 0.0133616 0.0108463 0.00872536 0.0069873 0.00552507 0.0040769 0.002491 0.00113124 0.000376638 9.7478e-05 2.09051e-05 3.85422e-06 6.14389e-07 8.22346e-08 8.40124e-09 4.69721e-10 0 
0 0.000447011 0.00239089 0.00510911 0.00826045 0.0120091 0.0162097 0.0206295 0.0250147 0.0291113 0.0326868 0.0355479 0.0375533 0.0386214 0.0387354 0.0379391 0.0363282 0.0340399 0.0312371 0.0280918 0.0247731 0.0214372 0.0182177 0.0152212 0.0125247 0.0101771 0.00820135 0.00657899 0.00518708 0.00376954 0.00224138 0.00099124 0.000325007 8.3806e-05 1.80422e-05 3.35262e-06 5.39747e-07 7.30413e-08 7.54885e-09 4.27107e-10 0 
0 0.000385592 0.00217658 0.00477166 0.00768884 0.0111216 0.0149672 0.0190134 0.0230274 0.0267766 0.0300474 0.0326622 0.0344923 0.035464 0.035561 0.0348235 0.0333403 0.0312371 0.028662 0.0257727 0.0227252 0.019663 0.0167093 0.0139621 0.0114929 0.00934754 0.00754539 0.00605723 0.00474308 0.00337061 0.00193842 0.000833616 0.000269951 6.97145e-05 1.51579e-05 2.85668e-06 4.67337e-07 6.43132e-08 6.7602e-09 3.88909e-10 0 
0 0.00031734 0.00191657 0.0043761 0.00704694 0.0101247 0.0135687 0.0171929 0.0207881 0.0241457 0.0270741 0.0294135 0.0310482 0.0319123 0.0319921 0.0313238 0.0299864 0.0280918 0.0257727 0.0231711 0.0204272 0.0176702 0.0150111 0.0125388 0.0103188 0.00839332 0.0067765 0.00542555 0.00419374 0.00290021 0.0016176 0.000683701 0.000221699 5.80979e-05 1.2902e-05 2.48896e-06 4.16814e-07 5.86595e-08 6.29604e-09 3.69188e-10 0 
0 0.000247656 0.00161879 0.00392652 0.00636725 0.00907506 0.0120921 0.0152682 0.0184194 0.0213621 0.023928 0.0259769 0.0274067 0.0281594 0.028223 0.0276291 0.0264465 0.0247731 0.0227252 0.0204272 0.0180022 0.0155637 0.0132097 0.0110193 0.00905192 0.00734504 0.00590545 0.00468209 0.00354941 0.00239794 0.00132292 0.000565663 0.000188812 5.12716e-05 1.179e-05 2.34627e-06 4.03515e-07 5.80661e-08 6.34731e-09 3.77717e-10 0 
0 0.000181968 0.00129704 0.00341942 0.0056713 0.00802442 0.0106103 0.0133324 0.0160344 0.018558 0.0207582 0.0225144 0.0237384 0.0243801 0.024429 0.0239115 0.0228864 0.0214372 0.019663 0.0176702 0.0155637 0.0134405 0.011385 0.00946614 0.00773583 0.00622587 0.00493879 0.00383731 0.00285061 0.00192271 0.0010956 0.000497247 0.000177228 5.08697e-05 1.21834e-05 2.49291e-06 4.36608e-07 6.35444e-08 6.99083e-09 4.17182e-10 0 
0 0.000124913 0.000972797 0.00284968 0.00496004 0.00701246 0.0091862 0.0114664 0.0137315 0.0158479 0.0176933 0.0191657 0.0201907 0.0207258 0.0207615 0.0203195 0.0194486 0.0182177 0.0167093 0.0150111 0.0132097 0.011385 0.00960704 0.00793329 0.00640853 0.00506472 0.0039213 0.00297808 0.00220269 0.00153968 0.000954229 0.000482758 0.000189172 5.77333e-05 1.42595e-05 2.94956e-06 5.16431e-07 7.46997e-08 8.14276e-09 4.80729e-10 0 
0 7.94995e-05 0.000673255 0.0022262 0.00420822 0.00605368 0.00786801 0.00973567 0.0115896 0.0133235 0.0148359 0.0160425 0.0168815 0.0173173 0.0173416 0.0169716 0.0162463 0.0152212 0.0139621 0.0125388 0.0110193 0.00946614 0.00793329 0.00646794 0.0051222 0.00397449 0.00310285 0.00247701 0.00194759 0.00141994 0.000927356 0.000515106 0.000222002 7.14771e-05 1.78809e-05 3.66339e-06 6.29668e-07 8.91819e-08 9.51901e-09 5.50817e-10 0 
0 4.65883e-05 0.000424242 0.00158976 0.00337935 0.00511824 0.00667505 0.00818625 0.00966757 0.0110525 0.0122616 0.0132262 0.0138961 0.0142422 0.0142569 0.0139533 0.0133616 0.0125247 0.0114929 0.0103188 0.00905192 0.00773583 0.00640853 0.0051222 0.00401179 0.00334757 0.00331738 0.00359017 0.00341352 0.00250671 0.00141374 0.000672304 0.000279657 9.09097e-05 2.24618e-05 4.47203e-06 7.44956e-07 1.0246e-07 1.06498e-08 6.01794e-10 0 
0 2.50022e-05 0.000240873 0.00101249 0.00247549 0.00412991 0.00556894 0.00682855 0.00799923 0.00907857 0.010019 0.0107692 0.0112895 0.0115563 0.0115629 0.0113188 0.0108463 0.0101771 0.00934754 0.00839332 0.00734504 0.00622587 0.00506472 0.00397449 0.00334757 0.00394004 0.00621201 0.00896297 0.0095529 0.00705705 0.00359203 0.00132462 0.000414617 0.000117758 2.71577e-05 5.11641e-06 8.17023e-07 1.0879e-07 1.10108e-08 6.08188e-10 0 
0 1.22439e-05 0.000122482 0.000564746 0.00158822 0.00303254 0.00443575 0.00559658 0.00656855 0.00741154 0.00812892 0.0086966 0.00908838 0.00928694 0.00928686 0.00909442 0.00872536 0.00820135 0.00754539 0.0067765 0.00590545 0.00493879 0.0039213 0.00310285 0.00331738 0.00621201 0.0128926 0.0207712 0.0233988 0.0166805 0.00828908 0.00280596 0.000702172 0.000156098 3.10375e-05 5.32661e-06 8.05018e-07 1.0377e-07 1.02664e-08 5.56756e-10 0 
0 5.4626e-06 5.57022e-05 0.000273782 0.000865699 0.00191263 0.00317443 0.00432719 0.00525225 0.0059802 0.00655412 0.00698891 0.00728182 0.00742683 0.00742216 0.00727237 0.0069873 0.00657899 0.00605723 0.00542555 0.00468209 0.00383731 0.00297808 0.00247701 0.00359017 0.00896297 0.0207712 0.0334441 0.0358647 0.0280452 0.0135912 0.00449777 0.00103628 0.000192586 3.22541e-05 4.91322e-06 6.96302e-07 8.71622e-08 8.4872e-09 4.55025e-10 0 
0 2.22038e-06 2.27116e-05 0.000115672 0.000396828 0.000992965 0.00189596 0.0029146 0.00383804 0.00457335 0.00512179 0.00551012 0.00575858 0.00587814 0.00587533 0.00575582 0.00552507 0.00518708 0.00474308 0.00419374 0.00354941 0.00285061 0.00220269 0.00194759 0.00341352 0.0095529 0.0233988 0.0358647 0.0375797 0.0314846 0.0151629 0.00495362 0.00111374 0.000190801 2.82346e-05 3.86861e-06 5.17961e-07 6.35571e-08 6.14991e-09 3.28768e-10 0 
0 8.23185e-07 8.34071e-06 4.29959e-05 0.000154356 0.000420369 0.000901575 0.00157246 0.00231749 0.00300835 0.00356901 0.00397806 0.0042418 0.00437342 0.00438456 0.00428371 0.0040769 0.00376954 0.00337061 0.00290021 0.00239794 0.00192271 0.00153968 0.00141994 0.00250671 0.00705705 0.0166805 0.0280452 0.0314846 0.0227121 0.0111478 0.00366987 0.000824208 0.000138371 1.92983e-05 2.49552e-06 3.25458e-07 3.98545e-08 3.87851e-09 2.08715e-10 0 
0 2.78791e-07 2.77313e-06 1.42246e-05 5.19263e-05 0.000147909 0.000341639 0.000655823 0.00107179 0.00153147 0.00196604 0.00232315 0.00257524 0.00271373 0.00274055 0.00266273 0.002491 0.00224138 0.00193842 0.0016176 0.00132292 0.0010956 0.000954229 0.000927356 0.00141374 0.00359203 0.00828908 0.0135912 0.0151629 0.0111478 0.0055095 0.00182302 0.000416816 7.11137e-05 9.88621e-06 1.28624e-06 1.71089e-07 2.14028e-08 2.12202e-09 1.16044e-10 0 
0 8.63622e-08 8.38383e-07 4.2318e-06 1.54062e-05 4.45561e-05 0.000106651 0.000216264 0.000378369 0.00058145 0.000799224 0.000999883 0.00115596 0.00124972 0.00127406 0.00123118 0.00113124 0.00099124 0.000833616 0.000683701 0.000565663 0.000497247 0.000482758 0.000515106 0.000672304 0.00132462 0.00280596 0.00449777 0.00495362 0.00366987 0.00182302 0.000614621 0.000146259 2.59931e-05 3.80169e-06 5.32124e-07 7.55156e-08 9.8561e-09 1.00704e-09 5.64434e-11 0 
0 2.44763e-08 2.31082e-07 1.14022e-06 4.09168e-06 1.17936e-05 2.84973e-05 5.90973e-05 0.000106905 0.000171026 0.000245106 0.00031853 0.000379514 0.000418427 0.000430071 0.000414501 0.000376638 0.000325007 0.000269951 0.000221699 0.000188812 0.000177228 0.000189172 0.000222002 0.000279657 0.000414617 0.000702172 0.00103628 0.00111374 0.000824208 0.000416816 0.000146259 3.67159e-05 7.00542e-06 1.14629e-06 1.82411e-07 2.8373e-08 3.91087e-09 4.15187e-10 2.4018e-11 0 
0 6.3362e-09 5.80732e-08 2.79124e-07 9.81006e-07 2.78897e-06 6.7012e-06 1.39344e-05 2.54659e-05 4.13915e-05 6.04451e-05 8.00372e-05 9.68935e-05 0.000108032 0.000111658 0.000107642 9.7478e-05 8.3806e-05 6.97145e-05 5.80979e-05 5.12716e-05 5.08697e-05 5.77333e-05 7.14771e-05 9.09097e-05 0.000117758 0.000156098 0.000192586 0.000190801 0.000138371 7.11137e-05 2.59931e-05 7.00542e-06 1.51095e-06 2.92025e-07 5.391e-08 9.20501e-09 1.34371e-09 1.48947e-10 8.93914e-12 0 
0 1.49091e-09 1.32578e-08 6.19756e-08 2.12667e-07 5.93216e-07 1.40629e-06 2.90162e-06 5.28981e-06 8.61421e-06 1.26413e-05 1.68453e-05 2.05223e-05 2.30003e-05 2.38554e-05 2.30444e-05 2.09051e-05 1.80422e-05 1.51579e-05 1.2902e-05 1.179e-05 1.21834e-05 1.42595e-05 1.78809e-05 2.24618e-05 2.71577e-05 3.10375e-05 3.22541e-05 2.82346e-05 1.92983e-05 9.88621e-06 3.80169e-06 1.14629e-06 2.92025e-07 6.70659e-08 1.40471e-08 2.59566e-09 4.00484e-10 4.64688e-11 2.90331e-12 0 
0 3.15533e-10 2.72301e-09 1.23767e-08 4.14176e-08 1.1309e-07 2.63534e-07 5.36816e-07 9.70139e-07 1.57176e-06 2.30142e-06 3.06631e-06 3.73989e-06 4.19923e-06 4.36541e-06 4.22953e-06 3.85422e-06 3.35262e-06 2.85668e-06 2.48896e-06 2.34627e-06 2.49291e-06 2.94956e-06 3.66339e-06 4.47203e-06 5.11641e-06 5.32661e-06 4.91322e-06 3.86861e-06 2.49552e-06 1.28624e-06 5.32124e-07 1.82411e-07 5.391e-08 1.40471e-08 3.21698e-09 6.33965e-10 1.03109e-10 1.25357e-11 8.16939e-13 0 
0 5.8812e-11 4.9295e-10 2.1797e-09 7.11349e-09 1.90002e-08 4.34604e-08 8.72066e-08 1.55786e-07 2.50284e-07 3.64426e-07 4.83959e-07 5.89464e-07 6.6201e-07 6.89387e-07 6.70232e-07 6.14389e-07 5.39747e-07 4.67337e-07 4.16814e-07 4.03515e-07 4.36608e-07 5.16431e-07 6.29668e-07 7.44956e-07 8.17023e-07 8.05018e-07 6.96302e-07 5.17961e-07 3.25458e-07 1.71089e-07 7.55156e-08 2.8373e-08 9.20501e-09 2.59566e-09 6.33965e-10 1.32064e-10 2.25898e-11 2.87716e-12 1.95705e-13 0 
0 9.24254e-12 7.53304e-11 3.24375e-10 1.0331e-09 2.70008e-09 6.06101e-09 1.19721e-08 2.11177e-08 3.35979e-08 4.85749e-08 6.42066e-08 7.80071e-08 8.75612e-08 9.13156e-08 8.91097e-08 8.22346e-08 7.30413e-08 6.43132e-08 5.86595e-08 5.80661e-08 6.35444e-08 7.46997e-08 8.91819e-08 1.0246e-07 1.0879e-07 1.0377e-07 8.71622e-08 6.35571e-08 3.98545e-08 2.14028e-08 9.8561e-09 3.91087e-09 1.34371e-09 4.00484e-10 1.03109e-10 2.25898e-11 4.05433e-12 5.40373e-13 3.83518e-14 0 
0 1.10478e-12 8.76797e-12 3.68153e-11 1.14556e-10 2.93196e-10 6.46202e-10 1.25668e-09 2.18841e-09 3.44658e-09 4.94524e-09 6.50262e-09 7.87674e-09 8.83413e-09 9.22578e-09 9.03844e-09 8.40124e-09 7.54885e-09 6.7602e-09 6.29604e-09 6.34731e-09 6.99083e-09 8.14276e-09 9.51901e-09 1.06498e-08 1.10108e-08 1.02664e-08 8.4872e-09 6.14991e-09 3.87851e-09 2.12202e-09 1.00704e-09 4.15187e-10 1.48947e-10 4.64688e-11 1.25357e-11 2.87716e-12 5.40373e-13 7.52345e-14 5.56546e-15 0 
0 7.17263e-14 5.55129e-13 2.27618e-12 6.92882e-12 1.73855e-11 3.76535e-11 7.21349e-11 1.24058e-10 1.93437e-10 2.75445e-10 3.60271e-10 4.35055e-10 4.87501e-10 5.09848e-10 5.01562e-10 4.69721e-10 4.27107e-10 3.88909e-10 3.69188e-10 3.77717e-10 4.17182e-10 4.80729e-10 5.50817e-10 6.01794e-10 6.08188e-10 5.56756e-10 4.55025e-10 3.28768e-10 2.08715e-10 1.16044e-10 5.64434e-11 2.4018e-11 8.93914e-12 2.90331e-12 8.16939e-13 1.95705e-13 3.83518e-14 5.56546e-15 4.28452e-16 0 
0 0 0 0 0 0 0 0 0 0 0 0 0 0 0 0 0 0 0 0 0 0 0 0 0 0 0 0 0 0 0 0 0 0 0 0 0 0 0 0 0 
