0 0 0 0 0 0 0 0 0 0 0 0 0 0 0 0 0 0 0 0 0 0 0 0 0 0 0 0 0 0 0 0 0 0 0 0 0 0 0 0 0 
0 2.00473e-07 1.77321e-06 7.69505e-06 2.26782e-05 5.05547e-05 9.08561e-05 0.000138486 0.000186733 0.000230247 0.000266027 0.000292951 0.000310954 0.000320419 0.000321846 0.000315727 0.000302527 0.000282723 0.000256913 0.000225958 0.000191152 0.000154336 0.000117856 8.42749e-05 5.58538e-05 3.39791e-05 1.88203e-05 9.43533e-06 4.26795e-06 1.74059e-06 6.40633e-07 2.13139e-07 6.41747e-08 1.7478e-08 4.2899e-09 9.40106e-10 1.8031e-10 2.90067e-11 3.53398e-12 2.33035e-13 0 
0 1.77321e-06 1.59546e-05 6.73653e-05 0.000182482 0.000355797 0.000545582 0.000712362 0.000842761 0.000940965 0.0010145 0.0010682 0.00110406 0.00112271 0.00112465 0.00111079 0.00108254 0.00104151 0.000988927 0.000925005 0.000848527 0.000757165 0.000649076 0.000525727 0.000394603 0.000269113 0.000163947 8.8198e-05 4.17026e-05 1.73578e-05 6.39581e-06 2.10082e-06 6.18812e-07 1.63983e-07 3.90526e-08 8.29533e-09 1.54239e-09 2.40755e-10 2.84991e-11 1.82882e-12 0 
0 7.69505e-06 6.73653e-05 0.000256205 0.000579003 0.000916075 0.00118045 0.00138337 0.00155808 0.00171774 0.00185952 0.00197548 0.00205833 0.00210346 0.00210944 0.00207786 0.00201301 0.00192124 0.0018103 0.00168836 0.00156263 0.00143712 0.00130984 0.00117082 0.00100466 0.000801563 0.000572996 0.000355129 0.000187066 8.34543e-05 3.18324e-05 1.05424e-05 3.07664e-06 7.99352e-07 1.85598e-07 3.83388e-08 6.92776e-09 1.05141e-09 1.21146e-10 7.57834e-12 0 
0 2.26782e-05 0.000182482 0.000579003 0.00104921 0.00141904 0.00172943 0.00204195 0.00236119 0.00266761 0.0029398 0.00316034 0.00331682 0.00340212 0.00341437 0.00335668 0.0032364 0.0030643 0.00285351 0.00261853 0.00237426 0.0021351 0.00191337 0.00171558 0.00153561 0.00134812 0.00111556 0.00082223 0.000510997 0.000259348 0.000107375 3.70204e-05 1.09173e-05 2.81425e-06 6.41822e-07 1.29582e-07 2.28407e-08 3.38048e-09 3.80107e-10 2.32318e-11 0 
0 5.05547e-05 0.000355797 0.000916075 0.00141904 0.00185278 0.00232123 0.00282936 0.00334349 0.00382902 0.00425599 0.00460011 0.00484369 0.00497652 0.00499606 0.00490711 0.00472084 0.00445341 0.00412433 0.00375475 0.003366 0.00297837 0.00261051 0.00227886 0.00199543 0.00175963 0.0015432 0.0012865 0.000945034 0.000566898 0.000267033 9.95616e-05 3.04242e-05 7.90141e-06 1.78675e-06 3.54792e-07 6.12812e-08 8.87684e-09 9.76999e-10 5.84977e-11 0 
0 9.08561e-05 0.000545582 0.00118045 0.00172943 0.00232123 0.00300057 0.00372718 0.00445363 0.00513577 0.00573403 0.00621551 0.00655611 0.00674184 0.00676931 0.00664521 0.00638504 0.00601113 0.00555035 0.00503173 0.00448419 0.00393477 0.00340738 0.00292239 0.00249699 0.00214415 0.00186356 0.00161895 0.00132775 0.000932127 0.00051219 0.000213546 6.94266e-05 1.84768e-05 4.18649e-06 8.23226e-07 1.40029e-07 1.99302e-08 2.15422e-09 1.26722e-10 0 
0 0.000138486 0.000712362 0.00138337 0.00204195 0.00282936 0.00372718 0.00467824 0.00562535 0.00651316 0.00729109 0.00791703 0.0083604 0.00860292 0.00863879 0.00847632 0.0081369 0.00765025 0.00705083 0.00637571 0.00566198 0.00494413 0.00425218 0.00361081 0.0030395 0.00255372 0.00216425 0.00186402 0.0015955 0.0012499 0.000794395 0.000376807 0.000133159 3.68992e-05 8.46382e-06 1.65936e-06 2.79334e-07 3.92188e-08 4.17703e-09 2.42116e-10 0 
0 0.000186733 0.000842761 0.00155808 0.00236119 0.00334349 0.00445363 0.00562535 0.00679064 0.00788227 0.00883957 0.00961648 0.0101811 0.0105013 0.0105502 0.0103338 0.00989348 0.00928137 0.00854003 0.00770899 0.00683054 0.00594612 0.0050921 0.00429786 0.00358566 0.00297168 0.0024681 0.00208035 0.0017827 0.00147809 0.00105151 0.000565421 0.000219606 6.4118e-05 1.50173e-05 2.95297e-06 4.94171e-07 6.86954e-08 7.23251e-09 4.14268e-10 0 
0 0.000230247 0.000940965 0.00171774 0.00266761 0.00382902 0.00513577 0.00651316 0.00788227 0.0091661 0.0103055 0.0112685 0.0119952 0.0124003 0.0124618 0.0121932 0.0116263 0.0108445 0.00994012 0.00895518 0.00792183 0.00688195 0.00587695 0.00494081 0.00409874 0.00336798 0.00276013 0.00228308 0.0019293 0.00163158 0.00124997 0.000747363 0.00031866 9.85665e-05 2.37044e-05 4.69616e-06 7.84152e-07 1.08277e-07 1.1302e-08 6.41434e-10 0 
0 0.000266027 0.0010145 0.00185952 0.0029398 0.00425599 0.00573403 0.00729109 0.00883957 0.0103055 0.0116529 0.0127847 0.0135209 0.0138748 0.0139245 0.0136943 0.0131575 0.0122893 0.0112023 0.0100507 0.00887422 0.00769789 0.00656128 0.00550168 0.00454702 0.00371578 0.00301908 0.00246415 0.00205076 0.00173612 0.00138789 0.000899135 0.000416175 0.000136166 3.36853e-05 6.74076e-06 1.12607e-06 1.54859e-07 1.6067e-08 9.05713e-10 0 
0 0.000292951 0.0010682 0.00197548 0.00316034 0.00460011 0.00621551 0.00791703 0.00961648 0.0112685 0.0127847 0.013858 0.0144581 0.0147395 0.0147773 0.0145896 0.0141527 0.0133958 0.0122668 0.010953 0.00963912 0.0083494 0.0071073 0.00594911 0.00490474 0.00399374 0.0032271 0.00261089 0.00214695 0.00180752 0.00147682 0.00101104 0.000499349 0.0001715 4.35533e-05 8.8076e-06 1.47434e-06 2.0234e-07 2.09122e-08 1.17344e-09 0 
0 0.000310954 0.00110406 0.00205833 0.00331682 0.00484369 0.00655611 0.0083604 0.0101811 0.0119952 0.0135209 0.0144581 0.014976 0.0152214 0.0152529 0.0150849 0.0146999 0.0140393 0.0129986 0.011616 0.0101821 0.00880431 0.00748744 0.00626022 0.00515317 0.00418661 0.00337147 0.00271293 0.00221303 0.001852 0.00152838 0.00108296 0.00055973 0.000199393 5.1709e-05 1.05531e-05 1.77113e-06 2.42924e-07 2.50547e-08 1.40212e-09 0 
0 0.000320419 0.00112271 0.00210346 0.00340212 0.00497652 0.00674184 0.00860292 0.0105013 0.0124003 0.0138748 0.0147395 0.0152214 0.0154508 0.0154787 0.0153183 0.0149543 0.014336 0.0133588 0.0119795 0.0104755 0.0090437 0.00768591 0.00642184 0.00528149 0.0042855 0.00344475 0.00276389 0.00224471 0.00187109 0.00155029 0.00111848 0.000593326 0.000216113 5.68054e-05 1.1668e-05 1.96291e-06 2.6933e-07 2.77625e-08 1.55214e-09 0 
0 0.000321846 0.00112465 0.00210944 0.00341437 0.00499606 0.00676931 0.00863879 0.0105502 0.0124618 0.0139245 0.0147773 0.0152529 0.0154787 0.0155048 0.0153438 0.014981 0.0143668 0.0133976 0.0120192 0.0105028 0.00906218 0.00769915 0.00643087 0.00528695 0.00428796 0.00344465 0.00276143 0.00223999 0.00186503 0.00154661 0.00112123 0.00059936 0.000219894 5.80892e-05 1.19674e-05 2.01681e-06 2.77027e-07 2.85778e-08 1.59868e-09 0 
0 0.000315727 0.00111079 0.00207786 0.00335668 0.00490711 0.00664521 0.00847632 0.0103338 0.0121932 0.0136943 0.0145896 0.0150849 0.0153183 0.0153438 0.0151751 0.0147959 0.014152 0.0131377 0.0117461 0.0102724 0.00886922 0.00753523 0.00629366 0.00517436 0.00419743 0.0033734 0.00270677 0.00219924 0.00183411 0.00151879 0.00109355 0.000579105 0.000210959 5.55494e-05 1.14396e-05 1.92997e-06 2.65571e-07 2.74525e-08 1.53908e-09 0 
0 0.000302527 0.00108254 0.00201301 0.0032364 0.00472084 0.00638504 0.0081369 0.00989348 0.0116263 0.0131575 0.0141527 0.0146999 0.0149543 0.014981 0.0147959 0.0143786 0.0136653 0.0125659 0.0111973 0.0098195 0.00848782 0.00721221 0.00602469 0.00495493 0.00402224 0.0032369 0.00260378 0.00212455 0.00177857 0.00146611 0.0010364 0.0005354 0.000191286 4.98672e-05 1.0239e-05 1.72893e-06 2.38555e-07 2.47473e-08 1.39282e-09 0 
0 0.000282723 0.00104151 0.00192124 0.0030643 0.00445341 0.00601113 0.00765025 0.00928137 0.0108445 0.0122893 0.0133958 0.0140393 0.014336 0.0143668 0.014152 0.0136653 0.0128425 0.0117007 0.0104461 0.00919004 0.00794977 0.00675576 0.00564455 0.00464458 0.00377416 0.00304342 0.00245781 0.0020184 0.00169739 0.00138555 0.000950344 0.000472804 0.00016422 4.22122e-05 8.63343e-06 1.46016e-06 2.02325e-07 2.11029e-08 1.19475e-09 0 
0 0.000256913 0.000988927 0.0018103 0.00285351 0.00412433 0.00555035 0.00705083 0.00854003 0.00994012 0.0112023 0.0122668 0.0129986 0.0133588 0.0133976 0.0131377 0.0125659 0.0117007 0.0106655 0.0095635 0.00842774 0.00729173 0.00619638 0.00517764 0.00426199 0.00346673 0.002802 0.00227392 0.0018815 0.00158633 0.00127202 0.000837353 0.000398019 0.000133968 3.39544e-05 6.92817e-06 1.1762e-06 1.64066e-07 1.72479e-08 9.84652e-10 0 
0 0.000225958 0.000925005 0.00168836 0.00261853 0.00375475 0.00503173 0.00637571 0.00770899 0.00895518 0.0100507 0.010953 0.011616 0.0119795 0.0120192 0.0117461 0.0111973 0.0104461 0.0095635 0.00859328 0.00757514 0.00655271 0.00556662 0.00464982 0.00382663 0.00311343 0.00252063 0.00205461 0.00170981 0.00143611 0.00112032 0.000703639 0.000319946 0.000104909 2.63673e-05 5.39357e-06 9.22827e-07 1.30015e-07 1.38151e-08 7.97166e-10 0 
0 0.000191152 0.000848527 0.00156263 0.00237426 0.003366 0.00448419 0.00566198 0.00683054 0.00792183 0.00887422 0.00963912 0.0101821 0.0104755 0.0105028 0.0102724 0.0098195 0.00919004 0.00842774 0.00757514 0.00667585 0.00577155 0.00489859 0.00408637 0.00335702 0.00272614 0.00220434 0.00179682 0.00149167 0.00123395 0.000931082 0.00056223 0.000248762 8.08345e-05 2.04009e-05 4.2173e-06 7.30807e-07 1.04304e-07 1.1221e-08 6.54933e-10 0 
0 0.000154336 0.000757165 0.00143712 0.0021351 0.00297837 0.00393477 0.00494413 0.00594612 0.00688195 0.00769789 0.0083494 0.00880431 0.0090437 0.00906218 0.00886922 0.00848782 0.00794977 0.00729173 0.00655271 0.00577155 0.00498422 0.00422198 0.00351049 0.00286965 0.0023142 0.00185408 0.00149165 0.00121307 0.000976322 0.000720025 0.00043233 0.000193641 6.42577e-05 1.65665e-05 3.48735e-06 6.13241e-07 8.8562e-08 9.61867e-09 5.65745e-10 0 
0 0.000117856 0.000649076 0.00130984 0.00191337 0.00261051 0.00340738 0.00425218 0.0050921 0.00587695 0.00656128 0.0071073 0.00748744 0.00768591 0.00769915 0.00753523 0.00721221 0.00675576 0.00619638 0.00556662 0.00489859 0.00422198 0.00356271 0.0029425 0.0023792 0.00188746 0.00147745 0.00115101 0.000899267 0.000701746 0.00052224 0.000331306 0.000159248 5.59132e-05 1.49194e-05 3.19646e-06 5.66507e-07 8.2029e-08 8.90809e-09 5.2307e-10 0 
0 8.42749e-05 0.000525727 0.00117082 0.00171558 0.00227886 0.00292239 0.00361081 0.00429786 0.00494081 0.00550168 0.00594911 0.00626022 0.00642184 0.00643087 0.00629366 0.00602469 0.00564455 0.00517764 0.00464982 0.00408637 0.00351049 0.0029425 0.00240061 0.00190477 0.00148242 0.0011602 0.000928475 0.000735675 0.000552322 0.000395941 0.000265328 0.000142486 5.43966e-05 1.50636e-05 3.24999e-06 5.72141e-07 8.18871e-08 8.77925e-09 5.09006e-10 0 
0 5.58538e-05 0.000394603 0.00100466 0.00153561 0.00199543 0.00249699 0.0030395 0.00358566 0.00409874 0.00454702 0.00490474 0.00515317 0.00528149 0.00528695 0.00517436 0.00495493 0.00464458 0.00426199 0.00382663 0.00335702 0.00286965 0.0023792 0.00190477 0.00149321 0.00124391 0.00123078 0.00133151 0.00126598 0.000930125 0.000528591 0.000269932 0.000138593 5.65917e-05 1.61805e-05 3.47181e-06 5.99034e-07 8.37888e-08 8.78851e-09 4.99524e-10 0 
0 3.39791e-05 0.000269113 0.000801563 0.00134812 0.00175963 0.00214415 0.00255372 0.00297168 0.00336798 0.00371578 0.00399374 0.00418661 0.0042855 0.00428796 0.00419743 0.00402224 0.00377416 0.00346673 0.00311343 0.00272614 0.0023142 0.00188746 0.00148242 0.00124391 0.00146123 0.00230363 0.00336406 0.00378926 0.0026171 0.00133208 0.000493116 0.00016773 6.07942e-05 1.72821e-05 3.63472e-06 6.09472e-07 8.2921e-08 8.48665e-09 4.72182e-10 0 
0 1.88203e-05 0.000163947 0.000572996 0.00111556 0.0015432 0.00186356 0.00216425 0.0024681 0.00276013 0.00301908 0.0032271 0.00337147 0.00344475 0.00344465 0.0033734 0.0032369 0.00304342 0.002802 0.00252063 0.00220434 0.00185408 0.00147745 0.0011602 0.00123078 0.00230363 0.00483944 0.00884371 0.00966452 0.00687926 0.00307397 0.00104061 0.000264176 6.90137e-05 1.76484e-05 3.5383e-06 5.72466e-07 7.57951e-08 7.59031e-09 4.14716e-10 0 
0 9.43533e-06 8.8198e-05 0.000355129 0.00082223 0.0012865 0.00161895 0.00186402 0.00208035 0.00228308 0.00246415 0.00261089 0.00271293 0.00276389 0.00276143 0.00270677 0.00260378 0.00245781 0.00227392 0.00205461 0.00179682 0.00149165 0.00115101 0.000928475 0.00133151 0.00336406 0.00884371 0.0107807 0.0110219 0.010234 0.00576817 0.00166793 0.000385369 7.83009e-05 1.67285e-05 3.0901e-06 4.79297e-07 6.20058e-08 6.11539e-09 3.30214e-10 0 
0 4.26795e-06 4.17026e-05 0.000187066 0.000510997 0.000945034 0.00132775 0.0015955 0.0017827 0.0019293 0.00205076 0.00214695 0.00221303 0.00224471 0.00223999 0.00219924 0.00212455 0.0020184 0.0018815 0.00170981 0.00149167 0.00121307 0.000899267 0.000735675 0.00126598 0.00378926 0.00966452 0.0110219 0.0112007 0.0105514 0.00690644 0.00183711 0.000413638 7.55049e-05 1.38881e-05 2.34209e-06 3.48954e-07 4.44772e-08 4.36006e-09 2.34616e-10 0 
0 1.74059e-06 1.73578e-05 8.34543e-05 0.000259348 0.000566898 0.000932127 0.0012499 0.00147809 0.00163158 0.00173612 0.00180752 0.001852 0.00187109 0.00186503 0.00183411 0.00177857 0.00169739 0.00158633 0.00143611 0.00123395 0.000976322 0.000701746 0.000552322 0.000930125 0.0026171 0.00687926 0.010234 0.0105514 0.0093825 0.00425033 0.00136092 0.000306531 5.50992e-05 9.4007e-06 1.48901e-06 2.16974e-07 2.76254e-08 2.72169e-09 1.4731e-10 0 
0 6.40633e-07 6.39581e-06 3.18324e-05 0.000107375 0.000267033 0.00051219 0.000794395 0.00105151 0.00124997 0.00138789 0.00147682 0.00152838 0.00155029 0.00154661 0.00151879 0.00146611 0.00138555 0.00127202 0.00112032 0.000931082 0.000720025 0.00052224 0.000395941 0.000528591 0.00133208 0.00307397 0.00576817 0.00690644 0.00425033 0.00204311 0.000676138 0.000156391 2.93532e-05 4.9557e-06 7.75805e-07 1.14083e-07 1.47682e-08 1.47956e-09 8.13033e-11 0 
0 2.13139e-07 2.10082e-06 1.05424e-05 3.70204e-05 9.95616e-05 0.000213546 0.000376807 0.000565421 0.000747363 0.000899135 0.00101104 0.00108296 0.00111848 0.00112123 0.00109355 0.0010364 0.000950344 0.000837353 0.000703639 0.00056223 0.00043233 0.000331306 0.000265328 0.000269932 0.000493116 0.00104061 0.00166793 0.00183711 0.00136092 0.000676138 0.000229008 5.69262e-05 1.15204e-05 2.02434e-06 3.30913e-07 5.07435e-08 6.79161e-09 6.99348e-10 3.93504e-11 0 
0 6.41747e-08 6.18812e-07 3.07664e-06 1.09173e-05 3.04242e-05 6.94266e-05 0.000133159 0.000219606 0.00031866 0.000416175 0.000499349 0.00055973 0.000593326 0.00059936 0.000579105 0.0005354 0.000472804 0.000398019 0.000319946 0.000248762 0.000193641 0.000159248 0.000142486 0.000138593 0.00016773 0.000264176 0.000385369 0.000413638 0.000306531 0.000156391 5.69262e-05 1.56653e-05 3.45424e-06 6.61935e-07 1.17857e-07 1.92551e-08 2.69509e-09 2.87615e-10 1.66885e-11 0 
0 1.7478e-08 1.63983e-07 7.99352e-07 2.81425e-06 7.90141e-06 1.84768e-05 3.68992e-05 6.4118e-05 9.85665e-05 0.000136166 0.0001715 0.000199393 0.000216113 0.000219894 0.000210959 0.000191286 0.00016422 0.000133968 0.000104909 8.08345e-05 6.42577e-05 5.59132e-05 5.43966e-05 5.65917e-05 6.07942e-05 6.90137e-05 7.83009e-05 7.55049e-05 5.50992e-05 2.93532e-05 1.15204e-05 3.45424e-06 8.46003e-07 1.8274e-07 3.59692e-08 6.2955e-09 9.26303e-10 1.0302e-10 6.19721e-12 0 
0 4.2899e-09 3.90526e-08 1.85598e-07 6.41822e-07 1.78675e-06 4.18649e-06 8.46382e-06 1.50173e-05 2.37044e-05 3.36853e-05 4.35533e-05 5.1709e-05 5.68054e-05 5.80892e-05 5.55494e-05 4.98672e-05 4.22122e-05 3.39544e-05 2.63673e-05 2.04009e-05 1.65665e-05 1.49194e-05 1.50636e-05 1.61805e-05 1.72821e-05 1.76484e-05 1.67285e-05 1.38881e-05 9.4007e-06 4.9557e-06 2.02434e-06 6.61935e-07 1.8274e-07 4.4391e-08 9.5536e-09 1.78306e-09 2.76143e-10 3.21099e-11 2.00978e-12 0 
0 9.40106e-10 8.29533e-09 3.83388e-08 1.29582e-07 3.54792e-07 8.23226e-07 1.65936e-06 2.95297e-06 4.69616e-06 6.74076e-06 8.8076e-06 1.05531e-05 1.1668e-05 1.19674e-05 1.14396e-05 1.0239e-05 8.63343e-06 6.92817e-06 5.39357e-06 4.2173e-06 3.48735e-06 3.19646e-06 3.24999e-06 3.47181e-06 3.63472e-06 3.5383e-06 3.0901e-06 2.34209e-06 1.48901e-06 7.75805e-07 3.30913e-07 1.17857e-07 3.59692e-08 9.5536e-09 2.20683e-09 4.36423e-10 7.11106e-11 8.65781e-12 5.64991e-13 0 
0 1.8031e-10 1.54239e-09 6.92776e-09 2.28407e-08 6.12812e-08 1.40029e-07 2.79334e-07 4.94171e-07 7.84152e-07 1.12607e-06 1.47434e-06 1.77113e-06 1.96291e-06 2.01681e-06 1.92997e-06 1.72893e-06 1.46016e-06 1.1762e-06 9.22827e-07 7.30807e-07 6.13241e-07 5.66507e-07 5.72141e-07 5.99034e-07 6.09472e-07 5.72466e-07 4.79297e-07 3.48954e-07 2.16974e-07 1.14083e-07 5.07435e-08 1.92551e-08 6.2955e-09 1.78306e-09 4.36423e-10 9.10208e-11 1.55841e-11 1.98679e-12 1.35279e-13 0 
0 2.90067e-11 2.40755e-10 1.05141e-09 3.38048e-09 8.87684e-09 1.99302e-08 3.92188e-08 6.86954e-08 1.08277e-07 1.54859e-07 2.0234e-07 2.42924e-07 2.6933e-07 2.77027e-07 2.65571e-07 2.38555e-07 2.02325e-07 1.64066e-07 1.30015e-07 1.04304e-07 8.8562e-08 8.2029e-08 8.18871e-08 8.37888e-08 8.2921e-08 7.57951e-08 6.20058e-08 4.44772e-08 2.76254e-08 1.47682e-08 6.79161e-09 2.69509e-09 9.26303e-10 2.76143e-10 7.11106e-11 1.55841e-11 2.79827e-12 3.73185e-13 2.6505e-14 0 
0 3.53398e-12 2.84991e-11 1.21146e-10 3.80107e-10 9.76999e-10 2.15422e-09 4.17703e-09 7.23251e-09 1.1302e-08 1.6067e-08 2.09122e-08 2.50547e-08 2.77625e-08 2.85778e-08 2.74525e-08 2.47473e-08 2.11029e-08 1.72479e-08 1.38151e-08 1.1221e-08 9.61867e-09 8.90809e-09 8.77925e-09 8.78851e-09 8.48665e-09 7.59031e-09 6.11539e-09 4.36006e-09 2.72169e-09 1.47956e-09 6.99348e-10 2.87615e-10 1.0302e-10 3.21099e-11 8.65781e-12 1.98679e-12 3.73185e-13 5.19729e-14 3.84645e-15 0 
0 2.33035e-13 1.82882e-12 7.57834e-12 2.32318e-11 5.84977e-11 1.26722e-10 2.42116e-10 4.14268e-10 6.41434e-10 9.05713e-10 1.17344e-09 1.40212e-09 1.55214e-09 1.59868e-09 1.53908e-09 1.39282e-09 1.19475e-09 9.84652e-10 7.97166e-10 6.54933e-10 5.65745e-10 5.2307e-10 5.09006e-10 4.99524e-10 4.72182e-10 4.14716e-10 3.30214e-10 2.34616e-10 1.4731e-10 8.13033e-11 3.93504e-11 1.66885e-11 6.19721e-12 2.00978e-12 5.64991e-13 1.35279e-13 2.6505e-14 3.84645e-15 2.96182e-16 0 
0 0 0 0 0 0 0 0 0 0 0 0 0 0 0 0 0 0 0 0 0 0 0 0 0 0 0 0 0 0 0 0 0 0 0 0 0 0 0 0 0 
