0 0 0 0 0 0 0 0 0 0 0 0 0 0 0 0 0 0 0 0 0 0 0 0 0 0 0 0 0 0 0 0 0 0 0 0 0 0 0 0 0 
0 1.7362e-07 1.56452e-06 7.04379e-06 2.19501e-05 5.24955e-05 0.00010186 0.000167275 0.000241019 0.000314002 0.000378745 0.00043042 0.000466546 0.000486263 0.000489722 0.00047771 0.000451495 0.000412825 0.000364016 0.000308059 0.000248646 0.000189966 0.000136221 9.0879e-05 5.59341e-05 3.15319e-05 1.61945e-05 7.55409e-06 3.19723e-06 1.22864e-06 4.29322e-07 1.36614e-07 3.96126e-08 1.04537e-08 2.49961e-09 5.36114e-10 1.01032e-10 1.60219e-11 1.92942e-12 1.26031e-13 0 
0 1.56452e-06 1.45139e-05 6.53116e-05 0.000195097 0.000428472 0.000740409 0.00107135 0.00137088 0.00161698 0.00180728 0.00194609 0.00203781 0.00208561 0.00209201 0.00205949 0.00199069 0.00188805 0.0017534 0.00158776 0.00139215 0.00116981 0.000929376 0.000687097 0.000465014 0.000283939 0.000154809 7.50015e-05 3.23019e-05 1.24187e-05 4.28683e-06 1.33601e-06 3.77388e-07 9.67346e-08 2.2438e-08 4.66772e-09 8.53697e-10 1.31532e-10 1.54104e-11 9.80857e-13 0 
0 7.04379e-06 6.53116e-05 0.00027829 0.000737016 0.00137007 0.00199769 0.00252351 0.00295314 0.00331322 0.00361411 0.00385221 0.00401957 0.00411012 0.00412225 0.00405938 0.00392948 0.00374383 0.00351519 0.0032552 0.00297115 0.00266255 0.0023201 0.00193165 0.00149788 0.00104999 0.000647413 0.000344972 0.00015812 6.27535e-05 2.1834e-05 6.74701e-06 1.87056e-06 4.67912e-07 1.05619e-07 2.13609e-08 3.79879e-09 5.696e-10 6.50279e-11 4.03903e-12 0 
0 2.19501e-05 0.000195097 0.000737016 0.00162392 0.00252496 0.0032863 0.00396698 0.00461459 0.00522097 0.00575572 0.00618809 0.00649466 0.00666174 0.00668575 0.00657275 0.00633714 0.00599993 0.0055866 0.00512478 0.00464161 0.00415996 0.00369222 0.00323145 0.002746 0.00219524 0.00157809 0.000974664 0.000502422 0.000215291 7.78844e-05 2.43345e-05 6.70095e-06 1.64799e-06 3.63812e-07 7.17941e-08 1.24506e-08 1.82125e-09 2.03039e-10 1.2331e-11 0 
0 5.24955e-05 0.000428472 0.00137007 0.00252496 0.00355139 0.00453046 0.00553808 0.00654676 0.00749775 0.00833387 0.0090077 0.00948467 0.00974477 0.00978303 0.00960885 0.00924411 0.00872045 0.00807604 0.00735231 0.00659089 0.00583094 0.00510646 0.00444112 0.00383621 0.00325276 0.0026138 0.0018747 0.00112541 0.000544443 0.000212585 6.88839e-05 1.9138e-05 4.67236e-06 1.01519e-06 1.96368e-07 3.33271e-08 4.77004e-09 5.2064e-10 3.09887e-11 0 
0 0.00010186 0.000740409 0.00199769 0.0032863 0.00453046 0.00587424 0.00729829 0.00872087 0.0100566 0.0112281 0.0121709 0.0128378 0.0132015 0.0132553 0.0130123 0.0125029 0.0117707 0.0108684 0.00985287 0.00878072 0.00770484 0.00667186 0.00572034 0.0048772 0.00414446 0.00347107 0.00274537 0.00189798 0.00105998 0.000461518 0.000159322 4.54612e-05 1.114e-05 2.39926e-06 4.57197e-07 7.62367e-08 1.07117e-08 1.14794e-09 6.71336e-11 0 
0 0.000167275 0.00107135 0.00252351 0.00396698 0.00553808 0.00729829 0.00916069 0.0110153 0.0127537 0.014277 0.0155022 0.0163685 0.0168407 0.0169102 0.0165942 0.015932 0.0149801 0.0138066 0.0124846 0.011087 0.00968135 0.0083264 0.00707035 0.00595016 0.00498868 0.00417716 0.0034352 0.00261261 0.00166574 0.0008213 0.000308683 9.2007e-05 2.28806e-05 4.91995e-06 9.28349e-07 1.52703e-07 2.1134e-08 2.23035e-09 1.28497e-10 0 
0 0.000241019 0.00137088 0.00295314 0.00461459 0.00654676 0.00872087 0.0110153 0.0132971 0.0154345 0.0173065 0.0188117 0.0198761 0.0204563 0.020541 0.0201509 0.0193354 0.0181645 0.0167213 0.0150953 0.0133752 0.0116434 0.00997109 0.00841585 0.00702107 0.00581662 0.0048142 0.00397776 0.00317284 0.00223272 0.001239 0.000512331 0.000161538 4.11539e-05 8.89216e-06 1.66929e-06 2.71893e-07 3.71873e-08 3.876e-09 2.20575e-10 0 
0 0.000314002 0.00161698 0.00331322 0.00522097 0.00749775 0.0100566 0.0127537 0.0154345 0.0179448 0.0201428 0.0219122 0.0231677 0.0238551 0.0239547 0.0234895 0.0225224 0.0211412 0.0194441 0.0175334 0.015512 0.0134759 0.0115079 0.00967484 0.00802593 0.00659452 0.00539891 0.00442864 0.00359135 0.00268816 0.00164342 0.000745762 0.000250144 6.569e-05 1.43328e-05 2.68742e-06 4.34905e-07 5.89616e-08 6.08644e-09 3.43002e-10 0 
0 0.000378745 0.00180728 0.00361411 0.00575572 0.00833387 0.0112281 0.014277 0.0173065 0.0201428 0.022629 0.0246372 0.0260663 0.0268464 0.0269575 0.0264271 0.0253226 0.0237477 0.0218216 0.0196601 0.0173753 0.0150736 0.012848 0.0107731 0.00890375 0.00727593 0.0059098 0.00480564 0.00390427 0.0030223 0.00198277 0.000974963 0.000347194 9.41702e-05 2.08062e-05 3.90756e-06 6.30028e-07 8.48936e-08 8.70129e-09 4.86772e-10 0 
0 0.00043042 0.00194609 0.00385221 0.00618809 0.0090077 0.0121709 0.0155022 0.0188117 0.0219122 0.0246372 0.026836 0.0283737 0.0291881 0.0292989 0.0287439 0.0275639 0.0258452 0.0237292 0.0213607 0.0188633 0.0163488 0.0139172 0.0116492 0.00960421 0.00782031 0.00631832 0.00510223 0.00413245 0.00325165 0.00223547 0.00116984 0.000438562 0.000122573 2.74358e-05 5.1694e-06 8.32145e-07 1.11698e-07 1.13939e-08 6.34158e-10 0 
0 0.000466546 0.00203781 0.00401957 0.00649466 0.00948467 0.0128378 0.0163685 0.0198761 0.0231677 0.0260663 0.0283737 0.029928 0.0307196 0.0308207 0.0302763 0.0290951 0.0273151 0.0250726 0.0225521 0.019902 0.0172376 0.0146615 0.0122584 0.0100907 0.00819799 0.00660141 0.00530592 0.00428207 0.00339364 0.00240013 0.00131119 0.000510918 0.000146273 3.31129e-05 6.26226e-06 1.00794e-06 1.35033e-07 1.37367e-08 7.62254e-10 0 
0 0.000486263 0.00208561 0.00411012 0.00666174 0.00974477 0.0132015 0.0168407 0.0204563 0.0238551 0.0268464 0.0291881 0.0307196 0.0314821 0.0315737 0.0310411 0.0298789 0.0280908 0.02579 0.0231847 0.0204493 0.0177037 0.01505 0.0125749 0.0103419 0.00839165 0.00674505 0.00540728 0.0043534 0.00345976 0.00248315 0.00139041 0.000554809 0.000161356 3.68227e-05 6.98689e-06 1.12554e-06 1.50741e-07 1.53218e-08 8.4934e-10 0 
0 0.000489722 0.00209201 0.00412225 0.00668575 0.00978303 0.0132553 0.0169102 0.020541 0.0239547 0.0269575 0.0292989 0.0308207 0.0315737 0.0316599 0.0311257 0.0299644 0.0281743 0.0258636 0.0232441 0.0204957 0.0177391 0.0150759 0.0125926 0.0103526 0.00839647 0.00674487 0.00540283 0.00434657 0.00345664 0.00249161 0.00140625 0.000565887 0.000165629 3.79502e-05 7.2185e-06 1.16471e-06 1.56173e-07 1.58898e-08 8.81655e-10 0 
0 0.00047771 0.00205949 0.00405938 0.00657275 0.00960885 0.0130123 0.0165942 0.0201509 0.0234895 0.0264271 0.0287439 0.0302763 0.0310411 0.0311257 0.0305764 0.0293946 0.0276005 0.0253211 0.0227553 0.0200639 0.0173633 0.014755 0.0123239 0.0101322 0.00821919 0.0066053 0.00529523 0.00426366 0.00338799 0.00243081 0.00136199 0.000544831 0.000159054 3.64494e-05 6.94476e-06 1.12327e-06 1.51035e-07 1.54125e-08 8.578e-10 0 
0 0.000451495 0.00199069 0.00392948 0.00633714 0.00924411 0.0125029 0.015932 0.0193354 0.0225224 0.0253226 0.0275639 0.0290951 0.0298789 0.0299644 0.0293946 0.0281933 0.0264239 0.0242302 0.021779 0.0192045 0.016619 0.0141226 0.0117972 0.00970249 0.00787612 0.00633786 0.00509186 0.00410834 0.00325527 0.00230434 0.0012644 0.000496725 0.000143611 3.28274e-05 6.26516e-06 1.01719e-06 1.37429e-07 1.40987e-08 7.89059e-10 0 
0 0.000412825 0.00188805 0.00374383 0.00599993 0.00872045 0.0117707 0.0149801 0.0181645 0.0211412 0.0237477 0.0258452 0.0273151 0.0280908 0.0281743 0.0276005 0.0264239 0.0247424 0.0226904 0.0204 0.0179891 0.0155666 0.0132288 0.0110529 0.00909478 0.00739034 0.00595859 0.00480241 0.00388376 0.00305745 0.00211574 0.00112419 0.000430192 0.000122726 2.79739e-05 5.35602e-06 8.75019e-07 1.19133e-07 1.23247e-08 6.95804e-10 0 
0 0.000364016 0.0017534 0.00351519 0.0055866 0.00807604 0.0108684 0.0138066 0.0167213 0.0194441 0.0218216 0.0237292 0.0250726 0.02579 0.0258636 0.0253211 0.0242302 0.0226904 0.0208144 0.018715 0.0165019 0.0142783 0.0121334 0.0101386 0.00834561 0.00678826 0.00548485 0.00443538 0.00358949 0.00279117 0.00187191 0.000957122 0.000356207 0.000100458 2.29127e-05 4.419e-06 7.29506e-07 1.00503e-07 1.05264e-08 6.01685e-10 0 
0 0.000308059 0.00158776 0.0032552 0.00512478 0.00735231 0.00985287 0.0124846 0.0150953 0.0175334 0.0196601 0.0213607 0.0225521 0.0231847 0.0232441 0.0227553 0.021779 0.0204 0.018715 0.0168257 0.0148332 0.0128312 0.0109003 0.00910503 0.00749309 0.00609619 0.00493155 0.00399381 0.00321895 0.00245403 0.00158831 0.000784298 0.00028645 8.0662e-05 1.85711e-05 3.63404e-06 6.09824e-07 8.54249e-08 9.09307e-09 5.27785e-10 0 
0 0.000248646 0.00139215 0.00297115 0.00464161 0.00659089 0.00878072 0.011087 0.0133752 0.015512 0.0173753 0.0188633 0.019902 0.0204493 0.0204957 0.0200639 0.0192045 0.0179891 0.0165019 0.0148332 0.0130723 0.0113016 0.00959218 0.00800172 0.00657346 0.00533703 0.00430733 0.00347195 0.00276214 0.00205385 0.00129336 0.000629965 0.000231362 6.63585e-05 1.56352e-05 3.13111e-06 5.3673e-07 7.66209e-08 8.29155e-09 4.88138e-10 0 
0 0.000189966 0.00116981 0.00266255 0.00415996 0.00583094 0.00770484 0.00968135 0.0116434 0.0134759 0.0150736 0.0163488 0.0172376 0.0177037 0.0177391 0.0173633 0.016619 0.0155666 0.0142783 0.0128312 0.0113016 0.00975984 0.00826726 0.00687402 0.00561877 0.00452834 0.00361422 0.00286264 0.00222389 0.00162274 0.00102579 0.000515609 0.000198243 5.94308e-05 1.4505e-05 2.98087e-06 5.20498e-07 7.52803e-08 8.22076e-09 4.86914e-10 0 
0 0.000136221 0.000929376 0.0023201 0.00369222 0.00510646 0.00667186 0.0083264 0.00997109 0.0115079 0.012848 0.0139172 0.0146615 0.01505 0.0150759 0.014755 0.0141226 0.0132288 0.0121334 0.0109003 0.00959218 0.00826726 0.00697628 0.0057616 0.0046573 0.00368952 0.00287435 0.00221161 0.00167807 0.00122935 0.000818752 0.000450064 0.000189236 6.04469e-05 1.52827e-05 3.19052e-06 5.59642e-07 8.08235e-08 8.7849e-09 5.16984e-10 0 
0 9.0879e-05 0.000687097 0.00193165 0.00323145 0.00444112 0.00572034 0.00707035 0.00841585 0.00967484 0.0107731 0.0116492 0.0122584 0.0125749 0.0125926 0.0123239 0.0117972 0.0110529 0.0101386 0.00910503 0.00800172 0.00687402 0.0057616 0.0046996 0.00372628 0.00289628 0.00226393 0.00180935 0.00142782 0.00105475 0.00071573 0.000427169 0.000199593 6.82907e-05 1.7695e-05 3.68764e-06 6.38426e-07 9.06573e-08 9.68245e-09 5.60197e-10 0 
0 5.59341e-05 0.000465014 0.00149788 0.002746 0.00383621 0.0048772 0.00595016 0.00702107 0.00802593 0.00890375 0.00960421 0.0100907 0.0103419 0.0103526 0.0101322 0.00970249 0.00909478 0.00834561 0.00749309 0.00657346 0.00561877 0.0046573 0.00372628 0.00291984 0.00243385 0.00240963 0.0026072 0.00247889 0.00182087 0.00103077 0.000504885 0.000227506 8.05257e-05 2.1006e-05 4.29778e-06 7.24702e-07 1.00209e-07 1.04427e-08 5.90957e-10 0 
0 3.15319e-05 0.000283939 0.00104999 0.00219524 0.00325276 0.00414446 0.00498868 0.00581662 0.00659452 0.00727593 0.00782031 0.00819799 0.00839165 0.00839647 0.00821919 0.00787612 0.00739034 0.00678826 0.00609619 0.00533703 0.00452834 0.00368952 0.00289628 0.00243385 0.00286123 0.00451085 0.00650883 0.00694602 0.00512447 0.00260839 0.000963702 0.000311847 9.70293e-05 2.42319e-05 4.76345e-06 7.74787e-07 1.03951e-07 1.05588e-08 5.8448e-10 0 
0 1.61945e-05 0.000154809 0.000647413 0.00157809 0.0026138 0.00347107 0.00417716 0.0048142 0.00539891 0.0059098 0.00631832 0.00660141 0.00674505 0.00674487 0.0066053 0.00633786 0.00595859 0.00548485 0.00493155 0.00430733 0.00361422 0.00287435 0.00226393 0.00240963 0.00451085 0.00936244 0.0157843 0.0180586 0.0122315 0.0060191 0.00203762 0.000513109 0.000121192 2.6488e-05 4.8335e-06 7.50608e-07 9.77439e-08 9.7109e-09 5.27893e-10 0 
0 7.55409e-06 7.50015e-05 0.000344972 0.000974664 0.0018747 0.00274537 0.0034352 0.00397776 0.00442864 0.00480564 0.00510223 0.00530592 0.00540728 0.00540283 0.00529523 0.00509186 0.00480241 0.00443538 0.00399381 0.00347195 0.00286264 0.00221161 0.00180935 0.0026072 0.00650883 0.0157843 0.0234316 0.0243181 0.0209257 0.010013 0.00326606 0.000753488 0.000144851 2.65379e-05 4.36127e-06 6.41407e-07 8.13566e-08 7.95918e-09 4.27741e-10 0 
0 3.19723e-06 3.23019e-05 0.00015812 0.000502422 0.00112541 0.00189798 0.00261261 0.00317284 0.00359135 0.00390427 0.00413245 0.00428207 0.0043534 0.00434657 0.00426366 0.00410834 0.00388376 0.00358949 0.00321895 0.00276214 0.00222389 0.00167807 0.00142782 0.00247889 0.00694602 0.0180586 0.0243181 0.0250389 0.0226647 0.0115817 0.00359707 0.000809324 0.000142023 2.27462e-05 3.38027e-06 4.73163e-07 5.8982e-08 5.73575e-09 3.07326e-10 0 
0 1.22864e-06 1.24187e-05 6.27535e-05 0.000215291 0.000544443 0.00105998 0.00166574 0.00223272 0.00268816 0.0030223 0.00325165 0.00339364 0.00345976 0.00345664 0.00338799 0.00325527 0.00305745 0.00279117 0.00245403 0.00205385 0.00162274 0.00122935 0.00105475 0.00182087 0.00512447 0.0122315 0.0209257 0.0226647 0.0170892 0.00809755 0.00266488 0.000599282 0.000103187 1.54782e-05 2.16706e-06 2.96107e-07 3.68624e-08 3.60473e-09 1.94379e-10 0 
0 4.29322e-07 4.28683e-06 2.1834e-05 7.78844e-05 0.000212585 0.000461518 0.0008213 0.001239 0.00164342 0.00198277 0.00223547 0.00240013 0.00248315 0.00249161 0.00243081 0.00230434 0.00211574 0.00187191 0.00158831 0.00129336 0.00102579 0.000818752 0.00071573 0.00103077 0.00260839 0.0060191 0.010013 0.0115817 0.00809755 0.00400072 0.00132389 0.000304125 5.36918e-05 8.01071e-06 1.12182e-06 1.55721e-07 1.9767e-08 1.96796e-09 1.07805e-10 0 
0 1.36614e-07 1.33601e-06 6.74701e-06 2.43345e-05 6.88839e-05 0.000159322 0.000308683 0.000512331 0.000745762 0.000974963 0.00116984 0.00131119 0.00139041 0.00140625 0.00136199 0.0012644 0.00112419 0.000957122 0.000784298 0.000629965 0.000515609 0.000450064 0.000427169 0.000504885 0.000963702 0.00203762 0.00326606 0.00359707 0.00266488 0.00132389 0.000447222 0.000108144 2.01208e-05 3.15211e-06 4.7011e-07 6.89803e-08 9.10054e-09 9.32695e-10 5.23486e-11 0 
0 3.96126e-08 3.77388e-07 1.87056e-06 6.70095e-06 1.9138e-05 4.54612e-05 9.2007e-05 0.000161538 0.000250144 0.000347194 0.000438562 0.000510918 0.000554809 0.000565887 0.000544831 0.000496725 0.000430192 0.000356207 0.00028645 0.000231362 0.000198243 0.000189236 0.000199593 0.000227506 0.000311847 0.000513109 0.000753488 0.000809324 0.000599282 0.000304125 0.000108144 2.80357e-05 5.63817e-06 9.81788e-07 1.63837e-07 2.60351e-08 3.61201e-09 3.84228e-10 2.22505e-11 0 
0 1.04537e-08 9.67346e-08 4.67912e-07 1.64799e-06 4.67236e-06 1.114e-05 2.28806e-05 4.11539e-05 6.569e-05 9.41702e-05 0.000122573 0.000146273 0.000161356 0.000165629 0.000159054 0.000143611 0.000122726 0.000100458 8.0662e-05 6.63585e-05 5.94308e-05 6.04469e-05 6.82907e-05 8.05257e-05 9.70293e-05 0.000121192 0.000144851 0.000142023 0.000103187 5.36918e-05 2.01208e-05 5.63817e-06 1.2779e-06 2.58709e-07 4.91102e-08 8.4763e-09 1.24138e-09 1.37772e-10 8.27509e-12 0 
0 2.49961e-09 2.2438e-08 1.05619e-07 3.63812e-07 1.01519e-06 2.39926e-06 4.91995e-06 8.89216e-06 1.43328e-05 2.08062e-05 2.74358e-05 3.31129e-05 3.68227e-05 3.79502e-05 3.64494e-05 3.28274e-05 2.79739e-05 2.29127e-05 1.85711e-05 1.56352e-05 1.4505e-05 1.52827e-05 1.7695e-05 2.1006e-05 2.42319e-05 2.6488e-05 2.65379e-05 2.27462e-05 1.54782e-05 8.01071e-06 3.15211e-06 9.81788e-07 2.58709e-07 6.08844e-08 1.29054e-08 2.39488e-09 3.70047e-10 4.29696e-11 2.68632e-12 0 
0 5.36114e-10 4.66772e-09 2.13609e-08 7.17941e-08 1.96368e-07 4.57197e-07 9.28349e-07 1.66929e-06 2.68742e-06 3.90756e-06 5.1694e-06 6.26226e-06 6.98689e-06 7.2185e-06 6.94476e-06 6.26516e-06 5.35602e-06 4.419e-06 3.63404e-06 3.13111e-06 2.98087e-06 3.19052e-06 3.68764e-06 4.29778e-06 4.76345e-06 4.8335e-06 4.36127e-06 3.38027e-06 2.16706e-06 1.12182e-06 4.7011e-07 1.63837e-07 4.91102e-08 1.29054e-08 2.96659e-09 5.85454e-10 9.5283e-11 1.15899e-11 7.5565e-13 0 
0 1.01032e-10 8.53697e-10 3.79879e-09 1.24506e-08 3.33271e-08 7.62367e-08 1.52703e-07 2.71893e-07 4.34905e-07 6.30028e-07 8.32145e-07 1.00794e-06 1.12554e-06 1.16471e-06 1.12327e-06 1.01719e-06 8.75019e-07 7.29506e-07 6.09824e-07 5.3673e-07 5.20498e-07 5.59642e-07 6.38426e-07 7.24702e-07 7.74787e-07 7.50608e-07 6.41407e-07 4.73163e-07 2.96107e-07 1.55721e-07 6.89803e-08 2.60351e-08 8.4763e-09 2.39488e-09 5.85454e-10 1.22014e-10 2.08776e-11 2.65996e-12 1.80993e-13 0 
0 1.60219e-11 1.31532e-10 5.696e-10 1.82125e-09 4.77004e-09 1.07117e-08 2.1134e-08 3.71873e-08 5.89616e-08 8.48936e-08 1.11698e-07 1.35033e-07 1.50741e-07 1.56173e-07 1.51035e-07 1.37429e-07 1.19133e-07 1.00503e-07 8.54249e-08 7.66209e-08 7.52803e-08 8.08235e-08 9.06573e-08 1.00209e-07 1.03951e-07 9.77439e-08 8.13566e-08 5.8982e-08 3.68624e-08 1.9767e-08 9.10054e-09 3.61201e-09 1.24138e-09 3.70047e-10 9.5283e-11 2.08776e-11 3.74764e-12 4.99598e-13 3.54664e-14 0 
0 1.92942e-12 1.54104e-11 6.50279e-11 2.03039e-10 5.2064e-10 1.14794e-09 2.23035e-09 3.876e-09 6.08644e-09 8.70129e-09 1.13939e-08 1.37367e-08 1.53218e-08 1.58898e-08 1.54125e-08 1.40987e-08 1.23247e-08 1.05264e-08 9.09307e-09 8.29155e-09 8.22076e-09 8.7849e-09 9.68245e-09 1.04427e-08 1.05588e-08 9.7109e-09 7.95918e-09 5.73575e-09 3.60473e-09 1.96796e-09 9.32695e-10 3.84228e-10 1.37772e-10 4.29696e-11 1.15899e-11 2.65996e-12 4.99598e-13 6.95646e-14 5.14682e-15 0 
0 1.26031e-13 9.80857e-13 4.03903e-12 1.2331e-11 3.09887e-11 6.71336e-11 1.28497e-10 2.20575e-10 3.43002e-10 4.86772e-10 6.34158e-10 7.62254e-10 8.4934e-10 8.81655e-10 8.578e-10 7.89059e-10 6.95804e-10 6.01685e-10 5.27785e-10 4.88138e-10 4.86914e-10 5.16984e-10 5.60197e-10 5.90957e-10 5.8448e-10 5.27893e-10 4.27741e-10 3.07326e-10 1.94379e-10 1.07805e-10 5.23486e-11 2.22505e-11 8.27509e-12 2.68632e-12 7.5565e-13 1.80993e-13 3.54664e-14 5.14682e-15 3.96254e-16 0 
0 0 0 0 0 0 0 0 0 0 0 0 0 0 0 0 0 0 0 0 0 0 0 0 0 0 0 0 0 0 0 0 0 0 0 0 0 0 0 0 0 
