0 0 0 0 0 0 0 0 0 0 0 0 0 0 0 0 0 0 0 0 0 0 0 0 0 0 0 0 0 0 0 0 0 0 0 0 0 0 0 0 0 
0 1.7792e-07 1.60091e-06 7.18656e-06 2.22942e-05 5.30108e-05 0.000102199 0.000166759 0.000238883 0.0003097 0.000372114 0.000421679 0.000456198 0.000474981 0.000478241 0.000466748 0.000441685 0.000404657 0.000357788 0.000303844 0.000246282 0.000189091 0.000136351 9.15199e-05 5.66902e-05 3.21665e-05 1.66257e-05 7.80179e-06 3.32018e-06 1.28211e-06 4.49909e-07 1.43687e-07 4.17922e-08 1.10575e-08 2.64969e-09 5.69319e-10 1.07447e-10 1.70597e-11 2.05641e-12 1.34434e-13 0 
0 1.60091e-06 1.48166e-05 6.63416e-05 0.00019662 0.000427566 0.000731261 0.00104841 0.0013318 0.00156263 0.00174033 0.00186975 0.00195524 0.00199976 0.0020056 0.0019751 0.00191074 0.00181488 0.00168921 0.00153453 0.00135137 0.00114202 0.000913722 0.000681138 0.000465227 0.000286796 0.000157837 7.71315e-05 3.34713e-05 1.29504e-05 4.49366e-06 1.40636e-06 3.98599e-07 1.02447e-07 2.38143e-08 4.96254e-09 9.0886e-10 1.40184e-10 1.64383e-11 1.04701e-12 0 
0 7.18656e-06 6.63416e-05 0.000280149 0.000732276 0.00134213 0.00193432 0.00242499 0.00282605 0.00316417 0.00344828 0.00367386 0.00383272 0.00391874 0.00393024 0.00387046 0.00374702 0.00357082 0.00335427 0.00310891 0.00284226 0.00255442 0.00223653 0.0018755 0.00146863 0.00104185 0.000650825 0.000351244 0.000162827 6.52221e-05 2.2856e-05 7.10093e-06 1.9766e-06 4.9592e-07 1.12195e-07 2.27299e-08 4.04755e-09 6.07511e-10 6.94099e-11 4.31382e-12 0 
0 2.22942e-05 0.00019662 0.000732276 0.00158603 0.00243302 0.00314422 0.00378527 0.00439965 0.0049767 0.00548612 0.00589813 0.00619031 0.00634955 0.00637244 0.00626473 0.00604018 0.00571881 0.00532495 0.00488503 0.00442521 0.0039679 0.00352617 0.0030951 0.00264541 0.00213546 0.00155615 0.000976609 0.000511481 0.00022218 8.12218e-05 2.55682e-05 7.07747e-06 1.7469e-06 3.86629e-07 7.64358e-08 1.32731e-08 1.94343e-09 2.16816e-10 1.31748e-11 0 
0 5.30108e-05 0.000427566 0.00134213 0.00243302 0.00339444 0.00432028 0.0052789 0.00623999 0.00714636 0.00794329 0.00858554 0.00904016 0.00928806 0.00932453 0.00915852 0.00881088 0.00831175 0.00769755 0.00700775 0.00628204 0.00555786 0.00486798 0.00423601 0.00366562 0.00312275 0.00253337 0.00184449 0.00112793 0.000555676 0.000220223 7.21247e-05 2.01815e-05 4.95003e-06 1.0788e-06 2.09099e-07 3.55373e-08 5.09134e-09 5.56093e-10 3.31155e-11 0 
0 0.000102199 0.000731261 0.00193432 0.00314422 0.00432028 0.00559917 0.00695627 0.00831216 0.0095853 0.0107019 0.0116005 0.0122362 0.0125828 0.0126341 0.0124025 0.0119169 0.011219 0.0103591 0.00939111 0.0083692 0.00734375 0.00635923 0.00545261 0.00465049 0.00395754 0.00332976 0.00266119 0.00187151 0.0010671 0.000473665 0.000165926 4.78088e-05 1.17869e-05 2.54822e-06 4.86746e-07 8.129e-08 1.14335e-08 1.22615e-09 7.17424e-11 0 
0 0.000166759 0.00104841 0.00242499 0.00378527 0.0052789 0.00695627 0.00873136 0.010499 0.012156 0.0136079 0.0147757 0.0156014 0.0160515 0.0161177 0.0158165 0.0151853 0.0142781 0.0131595 0.0118995 0.0105674 0.00922762 0.00793617 0.00673902 0.00567159 0.0047567 0.00398962 0.0032997 0.00254219 0.00165375 0.000833746 0.000319261 9.63913e-05 2.41624e-05 5.22032e-06 9.87852e-07 1.62779e-07 2.2554e-08 2.38196e-09 1.37301e-10 0 
0 0.000238883 0.0013318 0.00282605 0.00439965 0.00623999 0.00831216 0.010499 0.0126739 0.0147112 0.0164954 0.0179302 0.0189451 0.0194988 0.0195796 0.0192074 0.0184295 0.0173132 0.0159377 0.0143878 0.0127484 0.0110977 0.00950378 0.00802143 0.00669206 0.00554443 0.00459137 0.00380387 0.00306001 0.00219058 0.00124397 0.000525787 0.000168467 4.3353e-05 9.42264e-06 1.77495e-06 2.89696e-07 3.96722e-08 4.13831e-09 2.35627e-10 0 
0 0.0003097 0.00156263 0.00316417 0.0049767 0.00714636 0.0095853 0.012156 0.0147112 0.0171038 0.0191991 0.020887 0.022087 0.0227453 0.0228409 0.0223953 0.0214702 0.0201514 0.018533 0.0167117 0.0147851 0.0128443 0.0109686 0.00922142 0.00764979 0.00628555 0.00514683 0.00422701 0.00344579 0.00261439 0.00163395 0.000759439 0.000259605 6.90112e-05 1.51647e-05 2.85491e-06 4.63095e-07 6.28719e-08 6.49577e-09 3.66277e-10 0 
0 0.000372114 0.00174033 0.00344828 0.00548612 0.00794329 0.0107019 0.0136079 0.0164954 0.0191991 0.0215708 0.0234901 0.0248584 0.0256051 0.0257117 0.0252046 0.024147 0.0226398 0.0208002 0.0187389 0.016561 0.0143671 0.0122458 0.0102682 0.00848646 0.00693496 0.00563318 0.00458334 0.00373569 0.0029221 0.00195604 0.000985971 0.000358641 9.86599e-05 2.19789e-05 4.14699e-06 6.70399e-07 9.04741e-08 9.2821e-09 5.1958e-10 0 
0 0.000421679 0.00186975 0.00367386 0.00589813 0.00858554 0.0116005 0.0147757 0.0179302 0.020887 0.0234901 0.0255919 0.0270545 0.0278226 0.0279268 0.0274045 0.0262859 0.0246452 0.0226218 0.0203605 0.0179793 0.0155826 0.0132649 0.0111033 0.0091541 0.00745381 0.00602236 0.00486471 0.00394842 0.0031323 0.00219289 0.00117642 0.000451182 0.000128097 2.89388e-05 5.48079e-06 8.84832e-07 1.1897e-07 1.2148e-08 6.76568e-10 0 
0 0.000456198 0.00195524 0.00383272 0.00619031 0.00904016 0.0122362 0.0156014 0.0189451 0.022087 0.0248584 0.0270545 0.028514 0.0292486 0.0293418 0.0288372 0.0277333 0.0260482 0.0239068 0.021498 0.0189696 0.0164298 0.0139743 0.0116839 0.00961776 0.00781379 0.00629211 0.00505828 0.00408849 0.0032621 0.00234569 0.00131323 0.000523973 0.000152554 3.48817e-05 6.6335e-06 1.071e-06 1.43736e-07 1.46376e-08 8.12784e-10 0 
0 0.000474981 0.00199976 0.00391874 0.00634955 0.00928806 0.0125828 0.0160515 0.0194988 0.0227453 0.0256051 0.0278226 0.0292486 0.0299508 0.0300347 0.0295441 0.028466 0.026785 0.0245938 0.0221028 0.0194916 0.016874 0.0143447 0.0119856 0.00985726 0.00799837 0.00642899 0.00515465 0.00415527 0.00332206 0.00242182 0.00138919 0.000567825 0.000168042 3.87502e-05 7.39523e-06 1.19513e-06 1.60353e-07 1.63164e-08 9.05065e-10 0 
0 0.000478241 0.0020056 0.00393024 0.00637244 0.00932453 0.0126341 0.0161177 0.0195796 0.0228409 0.0257117 0.0279268 0.0293418 0.0300347 0.0301134 0.0296216 0.0285454 0.0268643 0.0246647 0.0221598 0.019536 0.0169078 0.0143694 0.0120024 0.00986744 0.00800296 0.00642881 0.00515035 0.00414842 0.00331807 0.00242848 0.00140374 0.00057863 0.00017235 3.99071e-05 7.63496e-06 1.23585e-06 1.6601e-07 1.69083e-08 9.38744e-10 0 
0 0.000466748 0.0019751 0.00387046 0.00626473 0.00915852 0.0124025 0.0158165 0.0192074 0.0223953 0.0252046 0.0274045 0.0288372 0.0295441 0.0296216 0.029114 0.0280134 0.0263206 0.024146 0.0216927 0.0191241 0.0165496 0.0140635 0.0117464 0.00965731 0.00783399 0.00629579 0.00504787 0.00406976 0.00325333 0.00237059 0.00136021 0.00055715 0.000165459 3.83073e-05 7.34008e-06 1.19087e-06 1.60397e-07 1.63834e-08 9.12298e-10 0 
0 0.000441685 0.00191074 0.00374702 0.00604018 0.00881088 0.0119169 0.0151853 0.0184295 0.0214702 0.024147 0.0262859 0.0277333 0.028466 0.0285454 0.0280134 0.0268826 0.0251996 0.0231022 0.0207603 0.0183047 0.0158401 0.0134607 0.0112444 0.00924777 0.007507 0.00604091 0.00485428 0.0039228 0.00312906 0.00225108 0.00126479 0.00050838 0.000149391 3.44797e-05 6.6153e-06 1.07707e-06 1.45738e-07 1.49624e-08 8.37665e-10 0 
0 0.000404657 0.00181488 0.00357082 0.00571881 0.00831175 0.011219 0.0142781 0.0173132 0.0201514 0.0226398 0.0246452 0.0260482 0.026785 0.0268643 0.0263206 0.0251996 0.0235917 0.0216302 0.0194445 0.017146 0.014837 0.0126088 0.0105349 0.00866854 0.00704399 0.00567949 0.00457889 0.00371068 0.00294396 0.00207232 0.00112719 0.000440768 0.000127641 2.93495e-05 5.64579e-06 9.24578e-07 1.26025e-07 1.30433e-08 7.36376e-10 0 
0 0.000357788 0.00168921 0.00335427 0.00532495 0.00769755 0.0103591 0.0131595 0.0159377 0.018533 0.0208002 0.0226218 0.0239068 0.0245938 0.0246647 0.024146 0.0231022 0.0216302 0.0198397 0.0178379 0.0157285 0.0136091 0.0115648 0.00966343 0.00795449 0.00647014 0.0052281 0.00422998 0.00343303 0.00269402 0.00183938 0.000961959 0.000365157 0.000104357 2.39817e-05 4.64301e-06 7.67846e-07 1.0585e-07 1.10858e-08 6.33379e-10 0 
0 0.000303844 0.00153453 0.00310891 0.00488503 0.00700775 0.00939111 0.0118995 0.0143878 0.0167117 0.0187389 0.0203605 0.021498 0.0221028 0.0221598 0.0216927 0.0207603 0.0194445 0.0178379 0.0160371 0.014138 0.0122298 0.0103894 0.00867832 0.00714193 0.00581055 0.00470108 0.00381057 0.0030832 0.00237517 0.00156515 0.000789141 0.000293245 8.35012e-05 1.93408e-05 3.79516e-06 6.37466e-07 8.92919e-08 9.49889e-09 5.50837e-10 0 
0 0.000246282 0.00135137 0.00284226 0.00442521 0.00628204 0.0083692 0.0105674 0.0127484 0.0147851 0.016561 0.0179793 0.0189696 0.0194916 0.019536 0.0191241 0.0183047 0.017146 0.0157285 0.014138 0.0124597 0.0107719 0.00914263 0.00762671 0.0062654 0.00508709 0.00410675 0.00331501 0.00265003 0.00199197 0.00127545 0.000632522 0.000235643 6.81862e-05 1.61372e-05 3.23713e-06 5.55014e-07 7.91861e-08 8.56107e-09 5.03449e-10 0 
0 0.000189091 0.00114202 0.00255442 0.0039679 0.00555786 0.00734375 0.00922762 0.0110977 0.0128443 0.0143671 0.0155826 0.0164298 0.016874 0.0169078 0.0165496 0.0158401 0.014837 0.0136091 0.0122298 0.0107719 0.00930244 0.00787981 0.00655187 0.00535551 0.00431659 0.00344695 0.00273516 0.00213513 0.00157268 0.00100772 0.000513887 0.00019986 6.03411e-05 1.47782e-05 3.04068e-06 5.30957e-07 7.67521e-08 8.37506e-09 4.95641e-10 0 
0 0.000136351 0.000913722 0.00223653 0.00352617 0.00486798 0.00635923 0.00793617 0.00950378 0.0109686 0.0122458 0.0132649 0.0139743 0.0143447 0.0143694 0.0140635 0.0134607 0.0126088 0.0115648 0.0103894 0.00914263 0.00787981 0.00664934 0.00549162 0.00443926 0.00351746 0.00274188 0.00211253 0.00160757 0.00118455 0.000796456 0.000442908 0.00018815 6.05167e-05 1.53574e-05 3.21132e-06 5.63571e-07 8.13878e-08 8.84389e-09 5.20281e-10 0 
0 9.15199e-05 0.000681138 0.0018755 0.0030951 0.00423601 0.00545261 0.00673902 0.00802143 0.00922142 0.0102682 0.0111033 0.0116839 0.0119856 0.0120024 0.0117464 0.0112444 0.0105349 0.00966343 0.00867832 0.00762671 0.00655187 0.00549162 0.00447953 0.00355212 0.00276136 0.00215875 0.00172552 0.00136222 0.00100785 0.000687226 0.000414122 0.000195672 6.75262e-05 1.75857e-05 3.67417e-06 6.36818e-07 9.04714e-08 9.66427e-09 5.59176e-10 0 
0 5.66902e-05 0.000465227 0.00146863 0.00264541 0.00366562 0.00465049 0.00567159 0.00669206 0.00764979 0.00848646 0.0091541 0.00961776 0.00985726 0.00986744 0.00965731 0.00924777 0.00866854 0.00795449 0.00714193 0.0062654 0.00535551 0.00443926 0.00355212 0.00278351 0.00232002 0.00229676 0.00248502 0.00236273 0.00173559 0.000982884 0.000483213 0.000220092 7.88118e-05 2.07122e-05 4.25369e-06 7.18518e-07 9.94347e-08 1.03664e-08 5.86789e-10 0 
0 3.21665e-05 0.000286796 0.00104185 0.00213546 0.00312275 0.00395754 0.0047567 0.00554443 0.00628555 0.00693496 0.00745381 0.00781379 0.00799837 0.00800296 0.00783399 0.007507 0.00704399 0.00647014 0.00581055 0.00508709 0.00431659 0.00351746 0.00276136 0.00232002 0.00272715 0.00429944 0.00620406 0.0066258 0.00488431 0.00248615 0.000918723 0.000298566 9.40564e-05 2.37425e-05 4.6937e-06 7.65339e-07 1.02793e-07 1.04468e-08 5.78479e-10 0 
0 1.66257e-05 0.000157837 0.000650825 0.00155615 0.00253337 0.00332976 0.00398962 0.00459137 0.00514683 0.00563318 0.00602236 0.00629211 0.00642899 0.00642881 0.00629579 0.00604091 0.00567949 0.0052281 0.00470108 0.00410675 0.00344695 0.00274188 0.00215875 0.00229676 0.00429944 0.00892404 0.0151689 0.0173514 0.0116999 0.00573701 0.00194213 0.00048943 0.00011655 2.58028e-05 4.74648e-06 7.39693e-07 9.64536e-08 9.58846e-09 5.21425e-10 0 
0 7.80179e-06 7.71315e-05 0.000351244 0.000976609 0.00184449 0.00266119 0.0032997 0.00380387 0.00422701 0.00458334 0.00486471 0.00505828 0.00515465 0.00515035 0.00504787 0.00485428 0.00457889 0.00422998 0.00381057 0.00331501 0.00273516 0.00211253 0.00172552 0.00248502 0.00620406 0.0151689 0.0221554 0.0229419 0.0199764 0.00959261 0.00311299 0.000718281 0.00013871 2.57285e-05 4.27067e-06 6.31044e-07 8.01781e-08 7.84894e-09 4.21964e-10 0 
0 3.32018e-06 3.34713e-05 0.000162827 0.000511481 0.00112793 0.00187151 0.00254219 0.00306001 0.00344579 0.00373569 0.00394842 0.00408849 0.00415527 0.00414842 0.00406976 0.0039228 0.00371068 0.00343303 0.0030832 0.00265003 0.00213513 0.00160757 0.00136222 0.00236273 0.0066258 0.0173514 0.0229419 0.0235892 0.0214844 0.0111656 0.00342849 0.000771456 0.000135814 2.19921e-05 3.30347e-06 4.65008e-07 5.80803e-08 5.6518e-09 3.02926e-10 0 
0 1.28211e-06 1.29504e-05 6.52221e-05 0.00022218 0.000555676 0.0010671 0.00165375 0.00219058 0.00261439 0.0029221 0.0031323 0.0032621 0.00332206 0.00331807 0.00325333 0.00312906 0.00294396 0.00269402 0.00237517 0.00199197 0.00157268 0.00118455 0.00100785 0.00173559 0.00488431 0.0116999 0.0199764 0.0214844 0.0164131 0.00771957 0.00253999 0.000571282 9.87056e-05 1.49572e-05 2.11622e-06 2.90849e-07 3.62817e-08 3.55019e-09 1.91493e-10 0 
0 4.49909e-07 4.49366e-06 2.2856e-05 8.12218e-05 0.000220223 0.000473665 0.000833746 0.00124397 0.00163395 0.00195604 0.00219289 0.00234569 0.00242182 0.00242848 0.00237059 0.00225108 0.00207232 0.00183938 0.00156515 0.00127545 0.00100772 0.000796456 0.000687226 0.000982884 0.00248615 0.00573701 0.00959261 0.0111656 0.00771957 0.00381322 0.00126185 0.000290047 5.14518e-05 7.75234e-06 1.09612e-06 1.5296e-07 1.94513e-08 1.93757e-09 1.06166e-10 0 
0 1.43687e-07 1.40636e-06 7.10093e-06 2.55682e-05 7.21247e-05 0.000165926 0.000319261 0.000525787 0.000759439 0.000985971 0.00117642 0.00131323 0.00138919 0.00140374 0.00136021 0.00126479 0.00112719 0.000961959 0.000789141 0.000632522 0.000513887 0.000442908 0.000414122 0.000483213 0.000918723 0.00194213 0.00311299 0.00342849 0.00253999 0.00126185 0.000426368 0.000103329 1.93501e-05 3.05994e-06 4.60084e-07 6.77855e-08 8.95471e-09 9.18115e-10 5.15403e-11 0 
0 4.17922e-08 3.98599e-07 1.9766e-06 7.07747e-06 2.01815e-05 4.78088e-05 9.63913e-05 0.000168467 0.000259605 0.000358641 0.000451182 0.000523973 0.000567825 0.00057863 0.00055715 0.00050838 0.000440768 0.000365157 0.000293245 0.000235643 0.00019986 0.00018815 0.000195672 0.000220092 0.000298566 0.00048943 0.000718281 0.000771456 0.000571282 0.000290047 0.000103329 2.69103e-05 5.45164e-06 9.57118e-07 1.60667e-07 2.55977e-08 3.55417e-09 3.78176e-10 2.19034e-11 0 
0 1.10575e-08 1.02447e-07 4.9592e-07 1.7469e-06 4.95003e-06 1.17869e-05 2.41624e-05 4.3353e-05 6.90112e-05 9.86599e-05 0.000128097 0.000152554 0.000168042 0.00017235 0.000165459 0.000149391 0.000127641 0.000104357 8.35012e-05 6.81862e-05 6.03411e-05 6.05167e-05 6.75262e-05 7.88118e-05 9.40564e-05 0.00011655 0.00013871 0.000135814 9.87056e-05 5.14518e-05 1.93501e-05 5.45164e-06 1.24378e-06 2.53277e-07 4.82424e-08 8.33736e-09 1.22154e-09 1.35592e-10 8.14509e-12 0 
0 2.64969e-09 2.38143e-08 1.12195e-07 3.86629e-07 1.0788e-06 2.54822e-06 5.22032e-06 9.42264e-06 1.51647e-05 2.19789e-05 2.89388e-05 3.48817e-05 3.87502e-05 3.99071e-05 3.83073e-05 3.44797e-05 2.93495e-05 2.39817e-05 1.93408e-05 1.61372e-05 1.47782e-05 1.53574e-05 1.75857e-05 2.07122e-05 2.37425e-05 2.58028e-05 2.57285e-05 2.19921e-05 1.49572e-05 7.75234e-06 3.05994e-06 9.57118e-07 2.53277e-07 5.97834e-08 1.26902e-08 2.35618e-09 3.64137e-10 4.22878e-11 2.64392e-12 0 
0 5.69319e-10 4.96254e-09 2.27299e-08 7.64358e-08 2.09099e-07 4.86746e-07 9.87852e-07 1.77495e-06 2.85491e-06 4.14699e-06 5.48079e-06 6.6335e-06 7.39523e-06 7.63496e-06 7.34008e-06 6.6153e-06 5.64579e-06 4.64301e-06 3.79516e-06 3.23713e-06 3.04068e-06 3.21132e-06 3.67417e-06 4.25369e-06 4.6937e-06 4.74648e-06 4.27067e-06 3.30347e-06 2.11622e-06 1.09612e-06 4.60084e-07 1.60667e-07 4.82424e-08 1.26902e-08 2.91844e-09 5.76057e-10 9.37623e-11 1.14057e-11 7.43692e-13 0 
0 1.07447e-10 9.0886e-10 4.04755e-09 1.32731e-08 3.55373e-08 8.129e-08 1.62779e-07 2.89696e-07 4.63095e-07 6.70399e-07 8.84832e-07 1.071e-06 1.19513e-06 1.23585e-06 1.19087e-06 1.07707e-06 9.24578e-07 7.67846e-07 6.37466e-07 5.55014e-07 5.30957e-07 5.63571e-07 6.36818e-07 7.18518e-07 7.65339e-07 7.39693e-07 6.31044e-07 4.65008e-07 2.90849e-07 1.5296e-07 6.77855e-08 2.55977e-08 8.33736e-09 2.35618e-09 5.76057e-10 1.20063e-10 2.05448e-11 2.61767e-12 1.78124e-13 0 
0 1.70597e-11 1.40184e-10 6.07511e-10 1.94343e-09 5.09134e-09 1.14335e-08 2.2554e-08 3.96722e-08 6.28719e-08 9.04741e-08 1.1897e-07 1.43736e-07 1.60353e-07 1.6601e-07 1.60397e-07 1.45738e-07 1.26025e-07 1.0585e-07 8.92919e-08 7.91861e-08 7.67521e-08 8.13878e-08 9.04714e-08 9.94347e-08 1.02793e-07 9.64536e-08 8.01781e-08 5.80803e-08 3.62817e-08 1.94513e-08 8.95471e-09 3.55417e-09 1.22154e-09 3.64137e-10 9.37623e-11 2.05448e-11 3.68797e-12 4.91657e-13 3.49039e-14 0 
0 2.05641e-12 1.64383e-11 6.94099e-11 2.16816e-10 5.56093e-10 1.22615e-09 2.38196e-09 4.13831e-09 6.49577e-09 9.2821e-09 1.2148e-08 1.46376e-08 1.63164e-08 1.69083e-08 1.63834e-08 1.49624e-08 1.30433e-08 1.10858e-08 9.49889e-09 8.56107e-09 8.37506e-09 8.84389e-09 9.66427e-09 1.03664e-08 1.04468e-08 9.58846e-09 7.84894e-09 5.6518e-09 3.55019e-09 1.93757e-09 9.18115e-10 3.78176e-10 1.35592e-10 4.22878e-11 1.14057e-11 2.61767e-12 4.91657e-13 6.846e-14 5.06521e-15 0 
0 1.34434e-13 1.04701e-12 4.31382e-12 1.31748e-11 3.31155e-11 7.17424e-11 1.37301e-10 2.35627e-10 3.66277e-10 5.1958e-10 6.76568e-10 8.12784e-10 9.05065e-10 9.38744e-10 9.12298e-10 8.37665e-10 7.36376e-10 6.33379e-10 5.50837e-10 5.03449e-10 4.95641e-10 5.20281e-10 5.59176e-10 5.86789e-10 5.78479e-10 5.21425e-10 4.21964e-10 3.02926e-10 1.91493e-10 1.06166e-10 5.15403e-11 2.19034e-11 8.14509e-12 2.64392e-12 7.43692e-13 1.78124e-13 3.49039e-14 5.06521e-15 3.89975e-16 0 
0 0 0 0 0 0 0 0 0 0 0 0 0 0 0 0 0 0 0 0 0 0 0 0 0 0 0 0 0 0 0 0 0 0 0 0 0 0 0 0 0 
