0 0 0 0 0 0 0 0 0 0 0 0 0 0 0 0 0 0 0 0 0 0 0 0 0 0 0 0 0 0 0 0 0 0 0 0 0 0 0 0 0 
0 1.7446e-07 1.51751e-06 6.37299e-06 1.78908e-05 3.75852e-05 6.34601e-05 9.12121e-05 0.000116889 0.000138279 0.000154745 0.000166501 0.000174045 0.000177863 0.000178324 0.000175671 0.000170039 0.000161482 0.000150025 0.000135746 0.000118894 0.000100024 8.00837e-05 6.03844e-05 4.23998e-05 2.74144e-05 1.61552e-05 8.60587e-06 4.12166e-06 1.77047e-06 6.82109e-07 2.36032e-07 7.34628e-08 2.05671e-08 5.16398e-09 1.15279e-09 2.24437e-10 3.65431e-11 4.4954e-12 2.98737e-13 0 
0 1.51751e-06 1.32747e-05 5.29224e-05 0.000131676 0.000232674 0.000324909 0.000393027 0.000439816 0.000473133 0.000498307 0.000517377 0.000530541 0.000537459 0.000537975 0.000532385 0.000521425 0.000506095 0.000487326 0.000465538 0.000440163 0.000409357 0.000370301 0.000320494 0.000259955 0.000193165 0.0001287 7.5598e-05 3.87696e-05 1.73242e-05 6.77329e-06 2.33405e-06 7.14148e-07 1.94981e-07 4.75311e-08 1.02816e-08 1.93893e-09 3.05996e-10 3.65324e-11 2.35999e-12 0 
0 6.37299e-06 5.29224e-05 0.000181953 0.000360321 0.000504127 0.00059653 0.000667439 0.000736187 0.000804823 0.000868424 0.000921405 0.000959553 0.000980396 0.000983146 0.000968526 0.000938562 0.000896345 0.000845771 0.000791235 0.000737172 0.000687195 0.000642542 0.000599939 0.000550193 0.000480564 0.000383607 0.000268205 0.000159009 7.8784e-05 3.27349e-05 1.15763e-05 3.54636e-06 9.54582e-07 2.27432e-07 4.78766e-08 8.77246e-09 1.34516e-09 1.56187e-10 9.827e-12 0 
0 1.78908e-05 0.000131676 0.000360321 0.000562421 0.000693774 0.00081559 0.000953616 0.00110041 0.0012427 0.00136939 0.0014721 0.00154498 0.00158471 0.00159042 0.00156354 0.00150752 0.00142736 0.00132921 0.00121985 0.00110639 0.000996048 0.000895921 0.00081209 0.00074665 0.000692135 0.000627106 0.0005241 0.000377111 0.000221299 0.000103753 3.93337e-05 1.24055e-05 3.34779e-06 7.87525e-07 1.62393e-07 2.90441e-08 4.34258e-09 4.91813e-10 3.02154e-11 0 
0 3.75852e-05 0.000232674 0.000504127 0.000693774 0.000870106 0.00108221 0.00131802 0.00155741 0.00178356 0.00198244 0.00214273 0.00225619 0.00231806 0.00232716 0.00228573 0.00219897 0.0020744 0.00192111 0.00174896 0.00156789 0.00138737 0.00121626 0.00106293 0.000935451 0.00083957 0.000771163 0.000704522 0.000595079 0.000422461 0.000234499 9.98995e-05 3.35592e-05 9.2745e-06 2.18187e-06 4.44301e-07 7.80003e-08 1.14201e-08 1.26593e-09 7.617e-11 0 
0 6.34601e-05 0.000324909 0.00059653 0.00081559 0.00108221 0.00139772 0.00173612 0.0020745 0.00239224 0.00267091 0.00289519 0.00305388 0.00314046 0.00315327 0.00309541 0.00297417 0.00279998 0.00258535 0.00234378 0.00208873 0.00183282 0.00158716 0.00136134 0.00116382 0.00100287 0.000885287 0.000806714 0.000733126 0.000603868 0.000400223 0.000198055 7.32072e-05 2.11942e-05 5.05692e-06 1.02591e-06 1.77859e-07 2.5616e-08 2.78971e-09 1.64917e-10 0 
0 9.12121e-05 0.000393027 0.000667439 0.000953616 0.00131802 0.00173612 0.00217912 0.00262028 0.00303383 0.00339636 0.00368951 0.00390208 0.00402418 0.00404333 0.00396048 0.00379435 0.00356428 0.00328435 0.00296981 0.00263735 0.00230297 0.00198066 0.00168192 0.00141586 0.0011902 0.00101271 0.000889399 0.000809505 0.000720774 0.000551798 0.000319064 0.000132617 4.10196e-05 1.00592e-05 2.05051e-06 3.53127e-07 5.02557e-08 5.39697e-09 3.1447e-10 0 
0 0.000116889 0.000439816 0.000736187 0.00110041 0.00155741 0.0020745 0.00262028 0.00316308 0.00367202 0.00412518 0.00452968 0.00487136 0.00507452 0.00510783 0.00497518 0.00469969 0.0043497 0.0039817 0.00359112 0.00318167 0.0027697 0.0023719 0.00200194 0.00167021 0.00138431 0.00115078 0.000976819 0.000864611 0.000785467 0.00065987 0.000437018 0.000205315 6.86938e-05 1.74932e-05 3.60882e-06 6.20556e-07 8.76249e-08 9.31144e-09 5.36411e-10 0 
0 0.000138279 0.000473133 0.000804823 0.0012427 0.00178356 0.00239224 0.00303383 0.00367202 0.00428041 0.00489324 0.00545947 0.00579584 0.0059452 0.00596744 0.00587501 0.00564363 0.00522269 0.00468096 0.00417716 0.00369033 0.00320562 0.00273748 0.00230143 0.00190919 0.00156882 0.00128596 0.00106636 0.000916026 0.000823938 0.000725741 0.000532565 0.000279901 0.000101581 2.7013e-05 5.66748e-06 9.76975e-07 1.37343e-07 1.44862e-08 8.27368e-10 0 
0 0.000154745 0.000498307 0.000868424 0.00136939 0.00198244 0.00267091 0.00339636 0.00412518 0.00489324 0.00564423 0.0060672 0.00628287 0.00638345 0.00639834 0.00633389 0.00617991 0.00590044 0.00540199 0.00473217 0.00413828 0.00358587 0.00305624 0.00256268 0.002118 0.00173081 0.00140637 0.00114898 0.00096451 0.000851244 0.000763064 0.000600055 0.000345774 0.000135254 3.75649e-05 8.03177e-06 1.39146e-06 1.95253e-07 2.04933e-08 1.16329e-09 0 
0 0.000166501 0.000517377 0.000921405 0.0014721 0.00214273 0.00289519 0.00368951 0.00452968 0.00545947 0.0060672 0.00637691 0.00654768 0.00662995 0.00664191 0.00658797 0.00646224 0.00624416 0.00587984 0.00525146 0.00451775 0.00389087 0.00331061 0.00277109 0.00228462 0.00186028 0.00150321 0.00121671 0.00100553 0.000871921 0.000783527 0.000642856 0.000396665 0.000165057 4.76407e-05 1.03716e-05 1.80754e-06 2.53613e-07 2.6542e-08 1.50055e-09 0 
0 0.000174045 0.000530541 0.000959553 0.00154498 0.00225619 0.00305388 0.00390208 0.00487136 0.00579584 0.00628287 0.00654768 0.00669888 0.00677269 0.0067831 0.00673377 0.00662039 0.00642806 0.00611952 0.00559662 0.00481844 0.00410763 0.00348783 0.00291601 0.00240034 0.00195012 0.00157044 0.00126401 0.00103455 0.000885716 0.000793632 0.00066676 0.000430543 0.00018736 5.56995e-05 1.23056e-05 2.15643e-06 3.0282e-07 3.16495e-08 1.78521e-09 0 
0 0.000177863 0.000537459 0.000980396 0.00158471 0.00231806 0.00314046 0.00402418 0.00507452 0.0059452 0.00638345 0.00662995 0.00677269 0.00684261 0.00685209 0.00680443 0.00669597 0.0065139 0.00622701 0.00575404 0.00499282 0.00422575 0.00358052 0.00299129 0.00246011 0.00199619 0.00160457 0.00128765 0.00104855 0.000891264 0.000796191 0.000676489 0.000447797 0.000200026 6.05535e-05 1.35064e-05 2.37646e-06 3.34114e-07 3.49137e-08 1.96775e-09 0 
0 0.000178324 0.000537975 0.000983146 0.00159042 0.00232716 0.00315327 0.00404333 0.00510783 0.00596744 0.00639834 0.00664191 0.0067831 0.00685209 0.00686096 0.006813 0.00670459 0.00652322 0.0062385 0.00577174 0.00501375 0.00423611 0.00358675 0.0029955 0.00246266 0.00199733 0.00160452 0.00128649 0.00104618 0.000887585 0.000792138 0.000674784 0.000449552 0.000202307 6.15963e-05 1.37879e-05 2.43088e-06 3.42163e-07 3.57808e-08 2.01764e-09 0 
0 0.000175671 0.000532385 0.000968526 0.00156354 0.00228573 0.00309541 0.00396048 0.00497518 0.00587501 0.00633389 0.00658797 0.00673377 0.00680443 0.006813 0.00676289 0.00665012 0.00646091 0.00616133 0.00566222 0.00488376 0.0041412 0.00351021 0.00293158 0.00241021 0.00195516 0.00157134 0.00126107 0.0010275 0.000874418 0.000781485 0.000662502 0.000436792 0.000194549 5.88636e-05 1.31448e-05 2.3174e-06 3.26541e-07 3.42005e-08 1.93189e-09 0 
0 0.000170039 0.000521425 0.000938562 0.00150752 0.00219897 0.00297417 0.00379435 0.00469969 0.00564363 0.00617991 0.00646224 0.00662039 0.00669597 0.00670459 0.00665012 0.00652755 0.00631958 0.00598224 0.00540361 0.00462663 0.00395746 0.00335954 0.0028063 0.002308 0.00187356 0.00150776 0.00121321 0.000993577 0.00085195 0.000763431 0.000638857 0.000410217 0.000177997 5.2968e-05 1.17423e-05 2.06681e-06 2.91588e-07 3.06164e-08 1.73471e-09 0 
0 0.000161482 0.000506095 0.000896345 0.00142736 0.0020744 0.00279998 0.00356428 0.0043497 0.00522269 0.00590044 0.00624416 0.00642806 0.0065139 0.00652322 0.00646091 0.00631958 0.00607366 0.00565516 0.00497727 0.00429591 0.00370385 0.00314685 0.00262923 0.00216344 0.001758 0.00141766 0.00114547 0.000945827 0.000820053 0.000735817 0.000601663 0.000370667 0.000154715 4.49506e-05 9.86277e-06 1.73229e-06 2.44865e-07 2.58079e-08 1.46894e-09 0 
0 0.000150025 0.000487326 0.000845771 0.00132921 0.00192111 0.00258535 0.00328435 0.0039817 0.00468096 0.00540199 0.00587984 0.00611952 0.00622701 0.0062385 0.00616133 0.00598224 0.00565516 0.0051052 0.00448215 0.00392807 0.00339658 0.00288627 0.00241174 0.00198523 0.00161481 0.00130526 0.00106036 0.00088505 0.000776925 0.000694199 0.000547945 0.000319971 0.000127529 3.60739e-05 7.83241e-06 1.37416e-06 1.94918e-07 2.06575e-08 1.18329e-09 0 
0 0.000135746 0.000465538 0.000791235 0.00121985 0.00174896 0.00234378 0.00296981 0.00359112 0.00417716 0.00473217 0.00525146 0.00559662 0.00575404 0.00577174 0.00566222 0.00540361 0.00497727 0.00448215 0.00400606 0.00352869 0.00305225 0.00259293 0.00216588 0.00178244 0.00145025 0.00117435 0.000959352 0.000809735 0.00071705 0.000631323 0.000475627 0.000261947 9.9809e-05 2.75837e-05 5.94708e-06 1.04531e-06 1.49163e-07 1.59307e-08 9.20106e-10 0 
0 0.000118894 0.000440163 0.000737172 0.00110639 0.00156789 0.00208873 0.00263735 0.00318167 0.00369033 0.00413828 0.00451775 0.00481844 0.00499282 0.00501375 0.00488376 0.00462663 0.00429591 0.00392807 0.00352869 0.00310961 0.00268839 0.00228176 0.00190343 0.0015637 0.00126989 0.00102742 0.000841258 0.000713585 0.000629609 0.000539183 0.000386838 0.000202956 7.49851e-05 2.04815e-05 4.41795e-06 7.81546e-07 1.12513e-07 1.21313e-08 7.07292e-10 0 
0 0.000100024 0.000409357 0.000687195 0.000996048 0.00138737 0.00183282 0.00230297 0.0027697 0.00320562 0.00358587 0.00389087 0.00410763 0.00422575 0.00423611 0.0041412 0.00395746 0.00370385 0.00339658 0.00305225 0.00268839 0.00232165 0.00196659 0.00163518 0.0013367 0.00107816 0.000865029 0.000701153 0.00058552 0.000503391 0.000417413 0.000291568 0.000151001 5.58019e-05 1.53588e-05 3.3467e-06 5.98126e-07 8.6931e-08 9.45414e-09 5.55453e-10 0 
0 8.00837e-05 0.000370301 0.000642542 0.000895921 0.00121626 0.00158716 0.00198066 0.0023719 0.00273748 0.00305624 0.00331061 0.00348783 0.00358052 0.00358675 0.00351021 0.00335954 0.00314685 0.00288627 0.00259293 0.00228176 0.00196659 0.00165951 0.00137062 0.00110832 0.000879694 0.000690092 0.000541316 0.000430979 0.000352264 0.000286861 0.000206387 0.000112575 4.35239e-05 1.23293e-05 2.72874e-06 4.91546e-07 7.1725e-08 7.81597e-09 4.59615e-10 0 
0 6.03844e-05 0.000320494 0.000599939 0.00081209 0.00106293 0.00136134 0.00168192 0.00200194 0.00230143 0.00256268 0.00277109 0.00291601 0.00299129 0.0029955 0.00293158 0.0028063 0.00262923 0.00241174 0.00216588 0.00190343 0.00163518 0.00137062 0.00111827 0.000887514 0.00069112 0.000541264 0.000433514 0.000344377 0.000261495 0.000195859 0.000145149 8.83727e-05 3.73704e-05 1.10462e-05 2.47211e-06 4.43865e-07 6.42267e-08 6.93175e-09 4.03755e-10 0 
0 4.23998e-05 0.000259955 0.000550193 0.00074665 0.000935451 0.00116382 0.00141586 0.00167021 0.00190919 0.002118 0.00228462 0.00240034 0.00246011 0.00246266 0.00241021 0.002308 0.00216344 0.00198523 0.00178244 0.0015637 0.0013367 0.00110832 0.000887514 0.000695905 0.000579588 0.000573334 0.000620226 0.000589703 0.000433299 0.000246842 0.000130347 7.5146e-05 3.48157e-05 1.07984e-05 2.42185e-06 4.27762e-07 6.06275e-08 6.41334e-09 3.66837e-10 0 
0 2.74144e-05 0.000193165 0.000480564 0.000692135 0.00083957 0.00100287 0.0011902 0.00138431 0.00156882 0.00173081 0.00186028 0.00195012 0.00199619 0.00199733 0.00195516 0.00187356 0.001758 0.00161481 0.00145025 0.00126989 0.00107816 0.000879694 0.00069112 0.000579588 0.000680648 0.00107303 0.00170904 0.00205026 0.00122381 0.000620483 0.000229971 8.16096e-05 3.39241e-05 1.07659e-05 2.39664e-06 4.13008e-07 5.69944e-08 5.88451e-09 3.29541e-10 0 
0 1.61552e-05 0.0001287 0.000383607 0.000627106 0.000771163 0.000885287 0.00101271 0.00115078 0.00128596 0.00140637 0.00150321 0.00157044 0.00160457 0.00160452 0.00157134 0.00150776 0.00141766 0.00130526 0.00117435 0.00102742 0.000865029 0.000690092 0.000541264 0.000573334 0.00107303 0.0024577 0.00415809 0.00430363 0.00354081 0.00143624 0.000484719 0.000123808 3.54652e-05 1.03972e-05 2.24754e-06 3.75882e-07 5.05194e-08 5.10152e-09 2.80398e-10 0 
0 8.60587e-06 7.5598e-05 0.000268205 0.0005241 0.000704522 0.000806714 0.000889399 0.000976819 0.00106636 0.00114898 0.00121671 0.00126401 0.00128765 0.00128649 0.00126107 0.00121321 0.00114547 0.00106036 0.000959352 0.000841258 0.000701153 0.000541316 0.000433514 0.000620226 0.00170904 0.00415809 0.00465073 0.00471014 0.00444662 0.00301208 0.000777019 0.000179683 3.84022e-05 9.42807e-06 1.91151e-06 3.0867e-07 4.05802e-08 4.03355e-09 2.18935e-10 0 
0 4.12166e-06 3.87696e-05 0.000159009 0.000377111 0.000595079 0.000733126 0.000809505 0.000864611 0.000916026 0.00096451 0.00100553 0.00103455 0.00104855 0.00104618 0.0010275 0.000993577 0.000945827 0.00088505 0.000809735 0.000713585 0.00058552 0.000430979 0.000344377 0.000589703 0.00205026 0.00430363 0.00471014 0.00476473 0.00455703 0.00354568 0.000861652 0.000192772 3.64858e-05 7.63059e-06 1.42427e-06 2.22106e-07 2.87921e-08 2.84278e-09 1.53654e-10 0 
0 1.77047e-06 1.73242e-05 7.8784e-05 0.000221299 0.000422461 0.000603868 0.000720774 0.000785467 0.000823938 0.000851244 0.000871921 0.000885716 0.000891264 0.000887585 0.000874418 0.00085195 0.000820053 0.000776925 0.00071705 0.000629609 0.000503391 0.000352264 0.000261495 0.000433299 0.00122381 0.00354081 0.00444662 0.00455703 0.00423956 0.00218377 0.000633916 0.000142944 2.67598e-05 5.14873e-06 8.99919e-07 1.37295e-07 1.77693e-08 1.76183e-09 9.57169e-11 0 
0 6.82109e-07 6.77329e-06 3.27349e-05 0.000103753 0.000234499 0.000400223 0.000551798 0.00065987 0.000725741 0.000763064 0.000783527 0.000793632 0.000796191 0.000792138 0.000781485 0.000763431 0.000735817 0.000694199 0.000631323 0.000539183 0.000417413 0.000286861 0.000195859 0.000246842 0.000620483 0.00143624 0.00301208 0.00354568 0.00218377 0.000951681 0.000314956 7.32671e-05 1.45998e-05 2.7598e-06 4.71044e-07 7.2113e-08 9.46662e-09 9.53419e-10 5.25541e-11 0 
0 2.36032e-07 2.33405e-06 1.15763e-05 3.93337e-05 9.98995e-05 0.000198055 0.000319064 0.000437018 0.000532565 0.000600055 0.000642856 0.00066676 0.000676489 0.000674784 0.000662502 0.000638857 0.000601663 0.000547945 0.000475627 0.000386838 0.000291568 0.000206387 0.000145149 0.000130347 0.000229971 0.000484719 0.000777019 0.000861652 0.000633916 0.000314956 0.000106894 2.7281e-05 5.99388e-06 1.16278e-06 2.03396e-07 3.21424e-08 4.34641e-09 4.49357e-10 2.53474e-11 0 
0 7.34628e-08 7.14148e-07 3.54636e-06 1.24055e-05 3.35592e-05 7.32072e-05 0.000132617 0.000205315 0.000279901 0.000345774 0.000396665 0.000430543 0.000447797 0.000449552 0.000436792 0.000410217 0.000370667 0.000319971 0.000261947 0.000202956 0.000151001 0.000112575 8.83727e-05 7.5146e-05 8.16096e-05 0.000123808 0.000179683 0.000192772 0.000142944 7.32671e-05 2.7281e-05 7.96531e-06 1.90964e-06 3.94542e-07 7.34989e-08 1.22346e-08 1.72357e-09 1.84462e-10 1.07245e-11 0 
0 2.05671e-08 1.94981e-07 9.54582e-07 3.34779e-06 9.2745e-06 2.11942e-05 4.10196e-05 6.86938e-05 0.000101581 0.000135254 0.000165057 0.00018736 0.000200026 0.000202307 0.000194549 0.000177997 0.000154715 0.000127529 9.9809e-05 7.49851e-05 5.58019e-05 4.35239e-05 3.73704e-05 3.48157e-05 3.39241e-05 3.54652e-05 3.84022e-05 3.64858e-05 2.67598e-05 1.45998e-05 5.99388e-06 1.90964e-06 4.97506e-07 1.12539e-07 2.26953e-08 4.01031e-09 5.92217e-10 6.59944e-11 3.97614e-12 0 
0 5.16398e-09 4.75311e-08 2.27432e-07 7.87525e-07 2.18187e-06 5.05692e-06 1.00592e-05 1.74932e-05 2.7013e-05 3.75649e-05 4.76407e-05 5.56995e-05 6.05535e-05 6.15963e-05 5.88636e-05 5.2968e-05 4.49506e-05 3.60739e-05 2.75837e-05 2.04815e-05 1.53588e-05 1.23293e-05 1.10462e-05 1.07984e-05 1.07659e-05 1.03972e-05 9.42807e-06 7.63059e-06 5.14873e-06 2.7598e-06 1.16278e-06 3.94542e-07 1.12539e-07 2.79209e-08 6.0701e-09 1.1376e-09 1.76526e-10 2.05548e-11 1.28811e-12 0 
0 1.15279e-09 1.02816e-08 4.78766e-08 1.62393e-07 4.44301e-07 1.02591e-06 2.05051e-06 3.60882e-06 5.66748e-06 8.03177e-06 1.03716e-05 1.23056e-05 1.35064e-05 1.37879e-05 1.31448e-05 1.17423e-05 9.86277e-06 7.83241e-06 5.94708e-06 4.41795e-06 3.3467e-06 2.72874e-06 2.47211e-06 2.42185e-06 2.39664e-06 2.24754e-06 1.91151e-06 1.42427e-06 8.99919e-07 4.71044e-07 2.03396e-07 7.34989e-08 2.26953e-08 6.0701e-09 1.40689e-09 2.78688e-10 4.54592e-11 5.54007e-12 3.61876e-13 0 
0 2.24437e-10 1.93893e-09 8.77246e-09 2.90441e-08 7.80003e-08 1.77859e-07 3.53127e-07 6.20556e-07 9.76975e-07 1.39146e-06 1.80754e-06 2.15643e-06 2.37646e-06 2.43088e-06 2.3174e-06 2.06681e-06 1.73229e-06 1.37416e-06 1.04531e-06 7.81546e-07 5.98126e-07 4.91546e-07 4.43865e-07 4.27762e-07 4.13008e-07 3.75882e-07 3.0867e-07 2.22106e-07 1.37295e-07 7.2113e-08 3.21424e-08 1.22346e-08 4.01031e-09 1.1376e-09 2.78688e-10 5.81612e-11 9.96426e-12 1.27116e-12 8.66141e-14 0 
0 3.65431e-11 3.05996e-10 1.34516e-09 4.34258e-09 1.14201e-08 2.5616e-08 5.02557e-08 8.76249e-08 1.37343e-07 1.95253e-07 2.53613e-07 3.0282e-07 3.34114e-07 3.42163e-07 3.26541e-07 2.91588e-07 2.44865e-07 1.94918e-07 1.49163e-07 1.12513e-07 8.6931e-08 7.1725e-08 6.42267e-08 6.06275e-08 5.69944e-08 5.05194e-08 4.05802e-08 2.87921e-08 1.77693e-08 9.46662e-09 4.34641e-09 1.72357e-09 5.92217e-10 1.76526e-10 4.54592e-11 9.96426e-12 1.78972e-12 2.3878e-13 1.69676e-14 0 
0 4.4954e-12 3.65324e-11 1.56187e-10 4.91813e-10 1.26593e-09 2.78971e-09 5.39697e-09 9.31144e-09 1.44862e-08 2.04933e-08 2.6542e-08 3.16495e-08 3.49137e-08 3.57808e-08 3.42005e-08 3.06164e-08 2.58079e-08 2.06575e-08 1.59307e-08 1.21313e-08 9.45414e-09 7.81597e-09 6.93175e-09 6.41334e-09 5.88451e-09 5.10152e-09 4.03355e-09 2.84278e-09 1.76183e-09 9.53419e-10 4.49357e-10 1.84462e-10 6.59944e-11 2.05548e-11 5.54007e-12 1.27116e-12 2.3878e-13 3.32615e-14 2.46242e-15 0 
0 2.98737e-13 2.35999e-12 9.827e-12 3.02154e-11 7.617e-11 1.64917e-10 3.1447e-10 5.36411e-10 8.27368e-10 1.16329e-09 1.50055e-09 1.78521e-09 1.96775e-09 2.01764e-09 1.93189e-09 1.73471e-09 1.46894e-09 1.18329e-09 9.20106e-10 7.07292e-10 5.55453e-10 4.59615e-10 4.03755e-10 3.66837e-10 3.29541e-10 2.80398e-10 2.18935e-10 1.53654e-10 9.57169e-11 5.25541e-11 2.53474e-11 1.07245e-11 3.97614e-12 1.28811e-12 3.61876e-13 8.66141e-14 1.69676e-14 2.46242e-15 1.89639e-16 0 
0 0 0 0 0 0 0 0 0 0 0 0 0 0 0 0 0 0 0 0 0 0 0 0 0 0 0 0 0 0 0 0 0 0 0 0 0 0 0 0 0 
