0 0 0 0 0 0 0 0 0 0 0 0 0 0 0 0 0 0 0 0 0 0 0 0 0 0 0 0 0 0 0 0 0 0 0 0 0 0 0 0 0 
0 1.94471e-07 1.73645e-06 7.6771e-06 2.32685e-05 5.37164e-05 0.000100246 0.000158437 0.000220563 0.000279204 0.000329249 0.000368009 0.000394501 0.000408692 0.000411016 0.000402125 0.000382822 0.000354091 0.000317221 0.000273958 0.000226647 0.000178244 0.000132078 9.13441e-05 5.84063e-05 3.42343e-05 1.82699e-05 8.83785e-06 3.86745e-06 1.53105e-06 5.49046e-07 1.7864e-07 5.27834e-08 1.41511e-08 3.42841e-09 7.4333e-10 1.41332e-10 2.2576e-11 2.7348e-12 1.79502e-13 0 
0 1.73645e-06 1.58714e-05 6.92235e-05 0.000196972 0.000407332 0.000661857 0.000907407 0.00111347 0.00127482 0.0013969 0.00148552 0.00154417 0.00157465 0.00157827 0.0015566 0.00151157 0.00144516 0.00135873 0.0012525 0.00112556 0.000976942 0.000808305 0.000627097 0.000447973 0.000289581 0.000167064 8.53169e-05 3.84936e-05 1.53921e-05 5.48704e-06 1.75499e-06 5.06125e-07 1.31896e-07 3.0999e-08 6.51646e-09 1.20176e-09 1.86382e-10 2.19513e-11 1.40301e-12 0 
0 7.6771e-06 6.92235e-05 0.000278892 0.000681847 0.00116562 0.00159026 0.00192654 0.00220522 0.00244839 0.00265826 0.00282748 0.00294759 0.00301284 0.00302151 0.00297599 0.00288227 0.00274913 0.00258696 0.0024061 0.00221453 0.00201484 0.00180132 0.00156033 0.00127865 0.000960368 0.000639616 0.000368125 0.000180884 7.60445e-05 2.76722e-05 8.84435e-06 2.51418e-06 6.40724e-07 1.46659e-07 2.9975e-08 5.37349e-09 8.10645e-10 9.29811e-11 5.79628e-12 0 
0 2.32685e-05 0.000196972 0.000681847 0.00135721 0.0019557 0.00245081 0.00291878 0.00338228 0.003823 0.00421353 0.00452975 0.00475407 0.00487633 0.00489391 0.0048112 0.00463878 0.00439207 0.00408982 0.00375264 0.00340137 0.00305516 0.00272813 0.00242297 0.00212253 0.00178903 0.0013889 0.000941863 0.00053429 0.000249068 9.62298e-05 3.15283e-05 8.97295e-06 2.25754e-06 5.0635e-07 1.01053e-07 1.76669e-08 2.59953e-09 2.91062e-10 1.77341e-11 0 
0 5.37164e-05 0.000407332 0.00116562 0.0019557 0.00263484 0.00332356 0.00405495 0.00479227 0.00548824 0.00610024 0.00659347 0.00694261 0.00713299 0.007161 0.0070335 0.00676652 0.00638321 0.00591152 0.00538178 0.00482454 0.00426876 0.00374056 0.00326126 0.00284149 0.00246728 0.0020857 0.00162626 0.00108702 0.000586997 0.000251458 8.71887e-05 2.53502e-05 6.37448e-06 1.41191e-06 2.76612e-07 4.73536e-08 6.81819e-09 7.47319e-10 4.46151e-11 0 
0 0.000100246 0.000661857 0.00159026 0.00245081 0.00332356 0.00430054 0.00534227 0.00638352 0.00736126 0.00821875 0.00890888 0.00939706 0.00966327 0.00970264 0.00952477 0.00915186 0.00861593 0.00795548 0.00721212 0.00642732 0.00563982 0.00488384 0.00418832 0.00357622 0.00305964 0.00262167 0.00219056 0.00166548 0.00105002 0.000514331 0.000194689 5.91252e-05 1.50668e-05 3.32432e-06 6.43121e-07 1.08283e-07 1.53116e-08 1.64793e-09 9.66588e-11 0 
0 0.000158437 0.000907407 0.00192654 0.00291878 0.00405495 0.00534227 0.00670546 0.00806298 0.0093355 0.0104505 0.0113474 0.0119817 0.0123275 0.0123785 0.012147 0.011662 0.0109652 0.0101062 0.0091385 0.00811549 0.00708657 0.00609478 0.00517546 0.00435629 0.00365766 0.00308681 0.00261165 0.00212743 0.00151908 0.000854979 0.000360769 0.000116711 3.055e-05 6.77286e-06 1.30151e-06 2.16489e-07 3.01733e-08 3.1988e-09 1.84854e-10 0 
0 0.000220563 0.00111347 0.00220522 0.00338228 0.00479227 0.00638352 0.00806298 0.00973322 0.0112978 0.0126683 0.0137719 0.0145561 0.0149871 0.0150506 0.0147605 0.0141575 0.0132971 0.0122398 0.0110495 0.00979041 0.00852275 0.00729865 0.00616025 0.0051394 0.00425893 0.00353331 0.00295699 0.00246292 0.00190264 0.00120638 0.000570075 0.000198947 5.40738e-05 1.21364e-05 2.32894e-06 3.84291e-07 5.29766e-08 5.54915e-09 3.16814e-10 0 
0 0.000279204 0.00127482 0.00244839 0.003823 0.00548824 0.00736126 0.0093355 0.0112978 0.0131356 0.0147484 0.0160599 0.0170094 0.0175393 0.0176181 0.0172598 0.0165218 0.0154871 0.0142349 0.0128343 0.0113545 0.0098641 0.0084236 0.0070818 0.00587484 0.00482734 0.00395494 0.00326223 0.00271427 0.0021821 0.00151047 0.000790878 0.000298621 8.47979e-05 1.93704e-05 3.7276e-06 6.12316e-07 8.37526e-08 8.69276e-09 4.91595e-10 0 
0 0.000329249 0.0013969 0.00265826 0.00421353 0.00610024 0.00821875 0.0104505 0.0126683 0.0147484 0.0165899 0.0181066 0.0191896 0.0197669 0.0198493 0.0194631 0.018633 0.0174337 0.0159881 0.0143931 0.0127185 0.0110336 0.00940447 0.00788572 0.00651738 0.00532591 0.00432694 0.00352746 0.00291029 0.00237686 0.00174249 0.000991144 0.000402383 0.000119439 2.78355e-05 5.38638e-06 8.83232e-07 1.20186e-07 1.23921e-08 6.95859e-10 0 
0 0.000368009 0.00148552 0.00282748 0.00452975 0.00659347 0.00890888 0.0113474 0.0137719 0.0160599 0.0181066 0.0197442 0.0208109 0.0213355 0.0214052 0.0210533 0.0202603 0.0190124 0.0174164 0.0156471 0.0138088 0.0119671 0.0101871 0.00852703 0.0070301 0.00572434 0.00462535 0.00374 0.0030592 0.00250833 0.00190295 0.00114993 0.000495537 0.00015302 3.63588e-05 7.08267e-06 1.16148e-06 1.57576e-07 1.61764e-08 9.03952e-10 0 
0 0.000394501 0.00154417 0.00294759 0.00475407 0.00694261 0.00939706 0.0119817 0.0145561 0.0170094 0.0191896 0.0208109 0.0217858 0.0222516 0.0223098 0.0219906 0.0212675 0.0200778 0.0184343 0.0165369 0.0145723 0.0126178 0.0107319 0.00897296 0.00738619 0.00600079 0.00483235 0.00388716 0.00315932 0.00258918 0.00200151 0.00125848 0.00056625 0.000180295 4.35307e-05 8.53313e-06 1.40094e-06 1.89811e-07 1.94384e-08 1.08312e-09 0 
0 0.000408692 0.00157465 0.00301284 0.00487633 0.00713299 0.00966327 0.0123275 0.0149871 0.0175393 0.0197669 0.0213355 0.0222516 0.0226868 0.0227382 0.0224333 0.0217469 0.020608 0.0189754 0.0170164 0.0149768 0.0129593 0.0110164 0.00920462 0.00757011 0.00614254 0.00493742 0.00396055 0.00320715 0.00262519 0.00204761 0.0013158 0.000607365 0.00019714 4.81108e-05 9.47609e-06 1.55818e-06 2.11114e-07 2.16044e-08 1.20257e-09 0 
0 0.000411016 0.00157827 0.00302151 0.00489391 0.007161 0.00970264 0.0123785 0.0150506 0.0176181 0.0198493 0.0214052 0.0223098 0.0227382 0.0227862 0.0224808 0.0217972 0.0206642 0.0190334 0.0170639 0.0150118 0.0129853 0.0110353 0.00921755 0.00757793 0.00614606 0.00493727 0.00395711 0.00320096 0.00261897 0.00204755 0.00132416 0.000616257 0.000201409 4.93753e-05 9.75138e-06 1.60608e-06 2.17844e-07 2.23118e-08 1.24285e-09 0 
0 0.000402125 0.0015566 0.00297599 0.0048112 0.0070335 0.00952477 0.012147 0.0147605 0.0172598 0.0194631 0.0210533 0.0219906 0.0224333 0.0224808 0.0221615 0.0214499 0.0202784 0.0186307 0.0166955 0.0146929 0.01271 0.0108004 0.00902089 0.00741656 0.0060163 0.00483513 0.00387862 0.00314168 0.00257191 0.0020045 0.00128667 0.000594033 0.000193193 4.72901e-05 9.34577e-06 1.54196e-06 2.09614e-07 2.15214e-08 1.20187e-09 0 
0 0.000382822 0.00151157 0.00288227 0.00463878 0.00676652 0.00915186 0.011662 0.0141575 0.0165218 0.018633 0.0202603 0.0212675 0.0217469 0.0217972 0.0214499 0.0206809 0.0194458 0.0178062 0.0159629 0.0140602 0.0121649 0.0103375 0.00863537 0.00710204 0.00576519 0.00463946 0.0037306 0.00303211 0.00248448 0.0019189 0.00120678 0.000544897 0.000174613 4.24775e-05 8.38957e-06 1.38737e-06 1.89292e-07 1.95186e-08 1.09503e-09 0 
0 0.000354091 0.00144516 0.00274913 0.00439207 0.00638321 0.00861593 0.0109652 0.0132971 0.0154871 0.0174337 0.0190124 0.0200778 0.020608 0.0206642 0.0202784 0.0194458 0.0181917 0.0166422 0.0149395 0.0131683 0.0113945 0.00968323 0.0080905 0.00665721 0.00540961 0.00436205 0.00352049 0.0028752 0.00235508 0.00178924 0.00108928 0.000475843 0.000149304 3.60161e-05 7.11094e-06 1.18041e-06 1.61988e-07 1.6815e-08 9.50033e-10 0 
0 0.000317221 0.00135873 0.00258696 0.00408982 0.00591152 0.00795548 0.0101062 0.0122398 0.0142349 0.0159881 0.0174164 0.0184343 0.0189754 0.0190334 0.0186307 0.0178062 0.0166422 0.015245 0.0137003 0.0120791 0.0104514 0.00888145 0.00742126 0.00610884 0.00496895 0.00401579 0.00325513 0.00267117 0.00217854 0.00161374 0.000942393 0.000396319 0.000121673 2.91533e-05 5.76949e-06 9.64335e-07 1.33521e-07 1.3996e-08 7.9871e-10 0 
0 0.000273958 0.0012525 0.0024061 0.00375264 0.00538178 0.00721212 0.0091385 0.0110495 0.0128343 0.0143931 0.0156471 0.0165369 0.0170164 0.0170639 0.0166955 0.0159629 0.0149395 0.0137003 0.0123162 0.0108576 0.0093922 0.0079788 0.00666472 0.00548482 0.0044625 0.00361195 0.00293745 0.00241413 0.00194597 0.00139453 0.000779932 0.000317376 9.60635e-05 2.30256e-05 4.59456e-06 7.77007e-07 1.08984e-07 1.15745e-08 6.68978e-10 0 
0 0.000226647 0.00112556 0.00221453 0.00340137 0.00482454 0.00642732 0.00811549 0.00979041 0.0113545 0.0127185 0.0138088 0.0145723 0.0149768 0.0150118 0.0146929 0.0140602 0.0131683 0.0120791 0.0108576 0.00956869 0.00827254 0.0070213 0.00585712 0.0048117 0.00390721 0.00315734 0.00256283 0.0020907 0.00165016 0.00114433 0.000621743 0.000249987 7.60014e-05 1.84648e-05 3.74642e-06 6.44321e-07 9.18132e-08 9.8922e-09 5.79147e-10 0 
0 0.000178244 0.000976942 0.00201484 0.00305516 0.00426876 0.00563982 0.00708657 0.00852275 0.0098641 0.0110336 0.0119671 0.0126178 0.0129593 0.0129853 0.01271 0.0121649 0.0113945 0.0104514 0.0093922 0.00827254 0.00714402 0.00605148 0.00503168 0.00411306 0.00331626 0.00265322 0.00212124 0.00169136 0.00130164 0.000891578 0.000489809 0.000202667 6.36795e-05 1.59217e-05 3.30357e-06 5.77859e-07 8.3403e-08 9.07352e-09 5.35093e-10 0 
0 0.000132078 0.000808305 0.00180132 0.00272813 0.00374056 0.00488384 0.00609478 0.00729865 0.0084236 0.00940447 0.0101871 0.0107319 0.0110164 0.0110353 0.0108004 0.0103375 0.00968323 0.00888145 0.0079788 0.0070213 0.00605148 0.00510653 0.00421752 0.00340983 0.00270371 0.00211244 0.00163707 0.00126238 0.000956338 0.000674233 0.000398032 0.000178577 5.96492e-05 1.54586e-05 3.264e-06 5.74829e-07 8.30547e-08 9.01759e-09 5.29812e-10 0 
0 9.13441e-05 0.000627097 0.00156033 0.00242297 0.00326126 0.00418832 0.00517546 0.00616025 0.0070818 0.00788572 0.00852703 0.00897296 0.00920462 0.00921755 0.00902089 0.00863537 0.0080905 0.00742126 0.00666472 0.00585712 0.00503168 0.00421752 0.00344061 0.00272927 0.00212303 0.00166069 0.00132822 0.00105051 0.000782851 0.000546582 0.000345812 0.000173112 6.24907e-05 1.6719e-05 3.54161e-06 6.17813e-07 8.80239e-08 9.4147e-09 5.45059e-10 0 
0 5.84063e-05 0.000447973 0.00127865 0.00212253 0.00284149 0.00357622 0.00435629 0.0051394 0.00587484 0.00651738 0.0070301 0.00738619 0.00757011 0.00757793 0.00741656 0.00710204 0.00665721 0.00610884 0.00548482 0.0048117 0.00411306 0.00340983 0.00272927 0.00213917 0.00178241 0.00176401 0.00190847 0.00181455 0.00133305 0.000756273 0.000378547 0.000182101 6.92128e-05 1.88976e-05 3.95791e-06 6.74788e-07 9.38033e-08 9.80325e-09 5.55795e-10 0 
0 3.42343e-05 0.000289581 0.000960368 0.00178903 0.00246728 0.00305964 0.00365766 0.00425893 0.00482734 0.00532591 0.00572434 0.00600079 0.00614254 0.00614606 0.0060163 0.00576519 0.00540961 0.00496895 0.0044625 0.00390721 0.00331626 0.00270371 0.00212303 0.00178241 0.00209441 0.00330186 0.00477028 0.00515556 0.00375102 0.0019093 0.000706191 0.000234415 7.86945e-05 2.09766e-05 4.26685e-06 7.04625e-07 9.51758e-08 9.70136e-09 5.38247e-10 0 
0 1.82699e-05 0.000167064 0.000639616 0.0013889 0.0020857 0.00262167 0.00308681 0.00353331 0.00395494 0.00432694 0.00462535 0.00483235 0.00493742 0.00493727 0.00483513 0.00463946 0.00436205 0.00401579 0.00361195 0.00315734 0.00265322 0.00211244 0.00166069 0.00176401 0.00330186 0.00686156 0.0121577 0.0137593 0.0092764 0.00440588 0.00149152 0.000377211 9.36736e-05 2.21461e-05 4.24062e-06 6.72521e-07 8.83047e-08 8.80648e-09 4.79852e-10 0 
0 8.83785e-06 8.53169e-05 0.000368125 0.000941863 0.00162626 0.00219056 0.00261165 0.00295699 0.00326223 0.00352746 0.00374 0.00388716 0.00396055 0.00395711 0.00387862 0.0037306 0.00352049 0.00325513 0.00293745 0.00256283 0.00212124 0.00163707 0.00132822 0.00190847 0.00477028 0.0121577 0.0162706 0.0167338 0.0152143 0.00768906 0.00239069 0.000551991 0.000109086 2.15658e-05 3.76263e-06 5.68917e-07 7.28958e-08 7.15987e-09 3.85646e-10 0 
0 3.86745e-06 3.84936e-05 0.000180884 0.00053429 0.00108702 0.00166548 0.00212743 0.00246292 0.00271427 0.00291029 0.0030592 0.00315932 0.00320715 0.00320096 0.00314168 0.00303211 0.0028752 0.00267117 0.00241413 0.0020907 0.00169136 0.00126238 0.00105051 0.00181455 0.00515556 0.0137593 0.0167338 0.0171001 0.0158967 0.00916077 0.00263299 0.00059267 0.000106066 1.81843e-05 2.88247e-06 4.16921e-07 5.25782e-08 5.13361e-09 2.75627e-10 0 
0 1.53105e-06 1.53921e-05 7.60445e-05 0.000249068 0.000586997 0.00105002 0.00151908 0.00190264 0.0021821 0.00237686 0.00250833 0.00258918 0.00262519 0.00261897 0.00257191 0.00248448 0.00235508 0.00217854 0.00194597 0.00165016 0.00130164 0.000956338 0.000782851 0.00133305 0.00375102 0.0092764 0.0152143 0.0158967 0.0131104 0.00595203 0.00195065 0.000439039 7.72171e-05 1.23379e-05 1.83981e-06 2.60072e-07 3.27626e-08 3.21598e-09 1.73729e-10 0 
0 5.49046e-07 5.48704e-06 2.76722e-05 9.62298e-05 0.000251458 0.000514331 0.000854979 0.00120638 0.00151047 0.00174249 0.00190295 0.00200151 0.00204761 0.00204755 0.0020045 0.0019189 0.00178924 0.00161374 0.00139453 0.00114433 0.000891578 0.000674233 0.000546582 0.000756273 0.0019093 0.00440588 0.00768906 0.00916077 0.00595203 0.00292845 0.0009691 0.000223409 4.06354e-05 6.44347e-06 9.55628e-07 1.36776e-07 1.75435e-08 1.75219e-09 9.61304e-11 0 
0 1.7864e-07 1.75499e-06 8.84435e-06 3.15283e-05 8.71887e-05 0.000194689 0.000360769 0.000570075 0.000790878 0.000991144 0.00114993 0.00125848 0.0013158 0.00132416 0.00128667 0.00120678 0.00108928 0.000942393 0.000779932 0.000621743 0.000489809 0.000398032 0.000345812 0.000378547 0.000706191 0.00149152 0.00239069 0.00263299 0.00195065 0.0009691 0.000327826 8.0356e-05 1.55727e-05 2.58378e-06 4.04242e-07 6.07286e-08 8.07328e-09 8.29396e-10 4.66074e-11 0 
0 5.27834e-08 5.06125e-07 2.51418e-06 8.97295e-06 2.53502e-05 5.91252e-05 0.000116711 0.000198947 0.000298621 0.000402383 0.000495537 0.00056625 0.000607365 0.000616257 0.000594033 0.000544897 0.000475843 0.000396319 0.000317376 0.000249987 0.000202667 0.000178577 0.000173112 0.000182101 0.000234415 0.000377211 0.000551991 0.00059267 0.000439039 0.000223409 8.0356e-05 2.14411e-05 4.51222e-06 8.25266e-07 1.42532e-07 2.2989e-08 3.20429e-09 3.41407e-10 1.97895e-11 0 
0 1.41511e-08 1.31896e-07 6.40724e-07 2.25754e-06 6.37448e-06 1.50668e-05 3.055e-05 5.40738e-05 8.47979e-05 0.000119439 0.00015302 0.000180295 0.00019714 0.000201409 0.000193193 0.000174613 0.000149304 0.000121673 9.60635e-05 7.60014e-05 6.36795e-05 5.96492e-05 6.24907e-05 6.92128e-05 7.86945e-05 9.36736e-05 0.000109086 0.000106066 7.72171e-05 4.06354e-05 1.55727e-05 4.51222e-06 1.06399e-06 2.22888e-07 4.31416e-08 7.50204e-09 1.10136e-09 1.22358e-10 7.35461e-12 0 
0 3.42841e-09 3.0999e-08 1.46659e-07 5.0635e-07 1.41191e-06 3.32432e-06 6.77286e-06 1.21364e-05 1.93704e-05 2.78355e-05 3.63588e-05 4.35307e-05 4.81108e-05 4.93753e-05 4.72901e-05 4.24775e-05 3.60161e-05 2.91533e-05 2.30256e-05 1.84648e-05 1.59217e-05 1.54586e-05 1.6719e-05 1.88976e-05 2.09766e-05 2.21461e-05 2.15658e-05 1.81843e-05 1.23379e-05 6.44347e-06 2.58378e-06 8.25266e-07 2.22888e-07 5.33557e-08 1.14026e-08 2.12243e-09 3.28329e-10 3.81507e-11 2.38639e-12 0 
0 7.4333e-10 6.51646e-09 2.9975e-08 1.01053e-07 2.76612e-07 6.43121e-07 1.30151e-06 2.32894e-06 3.7276e-06 5.38638e-06 7.08267e-06 8.53313e-06 9.47609e-06 9.75138e-06 9.34577e-06 8.38957e-06 7.11094e-06 5.76949e-06 4.59456e-06 3.74642e-06 3.30357e-06 3.264e-06 3.54161e-06 3.95791e-06 4.26685e-06 4.24062e-06 3.76263e-06 2.88247e-06 1.83981e-06 9.55628e-07 4.04242e-07 1.42532e-07 4.31416e-08 1.14026e-08 2.62799e-09 5.19188e-10 8.45462e-11 1.02885e-11 6.71089e-13 0 
0 1.41332e-10 1.20176e-09 5.37349e-09 1.76669e-08 4.73536e-08 1.08283e-07 2.16489e-07 3.84291e-07 6.12316e-07 8.83232e-07 1.16148e-06 1.40094e-06 1.55818e-06 1.60608e-06 1.54196e-06 1.38737e-06 1.18041e-06 9.64335e-07 7.77007e-07 6.44321e-07 5.77859e-07 5.74829e-07 6.17813e-07 6.74788e-07 7.04625e-07 6.72521e-07 5.68917e-07 4.16921e-07 2.60072e-07 1.36776e-07 6.07286e-08 2.2989e-08 7.50204e-09 2.12243e-09 5.19188e-10 1.08243e-10 1.85269e-11 2.36116e-12 1.60713e-13 0 
0 2.2576e-11 1.86382e-10 8.10645e-10 2.59953e-09 6.81819e-09 1.53116e-08 3.01733e-08 5.29766e-08 8.37526e-08 1.20186e-07 1.57576e-07 1.89811e-07 2.11114e-07 2.17844e-07 2.09614e-07 1.89292e-07 1.61988e-07 1.33521e-07 1.08984e-07 9.18132e-08 8.3403e-08 8.30547e-08 8.80239e-08 9.38033e-08 9.51758e-08 8.83047e-08 7.28958e-08 5.25782e-08 3.27626e-08 1.75435e-08 8.07328e-09 3.20429e-09 1.10136e-09 3.28329e-10 8.45462e-11 1.85269e-11 3.32614e-12 4.43491e-13 3.14905e-14 0 
0 2.7348e-12 2.19513e-11 9.29811e-11 2.91062e-10 7.47319e-10 1.64793e-09 3.1988e-09 5.54915e-09 8.69276e-09 1.23921e-08 1.61764e-08 1.94384e-08 2.16044e-08 2.23118e-08 2.15214e-08 1.95186e-08 1.6815e-08 1.3996e-08 1.15745e-08 9.8922e-09 9.07352e-09 9.01759e-09 9.4147e-09 9.80325e-09 9.70136e-09 8.80648e-09 7.15987e-09 5.13361e-09 3.21598e-09 1.75219e-09 8.29396e-10 3.41407e-10 1.22358e-10 3.81507e-11 1.02885e-11 2.36116e-12 4.43491e-13 6.1758e-14 4.5699e-15 0 
0 1.79502e-13 1.40301e-12 5.79628e-12 1.77341e-11 4.46151e-11 9.66588e-11 1.84854e-10 3.16814e-10 4.91595e-10 6.95859e-10 9.03952e-10 1.08312e-09 1.20257e-09 1.24285e-09 1.20187e-09 1.09503e-09 9.50033e-10 7.9871e-10 6.68978e-10 5.79147e-10 5.35093e-10 5.29812e-10 5.45059e-10 5.55795e-10 5.38247e-10 4.79852e-10 3.85646e-10 2.75627e-10 1.73729e-10 9.61304e-11 4.66074e-11 1.97895e-11 7.35461e-12 2.38639e-12 6.71089e-13 1.60713e-13 3.14905e-14 4.5699e-15 3.51862e-16 0 
0 0 0 0 0 0 0 0 0 0 0 0 0 0 0 0 0 0 0 0 0 0 0 0 0 0 0 0 0 0 0 0 0 0 0 0 0 0 0 0 0 
