0 0 0 0 0 0 0 0 0 0 0 0 0 0 0 0 0 0 0 0 0 0 0 0 0 0 0 0 0 0 0 0 0 0 0 0 0 0 0 0 0 
0 1.53592e-07 1.32703e-06 5.5e-06 1.51434e-05 3.10793e-05 5.12206e-05 7.19829e-05 9.04806e-05 0.000105374 0.000116505 0.000124262 0.000129141 0.000131561 0.00013181 0.000130058 0.000126374 0.000120747 0.000113123 0.000103455 9.18021e-05 7.84336e-05 6.39256e-05 4.91773e-05 3.52995e-05 2.33661e-05 1.41073e-05 7.69798e-06 3.7725e-06 1.65503e-06 6.49681e-07 2.28471e-07 7.20854e-08 2.04112e-08 5.17256e-09 1.16342e-09 2.27879e-10 3.72831e-11 4.60407e-12 3.06894e-13 0 
0 1.32703e-06 1.14785e-05 4.472e-05 0.00010758 0.000182932 0.000246415 0.000289529 0.000317261 0.000336572 0.000351418 0.000362997 0.000371168 0.000375494 0.000375753 0.000372112 0.000365107 0.000355512 0.000344096 0.000331291 0.000316786 0.00029921 0.000276172 0.000245051 0.000204658 0.000157116 0.000108355 6.58794e-05 3.49003e-05 1.60521e-05 6.43125e-06 2.26077e-06 7.02756e-07 1.94261e-07 4.78135e-08 1.04199e-08 1.97632e-09 3.13273e-10 3.7528e-11 2.43065e-12 0 
0 5.5e-06 4.472e-05 0.000147688 0.000277709 0.000370663 0.000424836 0.000467431 0.000511855 0.000558024 0.000601506 0.000637958 0.000664271 0.000678662 0.000680558 0.000670456 0.000649767 0.000620658 0.000585889 0.000548644 0.000512268 0.000479745 0.00045262 0.000429291 0.000403376 0.00036432 0.000303099 0.000221919 0.000137819 7.12367e-05 3.06633e-05 1.11464e-05 3.48536e-06 9.52273e-07 2.29345e-07 4.86585e-08 8.96661e-09 1.38065e-09 1.60797e-10 1.01399e-11 0 
0 1.51434e-05 0.00010758 0.000277709 0.000409342 0.000488076 0.000566654 0.0006605 0.00076171 0.000860117 0.000947785 0.00101886 0.00106931 0.0010968 0.00110076 0.00108216 0.00104338 0.000987905 0.000919976 0.000844303 0.000765835 0.000689669 0.000621033 0.000564883 0.000524075 0.000495156 0.000463512 0.000405716 0.000308593 0.000191717 9.45538e-05 3.73018e-05 1.21068e-05 3.33196e-06 7.94223e-07 1.65237e-07 2.97318e-08 4.46384e-09 5.07001e-10 3.12117e-11 0 
0 3.10793e-05 0.000182932 0.000370663 0.000488076 0.000603699 0.000749199 0.000912241 0.00107791 0.00123443 0.00137208 0.00148302 0.00156155 0.00160437 0.00161067 0.00158199 0.00152194 0.00143573 0.00132963 0.00121049 0.00108516 0.000960232 0.000841841 0.000735938 0.000648642 0.000585431 0.00054619 0.000515321 0.000457934 0.000346447 0.000205198 9.23635e-05 3.23048e-05 9.17114e-06 2.19482e-06 4.51788e-07 7.98603e-08 1.17441e-08 1.3056e-09 7.87089e-11 0 
0 5.12206e-05 0.000246415 0.000424836 0.000566654 0.000749199 0.000967394 0.0012016 0.0014358 0.00165571 0.00184858 0.00200382 0.00211369 0.00217369 0.00218258 0.00214247 0.00205849 0.00193792 0.00178937 0.00162217 0.00144565 0.00126852 0.0010985 0.000942222 0.000805626 0.000694899 0.000616377 0.000570636 0.000537473 0.000469163 0.000333947 0.000177034 6.90655e-05 2.07366e-05 5.06072e-06 1.0407e-06 1.81898e-07 2.63281e-08 2.87609e-09 1.70358e-10 0 
0 7.19829e-05 0.000289529 0.000467431 0.0006605 0.000912241 0.0012016 0.00150821 0.00181354 0.00209977 0.00235085 0.00255551 0.00271044 0.00280603 0.0028221 0.00275652 0.00263119 0.0024677 0.00227323 0.00205546 0.00182535 0.00159393 0.00137085 0.00116409 0.000979954 0.000823874 0.000701796 0.00062007 0.00057602 0.000536434 0.000439764 0.000274654 0.000122044 3.95725e-05 9.99228e-06 2.07198e-06 3.60359e-07 5.15806e-08 5.55825e-09 3.24552e-10 0 
0 9.04806e-05 0.000317261 0.000511855 0.00076171 0.00107791 0.0014358 0.00181354 0.00218923 0.00254191 0.00286398 0.00318545 0.00345746 0.00360418 0.0036276 0.00353635 0.00332728 0.00304032 0.00275963 0.00248574 0.00220209 0.00191696 0.00164163 0.00138558 0.00115598 0.000958122 0.000796672 0.000677611 0.000605952 0.000567819 0.000506239 0.000362727 0.000183961 6.52022e-05 1.72212e-05 3.62848e-06 6.31379e-07 8.97535e-08 9.57475e-09 5.5287e-10 0 
0 0.000105374 0.000336572 0.000558024 0.000860117 0.00123443 0.00165571 0.00209977 0.00254191 0.00297535 0.00346532 0.00384975 0.00403787 0.00412054 0.00413317 0.00408224 0.00395483 0.00370326 0.00329232 0.00289705 0.00255445 0.00221867 0.00189466 0.00159286 0.00132139 0.00108581 0.000890078 0.000738586 0.000637607 0.000585252 0.000541252 0.000428362 0.000244424 9.48164e-05 2.6337e-05 5.66687e-06 9.90612e-07 1.40343e-07 1.48678e-08 8.51379e-10 0 
0 0.000116505 0.000351418 0.000601506 0.000947785 0.00137208 0.00184858 0.00235085 0.00286398 0.00346532 0.00395455 0.00418758 0.00431056 0.00436889 0.00437782 0.00434079 0.00425256 0.00409462 0.00381276 0.00332602 0.00286878 0.00248203 0.00211528 0.00177367 0.00146591 0.00119792 0.000973385 0.000795439 0.000669397 0.000598703 0.000558176 0.000470881 0.000295269 0.000124294 3.62825e-05 7.98654e-06 1.40592e-06 1.99015e-07 2.09908e-08 1.19497e-09 0 
0 0.000124262 0.000362997 0.000637958 0.00101886 0.00148302 0.00200382 0.00255551 0.00318545 0.00384975 0.00418758 0.00436454 0.00446437 0.00451309 0.00452046 0.00448893 0.00441541 0.00428915 0.00408192 0.00371085 0.00315547 0.00269454 0.00229137 0.00191792 0.00158123 0.00128753 0.0010404 0.000842201 0.000696998 0.000609987 0.000566068 0.000495545 0.000332796 0.000149706 4.56368e-05 1.02616e-05 1.82032e-06 2.57873e-07 2.71324e-08 1.53872e-09 0 
0 0.000129141 0.000371168 0.000664271 0.00106931 0.00156155 0.00211369 0.00271044 0.00345746 0.00403787 0.00431056 0.00446437 0.0045538 0.00459794 0.00460445 0.00457539 0.00450846 0.00439568 0.00421735 0.00392011 0.00339363 0.00284967 0.00241416 0.00201822 0.00166132 0.00134971 0.00108693 0.000874893 0.00071673 0.000617934 0.000569152 0.000508006 0.000356761 0.000168283 5.30152e-05 1.21254e-05 2.1656e-06 3.07242e-07 3.22942e-08 1.8276e-09 0 
0 0.000131561 0.000375494 0.000678662 0.0010968 0.00160437 0.00217369 0.00280603 0.00360418 0.00412054 0.00436889 0.00451309 0.00459794 0.00463993 0.0046459 0.00461773 0.00455344 0.00444609 0.00427907 0.0040095 0.00352494 0.00293837 0.00247854 0.00207033 0.00170269 0.00138159 0.00111055 0.000891246 0.000726273 0.000621023 0.000568869 0.00051217 0.000368413 0.00017859 5.73935e-05 1.32702e-05 2.3814e-06 3.3838e-07 3.55668e-08 2.01138e-09 0 
0 0.00013181 0.000375753 0.000680558 0.00110076 0.00161067 0.00218258 0.0028221 0.0036276 0.00413317 0.00437782 0.00452046 0.00460445 0.0046459 0.00465151 0.00462313 0.00455881 0.00445176 0.00428579 0.00401947 0.0035413 0.00294734 0.00248291 0.00207324 0.00170445 0.00138239 0.00111052 0.00089044 0.000724601 0.000618297 0.000565491 0.000510049 0.000369074 0.000180242 5.82723e-05 1.35243e-05 2.4322e-06 3.46018e-07 3.63963e-08 2.05929e-09 0 
0 0.000130058 0.000372112 0.000670456 0.00108216 0.00158199 0.00214247 0.00275652 0.00353635 0.00408224 0.00434079 0.00448893 0.00457539 0.00461773 0.00462313 0.00459352 0.00452674 0.00441536 0.0042414 0.00395741 0.00344813 0.00287651 0.00242976 0.002029 0.00166815 0.0013532 0.00108755 0.000872849 0.000711737 0.000609486 0.000558832 0.000502097 0.00035951 0.000173583 5.57007e-05 1.2886e-05 2.31619e-06 3.29778e-07 3.47361e-08 1.96851e-09 0 
0 0.000126374 0.000365107 0.000649767 0.00104338 0.00152194 0.00205849 0.00263119 0.00332728 0.00395483 0.00425256 0.00441541 0.00450846 0.00455344 0.00455881 0.00452674 0.00445455 0.00433303 0.00413905 0.00380717 0.00325004 0.00274277 0.00232529 0.00194229 0.00159741 0.00129672 0.00104355 0.000839744 0.000688436 0.000594756 0.000548275 0.000487429 0.000339891 0.000159516 5.0213e-05 1.15111e-05 2.06361e-06 2.94004e-07 3.10344e-08 1.76363e-09 0 
0 0.000120747 0.000355512 0.000620658 0.000987905 0.00143573 0.00193792 0.0024677 0.00304032 0.00370326 0.00409462 0.00428915 0.00439568 0.00444609 0.00445176 0.00441536 0.00433303 0.00419148 0.00395487 0.00352371 0.00298923 0.00256425 0.002178 0.00181974 0.00149736 0.00121675 0.000981193 0.000792905 0.000655751 0.000574149 0.000532251 0.000463865 0.000310169 0.00013952 4.27137e-05 9.66595e-06 1.7265e-06 2.46236e-07 2.60759e-08 1.48798e-09 0 
0 0.000113123 0.000344096 0.000585889 0.000919976 0.00132963 0.00178937 0.00227323 0.00275963 0.00329232 0.00381276 0.00408192 0.00421735 0.00427907 0.00428579 0.0042414 0.00413905 0.00395487 0.0036184 0.00313166 0.00272086 0.00235092 0.00199764 0.00166921 0.00137401 0.00111763 0.000903406 0.000734113 0.000614356 0.00054655 0.00050731 0.000428132 0.000270827 0.000115721 3.43203e-05 7.65996e-06 1.36405e-06 1.94998e-07 2.07486e-08 1.19084e-09 0 
0 0.000103455 0.000331291 0.000548644 0.000844303 0.00121049 0.00162217 0.00205546 0.00248574 0.00289705 0.00332602 0.00371085 0.00392011 0.0040095 0.00401947 0.00395741 0.00380717 0.00352371 0.00313166 0.00277564 0.00244245 0.00211252 0.00179461 0.00149904 0.00123366 0.00100374 0.000812829 0.000664438 0.000563342 0.000507996 0.000467221 0.000376919 0.000223934 9.0848e-05 2.617e-05 5.77809e-06 1.02854e-06 1.47716e-07 1.58245e-08 9.15126e-10 0 
0 9.18021e-05 0.000316786 0.000512268 0.000765835 0.00108516 0.00144565 0.00182535 0.00220209 0.00255445 0.00286878 0.00315547 0.00339363 0.00352494 0.0035413 0.00344813 0.00325004 0.00298923 0.00272086 0.00244245 0.00215222 0.00186068 0.00157925 0.0013174 0.00108227 0.000878924 0.000711213 0.000583153 0.000498242 0.000449863 0.000403839 0.000309662 0.000174049 6.79126e-05 1.92145e-05 4.22787e-06 7.55704e-07 1.09341e-07 1.18147e-08 6.89275e-10 0 
0 7.84336e-05 0.00029921 0.000479745 0.000689669 0.000960232 0.00126852 0.00159393 0.00191696 0.00221867 0.00248203 0.00269454 0.00284967 0.00293837 0.00294734 0.00287651 0.00274277 0.00256425 0.00235092 0.00211252 0.00186068 0.00160685 0.00136111 0.00113174 0.000925155 0.00074625 0.000598987 0.00048671 0.000410296 0.000361573 0.000313717 0.000232735 0.00012799 4.95515e-05 1.40492e-05 3.11267e-06 5.61099e-07 8.18878e-08 8.92159e-09 5.2447e-10 0 
0 6.39256e-05 0.000276172 0.00045262 0.000621033 0.000841841 0.0010985 0.00137085 0.00164163 0.00189466 0.00211528 0.00229137 0.00241416 0.00247854 0.00248291 0.00242976 0.00232529 0.002178 0.00199764 0.00179461 0.00157925 0.00136111 0.00114857 0.000948634 0.000767105 0.000608953 0.000478039 0.000375883 0.000301383 0.000250847 0.00021182 0.000160459 9.22788e-05 3.71916e-05 1.08222e-05 2.43226e-06 4.41792e-07 6.4752e-08 7.07333e-09 4.16544e-10 0 
0 4.91773e-05 0.000245051 0.000429291 0.000564883 0.000735938 0.000942222 0.00116409 0.00138558 0.00159286 0.00177367 0.00191792 0.00201822 0.00207033 0.00207324 0.002029 0.00194229 0.00181974 0.00166921 0.00149904 0.0013174 0.00113174 0.000948634 0.000773988 0.000614317 0.000478465 0.000374807 0.000300284 0.000238769 0.000182106 0.00013887 0.000107335 6.88569e-05 3.03948e-05 9.24053e-06 2.1023e-06 3.81023e-07 5.54421e-08 6.00551e-09 3.50744e-10 0 
0 3.52995e-05 0.000204658 0.000403376 0.000524075 0.000648642 0.000805626 0.000979954 0.00115598 0.00132139 0.00146591 0.00158123 0.00166132 0.00170269 0.00170445 0.00166815 0.00159741 0.00149736 0.00137401 0.00123366 0.00108227 0.000925155 0.000767105 0.000614317 0.000481725 0.000401181 0.000396822 0.000429271 0.000408145 0.000299904 0.000171004 9.15601e-05 5.54302e-05 2.70476e-05 8.67373e-06 1.98226e-06 3.53825e-07 5.04683e-08 5.36196e-09 3.07739e-10 0 
0 2.33661e-05 0.000157116 0.00036432 0.000495156 0.000585431 0.000694899 0.000823874 0.000958122 0.00108581 0.00119792 0.00128753 0.00134971 0.00138159 0.00138239 0.0013532 0.00129672 0.00121675 0.00111763 0.00100374 0.000878924 0.00074625 0.000608953 0.000478465 0.000401181 0.000471089 0.000742662 0.00124443 0.00150155 0.000854284 0.000429447 0.000159239 5.75304e-05 2.53282e-05 8.3984e-06 1.91252e-06 3.33401e-07 4.63079e-08 4.80182e-09 2.69814e-10 0 
0 1.41073e-05 0.000108355 0.000303099 0.000463512 0.00054619 0.000616377 0.000701796 0.000796672 0.000890078 0.000973385 0.0010404 0.00108693 0.00111055 0.00111052 0.00108755 0.00104355 0.000981193 0.000903406 0.000812829 0.000711213 0.000598987 0.000478039 0.000374807 0.000396822 0.000742662 0.00178449 0.0028366 0.00291495 0.00251263 0.00100086 0.000335483 8.59012e-05 2.56009e-05 7.93163e-06 1.76488e-06 2.99041e-07 4.04506e-08 4.10079e-09 2.26064e-10 0 
0 7.69798e-06 6.58794e-05 0.000221919 0.000405716 0.000515321 0.000570636 0.00062007 0.000677611 0.000738586 0.000795439 0.000842201 0.000874893 0.000891246 0.00089044 0.000872849 0.000839744 0.000792905 0.000734113 0.000664438 0.000583153 0.00048671 0.000375883 0.000300284 0.000429271 0.00124443 0.0028366 0.00313228 0.00316645 0.00300734 0.00216126 0.000538077 0.000124409 2.71792e-05 7.06947e-06 1.48505e-06 2.43455e-07 3.22142e-08 3.21316e-09 1.74843e-10 0 
0 3.7725e-06 3.49003e-05 0.000137819 0.000308593 0.000457934 0.000537473 0.00057602 0.000605952 0.000637607 0.000669397 0.000696998 0.00071673 0.000726273 0.000724601 0.000711737 0.000688436 0.000655751 0.000614356 0.000563342 0.000498242 0.000410296 0.000301383 0.000238769 0.000408145 0.00150155 0.00291495 0.00316645 0.00320055 0.00307491 0.00251011 0.000604773 0.000133447 2.56601e-05 5.66563e-06 1.09926e-06 1.74297e-07 2.27411e-08 2.25224e-09 1.21988e-10 0 
0 1.65503e-06 1.60521e-05 7.12367e-05 0.000191717 0.000346447 0.000469163 0.000536434 0.000567819 0.000585252 0.000598703 0.000609987 0.000617934 0.000621023 0.000618297 0.000609486 0.000594756 0.000574149 0.00054655 0.000507996 0.000449863 0.000361573 0.000250847 0.000182106 0.000299904 0.000854284 0.00251263 0.00300734 0.00307491 0.00287306 0.00157848 0.000438744 9.89784e-05 1.88646e-05 3.8189e-06 6.92908e-07 1.07468e-07 1.39937e-08 1.39115e-09 7.57083e-11 0 
0 6.49681e-07 6.43125e-06 3.06633e-05 9.45538e-05 0.000205198 0.000333947 0.000439764 0.000506239 0.000541252 0.000558176 0.000566068 0.000569152 0.000568869 0.000565491 0.000558832 0.000548275 0.000532251 0.00050731 0.000467221 0.000403839 0.000313717 0.00021182 0.00013887 0.000171004 0.000429447 0.00100086 0.00216126 0.00251011 0.00157848 0.000658675 0.000217989 5.08328e-05 1.04026e-05 2.0608e-06 3.63259e-07 5.64093e-08 7.4431e-09 7.51241e-10 4.14675e-11 0 
0 2.28471e-07 2.26077e-06 1.11464e-05 3.73018e-05 9.23635e-05 0.000177034 0.000274654 0.000362727 0.000428362 0.000470881 0.000495545 0.000508006 0.00051217 0.000510049 0.000502097 0.000487429 0.000463865 0.000428132 0.000376919 0.000309662 0.000232735 0.000160459 0.000107335 9.15601e-05 0.000159239 0.000335483 0.000538077 0.000604773 0.000438744 0.000217989 7.40459e-05 1.91207e-05 4.35462e-06 8.78692e-07 1.57521e-07 2.51563e-08 3.41453e-09 3.53597e-10 1.99682e-11 0 
0 7.20854e-08 7.02756e-07 3.48536e-06 1.21068e-05 3.23048e-05 6.90655e-05 0.000122044 0.000183961 0.000244424 0.000295269 0.000332796 0.000356761 0.000368413 0.000369074 0.00035951 0.000339891 0.000310169 0.000270827 0.000223934 0.000174049 0.00012799 9.22788e-05 6.88569e-05 5.54302e-05 5.75304e-05 8.59012e-05 0.000124409 0.000133447 9.89784e-05 5.08328e-05 1.91207e-05 5.73086e-06 1.4221e-06 3.02226e-07 5.72039e-08 9.58448e-09 1.3535e-09 1.45029e-10 8.4394e-12 0 
0 2.04112e-08 1.94261e-07 9.52273e-07 3.33196e-06 9.17114e-06 2.07366e-05 3.95725e-05 6.52022e-05 9.48164e-05 0.000124294 0.000149706 0.000168283 0.00017859 0.000180242 0.000173583 0.000159516 0.00013952 0.000115721 9.0848e-05 6.79126e-05 4.95515e-05 3.71916e-05 3.03948e-05 2.70476e-05 2.53282e-05 2.56009e-05 2.71792e-05 2.56601e-05 1.88646e-05 1.04026e-05 4.35462e-06 1.4221e-06 3.79243e-07 8.72033e-08 1.77337e-08 3.1442e-09 4.64972e-10 5.18588e-11 3.12668e-12 0 
0 5.17256e-09 4.78135e-08 2.29345e-07 7.94223e-07 2.19482e-06 5.06072e-06 9.99228e-06 1.72212e-05 2.6337e-05 3.62825e-05 4.56368e-05 5.30152e-05 5.73935e-05 5.82723e-05 5.57007e-05 5.0213e-05 4.27137e-05 3.43203e-05 2.617e-05 1.92145e-05 1.40492e-05 1.08222e-05 9.24053e-06 8.67373e-06 8.3984e-06 7.93163e-06 7.06947e-06 5.66563e-06 3.8189e-06 2.0608e-06 8.78692e-07 3.02226e-07 8.72033e-08 2.17924e-08 4.75438e-09 8.92379e-10 1.38587e-10 1.61469e-11 1.01244e-12 0 
0 1.16342e-09 1.04199e-08 4.86585e-08 1.65237e-07 4.51788e-07 1.0407e-06 2.07198e-06 3.62848e-06 5.66687e-06 7.98654e-06 1.02616e-05 1.21254e-05 1.32702e-05 1.35243e-05 1.2886e-05 1.15111e-05 9.66595e-06 7.65996e-06 5.77809e-06 4.22787e-06 3.11267e-06 2.43226e-06 2.1023e-06 1.98226e-06 1.91252e-06 1.76488e-06 1.48505e-06 1.09926e-06 6.92908e-07 3.63259e-07 1.57521e-07 5.72039e-08 1.77337e-08 4.75438e-09 1.10327e-09 2.18688e-10 3.56891e-11 4.35127e-12 2.84346e-13 0 
0 2.27879e-10 1.97632e-09 8.96661e-09 2.97318e-08 7.98603e-08 1.81898e-07 3.60359e-07 6.31379e-07 9.90612e-07 1.40592e-06 1.82032e-06 2.1656e-06 2.3814e-06 2.4322e-06 2.31619e-06 2.06361e-06 1.7265e-06 1.36405e-06 1.02854e-06 7.55704e-07 5.61099e-07 4.41792e-07 3.81023e-07 3.53825e-07 3.33401e-07 2.99041e-07 2.43455e-07 1.74297e-07 1.07468e-07 5.64093e-08 2.51563e-08 9.58448e-09 3.1442e-09 8.92379e-10 2.18688e-10 4.5652e-11 7.82334e-12 9.98339e-13 6.80464e-14 0 
0 3.72831e-11 3.13273e-10 1.38065e-09 4.46384e-09 1.17441e-08 2.63281e-08 5.15806e-08 8.97535e-08 1.40343e-07 1.99015e-07 2.57873e-07 3.07242e-07 3.3838e-07 3.46018e-07 3.29778e-07 2.94004e-07 2.46236e-07 1.94998e-07 1.47716e-07 1.09341e-07 8.18878e-08 6.4752e-08 5.54421e-08 5.04683e-08 4.63079e-08 4.04506e-08 3.22142e-08 2.27411e-08 1.39937e-08 7.4431e-09 3.41453e-09 1.3535e-09 4.64972e-10 1.38587e-10 3.56891e-11 7.82334e-12 1.40537e-12 1.87538e-13 1.33293e-14 0 
0 4.60407e-12 3.7528e-11 1.60797e-10 5.07001e-10 1.3056e-09 2.87609e-09 5.55825e-09 9.57475e-09 1.48678e-08 2.09908e-08 2.71324e-08 3.22942e-08 3.55668e-08 3.63963e-08 3.47361e-08 3.10344e-08 2.60759e-08 2.07486e-08 1.58245e-08 1.18147e-08 8.92159e-09 7.07333e-09 6.00551e-09 5.36196e-09 4.80182e-09 4.10079e-09 3.21316e-09 2.25224e-09 1.39115e-09 7.51241e-10 3.53597e-10 1.45029e-10 5.18588e-11 1.61469e-11 4.35127e-12 9.98339e-13 1.87538e-13 2.61259e-14 1.93444e-15 0 
0 3.06894e-13 2.43065e-12 1.01399e-11 3.12117e-11 7.87089e-11 1.70358e-10 3.24552e-10 5.5287e-10 8.51379e-10 1.19497e-09 1.53872e-09 1.8276e-09 2.01138e-09 2.05929e-09 1.96851e-09 1.76363e-09 1.48798e-09 1.19084e-09 9.15126e-10 6.89275e-10 5.2447e-10 4.16544e-10 3.50744e-10 3.07739e-10 2.69814e-10 2.26064e-10 1.74843e-10 1.21988e-10 7.57083e-11 4.14675e-11 1.99682e-11 8.4394e-12 3.12668e-12 1.01244e-12 2.84346e-13 6.80464e-14 1.33293e-14 1.93444e-15 1.48988e-16 0 
0 0 0 0 0 0 0 0 0 0 0 0 0 0 0 0 0 0 0 0 0 0 0 0 0 0 0 0 0 0 0 0 0 0 0 0 0 0 0 0 0 
