0 0 0 0 0 0 0 0 0 0 0 0 0 0 0 0 0 0 0 0 0 0 0 0 0 0 0 0 0 0 0 0 0 0 0 0 0 0 0 0 0 
0 1.55396e-09 1.47138e-08 7.32472e-08 2.67562e-07 7.93451e-07 1.99459e-06 4.34686e-06 8.32605e-06 1.41539e-05 2.15235e-05 2.948e-05 3.65897e-05 4.1369e-05 4.27871e-05 4.06108e-05 3.54459e-05 2.84832e-05 2.10819e-05 1.43733e-05 9.02614e-06 5.22148e-06 2.78368e-06 1.36886e-06 6.21706e-07 2.61232e-07 1.01748e-07 3.68086e-08 1.23917e-08 3.88815e-09 1.13818e-09 3.10846e-10 7.90971e-11 1.86877e-11 4.07179e-12 8.08121e-13 1.42797e-13 2.14727e-14 2.4752e-15 1.55992e-16 0 
0 1.47138e-08 1.4487e-07 7.49377e-07 2.83783e-06 8.69176e-06 2.24551e-05 5.00035e-05 9.72678e-05 0.00016695 0.000255081 0.000349808 0.000433869 0.000489938 0.000506336 0.000480609 0.000419778 0.000337543 0.000249743 0.000169854 0.000106087 6.08163e-05 3.20061e-05 1.5478e-05 6.88963e-06 2.82899e-06 1.07429e-06 3.78277e-07 1.23814e-07 3.77491e-08 1.0736e-08 2.8494e-09 7.05e-10 1.62089e-10 3.44016e-11 6.65803e-12 1.14863e-12 1.68839e-13 1.90483e-14 1.17636e-15 0 
0 7.32472e-08 7.49377e-07 4.02365e-06 1.57666e-05 4.97112e-05 0.000131292 0.000296417 0.000579528 0.000991911 0.00150258 0.00203732 0.00249949 0.00280076 0.00288634 0.00274689 0.00241715 0.00196445 0.00147047 0.00101032 0.000635175 0.000364645 0.000191055 9.14533e-05 4.00848e-05 1.6138e-05 5.98877e-06 2.05584e-06 6.54996e-07 1.9422e-07 5.3706e-08 1.38614e-08 3.33694e-09 7.47091e-10 1.54562e-10 2.91929e-11 4.92101e-12 7.07695e-13 7.82149e-14 4.73791e-15 0 
0 2.67562e-07 2.83783e-06 1.57666e-05 6.36263e-05 0.000205008 0.000547424 0.00123358 0.00237559 0.00396128 0.00580969 0.00762437 0.0091023 0.0100203 0.0102663 0.00983458 0.00880983 0.00735278 0.0056805 0.00403044 0.00260663 0.00152817 0.000810132 0.000388641 0.000169261 6.72413e-05 2.4495e-05 8.22441e-06 2.55686e-06 7.38801e-07 1.98958e-07 5.00084e-08 1.17292e-08 2.56037e-09 5.16975e-10 9.54062e-11 1.57336e-11 2.21642e-12 2.4027e-13 1.42944e-14 0 
0 7.93451e-07 8.69176e-06 4.97112e-05 0.000205008 0.000666947 0.0017682 0.00387843 0.00713535 0.0112256 0.0154865 0.0192388 0.0220253 0.0236354 0.0240233 0.0232324 0.0213611 0.0185701 0.0151134 0.0113639 0.00778197 0.00479382 0.00263669 0.00129317 0.000567841 0.000224868 8.0975e-05 2.6723e-05 8.13619e-06 2.29748e-06 6.03996e-07 1.48161e-07 3.39215e-08 7.23264e-09 1.42772e-09 2.57868e-10 4.16698e-11 5.75938e-12 6.13368e-13 3.58973e-14 0 
0 1.99459e-06 2.24551e-05 0.000131292 0.000547424 0.0017682 0.00454064 0.00939367 0.0159786 0.0230998 0.0295188 0.0345378 0.0379561 0.0398065 0.0401839 0.0391831 0.0368855 0.0333649 0.0287219 0.0231724 0.0171693 0.011431 0.00671952 0.00345901 0.00156284 0.000625825 0.00022493 7.34413e-05 2.20018e-05 6.0938e-06 1.56871e-06 3.76542e-07 8.43581e-08 1.76083e-08 3.4054e-09 6.03209e-10 9.57053e-11 1.30041e-11 1.36328e-12 7.86466e-14 0 
0 4.34686e-06 5.00035e-05 0.000296417 0.00123358 0.00387843 0.00939367 0.0178357 0.0275593 0.0365556 0.0437932 0.0491132 0.0526432 0.0545155 0.0548336 0.053696 0.0512052 0.0474494 0.0424757 0.0362978 0.0290202 0.0211066 0.0135505 0.00751215 0.00357433 0.00147293 0.000534762 0.00017414 5.16227e-05 1.40839e-05 3.56272e-06 8.39417e-07 1.84542e-07 3.78104e-08 7.18248e-09 1.2508e-09 1.95321e-10 2.61535e-11 2.70561e-12 1.54248e-13 0 
0 8.32605e-06 9.72678e-05 0.000579528 0.00237559 0.00713535 0.0159786 0.0275593 0.0389942 0.0485558 0.0560129 0.0615667 0.0653365 0.067356 0.0676629 0.0663463 0.0635512 0.0594509 0.0541932 0.0478313 0.0402964 0.031571 0.0221631 0.0134229 0.00685828 0.0029601 0.0010998 0.000360369 0.000106362 2.87175e-05 7.16616e-06 1.66302e-06 3.59922e-07 7.26056e-08 1.3587e-08 2.33298e-09 3.5961e-10 4.75927e-11 4.87356e-12 2.75481e-13 0 
0 1.41539e-05 0.00016695 0.000991911 0.00396128 0.0112256 0.0230998 0.0365556 0.0485558 0.0583564 0.0662149 0.0722729 0.0764782 0.0787505 0.0790797 0.0775554 0.0743597 0.0697391 0.0639551 0.0572056 0.0495186 0.0407116 0.0306959 0.0202418 0.0112033 0.00513103 0.00197365 0.000656301 0.000194047 5.20955e-05 1.28757e-05 2.95391e-06 6.31572e-07 1.2587e-07 2.32839e-08 3.95565e-09 6.04022e-10 7.93102e-11 8.0719e-12 4.54415e-13 0 
0 2.15235e-05 0.000255081 0.00150258 0.00580969 0.0154865 0.0295188 0.0437932 0.0560129 0.0662149 0.0746834 0.0813551 0.0860321 0.088565 0.0889218 0.0871991 0.0836074 0.0784426 0.0720431 0.0647251 0.0566745 0.0478069 0.0377899 0.0266822 0.0159282 0.00777722 0.00312021 0.00106008 0.000315681 8.46499e-05 2.08061e-05 4.73724e-06 1.0045e-06 1.98565e-07 3.64574e-08 6.15459e-09 9.35316e-10 1.22463e-10 1.24578e-11 7.02891e-13 0 
0 2.948e-05 0.000349808 0.00203732 0.00762437 0.0192388 0.0345378 0.0491132 0.0615667 0.0722729 0.0813551 0.0885786 0.0936574 0.0964059 0.096783 0.0948933 0.090969 0.0853392 0.0783905 0.0705124 0.0620084 0.0529451 0.0430145 0.0318555 0.0202321 0.0104866 0.00439545 0.0015314 0.000461156 0.000124009 3.04349e-05 6.90632e-06 1.45885e-06 2.87402e-07 5.26476e-08 8.88236e-09 1.35204e-09 1.77801e-10 1.8225e-11 1.03988e-12 0 
0 3.65897e-05 0.000433869 0.00249949 0.0091023 0.0220253 0.0379561 0.0526432 0.0653365 0.0764782 0.0860321 0.0936574 0.0990208 0.101918 0.102304 0.10029 0.0961235 0.090156 0.0828034 0.0744971 0.0656104 0.0563237 0.046434 0.035434 0.023539 0.0128121 0.00558776 0.00199692 0.000609569 0.000164963 4.05993e-05 9.22706e-06 1.95244e-06 3.85761e-07 7.10114e-08 1.20716e-08 1.85766e-09 2.4793e-10 2.59002e-11 1.51241e-12 0 
0 4.1369e-05 0.000489938 0.00280076 0.0100203 0.0236354 0.0398065 0.0545155 0.067356 0.0787505 0.088565 0.0964059 0.101918 0.104888 0.10527 0.103181 0.0988755 0.0927181 0.0851398 0.0765931 0.0674864 0.0580656 0.0482181 0.037425 0.0255872 0.0144234 0.0064927 0.00237405 0.000735508 0.000201027 4.98681e-05 1.14243e-05 2.44033e-06 4.87986e-07 9.123e-08 1.58164e-08 2.49371e-09 3.42578e-10 3.69884e-11 2.23898e-12 0 
0 4.27871e-05 0.000506336 0.00288634 0.0102663 0.0240233 0.0401839 0.0548336 0.0676629 0.0790797 0.0889218 0.096783 0.102304 0.10527 0.105637 0.103523 0.0991856 0.0929909 0.0853738 0.0767915 0.067663 0.0582603 0.0485207 0.0379556 0.0263437 0.0151639 0.00697755 0.00260083 0.000818856 0.000227119 5.72074e-05 1.33378e-05 2.9101e-06 5.97164e-07 1.15169e-07 2.0707e-08 3.40136e-09 4.88324e-10 5.51535e-11 3.48722e-12 0 
0 4.06108e-05 0.000480609 0.00274689 0.00983458 0.0232324 0.0391831 0.053696 0.0663463 0.0775554 0.0871991 0.0948933 0.10029 0.103181 0.103523 0.101434 0.0971662 0.091081 0.0836048 0.0751857 0.0662339 0.0570165 0.0474815 0.0371771 0.0259009 0.0150356 0.00701086 0.00265766 0.000853389 0.000242184 6.26881e-05 1.51033e-05 3.42717e-06 7.36153e-07 1.4943e-07 2.8374e-08 4.92464e-09 7.45049e-10 8.81898e-11 5.80021e-12 0 
0 3.54459e-05 0.000419778 0.00241715 0.00880983 0.0213611 0.0368855 0.0512052 0.0635512 0.0743597 0.0836074 0.090969 0.0961235 0.0988755 0.0991856 0.0971662 0.0930619 0.0872181 0.0800433 0.0719642 0.0633646 0.0544808 0.0452422 0.0352457 0.0244212 0.0141632 0.00665963 0.00257309 0.00085044 0.000250696 6.80194e-05 1.73303e-05 4.1898e-06 9.63178e-07 2.09315e-07 4.23751e-08 7.77998e-09 1.23247e-09 1.51081e-10 1.01818e-11 0 
0 2.84832e-05 0.000337543 0.00196445 0.00735278 0.0185701 0.0333649 0.0474494 0.0594509 0.0697391 0.0784426 0.0853392 0.090156 0.0927181 0.0929909 0.091081 0.0872181 0.0817257 0.0749844 0.067387 0.0592738 0.0508288 0.0419522 0.0323314 0.0221251 0.0127633 0.00606552 0.00241463 0.000837198 0.000262926 7.69488e-05 2.13143e-05 5.61132e-06 1.39754e-06 3.25553e-07 6.9677e-08 1.33282e-08 2.17003e-09 2.70225e-10 1.83258e-11 0 
0 2.10819e-05 0.000249743 0.00147047 0.0056805 0.0151134 0.0287219 0.0424757 0.0541932 0.0639551 0.0720431 0.0783905 0.0828034 0.0851398 0.0853738 0.0836048 0.0800433 0.0749844 0.0687716 0.0617502 0.0542005 0.0462425 0.0377708 0.0286423 0.0192979 0.0111124 0.00540878 0.00227117 0.000852358 0.000295071 9.59567e-05 2.94408e-05 8.47694e-06 2.26718e-06 5.56065e-07 1.23052e-07 2.39711e-08 3.92788e-09 4.87929e-10 3.28006e-11 0 
0 1.43733e-05 0.000169854 0.00101032 0.00403044 0.0113639 0.0231724 0.0362978 0.0478313 0.0572056 0.0647251 0.0705124 0.0744971 0.0765931 0.0767915 0.0751857 0.0719642 0.067387 0.0617502 0.0553384 0.0483605 0.0408879 0.0328814 0.0244559 0.0162843 0.00950127 0.00486641 0.00223504 0.00094341 0.000371106 0.000136033 4.60625e-05 1.42556e-05 3.99484e-06 1.00497e-06 2.24418e-07 4.36013e-08 7.06806e-09 8.63998e-10 5.6965e-11 0 
0 9.02614e-06 0.000106087 0.000635175 0.00260663 0.00778197 0.0171693 0.0290202 0.0402964 0.0495186 0.0566745 0.0620084 0.0656104 0.0674864 0.067663 0.0662339 0.0633646 0.0592738 0.0542005 0.0483605 0.0419047 0.0349188 0.0275328 0.0201345 0.0134422 0.00817168 0.0045739 0.00238954 0.00116816 0.000527966 0.000216457 7.92186e-05 2.56562e-05 7.33252e-06 1.84686e-06 4.07878e-07 7.77717e-08 1.23175e-08 1.46767e-09 9.42364e-11 0 
0 5.22148e-06 6.08163e-05 0.000364645 0.00152817 0.00479382 0.011431 0.0211066 0.031571 0.0407116 0.0478069 0.0529451 0.0563237 0.0580656 0.0582603 0.0570165 0.0544808 0.0508288 0.0462425 0.0408879 0.0349188 0.0285352 0.0220837 0.0160834 0.0110554 0.00725711 0.00459745 0.00279818 0.00159643 0.000823335 0.000371253 0.000143566 4.74685e-05 1.35152e-05 3.34087e-06 7.18258e-07 1.32803e-07 2.03686e-08 2.35065e-09 1.46336e-10 0 
0 2.78368e-06 3.20061e-05 0.000191055 0.000810132 0.00263669 0.00671952 0.0135505 0.0221631 0.0306959 0.0377899 0.0430145 0.046434 0.0482181 0.0485207 0.0474815 0.0452422 0.0419522 0.0377708 0.0328814 0.0275328 0.0220837 0.0169832 0.0126399 0.00925314 0.00675791 0.0049215 0.00349388 0.00231468 0.0013541 0.000665494 0.000267523 8.82252e-05 2.44149e-05 5.80372e-06 1.19747e-06 2.12711e-07 3.14046e-08 3.49707e-09 2.10611e-10 0 
0 1.36886e-06 1.5478e-05 9.14533e-05 0.000388641 0.00129317 0.00345901 0.00751215 0.0134229 0.0202418 0.0266822 0.0318555 0.035434 0.037425 0.0379556 0.0371771 0.0352457 0.0323314 0.0286423 0.0244559 0.0201345 0.0160834 0.0126399 0.00996116 0.00800262 0.00660293 0.00557773 0.00469621 0.00367689 0.00245003 0.00129879 0.000530329 0.000168206 4.33561e-05 9.56866e-06 1.8558e-06 3.13703e-07 4.44125e-08 4.76569e-09 2.77648e-10 0 
0 6.21706e-07 6.88963e-06 4.00848e-05 0.000169261 0.000567841 0.00156284 0.00357433 0.00685828 0.0112033 0.0159282 0.0202321 0.023539 0.0255872 0.0263437 0.0259009 0.0244212 0.0221251 0.0192979 0.0162843 0.0134422 0.0110554 0.00925314 0.00800262 0.00722197 0.00701171 0.00760687 0.00847731 0.00809529 0.00587753 0.00312538 0.00121622 0.000350845 7.89626e-05 1.51646e-05 2.65039e-06 4.19266e-07 5.6723e-08 5.87063e-09 3.31567e-10 0 
0 2.61232e-07 2.82899e-06 1.6138e-05 6.72413e-05 0.000224868 0.000625825 0.00147293 0.0029601 0.00513103 0.00777722 0.0104866 0.0128121 0.0144234 0.0151639 0.0150356 0.0141632 0.0127633 0.0111124 0.00950127 0.00817168 0.00725711 0.00675791 0.00660293 0.00701171 0.00927367 0.0148969 0.0215199 0.0229373 0.0169419 0.00859951 0.00305961 0.000783713 0.000149889 2.36447e-05 3.49857e-06 5.02014e-07 6.4513e-08 6.45655e-09 3.55005e-10 0 
0 1.01748e-07 1.07429e-06 5.98877e-06 2.4495e-05 8.0975e-05 0.00022493 0.000534762 0.0010998 0.00197365 0.00312021 0.00439545 0.00558776 0.0064927 0.00697755 0.00701086 0.00665963 0.00606552 0.00540878 0.00486641 0.0045739 0.00459745 0.0049215 0.00557773 0.00760687 0.0148969 0.0309582 0.0492163 0.0540551 0.0400282 0.0199033 0.00671549 0.00158041 0.000267323 3.51449e-05 4.25043e-06 5.33515e-07 6.45429e-08 6.27037e-09 3.37696e-10 0 
0 3.68086e-08 3.78277e-07 2.05584e-06 8.22441e-06 2.6723e-05 7.34413e-05 0.00017414 0.000360369 0.000656301 0.00106008 0.0015314 0.00199692 0.00237405 0.00260083 0.00265766 0.00257309 0.00241463 0.00227117 0.00223504 0.00238954 0.00279818 0.00349388 0.00469621 0.00847731 0.0215199 0.0492163 0.0803868 0.0889832 0.0659377 0.0326029 0.0107956 0.00243711 0.000384433 4.48136e-05 4.55753e-06 4.95148e-07 5.61582e-08 5.32797e-09 2.8325e-10 0 
0 1.23917e-08 1.23814e-07 6.54996e-07 2.55686e-06 8.13619e-06 2.20018e-05 5.16227e-05 0.000106362 0.000194047 0.000315681 0.000461156 0.000609569 0.000735508 0.000818856 0.000853389 0.00085044 0.000837198 0.000852358 0.00094341 0.00116816 0.00159643 0.00231468 0.00367689 0.00809529 0.0229373 0.0540551 0.0889832 0.0987179 0.0731661 0.0361205 0.0118924 0.00264097 0.000402589 4.39934e-05 4.00931e-06 3.89755e-07 4.19995e-08 3.93282e-09 2.08319e-10 0 
0 3.88815e-09 3.77491e-08 1.9422e-07 7.38801e-07 2.29748e-06 6.0938e-06 1.40839e-05 2.87175e-05 5.20955e-05 8.46499e-05 0.000124009 0.000164963 0.000201027 0.000227119 0.000242184 0.000250696 0.000262926 0.000295071 0.000371106 0.000527966 0.000823335 0.0013541 0.00245003 0.00587753 0.0169419 0.0400282 0.0659377 0.0731661 0.0542293 0.0267687 0.00880809 0.00194731 0.000292683 3.1135e-05 2.71257e-06 2.51872e-07 2.67182e-08 2.51017e-09 1.33865e-10 0 
0 1.13818e-09 1.0736e-08 5.3706e-08 1.98958e-07 6.03996e-07 1.56871e-06 3.56272e-06 7.16616e-06 1.28757e-05 2.08061e-05 3.04349e-05 4.05993e-05 4.98681e-05 5.72074e-05 6.26881e-05 6.80194e-05 7.69488e-05 9.59567e-05 0.000136033 0.000216457 0.000371253 0.000665494 0.00129879 0.00312538 0.00859951 0.0199033 0.0326029 0.0361205 0.0267687 0.0132285 0.00436491 0.00096642 0.000145012 1.54584e-05 1.36846e-06 1.31383e-07 1.4394e-08 1.38317e-09 7.50462e-11 0 
0 3.10846e-10 2.8494e-09 1.38614e-08 5.00084e-08 1.48161e-07 3.76542e-07 8.39417e-07 1.66302e-06 2.95391e-06 4.73724e-06 6.90632e-06 9.22706e-06 1.14243e-05 1.33378e-05 1.51033e-05 1.73303e-05 2.13143e-05 2.94408e-05 4.60625e-05 7.92186e-05 0.000143566 0.000267523 0.000530329 0.00121622 0.00305961 0.00671549 0.0107956 0.0118924 0.00880809 0.00436491 0.00144737 0.000322082 4.88721e-05 5.3962e-06 5.19727e-07 5.589e-08 6.59708e-09 6.58923e-10 3.67081e-11 0 
0 7.90971e-11 7.05e-10 3.33694e-09 1.17292e-08 3.39215e-08 8.43581e-08 1.84542e-07 3.59922e-07 6.31572e-07 1.0045e-06 1.45885e-06 1.95244e-06 2.44033e-06 2.9101e-06 3.42717e-06 4.1898e-06 5.61132e-06 8.47694e-06 1.42556e-05 2.56562e-05 4.74685e-05 8.82252e-05 0.000168206 0.000350845 0.000783713 0.00158041 0.00243711 0.00264097 0.00194731 0.00096642 0.000322082 7.25648e-05 1.13975e-05 1.37445e-06 1.56635e-07 2.00341e-08 2.59912e-09 2.72223e-10 1.56798e-11 0 
0 1.86877e-11 1.62089e-10 7.47091e-10 2.56037e-09 7.23264e-09 1.76083e-08 3.78104e-08 7.26056e-08 1.2587e-07 1.98565e-07 2.87402e-07 3.85761e-07 4.87986e-07 5.97164e-07 7.36153e-07 9.63178e-07 1.39754e-06 2.26718e-06 3.99484e-06 7.33252e-06 1.35152e-05 2.44149e-05 4.33561e-05 7.89626e-05 0.000149889 0.000267323 0.000384433 0.000402589 0.000292683 0.000145012 4.88721e-05 1.13975e-05 1.94808e-06 2.79872e-07 4.07309e-08 6.26086e-09 8.88261e-10 9.77821e-11 5.8509e-12 0 
0 4.07179e-12 3.44016e-11 1.54562e-10 5.16975e-10 1.42772e-09 3.4054e-09 7.18248e-09 1.3587e-08 2.32839e-08 3.64574e-08 5.26476e-08 7.10114e-08 9.123e-08 1.15169e-07 1.4943e-07 2.09315e-07 3.25553e-07 5.56065e-07 1.00497e-06 1.84686e-06 3.34087e-06 5.80372e-06 9.56866e-06 1.51646e-05 2.36447e-05 3.51449e-05 4.48136e-05 4.39934e-05 3.1135e-05 1.54584e-05 5.3962e-06 1.37445e-06 2.79872e-07 5.23142e-08 9.75258e-09 1.72979e-09 2.64036e-10 3.05322e-11 1.90355e-12 0 
0 8.08121e-13 6.65803e-12 2.91929e-11 9.54062e-11 2.57868e-10 6.03209e-10 1.2508e-09 2.33298e-09 3.95565e-09 6.15459e-09 8.88236e-09 1.20716e-08 1.58164e-08 2.0707e-08 2.8374e-08 4.23751e-08 6.9677e-08 1.23052e-07 2.24418e-07 4.07878e-07 7.18258e-07 1.19747e-06 1.8558e-06 2.65039e-06 3.49857e-06 4.25043e-06 4.55753e-06 4.00931e-06 2.71257e-06 1.36846e-06 5.19727e-07 1.56635e-07 4.07309e-08 9.75258e-09 2.15191e-09 4.19058e-10 6.79076e-11 8.24079e-12 5.36205e-13 0 
0 1.42797e-13 1.14863e-12 4.92101e-12 1.57336e-11 4.16698e-11 9.57053e-11 1.95321e-10 3.5961e-10 6.04022e-10 9.35316e-10 1.35204e-09 1.85766e-09 2.49371e-09 3.40136e-09 4.92464e-09 7.77998e-09 1.33282e-08 2.39711e-08 4.36013e-08 7.77717e-08 1.32803e-07 2.12711e-07 3.13703e-07 4.19266e-07 5.02014e-07 5.33515e-07 4.95148e-07 3.89755e-07 2.51872e-07 1.31383e-07 5.589e-08 2.00341e-08 6.26086e-09 1.72979e-09 4.19058e-10 8.70481e-11 1.48696e-11 1.89176e-12 1.28531e-13 0 
0 2.14727e-14 1.68839e-13 7.07695e-13 2.21642e-12 5.75938e-12 1.30041e-11 2.61535e-11 4.75927e-11 7.93102e-11 1.22463e-10 1.77801e-10 2.4793e-10 3.42578e-10 4.88324e-10 7.45049e-10 1.23247e-09 2.17003e-09 3.92788e-09 7.06806e-09 1.23175e-08 2.03686e-08 3.14046e-08 4.44125e-08 5.6723e-08 6.4513e-08 6.45429e-08 5.61582e-08 4.19995e-08 2.67182e-08 1.4394e-08 6.59708e-09 2.59912e-09 8.88261e-10 2.64036e-10 6.79076e-11 1.48696e-11 2.6673e-12 3.55267e-13 2.51941e-14 0 
0 2.4752e-15 1.90483e-14 7.82149e-14 2.4027e-13 6.13368e-13 1.36328e-12 2.70561e-12 4.87356e-12 8.0719e-12 1.24578e-11 1.8225e-11 2.59002e-11 3.69884e-11 5.51535e-11 8.81898e-11 1.51081e-10 2.70225e-10 4.87929e-10 8.63998e-10 1.46767e-09 2.35065e-09 3.49707e-09 4.76569e-09 5.87063e-09 6.45655e-09 6.27037e-09 5.32797e-09 3.93282e-09 2.51017e-09 1.38317e-09 6.58923e-10 2.72223e-10 9.77821e-11 3.05322e-11 8.24079e-12 1.89176e-12 3.55267e-13 4.94467e-14 3.65597e-15 0 
0 1.55992e-16 1.17636e-15 4.73791e-15 1.42944e-14 3.58973e-14 7.86466e-14 1.54248e-13 2.75481e-13 4.54415e-13 7.02891e-13 1.03988e-12 1.51241e-12 2.23898e-12 3.48722e-12 5.80021e-12 1.01818e-11 1.83258e-11 3.28006e-11 5.6965e-11 9.42364e-11 1.46336e-10 2.10611e-10 2.77648e-10 3.31567e-10 3.55005e-10 3.37696e-10 2.8325e-10 2.08319e-10 1.33865e-10 7.50462e-11 3.67081e-11 1.56798e-11 5.8509e-12 1.90355e-12 5.36205e-13 1.28531e-13 2.51941e-14 3.65597e-15 2.81384e-16 0 
0 0 0 0 0 0 0 0 0 0 0 0 0 0 0 0 0 0 0 0 0 0 0 0 0 0 0 0 0 0 0 0 0 0 0 0 0 0 0 0 0 
