0 0 0 0 0 0 0 0 0 0 0 0 0 0 0 0 0 0 0 0 0 0 0 0 0 0 0 0 0 0 0 0 0 0 0 0 0 0 0 0 0 
0 1.8041e-07 1.57285e-06 6.63505e-06 1.87497e-05 3.97048e-05 6.75976e-05 9.79138e-05 0.000126316 0.000150242 0.000168833 0.00018221 0.000190847 0.000195243 0.000195796 0.000192777 0.00018635 0.000176602 0.0001636 0.000147483 0.000128593 0.000107607 8.56259e-05 6.41175e-05 4.46807e-05 2.8657e-05 1.67482e-05 8.84908e-06 4.20534e-06 1.79363e-06 6.86697e-07 2.36336e-07 7.32221e-08 2.04221e-08 5.11162e-09 1.13821e-09 2.21148e-10 3.59488e-11 4.41653e-12 2.93191e-13 0 
0 1.57285e-06 1.38119e-05 5.54965e-05 0.000139676 0.000250075 0.000353548 0.000431963 0.000486889 0.000526286 0.000555947 0.000578248 0.000593549 0.000601574 0.000602209 0.000595804 0.000583176 0.000565403 0.000543467 0.000517774 0.000487654 0.000451114 0.00040525 0.000347742 0.000279223 0.000205162 0.000135083 7.84182e-05 3.9775e-05 1.76011e-05 6.82535e-06 2.33638e-06 7.11092e-07 1.93344e-07 4.69804e-08 1.01371e-08 1.908e-09 3.00666e-10 3.58547e-11 2.31415e-12 0 
0 6.63505e-06 5.54965e-05 0.000193436 0.000389892 0.000554383 0.000663237 0.000746403 0.000825382 0.000903226 0.000974963 0.00103459 0.00107748 0.00110091 0.001104 0.00108757 0.0010539 0.00100642 0.000949489 0.000887954 0.000826641 0.000769346 0.0007171 0.000665912 0.000605571 0.000522837 0.000411421 0.000283121 0.000165211 8.06916e-05 3.3132e-05 1.16096e-05 3.53239e-06 9.46111e-07 2.24604e-07 4.71576e-08 8.62422e-09 1.32058e-09 1.53174e-10 9.62998e-12 0 
0 1.87497e-05 0.000139676 0.000389892 0.000620637 0.000774618 0.00091463 0.00107061 0.00123569 0.00139554 0.00153782 0.00165316 0.001735 0.00177962 0.00178603 0.00175585 0.00169294 0.00160292 0.00149269 0.00136987 0.00124242 0.00111838 0.00100555 0.000910319 0.000834291 0.000768229 0.000688178 0.000565971 0.000399509 0.000229918 0.000105966 3.96415e-05 1.23842e-05 3.32039e-06 7.77668e-07 1.59886e-07 2.85382e-08 4.26098e-09 4.82102e-10 2.95983e-11 0 
0 3.97048e-05 0.000250075 0.000554383 0.000774618 0.000976246 0.00121521 0.00148012 0.00174896 0.00200293 0.00222627 0.00240628 0.00253369 0.00260317 0.00261339 0.00256686 0.00246943 0.00232954 0.0021574 0.00196408 0.00176073 0.00155801 0.00136582 0.0011935 0.00104979 0.000940285 0.000858908 0.000775871 0.000643849 0.000447142 0.000242764 0.000101524 3.36507e-05 9.21756e-06 2.15626e-06 4.37522e-07 7.66352e-08 1.12036e-08 1.24073e-09 7.46045e-11 0 
0 6.75976e-05 0.000353548 0.000663237 0.00091463 0.00121521 0.00156963 0.00194966 0.00232965 0.00268648 0.00299942 0.00325128 0.00342948 0.00352668 0.00354107 0.00347611 0.00333997 0.00314437 0.00290334 0.00263205 0.00234564 0.00205825 0.00178238 0.00152877 0.00130689 0.00112574 0.000992015 0.000898883 0.000806666 0.000651121 0.000421044 0.000203545 7.38922e-05 2.11365e-05 5.00584e-06 1.01102e-06 1.74806e-07 2.51348e-08 2.73447e-09 1.61543e-10 0 
0 9.79138e-05 0.000431963 0.000746403 0.00107061 0.00148012 0.00194966 0.00244714 0.00294257 0.00340698 0.00381404 0.00414273 0.00437933 0.0045132 0.00453385 0.00444334 0.00425963 0.00400242 0.00368829 0.00333508 0.00296173 0.00258623 0.00222428 0.00188879 0.00159 0.00133652 0.00113673 0.000996135 0.000900079 0.000788865 0.000589706 0.000332091 0.000134961 4.10966e-05 9.98151e-06 2.0233e-06 3.47311e-07 4.93337e-08 5.29188e-09 3.08127e-10 0 
0 0.000126316 0.000486889 0.000825382 0.00123569 0.00174896 0.00232965 0.00294257 0.00355213 0.00412352 0.00463004 0.00507024 0.005434 0.00565329 0.00568929 0.0055443 0.0052496 0.00487585 0.00447025 0.00403273 0.003573 0.00311036 0.00266363 0.00224817 0.00187563 0.00155457 0.00129219 0.00109603 0.000966548 0.000868477 0.000714567 0.000460535 0.000210817 6.91914e-05 1.74092e-05 3.56671e-06 6.10927e-07 8.60741e-08 9.13481e-09 5.25822e-10 0 
0 0.000150242 0.000526286 0.000903226 0.00139554 0.00200293 0.00268648 0.00340698 0.00412352 0.0048033 0.00546568 0.0060864 0.00648235 0.00666265 0.00668938 0.00657734 0.00630004 0.00582073 0.00523993 0.00468912 0.00414411 0.00359989 0.00307418 0.00258449 0.00214402 0.00176178 0.00144409 0.00119719 0.00102655 0.000916684 0.000793692 0.000567313 0.0002899 0.000102885 2.69688e-05 5.61152e-06 9.62902e-07 1.3502e-07 1.42203e-08 8.1147e-10 0 
0 0.000168833 0.000555947 0.000974963 0.00153782 0.00222627 0.00299942 0.00381404 0.00463004 0.00546568 0.00630057 0.00681161 0.00707152 0.00719202 0.00720966 0.00713229 0.00694718 0.00660942 0.00602333 0.00529772 0.00464583 0.00402686 0.00343215 0.00287788 0.00237851 0.00194369 0.00157934 0.00129018 0.00108203 0.000950398 0.000840198 0.000644693 0.000360856 0.000137705 3.76199e-05 7.96699e-06 1.37301e-06 1.92111e-07 2.01307e-08 1.1416e-09 0 
0 0.00018221 0.000578248 0.00103459 0.00165316 0.00240628 0.00325128 0.00414273 0.00507024 0.0060864 0.00681161 0.00718444 0.00738851 0.00748634 0.00750037 0.007436 0.00728591 0.00702465 0.0065861 0.00585924 0.00506446 0.00436891 0.00371779 0.00311193 0.00256562 0.00208909 0.0016881 0.0013663 0.00112856 0.000975341 0.000866515 0.000694983 0.000416474 0.00016879 4.7841e-05 1.03051e-05 1.78553e-06 2.49734e-07 2.60898e-08 1.47344e-09 0 
0 0.000190847 0.000593549 0.00107748 0.001735 0.00253369 0.00342948 0.00437933 0.005434 0.00648235 0.00707152 0.00738851 0.00756833 0.00765575 0.0076679 0.0076092 0.00747435 0.00724503 0.00687542 0.00625214 0.00538862 0.00461078 0.00391676 0.00327467 0.00269558 0.00218998 0.0017636 0.00141944 0.00116137 0.000991756 0.000879984 0.000723774 0.00045398 0.00019223 5.60539e-05 1.22434e-05 2.13219e-06 2.98408e-07 3.11298e-08 1.75396e-09 0 
0 0.000195243 0.000601574 0.00110091 0.00177962 0.00260317 0.00352668 0.0045132 0.00565329 0.00666265 0.00719202 0.00748634 0.00765575 0.00773843 0.00774945 0.00769283 0.00756404 0.0073474 0.00700458 0.00643809 0.00557644 0.00474128 0.00402077 0.00335921 0.0027627 0.00224171 0.00180193 0.00144601 0.00117718 0.000998423 0.000883989 0.00073597 0.000473345 0.000205644 6.10256e-05 1.34514e-05 2.3515e-06 3.29451e-07 3.436e-08 1.93436e-09 0 
0 0.000195796 0.000602209 0.001104 0.00178603 0.00261339 0.00354107 0.00453385 0.00568929 0.00668938 0.00720966 0.00750037 0.0076679 0.00774945 0.00775977 0.0077028 0.00757411 0.00735839 0.00701834 0.00645909 0.00559838 0.00475235 0.00402776 0.00336393 0.00276555 0.002243 0.00180187 0.0014447 0.00117454 0.000994397 0.000879762 0.000734546 0.000475561 0.000208145 6.21177e-05 1.37397e-05 2.40666e-06 3.37568e-07 3.5232e-08 1.98447e-09 0 
0 0.000192777 0.000595804 0.00108757 0.00175585 0.00256686 0.00347611 0.00444334 0.0055443 0.00657734 0.00713229 0.007436 0.0076092 0.00769283 0.0077028 0.00764325 0.0075093 0.00728402 0.00692575 0.00632894 0.00545645 0.00464741 0.00394185 0.00329216 0.00270666 0.00219564 0.0017646 0.00141615 0.00115352 0.00097944 0.000867421 0.000720528 0.000461679 0.000200076 5.93603e-05 1.31023e-05 2.29526e-06 3.22318e-07 3.36951e-08 1.9013e-09 0 
0 0.00018635 0.000583176 0.0010539 0.00169294 0.00246943 0.00333997 0.00425963 0.0052496 0.00630004 0.00694718 0.00728591 0.00747435 0.00756404 0.00757411 0.0075093 0.00736339 0.00711512 0.00671045 0.00602811 0.0051792 0.00444303 0.00377272 0.00315146 0.00259188 0.002104 0.00169321 0.00136239 0.00111532 0.000953741 0.000846114 0.00069322 0.000432626 0.000182796 5.33873e-05 1.17052e-05 2.04794e-06 2.87998e-07 3.01868e-08 1.70871e-09 0 
0 0.000176602 0.000565403 0.00100642 0.00160292 0.00232954 0.00314437 0.00400242 0.00487585 0.00582073 0.00660942 0.00702465 0.00724503 0.0073474 0.00735839 0.00728402 0.00711512 0.00682026 0.00631794 0.00555695 0.00481948 0.00415915 0.00353389 0.00295261 0.00242954 0.00197423 0.00159202 0.00128629 0.00106148 0.000917093 0.000813479 0.000650538 0.000389635 0.000158572 4.52768e-05 9.83396e-06 1.71776e-06 2.42104e-07 2.54775e-08 1.44895e-09 0 
0 0.0001636 0.000543467 0.000949489 0.00149269 0.0021574 0.00290334 0.00368829 0.00447025 0.00523993 0.00602333 0.0065861 0.00687542 0.00700458 0.00701834 0.00692575 0.00671045 0.00631794 0.00569463 0.0050246 0.00441048 0.00381431 0.00324127 0.00270837 0.00222941 0.00181342 0.00146579 0.00119065 0.00099284 0.000867411 0.00076477 0.000589785 0.000335089 0.000130461 3.63293e-05 7.8169e-06 1.36481e-06 1.93105e-07 2.04395e-08 1.17009e-09 0 
0 0.000147483 0.000517774 0.000887954 0.00136987 0.00196408 0.00263205 0.00333508 0.00403273 0.00468912 0.00529772 0.00585924 0.00625214 0.00643809 0.00645909 0.00632894 0.00602811 0.00555695 0.0050246 0.00449779 0.00396265 0.00342767 0.00291185 0.00243228 0.00200168 0.00162862 0.00131876 0.00107707 0.000907625 0.000798611 0.000692526 0.000509555 0.000273474 0.000102034 2.78157e-05 5.95077e-06 1.04171e-06 1.48347e-07 1.58289e-08 9.13923e-10 0 
0 0.000128593 0.000487654 0.000826641 0.00124242 0.00176073 0.00234564 0.00296173 0.003573 0.00414411 0.00464583 0.00506446 0.00538862 0.00557644 0.00559838 0.00545645 0.0051792 0.00481948 0.00441048 0.00396265 0.00349208 0.00301905 0.00256241 0.00213754 0.00175603 0.00142608 0.00115371 0.000944194 0.000798849 0.000699203 0.000589126 0.000413146 0.000211765 7.68304e-05 2.07447e-05 4.44611e-06 7.8396e-07 1.12688e-07 1.2143e-08 7.0791e-10 0 
0 0.000107607 0.000451114 0.000769346 0.00111838 0.00155801 0.00205825 0.00258623 0.00311036 0.00359989 0.00402686 0.00436891 0.00461078 0.00474128 0.00475235 0.00464741 0.00444303 0.00415915 0.00381431 0.00342767 0.00301905 0.0026072 0.00220848 0.0018363 0.00150111 0.00121075 0.000971254 0.000786563 0.000654691 0.000558105 0.000455686 0.000311869 0.000158293 5.76027e-05 1.5702e-05 3.40337e-06 6.06636e-07 8.80607e-08 9.57264e-09 5.62373e-10 0 
0 8.56259e-05 0.00040525 0.0007171 0.00100555 0.00136582 0.00178238 0.00222428 0.00266363 0.00307418 0.00343215 0.00371779 0.00391676 0.00402077 0.00402776 0.00394185 0.00377272 0.00353389 0.00324127 0.00291185 0.00256241 0.00220848 0.00186362 0.0015392 0.00124463 0.000987831 0.000774727 0.000607194 0.000482262 0.00039177 0.000315169 0.000222869 0.000119438 4.55469e-05 1.27899e-05 2.81679e-06 5.06094e-07 7.37493e-08 8.03101e-09 4.72081e-10 0 
0 6.41175e-05 0.000347742 0.000665912 0.000910319 0.0011935 0.00152877 0.00188879 0.00224817 0.00258449 0.00287788 0.00311193 0.00327467 0.00335921 0.00336393 0.00329216 0.00315146 0.00295261 0.00270837 0.00243228 0.00213754 0.0018363 0.0015392 0.00125581 0.000996642 0.000776049 0.000607727 0.000486696 0.000386498 0.000293041 0.000218178 0.000159448 9.54012e-05 3.97699e-05 1.16469e-05 2.59265e-06 4.64121e-07 6.70415e-08 7.22757e-09 4.20649e-10 0 
0 4.46807e-05 0.000279223 0.000605571 0.000834291 0.00104979 0.00130689 0.00159 0.00187563 0.00214402 0.00237851 0.00256562 0.00269558 0.0027627 0.00276555 0.00270666 0.00259188 0.00242954 0.00222941 0.00200168 0.00175603 0.00150111 0.00124463 0.000996642 0.000781453 0.000650853 0.000643847 0.00069651 0.000662233 0.000486587 0.000277114 0.000145661 8.26271e-05 3.76217e-05 1.15386e-05 2.57182e-06 4.52705e-07 6.40341e-08 6.76463e-09 3.86533e-10 0 
0 2.8657e-05 0.000205162 0.000522837 0.000768229 0.000940285 0.00112574 0.00133652 0.00155457 0.00176178 0.00194369 0.00208909 0.00218998 0.00224171 0.002243 0.00219564 0.002104 0.00197423 0.00181342 0.00162862 0.00142608 0.00121075 0.000987831 0.000776049 0.000650853 0.000764364 0.00120501 0.00188786 0.00225578 0.00137231 0.0006968 0.000258217 9.10938e-05 3.71504e-05 1.16155e-05 2.56597e-06 4.40502e-07 6.06621e-08 6.25477e-09 3.49915e-10 0 
0 1.67482e-05 0.000135083 0.000411421 0.000688178 0.000858908 0.000992015 0.00113673 0.00129219 0.00144409 0.00157934 0.0016881 0.0017636 0.00180193 0.00180187 0.0017646 0.00169321 0.00159202 0.00146579 0.00131876 0.00115371 0.000971254 0.000774727 0.000607727 0.000643847 0.00120501 0.0027161 0.00468564 0.00486905 0.00393365 0.00161101 0.000544337 0.000138921 3.92799e-05 1.13027e-05 2.41905e-06 4.02775e-07 5.40196e-08 5.4482e-09 2.99177e-10 0 
0 8.84908e-06 7.84182e-05 0.000283121 0.000565971 0.000775871 0.000898883 0.000996135 0.00109603 0.00119719 0.00129018 0.0013663 0.00141944 0.00144601 0.0014447 0.00141615 0.00136239 0.00128629 0.00119065 0.00107707 0.000944194 0.000786563 0.000607194 0.000486696 0.00069651 0.00188786 0.00468564 0.00527353 0.00534576 0.00503621 0.00333718 0.000872536 0.000201757 4.28115e-05 1.03097e-05 2.06479e-06 3.31679e-07 4.35102e-08 4.31992e-09 2.34295e-10 0 
0 4.20534e-06 3.9775e-05 0.000165211 0.000399509 0.000643849 0.000806666 0.000900079 0.000966548 0.00102655 0.00108203 0.00112856 0.00116137 0.00117718 0.00117454 0.00115352 0.00111532 0.00106148 0.00099284 0.000907625 0.000798849 0.000654691 0.000482262 0.000386498 0.000662233 0.00225578 0.00486905 0.00534576 0.00540968 0.00516498 0.00394252 0.000965184 0.000216467 4.07599e-05 8.37233e-06 1.54195e-06 2.39057e-07 3.09208e-08 3.04989e-09 1.64739e-10 0 
0 1.79363e-06 1.76011e-05 8.06916e-05 0.000229918 0.000447142 0.000651121 0.000788865 0.000868477 0.000916684 0.000950398 0.000975341 0.000991756 0.000998423 0.000994397 0.00097944 0.000953741 0.000917093 0.000867411 0.000798611 0.000699203 0.000558105 0.00039177 0.000293041 0.000486587 0.00137231 0.00393365 0.00503621 0.00516498 0.00479431 0.00241591 0.000711885 0.000160501 2.98719e-05 5.65134e-06 9.75063e-07 1.47897e-07 1.9101e-08 1.89221e-09 1.02744e-10 0 
0 6.86697e-07 6.82535e-06 3.3132e-05 0.000105966 0.000242764 0.000421044 0.000589706 0.000714567 0.000793692 0.000840198 0.000866515 0.000879984 0.000883989 0.000879762 0.000867421 0.000846114 0.000813479 0.00076477 0.000692526 0.000589126 0.000455686 0.000315169 0.000218178 0.000277114 0.0006968 0.00161101 0.00333718 0.00394252 0.00241591 0.00106873 0.000353693 8.22128e-05 1.62414e-05 3.0223e-06 5.10085e-07 7.76962e-08 1.01813e-08 1.02466e-09 5.64556e-11 0 
0 2.36336e-07 2.33638e-06 1.16096e-05 3.96415e-05 0.000101524 0.000203545 0.000332091 0.000460535 0.000567313 0.000644693 0.000694983 0.000723774 0.00073597 0.000734546 0.000720528 0.00069322 0.000650538 0.000589785 0.000509555 0.000413146 0.000311869 0.000222869 0.000159448 0.000145661 0.000258217 0.000544337 0.000872536 0.000965184 0.000711885 0.000353693 0.000120007 3.05116e-05 6.62524e-06 1.26815e-06 2.19918e-07 3.46234e-08 4.67575e-09 4.83141e-10 2.72432e-11 0 
0 7.32221e-08 7.11092e-07 3.53239e-06 1.23842e-05 3.36507e-05 7.38922e-05 0.000134961 0.000210817 0.0002899 0.000360856 0.000416474 0.00045398 0.000473345 0.000475561 0.000461679 0.000432626 0.000389635 0.000335089 0.000273474 0.000211765 0.000158293 0.000119438 9.54012e-05 8.26271e-05 9.10938e-05 0.000138921 0.000201757 0.000216467 0.000160501 8.22128e-05 3.05116e-05 8.83282e-06 2.09325e-06 4.2825e-07 7.9328e-08 1.31743e-08 1.85439e-09 1.98384e-10 1.15306e-11 0 
0 2.04221e-08 1.93344e-07 9.46111e-07 3.32039e-06 9.21756e-06 2.11365e-05 4.10966e-05 6.91914e-05 0.000102885 0.000137705 0.00016879 0.00019223 0.000205644 0.000208145 0.000200076 0.000182796 0.000158572 0.000130461 0.000102034 7.68304e-05 5.76027e-05 4.55469e-05 3.97699e-05 3.76217e-05 3.71504e-05 3.92799e-05 4.28115e-05 4.07599e-05 2.98719e-05 1.62414e-05 6.62524e-06 2.09325e-06 5.4094e-07 1.21655e-07 2.44603e-08 4.31702e-09 6.37202e-10 7.09876e-11 4.276e-12 0 
0 5.11162e-09 4.69804e-08 2.24604e-07 7.77668e-07 2.15626e-06 5.00584e-06 9.98151e-06 1.74092e-05 2.69688e-05 3.76199e-05 4.7841e-05 5.60539e-05 6.10256e-05 6.21177e-05 5.93603e-05 5.33873e-05 4.52768e-05 3.63293e-05 2.78157e-05 2.07447e-05 1.5702e-05 1.27899e-05 1.16469e-05 1.15386e-05 1.16155e-05 1.13027e-05 1.03097e-05 8.37233e-06 5.65134e-06 3.0223e-06 1.26815e-06 4.2825e-07 1.21655e-07 3.01042e-08 6.53657e-09 1.22437e-09 1.8994e-10 2.21123e-11 1.38547e-12 0 
0 1.13821e-09 1.01371e-08 4.71576e-08 1.59886e-07 4.37522e-07 1.01102e-06 2.0233e-06 3.56671e-06 5.61152e-06 7.96699e-06 1.03051e-05 1.22434e-05 1.34514e-05 1.37397e-05 1.31023e-05 1.17052e-05 9.83396e-06 7.8169e-06 5.95077e-06 4.44611e-06 3.40337e-06 2.81679e-06 2.59265e-06 2.57182e-06 2.56597e-06 2.41905e-06 2.06479e-06 1.54195e-06 9.75063e-07 5.10085e-07 2.19918e-07 7.9328e-08 2.44603e-08 6.53657e-09 1.51436e-09 2.9991e-10 4.89133e-11 5.96018e-12 3.89264e-13 0 
0 2.21148e-10 1.908e-09 8.62422e-09 2.85382e-08 7.66352e-08 1.74806e-07 3.47311e-07 6.10927e-07 9.62902e-07 1.37301e-06 1.78553e-06 2.13219e-06 2.3515e-06 2.40666e-06 2.29526e-06 2.04794e-06 1.71776e-06 1.36481e-06 1.04171e-06 7.8396e-07 6.06636e-07 5.06094e-07 4.64121e-07 4.52705e-07 4.40502e-07 4.02775e-07 3.31679e-07 2.39057e-07 1.47897e-07 7.76962e-08 3.46234e-08 1.31743e-08 4.31702e-09 1.22437e-09 2.9991e-10 6.25845e-11 1.07211e-11 1.36758e-12 9.31744e-14 0 
0 3.59488e-11 3.00666e-10 1.32058e-09 4.26098e-09 1.12036e-08 2.51348e-08 4.93337e-08 8.60741e-08 1.3502e-07 1.92111e-07 2.49734e-07 2.98408e-07 3.29451e-07 3.37568e-07 3.22318e-07 2.87998e-07 2.42104e-07 1.93105e-07 1.48347e-07 1.12688e-07 8.80607e-08 7.37493e-08 6.70415e-08 6.40341e-08 6.06621e-08 5.40196e-08 4.35102e-08 3.09208e-08 1.9101e-08 1.01813e-08 4.67575e-09 1.85439e-09 6.37202e-10 1.8994e-10 4.89133e-11 1.07211e-11 1.92557e-12 2.5689e-13 1.82531e-14 0 
0 4.41653e-12 3.58547e-11 1.53174e-10 4.82102e-10 1.24073e-09 2.73447e-09 5.29188e-09 9.13481e-09 1.42203e-08 2.01307e-08 2.60898e-08 3.11298e-08 3.436e-08 3.5232e-08 3.36951e-08 3.01868e-08 2.54775e-08 2.04395e-08 1.58289e-08 1.2143e-08 9.57264e-09 8.03101e-09 7.22757e-09 6.76463e-09 6.25477e-09 5.4482e-09 4.31992e-09 3.04989e-09 1.89221e-09 1.02466e-09 4.83141e-10 1.98384e-10 7.09876e-11 2.21123e-11 5.96018e-12 1.36758e-12 2.5689e-13 3.5783e-14 2.64897e-15 0 
0 2.93191e-13 2.31415e-12 9.62998e-12 2.95983e-11 7.46045e-11 1.61543e-10 3.08127e-10 5.25822e-10 8.1147e-10 1.1416e-09 1.47344e-09 1.75396e-09 1.93436e-09 1.98447e-09 1.9013e-09 1.70871e-09 1.44895e-09 1.17009e-09 9.13923e-10 7.0791e-10 5.62373e-10 4.72081e-10 4.20649e-10 3.86533e-10 3.49915e-10 2.99177e-10 2.34295e-10 1.64739e-10 1.02744e-10 5.64556e-11 2.72432e-11 1.15306e-11 4.276e-12 1.38547e-12 3.89264e-13 9.31744e-14 1.82531e-14 2.64897e-15 2.04001e-16 0 
0 0 0 0 0 0 0 0 0 0 0 0 0 0 0 0 0 0 0 0 0 0 0 0 0 0 0 0 0 0 0 0 0 0 0 0 0 0 0 0 0 
