0 0 0 0 0 0 0 0 0 0 0 0 0 0 0 0 0 0 0 0 0 0 0 0 0 0 0 0 0 0 0 0 0 0 0 0 0 0 0 0 0 
0 1.11259e-07 9.50471e-07 3.8522e-06 1.02641e-05 2.02542e-05 3.20559e-05 4.33937e-05 5.28195e-05 5.99298e-05 6.49386e-05 6.82525e-05 7.02453e-05 7.11856e-05 7.12379e-05 7.04822e-05 6.89304e-05 6.65373e-05 6.32127e-05 5.88477e-05 5.33616e-05 4.67706e-05 3.92585e-05 3.12213e-05 2.32468e-05 1.60048e-05 1.00658e-05 5.72205e-06 2.91685e-06 1.32718e-06 5.38224e-07 1.94687e-07 6.29069e-08 1.81676e-08 4.67891e-09 1.06619e-09 2.11026e-10 3.4813e-11 4.3273e-12 2.89941e-13 0 
0 9.50471e-07 8.06934e-06 3.02475e-05 6.87577e-05 0.000109614 0.000138973 0.000155446 0.000164352 0.000170252 0.000175143 0.000179333 0.000182478 0.000184177 0.00018422 0.000182655 0.000179766 0.000176003 0.000171859 0.000167688 0.000163461 0.000158503 0.000151357 0.000140022 0.00012278 9.95143e-05 7.2695e-05 4.68332e-05 2.62158e-05 1.26706e-05 5.29624e-06 1.92769e-06 6.16072e-07 1.74038e-07 4.35627e-08 9.61719e-09 1.84223e-09 2.94236e-10 3.54513e-11 2.30628e-12 0 
0 3.8522e-06 3.02475e-05 9.33642e-05 0.000160884 0.000198256 0.000215215 0.000230147 0.000248985 0.000270212 0.000290791 0.000308227 0.000320866 0.000327789 0.0003287 0.000323835 0.000313881 0.000299907 0.000283298 0.000265703 0.000248968 0.000234951 0.000225036 0.000219163 0.000214535 0.000204932 0.000182659 0.000144424 9.69656e-05 5.38614e-05 2.46412e-05 9.39837e-06 3.04675e-06 8.54649e-07 2.09785e-07 4.51223e-08 8.39752e-09 1.30229e-09 1.5246e-10 9.65076e-12 0 
0 1.02641e-05 6.87577e-05 0.000160884 0.000215156 0.000242121 0.000275299 0.000319296 0.00036788 0.000415342 0.000457664 0.000491984 0.000516341 0.000529618 0.000531526 0.000522545 0.000503822 0.000477035 0.000444237 0.000407707 0.000369859 0.000333232 0.000300593 0.000274951 0.000258914 0.00025253 0.00024963 0.000235977 0.000196847 0.000134583 7.2373e-05 3.05964e-05 1.04446e-05 2.97639e-06 7.26292e-07 1.53495e-07 2.79124e-08 4.2208e-09 4.8175e-10 2.97583e-11 0 
0 2.02542e-05 0.000109614 0.000198256 0.000242121 0.000292638 0.000361896 0.000440509 0.000520496 0.000596074 0.000662542 0.000716111 0.00075403 0.000774708 0.000777749 0.000763903 0.000734906 0.000693274 0.000642045 0.000584512 0.000523997 0.000463676 0.000406536 0.000355555 0.000314107 0.000286062 0.000273831 0.000272541 0.00026345 0.000221512 0.00014634 7.24063e-05 2.71802e-05 8.09377e-06 1.9971e-06 4.19065e-07 7.49777e-08 1.11111e-08 1.24136e-09 7.50795e-11 0 
0 3.20559e-05 0.000138973 0.000215215 0.000275299 0.000361896 0.000467135 0.000580221 0.000693309 0.000799499 0.000892632 0.000967607 0.00102076 0.00105001 0.00105439 0.00103478 0.000994043 0.000935776 0.000864038 0.000783302 0.000698066 0.000612537 0.00053044 0.000454984 0.000389103 0.00033613 0.000300427 0.000285414 0.000285195 0.000274008 0.000219601 0.000130816 5.60459e-05 1.79479e-05 4.56063e-06 9.6091e-07 1.70405e-07 2.48805e-08 2.73244e-09 1.62389e-10 0 
0 4.33937e-05 0.000155446 0.000230147 0.000319296 0.000440509 0.000580221 0.000728274 0.000875713 0.00101393 0.00113553 0.00124027 0.00133613 0.00140175 0.00141369 0.00136978 0.00128668 0.00119393 0.00109783 0.000992532 0.000881416 0.000769666 0.000661949 0.000562107 0.000473201 0.000397908 0.000339523 0.000302864 0.000290888 0.000291709 0.000267756 0.000190227 9.47862e-05 3.33898e-05 8.88315e-06 1.89938e-06 3.36219e-07 4.86178e-08 5.27033e-09 3.08851e-10 0 
0 5.28195e-05 0.000164352 0.000248985 0.00036788 0.000520496 0.000693309 0.000875713 0.00105714 0.00122846 0.00140925 0.00161376 0.00174462 0.00179952 0.00180799 0.00177605 0.00168977 0.00152812 0.00134432 0.0012008 0.00106335 0.000925649 0.0007927 0.00066906 0.000558192 0.000462662 0.000384831 0.000328337 0.000298472 0.000294266 0.000289348 0.000236223 0.00013638 5.34436e-05 1.50622e-05 3.29613e-06 5.85891e-07 8.42878e-08 9.05313e-09 5.24857e-10 0 
0 5.99298e-05 0.000170252 0.000270212 0.000415342 0.000596074 0.000799499 0.00101393 0.00122846 0.00147431 0.00175 0.00188167 0.00194474 0.00197381 0.00197849 0.00196075 0.0019171 0.00183502 0.001668 0.00141707 0.00123408 0.00107135 0.00091488 0.000769148 0.000638062 0.000524311 0.000429827 0.000357029 0.000310618 0.00029465 0.000295248 0.000264719 0.000173393 7.54576e-05 2.26387e-05 5.09658e-06 9.13579e-07 1.31232e-07 1.40106e-08 8.05929e-10 0 
0 6.49386e-05 0.000175143 0.000290791 0.000457664 0.000662542 0.000892632 0.00113553 0.00140925 0.00175 0.00191598 0.0019974 0.00204224 0.00206405 0.0020676 0.00205403 0.00202177 0.00196534 0.00186917 0.00167932 0.00139848 0.00119885 0.00102142 0.000856461 0.000707847 0.000578446 0.00047003 0.000384242 0.000324602 0.000296595 0.000294923 0.000279343 0.000201678 9.62658e-05 3.06714e-05 7.11199e-06 1.28847e-06 1.85265e-07 1.97106e-08 1.12773e-09 0 
0 6.82525e-05 0.000179333 0.000308227 0.000491984 0.000716111 0.000967607 0.00124027 0.00161376 0.00188167 0.0019974 0.00206221 0.00209989 0.00211862 0.00212164 0.00210983 0.00208221 0.00203533 0.00196063 0.00183378 0.00157713 0.00130515 0.00110651 0.000926114 0.000763533 0.000621717 0.000502386 0.000406742 0.000337332 0.000299589 0.000293048 0.000285457 0.000220675 0.000113354 3.80238e-05 9.05713e-06 1.65861e-06 2.39041e-07 2.53901e-08 1.44779e-09 0 
0 7.02453e-05 0.000182478 0.000320866 0.000516341 0.00075403 0.00102076 0.00133613 0.00174462 0.00194474 0.00204224 0.00209989 0.00213417 0.00215136 0.00215408 0.00214309 0.00211763 0.00207507 0.00200915 0.0019038 0.00170404 0.00139318 0.00116608 0.000974548 0.000802207 0.000651741 0.000524852 0.000422499 0.000346596 0.000302151 0.000291101 0.000287082 0.00023173 0.000125315 4.36809e-05 1.06261e-05 1.96366e-06 2.83754e-07 3.01268e-08 1.71483e-09 0 
0 7.11856e-05 0.000184177 0.000327789 0.000529618 0.000774708 0.00105001 0.00140175 0.00179952 0.00197381 0.00206405 0.00211862 0.00215136 0.0021678 0.00217033 0.00215962 0.00213504 0.00209424 0.00203185 0.0019346 0.00176011 0.00144923 0.00119769 0.000999714 0.000822183 0.000667136 0.000536258 0.000430385 0.000351096 0.000303052 0.000289198 0.000286468 0.000236501 0.000131662 4.69508e-05 1.15721e-05 2.15147e-06 3.11577e-07 3.30915e-08 1.88256e-09 0 
0 7.12379e-05 0.00018422 0.0003287 0.000531526 0.000777749 0.00105439 0.00141369 0.00180799 0.00197849 0.0020676 0.00212164 0.00215408 0.00217033 0.00217271 0.00216191 0.00213728 0.00209655 0.00203444 0.00193809 0.00176686 0.00145657 0.00119997 0.00100112 0.000823033 0.000667519 0.000536241 0.000429994 0.000350266 0.0003016 0.000287096 0.000284559 0.000236143 0.000132435 4.75277e-05 1.17629e-05 2.1921e-06 3.17878e-07 3.37863e-08 1.92301e-09 0 
0 7.04822e-05 0.000182655 0.000323835 0.000522545 0.000763903 0.00103478 0.00136978 0.00177605 0.00196075 0.00205403 0.00210983 0.00214309 0.00215962 0.00216191 0.00215065 0.00212515 0.00208292 0.00201818 0.00191644 0.00172979 0.00141386 0.00117385 0.000979756 0.000805506 0.000653425 0.000525151 0.000421504 0.000344102 0.000297591 0.000284533 0.00028141 0.000231073 0.000127911 4.54702e-05 1.12014e-05 2.08461e-06 3.02392e-07 3.21756e-08 1.83389e-09 0 
0 6.89304e-05 0.000179766 0.000313881 0.000503822 0.000734906 0.000994043 0.00128668 0.00168977 0.0019171 0.00202177 0.00208221 0.00211763 0.00213504 0.00213728 0.00212515 0.00209777 0.00205213 0.00198103 0.00186514 0.00163696 0.00133449 0.00112299 0.000937881 0.000771346 0.000626152 0.000503906 0.000405532 0.000332986 0.000291144 0.000281184 0.00027631 0.00022101 0.000118507 4.11491e-05 1.00138e-05 1.85532e-06 2.69036e-07 2.86707e-08 1.63799e-09 0 
0 6.65373e-05 0.000176003 0.000299907 0.000477035 0.000693274 0.000935776 0.00119393 0.00152812 0.00183502 0.00196534 0.00203533 0.00207507 0.00209424 0.00209655 0.00208292 0.00205213 0.002 0.00191583 0.00176681 0.00148148 0.00123987 0.00105173 0.000878702 0.000723034 0.000587534 0.000473796 0.000382949 0.000317482 0.000282402 0.000276291 0.000267662 0.0002052 0.00010487 3.51878e-05 8.41443e-06 1.54924e-06 2.24559e-07 2.39866e-08 1.3752e-09 0 
0 6.32127e-05 0.000171859 0.000283298 0.000444237 0.000642045 0.000864038 0.00109783 0.00134432 0.001668 0.00186917 0.00196063 0.00200915 0.00203185 0.00203444 0.00201818 0.00198103 0.00191583 0.00180204 0.00157304 0.00131939 0.00113535 0.000964609 0.000806016 0.000663475 0.000539677 0.000436241 0.000354639 0.000298017 0.000270974 0.000267969 0.000252795 0.000182886 8.80592e-05 2.83857e-05 6.65673e-06 1.21791e-06 1.76618e-07 1.8934e-08 1.0909e-09 0 
0 5.88477e-05 0.000167688 0.000265703 0.000407707 0.000584512 0.000783302 0.000992532 0.0012008 0.00141707 0.00167932 0.00183378 0.0019038 0.0019346 0.00193809 0.00191644 0.00186514 0.00176681 0.00157304 0.00134824 0.00117971 0.00102009 0.00086657 0.000723849 0.000595702 0.000484683 0.000392523 0.000321174 0.000274283 0.000254899 0.00025225 0.000228209 0.000154131 6.96954e-05 2.16081e-05 4.98086e-06 9.07597e-07 1.31945e-07 1.42219e-08 8.24837e-10 0 
0 5.33616e-05 0.000163461 0.000248968 0.000369859 0.000523997 0.000698066 0.000881416 0.00106335 0.00123408 0.00139848 0.00157713 0.00170404 0.00176011 0.00176686 0.00172979 0.00163696 0.00148148 0.00131939 0.00117971 0.00103926 0.000898473 0.000762577 0.000636136 0.000522598 0.000424416 0.000343512 0.000282277 0.000244071 0.000229125 0.000222796 0.000191201 0.000120899 5.18957e-05 1.56393e-05 3.56938e-06 6.50677e-07 9.50978e-08 1.03258e-08 6.03665e-10 0 
0 4.67706e-05 0.000158503 0.000234951 0.000333232 0.000463676 0.000612537 0.000769666 0.000925649 0.00107135 0.00119885 0.00130515 0.00139318 0.00144923 0.00145657 0.00141386 0.00133449 0.00123987 0.00113535 0.00102009 0.000898473 0.000775906 0.000657246 0.000546487 0.000446735 0.000360371 0.000289449 0.000236145 0.000202278 0.000186017 0.00017453 0.00014362 8.76555e-05 3.6848e-05 1.10255e-05 2.52005e-06 4.61982e-07 6.80141e-08 7.44244e-09 4.38422e-10 0 
0 3.92585e-05 0.000151357 0.000225036 0.000300593 0.000406536 0.00053044 0.000661949 0.0007927 0.00091488 0.00102142 0.00110651 0.00116608 0.00119769 0.00119997 0.00117385 0.00112299 0.00105173 0.000964609 0.00086657 0.000762577 0.000657246 0.000554616 0.000458071 0.000370426 0.000294124 0.000231155 0.000182496 0.000148127 0.000127304 0.000114635 9.50881e-05 6.00197e-05 2.60491e-05 7.95951e-06 1.84122e-06 3.39921e-07 5.02826e-08 5.52276e-09 3.26373e-10 0 
0 3.12213e-05 0.000140022 0.000219163 0.000274951 0.000355555 0.000454984 0.000562107 0.00066906 0.000769148 0.000856461 0.000926114 0.000974548 0.000999714 0.00100112 0.000979756 0.000937881 0.000878702 0.000806016 0.000723849 0.000636136 0.000546487 0.000458071 0.000373747 0.000296677 0.000231137 0.000181133 0.000145193 0.000115641 8.88924e-05 7.00361e-05 5.84023e-05 4.1101e-05 1.95722e-05 6.25832e-06 1.46778e-06 2.70857e-07 3.98559e-08 4.35018e-09 2.55533e-10 0 
0 2.32468e-05 0.00012278 0.000214535 0.000258914 0.000314107 0.000389103 0.000473201 0.000558192 0.000638062 0.000707847 0.000763533 0.000802207 0.000822183 0.000823033 0.000805506 0.000771346 0.000723034 0.000663475 0.000595702 0.000522598 0.000446735 0.000370426 0.000296677 0.000232671 0.000193748 0.00019162 0.000207285 0.000197084 0.000144824 8.27078e-05 4.54222e-05 3.00436e-05 1.60489e-05 5.45503e-06 1.28949e-06 2.34768e-07 3.39098e-08 3.6351e-09 2.10125e-10 0 
0 1.60048e-05 9.95143e-05 0.000204932 0.00025253 0.000286062 0.00033613 0.000397908 0.000462662 0.000524311 0.000578446 0.000621717 0.000651741 0.000667136 0.000667519 0.000653425 0.000626152 0.000587534 0.000539677 0.000484683 0.000424416 0.000360371 0.000294124 0.000231137 0.000193748 0.000227477 0.000358621 0.000651544 0.000785923 0.000426758 0.000207369 7.69522e-05 2.87352e-05 1.40148e-05 5.00703e-06 1.18555e-06 2.11016e-07 2.96767e-08 3.10428e-09 1.75663e-10 0 
0 1.00658e-05 7.2695e-05 0.000182659 0.00024963 0.000273831 0.000300427 0.000339523 0.000384831 0.000429827 0.00047003 0.000502386 0.000524852 0.000536258 0.000536241 0.000525151 0.000503906 0.000473796 0.000436241 0.000392523 0.000343512 0.000289449 0.000231155 0.000181133 0.00019162 0.000358621 0.000925426 0.00133052 0.0013615 0.00123589 0.000497164 0.000161997 4.16654e-05 1.33526e-05 4.54831e-06 1.06176e-06 1.83971e-07 2.51811e-08 2.5726e-09 1.42689e-10 0 
0 5.72205e-06 4.68332e-05 0.000144424 0.000235977 0.000272541 0.000285414 0.000302864 0.000328337 0.000357029 0.000384242 0.000406742 0.000422499 0.000430385 0.000429994 0.000421504 0.000405532 0.000382949 0.000354639 0.000321174 0.000282277 0.000236145 0.000182496 0.000145193 0.000207285 0.000651544 0.00133052 0.00145107 0.00146521 0.00140459 0.00109581 0.000261035 6.01143e-05 1.36802e-05 3.9379e-06 8.76667e-07 1.47325e-07 1.97163e-08 1.97964e-09 1.08266e-10 0 
0 2.91685e-06 2.62158e-05 9.69656e-05 0.000196847 0.00026345 0.000285195 0.000290888 0.000298472 0.000310618 0.000324602 0.000337332 0.000346596 0.000351096 0.000350266 0.000344102 0.000332986 0.000317482 0.000298017 0.000274283 0.000244071 0.000202278 0.000148127 0.000115641 0.000197084 0.000785923 0.0013615 0.00146521 0.00147968 0.00143014 0.00123209 0.000307771 6.44599e-05 1.27673e-05 3.10432e-06 6.4167e-07 1.04485e-07 1.37817e-08 1.37266e-09 7.46521e-11 0 
0 1.32718e-06 1.26706e-05 5.38614e-05 0.000134583 0.000221512 0.000274008 0.000291709 0.000294266 0.00029465 0.000296595 0.000299589 0.000302151 0.000303052 0.0003016 0.000297591 0.000291144 0.000282402 0.000270974 0.000254899 0.000229125 0.000186017 0.000127304 8.88924e-05 0.000144824 0.000426758 0.00123589 0.00140459 0.00143014 0.00134266 0.00081612 0.000211858 4.78325e-05 9.42892e-06 2.08899e-06 4.02802e-07 6.41159e-08 8.43239e-09 8.42273e-10 4.59896e-11 0 
0 5.38224e-07 5.29624e-06 2.46412e-05 7.2373e-05 0.00014634 0.000219601 0.000267756 0.000289348 0.000295248 0.000294923 0.000293048 0.000291101 0.000289198 0.000287096 0.000284533 0.000281184 0.000276291 0.000267969 0.00025225 0.000222796 0.00017453 0.000114635 7.00361e-05 8.27078e-05 0.000207369 0.000497164 0.00109581 0.00123209 0.00081612 0.000318057 0.000105264 2.46566e-05 5.30337e-06 1.14009e-06 2.11639e-07 3.36029e-08 4.4708e-09 4.52978e-10 2.50705e-11 0 
0 1.94687e-07 1.92769e-06 9.39837e-06 3.05964e-05 7.24063e-05 0.000130816 0.000190227 0.000236223 0.000264719 0.000279343 0.000285457 0.000287082 0.000286468 0.000284559 0.00028141 0.00027631 0.000267662 0.000252795 0.000228209 0.000191201 0.00014362 9.50881e-05 5.84023e-05 4.54222e-05 7.69522e-05 0.000161997 0.000261035 0.000307771 0.000211858 0.000105264 3.58102e-05 9.45447e-06 2.29909e-06 4.95678e-07 9.23602e-08 1.49928e-08 2.04751e-09 2.12658e-10 1.20348e-11 0 
0 6.29069e-08 6.16072e-07 3.04675e-06 1.04446e-05 2.71802e-05 5.60459e-05 9.47862e-05 0.00013638 0.000173393 0.000201678 0.000220675 0.00023173 0.000236501 0.000236143 0.000231073 0.00022101 0.0002052 0.000182886 0.000154131 0.000120899 8.76555e-05 6.00197e-05 4.1101e-05 3.00436e-05 2.87352e-05 4.16654e-05 6.01143e-05 6.44599e-05 4.78325e-05 2.46566e-05 9.45447e-06 2.97395e-06 7.83225e-07 1.74193e-07 3.3791e-08 5.71936e-09 8.10915e-10 8.70794e-11 5.07584e-12 0 
0 1.81676e-08 1.74038e-07 8.54649e-07 2.97639e-06 8.09377e-06 1.79479e-05 3.33898e-05 5.34436e-05 7.54576e-05 9.62658e-05 0.000113354 0.000125315 0.000131662 0.000132435 0.000127911 0.000118507 0.00010487 8.80592e-05 6.96954e-05 5.18957e-05 3.6848e-05 2.60491e-05 1.95722e-05 1.60489e-05 1.40148e-05 1.33526e-05 1.36802e-05 1.27673e-05 9.42892e-06 5.30337e-06 2.29909e-06 7.83225e-07 2.16908e-07 5.1159e-08 1.0538e-08 1.8784e-09 2.78455e-10 3.11053e-11 1.87792e-12 0 
0 4.67891e-09 4.35627e-08 2.09785e-07 7.26292e-07 1.9971e-06 4.56063e-06 8.88315e-06 1.50622e-05 2.26387e-05 3.06714e-05 3.80238e-05 4.36809e-05 4.69508e-05 4.75277e-05 4.54702e-05 4.11491e-05 3.51878e-05 2.83857e-05 2.16081e-05 1.56393e-05 1.10255e-05 7.95951e-06 6.25832e-06 5.45503e-06 5.00703e-06 4.54831e-06 3.9379e-06 3.10432e-06 2.08899e-06 1.14009e-06 4.95678e-07 1.74193e-07 5.1159e-08 1.29266e-08 2.8355e-09 5.33545e-10 8.29792e-11 9.67898e-12 6.07534e-13 0 
0 1.06619e-09 9.61719e-09 4.51223e-08 1.53495e-07 4.19065e-07 9.6091e-07 1.89938e-06 3.29613e-06 5.09658e-06 7.11199e-06 9.05713e-06 1.06261e-05 1.15721e-05 1.17629e-05 1.12014e-05 1.00138e-05 8.41443e-06 6.65673e-06 4.98086e-06 3.56938e-06 2.52005e-06 1.84122e-06 1.46778e-06 1.28949e-06 1.18555e-06 1.06176e-06 8.76667e-07 6.4167e-07 4.02802e-07 2.11639e-07 9.23602e-08 3.3791e-08 1.0538e-08 2.8355e-09 6.59259e-10 1.30825e-10 2.13689e-11 2.60746e-12 1.70531e-13 0 
0 2.11026e-10 1.84223e-09 8.39752e-09 2.79124e-08 7.49777e-08 1.70405e-07 3.36219e-07 5.85891e-07 9.13579e-07 1.28847e-06 1.65861e-06 1.96366e-06 2.15147e-06 2.1921e-06 2.08461e-06 1.85532e-06 1.54924e-06 1.21791e-06 9.07597e-07 6.50677e-07 4.61982e-07 3.39921e-07 2.70857e-07 2.34768e-07 2.11016e-07 1.83971e-07 1.47325e-07 1.04485e-07 6.41159e-08 3.36029e-08 1.49928e-08 5.71936e-09 1.8784e-09 5.33545e-10 1.30825e-10 2.73238e-11 4.68491e-12 5.98183e-13 4.07969e-14 0 
0 3.4813e-11 2.94236e-10 1.30229e-09 4.2208e-09 1.11111e-08 2.48805e-08 4.86178e-08 8.42878e-08 1.31232e-07 1.85265e-07 2.39041e-07 2.83754e-07 3.11577e-07 3.17878e-07 3.02392e-07 2.69036e-07 2.24559e-07 1.76618e-07 1.31945e-07 9.50978e-08 6.80141e-08 5.02826e-08 3.98559e-08 3.39098e-08 2.96767e-08 2.51811e-08 1.97163e-08 1.37817e-08 8.43239e-09 4.4708e-09 2.04751e-09 8.10915e-10 2.78455e-10 8.29792e-11 2.13689e-11 4.68491e-12 8.41813e-13 1.12375e-13 7.99059e-15 0 
0 4.3273e-12 3.54513e-11 1.5246e-10 4.8175e-10 1.24136e-09 2.73244e-09 5.27033e-09 9.05313e-09 1.40106e-08 1.97106e-08 2.53901e-08 3.01268e-08 3.30915e-08 3.37863e-08 3.21756e-08 2.86707e-08 2.39866e-08 1.8934e-08 1.42219e-08 1.03258e-08 7.44244e-09 5.52276e-09 4.35018e-09 3.6351e-09 3.10428e-09 2.5726e-09 1.97964e-09 1.37266e-09 8.42273e-10 4.52978e-10 2.12658e-10 8.70794e-11 3.11053e-11 9.67898e-12 2.60746e-12 5.98183e-13 1.12375e-13 1.56579e-14 1.15968e-15 0 
0 2.89941e-13 2.30628e-12 9.65076e-12 2.97583e-11 7.50795e-11 1.62389e-10 3.08851e-10 5.24857e-10 8.05929e-10 1.12773e-09 1.44779e-09 1.71483e-09 1.88256e-09 1.92301e-09 1.83389e-09 1.63799e-09 1.3752e-09 1.0909e-09 8.24837e-10 6.03665e-10 4.38422e-10 3.26373e-10 2.55533e-10 2.10125e-10 1.75663e-10 1.42689e-10 1.08266e-10 7.46521e-11 4.59896e-11 2.50705e-11 1.20348e-11 5.07584e-12 1.87792e-12 6.07534e-13 1.70531e-13 4.07969e-14 7.99059e-15 1.15968e-15 8.93291e-17 0 
0 0 0 0 0 0 0 0 0 0 0 0 0 0 0 0 0 0 0 0 0 0 0 0 0 0 0 0 0 0 0 0 0 0 0 0 0 0 0 0 0 
