0 0 0 0 0 0 0 0 0 0 0 0 0 0 0 0 0 0 0 0 0 0 0 0 0 0 0 0 0 0 0 0 0 0 0 0 0 0 0 0 0 
0 2.24795e-08 2.09982e-07 1.01739e-06 3.5608e-06 9.95457e-06 2.32414e-05 4.65027e-05 8.12586e-05 0.000126014 0.000175954 0.000224049 0.000262959 0.000286839 0.000292508 0.000279841 0.000251508 0.000212255 0.000167875 0.000124062 8.53586e-05 5.44775e-05 3.21447e-05 1.74912e-05 8.76341e-06 4.04059e-06 1.71518e-06 6.71033e-07 2.4232e-07 8.08934e-08 2.4995e-08 7.15204e-09 1.89374e-09 4.6272e-10 1.03702e-10 2.10692e-11 3.79551e-12 5.79809e-13 6.76927e-14 4.30968e-15 0 
0 2.09982e-07 2.04486e-06 1.02815e-05 3.7017e-05 0.000105143 0.000245785 0.000485194 0.00082637 0.00123978 0.0016715 0.00206166 0.00236061 0.00253639 0.00257535 0.00247982 0.00226554 0.00195943 0.00159726 0.00121974 0.000866499 0.000568653 0.000342681 0.000188817 9.49246e-05 4.35392e-05 1.82489e-05 7.00777e-06 2.47297e-06 8.04289e-07 2.41653e-07 6.71696e-08 1.72718e-08 4.09935e-09 8.92984e-10 1.76511e-10 3.0971e-11 4.61395e-12 5.26019e-13 3.27455e-14 0 
0 1.01739e-06 1.02815e-05 5.31965e-05 0.000194075 0.000546597 0.00123578 0.00230657 0.00366011 0.00509604 0.0064146 0.00748146 0.00823131 0.0086443 0.00872447 0.00848775 0.00795778 0.00716693 0.00616158 0.00501008 0.00380788 0.0026703 0.00170667 0.000984913 0.000510709 0.000237893 9.98883e-05 3.80148e-05 1.31917e-05 4.1969e-06 1.22951e-06 3.32626e-07 8.31836e-08 1.92011e-08 4.06996e-09 7.8349e-10 1.34034e-10 1.94928e-11 2.1723e-12 1.32363e-13 0 
0 3.5608e-06 3.7017e-05 0.000194075 0.000698865 0.00187592 0.003903 0.0065537 0.00932813 0.0118135 0.013827 0.0153338 0.0163469 0.0168866 0.0169741 0.0166351 0.0158994 0.0147976 0.0133565 0.0116019 0.00957711 0.00738088 0.00519955 0.00328059 0.00182718 0.000893691 0.00038527 0.000147756 5.09702e-05 1.5975e-05 4.58486e-06 1.21134e-06 2.95388e-07 6.64534e-08 1.37313e-08 2.57863e-09 4.30759e-10 6.12446e-11 6.68092e-12 3.98992e-13 0 
0 9.95457e-06 0.000105143 0.000546597 0.00187592 0.00458538 0.00842411 0.0124944 0.0161267 0.0191514 0.0215955 0.0234763 0.0247779 0.0254811 0.0255861 0.0251207 0.0241384 0.0227096 0.0209067 0.0187848 0.0163639 0.0136345 0.010621 0.0075011 0.00465544 0.00248605 0.00113719 0.000450095 0.000156793 4.89004e-05 1.38402e-05 3.58756e-06 8.56032e-07 1.88228e-07 3.80076e-08 6.97782e-09 1.14047e-09 1.58813e-10 1.69873e-11 9.95958e-13 0 
0 2.32414e-05 0.000245785 0.00123578 0.003903 0.00842411 0.013628 0.0184288 0.0226211 0.0262865 0.0294113 0.0319011 0.033656 0.0346118 0.0347532 0.0341152 0.0327766 0.0308497 0.0284658 0.0257556 0.022822 0.0197025 0.0163465 0.0126801 0.00882604 0.0052815 0.00264732 0.00111171 0.00039882 0.000125349 3.52716e-05 9.02018e-06 2.1148e-06 4.56025e-07 9.02423e-08 1.62381e-08 2.60271e-09 3.55729e-10 3.7384e-11 2.15577e-12 0 
0 4.65027e-05 0.000485194 0.00230657 0.0065537 0.0124944 0.0184288 0.0238334 0.0288406 0.0334324 0.0374341 0.0406485 0.0429206 0.0441587 0.044341 0.0435124 0.0417758 0.0392793 0.0362003 0.0327273 0.0290393 0.0252734 0.0214743 0.017543 0.0133125 0.00889759 0.0049722 0.00226894 0.000855394 0.000274746 7.75598e-05 1.9688e-05 4.55587e-06 9.66936e-07 1.88112e-07 3.32688e-08 5.24276e-09 7.0497e-10 7.29493e-11 4.14601e-12 0 
0 8.12586e-05 0.00082637 0.00366011 0.00932813 0.0161267 0.0226211 0.0288406 0.0348605 0.0404709 0.0453803 0.0493267 0.0521155 0.0536338 0.053855 0.0528345 0.0506989 0.0476299 0.0438459 0.0395814 0.0350674 0.030509 0.0260493 0.021701 0.0172784 0.012548 0.007776 0.00390075 0.00157024 0.000522112 0.000149182 3.7817e-05 8.67634e-06 1.81919e-06 3.49064e-07 6.08554e-08 9.4544e-09 1.25389e-09 1.28062e-10 7.1894e-12 0 
0 0.000126014 0.00123978 0.00509604 0.0118135 0.0191514 0.0262865 0.0334324 0.0404709 0.047054 0.0528163 0.0574468 0.0607168 0.0624947 0.0627497 0.0615473 0.0590363 0.0554302 0.0509848 0.0459754 0.0406745 0.0353318 0.0301503 0.0252398 0.0205203 0.0156765 0.0105401 0.0057898 0.00250661 0.000870731 0.000253656 6.45574e-05 1.47465e-05 3.06545e-06 5.82006e-07 1.00322e-07 1.54086e-08 2.02095e-09 2.04232e-10 1.13528e-11 0 
0 0.000175954 0.0016715 0.0064146 0.013827 0.0215955 0.0294113 0.0374341 0.0453803 0.0528163 0.0593234 0.0645497 0.0682375 0.070239 0.0705203 0.0691559 0.0663145 0.0622371 0.0572125 0.0515512 0.0455608 0.0395245 0.0336822 0.0282007 0.0230981 0.0181223 0.0128823 0.00763145 0.0035436 0.00129032 0.000384936 9.87515e-05 2.25375e-05 4.65999e-06 8.78152e-07 1.50109e-07 2.28592e-08 2.97325e-09 2.98111e-10 1.64514e-11 0 
0 0.000224049 0.00206166 0.00748146 0.0153338 0.0234763 0.0319011 0.0406485 0.0493267 0.0574468 0.0645497 0.0702513 0.074271 0.076448 0.0767465 0.0752486 0.0721389 0.0676811 0.0621905 0.0560057 0.0494622 0.042869 0.0364905 0.0305257 0.0250542 0.0199098 0.0146477 0.00917636 0.00452204 0.00172117 0.000526284 0.000136387 3.11817e-05 6.4312e-06 1.20646e-06 2.05124e-07 3.10641e-08 4.01887e-09 4.00979e-10 2.20339e-11 0 
0 0.000262959 0.00236061 0.00823131 0.0163469 0.0247779 0.033656 0.0429206 0.0521155 0.0607168 0.0682375 0.074271 0.0785205 0.0808166 0.0811223 0.0795256 0.0762228 0.0714937 0.0656724 0.0591178 0.0521846 0.0451997 0.0384437 0.0321329 0.0263813 0.0210865 0.0158207 0.0102883 0.00530176 0.00209293 0.000654259 0.000171336 3.93113e-05 8.108e-06 1.51855e-06 2.57608e-07 3.89231e-08 5.02569e-09 5.00732e-10 2.74979e-11 0 
0 0.000286839 0.00253639 0.0086443 0.0168866 0.0254811 0.0346118 0.0441587 0.0536338 0.0624947 0.070239 0.076448 0.0808166 0.0831711 0.0834741 0.0818174 0.0784041 0.0735232 0.0675194 0.0607624 0.0536177 0.0464217 0.039463 0.0329664 0.0270619 0.021684 0.0164348 0.0109233 0.0057937 0.00234659 0.000746188 0.000197268 4.54784e-05 9.4031e-06 1.76376e-06 2.99605e-07 4.5342e-08 5.86759e-09 5.86434e-10 3.23395e-11 0 
0 0.000292508 0.00257535 0.00872447 0.0169741 0.0255861 0.0347532 0.044341 0.053855 0.0627497 0.0705203 0.0767465 0.0811223 0.0834741 0.0837652 0.0820888 0.0786497 0.0737389 0.0677032 0.0609142 0.0537389 0.0465147 0.0395311 0.0330138 0.0270969 0.0217289 0.0165321 0.0110902 0.00596378 0.00244946 0.000787581 0.000209894 4.86899e-05 1.01222e-05 1.90909e-06 3.26248e-07 4.97158e-08 6.48565e-09 6.54351e-10 3.64827e-11 0 
0 0.000279841 0.00247982 0.00848775 0.0166351 0.0251207 0.0341152 0.0435124 0.0528345 0.0615473 0.0691559 0.0752486 0.0795256 0.0818174 0.0820888 0.080432 0.0770486 0.0722247 0.066301 0.0596422 0.052608 0.0455294 0.0386894 0.0323087 0.0265157 0.0212549 0.016155 0.0108249 0.00582416 0.00240044 0.000776516 0.000208557 4.88157e-05 1.02518e-05 1.95586e-06 3.38622e-07 5.2368e-08 6.94588e-09 7.13824e-10 4.06094e-11 0 
0 0.000251508 0.00226554 0.00795778 0.0158994 0.0241384 0.0327766 0.0417758 0.0506989 0.0590363 0.0663145 0.0721389 0.0762228 0.0784041 0.0786497 0.0770486 0.0737948 0.0691629 0.0634802 0.0570963 0.0503564 0.0435775 0.0370307 0.0309251 0.0253755 0.0203066 0.0153482 0.0101814 0.00542451 0.0022279 0.000723955 0.000196554 4.67102e-05 9.99272e-06 1.94756e-06 3.45359e-07 5.48323e-08 7.48072e-09 7.9182e-10 4.64224e-11 0 
0 0.000212255 0.00195943 0.00716693 0.0147976 0.0227096 0.0308497 0.0392793 0.0476299 0.0554302 0.0622371 0.0676811 0.0714937 0.0735232 0.0737389 0.0722247 0.0691629 0.0648115 0.0594774 0.053489 0.0471701 0.0408179 0.0346861 0.0289672 0.0237528 0.018938 0.0141644 0.00923664 0.00484656 0.00198287 0.000650693 0.000180328 4.40648e-05 9.74266e-06 1.96957e-06 3.63116e-07 5.99966e-08 8.51451e-09 9.3583e-10 5.68036e-11 0 
0 0.000167875 0.00159726 0.00616158 0.0133565 0.0209067 0.0284658 0.0362003 0.0438459 0.0509848 0.0572125 0.0621905 0.0656724 0.0675194 0.0677032 0.066301 0.0634802 0.0594774 0.0545747 0.0490733 0.0432706 0.0374394 0.0318114 0.026556 0.0217337 0.0172098 0.012675 0.00809851 0.00419751 0.00172916 0.000582737 0.000168223 4.31821e-05 1.00699e-05 2.14833e-06 4.17029e-07 7.22258e-08 1.06801e-08 1.21489e-09 7.57955e-11 0 
0 0.000124062 0.00121974 0.00501008 0.0116019 0.0187848 0.0257556 0.0327273 0.0395814 0.0459754 0.0515512 0.0560057 0.0591178 0.0607624 0.0609142 0.0596422 0.0570963 0.053489 0.0490733 0.0441196 0.0388948 0.0336435 0.0285707 0.0238159 0.0194041 0.0151942 0.0109849 0.00690861 0.00359635 0.00153237 0.000547445 0.000169762 4.69363e-05 1.17331e-05 2.65881e-06 5.42136e-07 9.75081e-08 1.48168e-08 1.71623e-09 1.08205e-10 0 
0 8.53586e-05 0.000866499 0.00380788 0.00957711 0.0163639 0.022822 0.0290393 0.0350674 0.0406745 0.0455608 0.0494622 0.0521846 0.0536177 0.0537389 0.052608 0.0503564 0.0471701 0.0432706 0.0388948 0.0342763 0.0296275 0.0251209 0.020861 0.0168489 0.012991 0.00924294 0.00582345 0.00315056 0.00145014 0.000572204 0.000196148 5.91053e-05 1.57786e-05 3.74203e-06 7.84974e-07 1.43323e-07 2.18906e-08 2.53055e-09 1.5844e-10 0 
0 5.44775e-05 0.000568653 0.0026703 0.00738088 0.0136345 0.0197025 0.0252734 0.030509 0.0353318 0.0395245 0.042869 0.0451997 0.0464217 0.0465147 0.0455294 0.0435775 0.0408179 0.0374394 0.0336435 0.0296275 0.0255669 0.0215963 0.0177909 0.0141687 0.0107471 0.00762305 0.00496935 0.00292592 0.00152285 0.000684461 0.00026163 8.49612e-05 2.36616e-05 5.71263e-06 1.20029e-06 2.17311e-07 3.27169e-08 3.71563e-09 2.28172e-10 0 
0 3.21447e-05 0.000342681 0.00170667 0.00519955 0.010621 0.0163465 0.0214743 0.0260493 0.0301503 0.0336822 0.0364905 0.0384437 0.039463 0.0395311 0.0386894 0.0370307 0.0346861 0.0318114 0.0285707 0.0251209 0.0215963 0.0180982 0.0147046 0.0115102 0.00865802 0.00628396 0.00440728 0.00293091 0.00176602 0.000910593 0.000384729 0.000131755 3.72291e-05 8.90645e-06 1.83273e-06 3.23347e-07 4.73619e-08 5.23364e-09 3.13018e-10 0 
0 1.74912e-05 0.000188817 0.000984913 0.00328059 0.0075011 0.0126801 0.017543 0.021701 0.0252398 0.0282007 0.0305257 0.0321329 0.0329664 0.0330138 0.0323087 0.0309251 0.0289672 0.026556 0.0238159 0.020861 0.0177909 0.0147046 0.0117378 0.00909071 0.00697423 0.00546249 0.00437951 0.00339493 0.00233742 0.00133636 0.000604597 0.000211802 5.87951e-05 1.35488e-05 2.67691e-06 4.54633e-07 6.4305e-08 6.88208e-09 3.99775e-10 0 
0 8.76341e-06 9.49246e-05 0.000510709 0.00182718 0.00465544 0.00882604 0.0133125 0.0172784 0.0205203 0.0230981 0.0250542 0.0263813 0.0270619 0.0270969 0.0265157 0.0253755 0.0237528 0.0217337 0.0194041 0.0168489 0.0141687 0.0115102 0.00909071 0.00720134 0.00619115 0.0062625 0.00681758 0.00648569 0.00474507 0.0026076 0.00110471 0.000363094 9.3186e-05 1.97338e-05 3.63787e-06 5.87393e-07 7.99079e-08 8.27625e-09 4.67193e-10 0 
0 4.04059e-06 4.35392e-05 0.000237893 0.000893691 0.00248605 0.0052815 0.00889759 0.012548 0.0156765 0.0181223 0.0199098 0.0210865 0.021684 0.0217289 0.0212549 0.0203066 0.018938 0.0172098 0.0151942 0.012991 0.0107471 0.00865802 0.00697423 0.00619115 0.00748138 0.0118272 0.0170662 0.0181892 0.013437 0.00683619 0.00248508 0.000690781 0.000151665 2.76409e-05 4.53855e-06 6.83332e-07 8.91245e-08 8.95267e-09 4.92743e-10 0 
0 1.71518e-06 1.82489e-05 9.98883e-05 0.00038527 0.00113719 0.00264732 0.0049722 0.007776 0.0105401 0.0128823 0.0146477 0.0158207 0.0164348 0.0165321 0.016155 0.0153482 0.0141644 0.012675 0.0109849 0.00924294 0.00762305 0.00628396 0.00546249 0.0062625 0.0118272 0.0245485 0.0390259 0.0428629 0.0317402 0.015783 0.005339 0.00129556 0.0002414 3.67448e-05 5.14605e-06 7.0475e-07 8.7821e-08 8.59385e-09 4.63779e-10 0 
0 6.71033e-07 7.00777e-06 3.80148e-05 0.000147756 0.000450095 0.00111171 0.00226894 0.00390075 0.0057898 0.00763145 0.00917636 0.0102883 0.0109233 0.0110902 0.0108249 0.0101814 0.00923664 0.00809851 0.00690861 0.00582345 0.00496935 0.00440728 0.00437951 0.00681758 0.0170662 0.0390259 0.0637425 0.0705591 0.0522851 0.0258524 0.00856367 0.00195605 0.000327754 4.31335e-05 5.15052e-06 6.33742e-07 7.54507e-08 7.24184e-09 3.86104e-10 0 
0 2.4232e-07 2.47297e-06 1.31917e-05 5.09702e-05 0.000156793 0.00039882 0.000855394 0.00157024 0.00250661 0.0035436 0.00452204 0.00530176 0.0057937 0.00596378 0.00582416 0.00542451 0.00484656 0.00419751 0.00359635 0.00315056 0.00292592 0.00293091 0.00339493 0.00648569 0.0181892 0.0428629 0.0705591 0.078275 0.0580178 0.0286416 0.00943189 0.00210991 0.000335794 4.04754e-05 4.30955e-06 4.85729e-07 5.58744e-08 5.31437e-09 2.82467e-10 0 
0 8.08934e-08 8.04289e-07 4.1969e-06 1.5975e-05 4.89004e-05 0.000125349 0.000274746 0.000522112 0.000870731 0.00129032 0.00172117 0.00209293 0.00234659 0.00244946 0.00240044 0.0022279 0.00198287 0.00172916 0.00153237 0.00145014 0.00152285 0.00176602 0.00233742 0.00474507 0.013437 0.0317402 0.0522851 0.0580178 0.0430009 0.0212262 0.0069872 0.00155781 0.000243333 2.82091e-05 2.85252e-06 3.09753e-07 3.53492e-08 3.37905e-09 1.80843e-10 0 
0 2.4995e-08 2.41653e-07 1.22951e-06 4.58486e-06 1.38402e-05 3.52716e-05 7.75598e-05 0.000149182 0.000253656 0.000384936 0.000526284 0.000654259 0.000746188 0.000787581 0.000776516 0.000723955 0.000650693 0.000582737 0.000547445 0.000572204 0.000684461 0.000910593 0.00133636 0.0026076 0.00683619 0.015783 0.0258524 0.0286416 0.0212262 0.0104905 0.0034681 0.000778615 0.000121701 1.41219e-05 1.45068e-06 1.62282e-07 1.90363e-08 1.85798e-09 1.01124e-10 0 
0 7.15204e-09 6.71696e-08 3.32626e-07 1.21134e-06 3.58756e-06 9.02018e-06 1.9688e-05 3.7817e-05 6.45574e-05 9.87515e-05 0.000136387 0.000171336 0.000197268 0.000209894 0.000208557 0.000196554 0.000180328 0.000168223 0.000169762 0.000196148 0.00026163 0.000384729 0.000604597 0.00110471 0.00248508 0.005339 0.00856367 0.00943189 0.0069872 0.0034681 0.00115895 0.000263797 4.19845e-05 5.0945e-06 5.71901e-07 7.03775e-08 8.75417e-09 8.84256e-10 4.93779e-11 0 
0 1.89374e-09 1.72718e-08 8.31836e-08 2.95388e-07 8.56032e-07 2.1148e-06 4.55587e-06 8.67634e-06 1.47465e-05 2.25375e-05 3.11817e-05 3.93113e-05 4.54784e-05 4.86899e-05 4.88157e-05 4.67102e-05 4.40648e-05 4.31821e-05 4.69363e-05 5.91053e-05 8.49612e-05 0.000131755 0.000211802 0.000363094 0.000690781 0.00129556 0.00195605 0.00210991 0.00155781 0.000778615 0.000263797 6.13656e-05 1.02489e-05 1.38405e-06 1.83095e-07 2.58647e-08 3.46394e-09 3.65164e-10 2.10667e-11 0 
0 4.6272e-10 4.09935e-09 1.92011e-08 6.64534e-08 1.88228e-07 4.56025e-07 9.66936e-07 1.81919e-06 3.06545e-06 4.65999e-06 6.4312e-06 8.108e-06 9.4031e-06 1.01222e-05 1.02518e-05 9.99272e-06 9.74266e-06 1.00699e-05 1.17331e-05 1.57786e-05 2.36616e-05 3.72291e-05 5.87951e-05 9.3186e-05 0.000151665 0.0002414 0.000327754 0.000335794 0.000243333 0.000121701 4.19845e-05 1.02489e-05 1.90535e-06 3.10539e-07 5.07732e-08 8.24752e-09 1.18755e-09 1.31134e-10 7.85457e-12 0 
0 1.03702e-10 8.92984e-10 4.06996e-09 1.37313e-08 3.80076e-08 9.02423e-08 1.88112e-07 3.49064e-07 5.82006e-07 8.78152e-07 1.20646e-06 1.51855e-06 1.76376e-06 1.90909e-06 1.95586e-06 1.94756e-06 1.96957e-06 2.14833e-06 2.65881e-06 3.74203e-06 5.71263e-06 8.90645e-06 1.35488e-05 1.97338e-05 2.76409e-05 3.67448e-05 4.31335e-05 4.04754e-05 2.82091e-05 1.41219e-05 5.0945e-06 1.38405e-06 3.10539e-07 6.41563e-08 1.27106e-08 2.3039e-09 3.53541e-10 4.09374e-11 2.55403e-12 0 
0 2.10692e-11 1.76511e-10 7.8349e-10 2.57863e-09 6.97782e-09 1.62381e-08 3.32688e-08 6.08554e-08 1.00322e-07 1.50109e-07 2.05124e-07 2.57608e-07 2.99605e-07 3.26248e-07 3.38622e-07 3.45359e-07 3.63116e-07 4.17029e-07 5.42136e-07 7.84974e-07 1.20029e-06 1.83273e-06 2.67691e-06 3.63787e-06 4.53855e-06 5.14605e-06 5.15052e-06 4.30955e-06 2.85252e-06 1.45068e-06 5.71901e-07 1.83095e-07 5.07732e-08 1.27106e-08 2.86082e-09 5.60524e-10 9.09781e-11 1.10475e-11 7.1918e-13 0 
0 3.79551e-12 3.0971e-11 1.34034e-10 4.30759e-10 1.14047e-09 2.60271e-09 5.24276e-09 9.4544e-09 1.54086e-08 2.28592e-08 3.10641e-08 3.89231e-08 4.5342e-08 4.97158e-08 5.2368e-08 5.48323e-08 5.99966e-08 7.22258e-08 9.75081e-08 1.43323e-07 2.17311e-07 3.23347e-07 4.54633e-07 5.87393e-07 6.83332e-07 7.0475e-07 6.33742e-07 4.85729e-07 3.09753e-07 1.62282e-07 7.03775e-08 2.58647e-08 8.24752e-09 2.3039e-09 5.60524e-10 1.16588e-10 1.99256e-11 2.5359e-12 1.72356e-13 0 
0 5.79809e-13 4.61395e-12 1.94928e-11 6.12446e-11 1.58813e-10 3.55729e-10 7.0497e-10 1.25389e-09 2.02095e-09 2.97325e-09 4.01887e-09 5.02569e-09 5.86759e-09 6.48565e-09 6.94588e-09 7.48072e-09 8.51451e-09 1.06801e-08 1.48168e-08 2.18906e-08 3.27169e-08 4.73619e-08 6.4305e-08 7.99079e-08 8.91245e-08 8.7821e-08 7.54507e-08 5.58744e-08 3.53492e-08 1.90363e-08 8.75417e-09 3.46394e-09 1.18755e-09 3.53541e-10 9.09781e-11 1.99256e-11 3.57484e-12 4.76243e-13 3.37815e-14 0 
0 6.76927e-14 5.26019e-13 2.1723e-12 6.68092e-12 1.69873e-11 3.7384e-11 7.29493e-11 1.28062e-10 2.04232e-10 2.98111e-10 4.00979e-10 5.00732e-10 5.86434e-10 6.54351e-10 7.13824e-10 7.9182e-10 9.3583e-10 1.21489e-09 1.71623e-09 2.53055e-09 3.71563e-09 5.23364e-09 6.88208e-09 8.27625e-09 8.95267e-09 8.59385e-09 7.24184e-09 5.31437e-09 3.37905e-09 1.85798e-09 8.84256e-10 3.65164e-10 1.31134e-10 4.09374e-11 1.10475e-11 2.5359e-12 4.76243e-13 6.62906e-14 4.90211e-15 0 
0 4.30968e-15 3.27455e-14 1.32363e-13 3.98992e-13 9.95958e-13 2.15577e-12 4.14601e-12 7.1894e-12 1.13528e-11 1.64514e-11 2.20339e-11 2.74979e-11 3.23395e-11 3.64827e-11 4.06094e-11 4.64224e-11 5.68036e-11 7.57955e-11 1.08205e-10 1.5844e-10 2.28172e-10 3.13018e-10 3.99775e-10 4.67193e-10 4.92743e-10 4.63779e-10 3.86104e-10 2.82467e-10 1.80843e-10 1.01124e-10 4.93779e-11 2.10667e-11 7.85457e-12 2.55403e-12 7.1918e-13 1.72356e-13 3.37815e-14 4.90211e-15 3.7732e-16 0 
0 0 0 0 0 0 0 0 0 0 0 0 0 0 0 0 0 0 0 0 0 0 0 0 0 0 0 0 0 0 0 0 0 0 0 0 0 0 0 0 0 
