0 0 0 0 0 0 0 0 0 0 0 0 0 0 0 0 0 0 0 0 0 0 0 0 0 0 0 0 0 0 0 0 0 0 0 0 0 0 0 0 0 
0 1.60386e-07 1.38856e-06 5.77808e-06 1.60029e-05 3.30762e-05 5.49113e-05 7.76947e-05 9.82303e-05 0.000114941 0.000127546 0.000136398 0.000142002 0.000144799 0.000145104 0.000143106 0.000138891 0.000132463 0.000123786 0.000112844 9.97409e-05 8.48217e-05 6.87629e-05 5.25803e-05 3.74926e-05 2.46424e-05 1.47692e-05 8.00056e-06 3.8935e-06 1.69718e-06 6.6243e-07 2.31808e-07 7.28344e-08 2.05521e-08 5.19355e-09 1.16546e-09 2.27861e-10 3.72254e-11 4.59159e-12 3.05779e-13 0 
0 1.38856e-06 1.20516e-05 4.72814e-05 0.000114908 0.000197675 0.000269186 0.000319077 0.000351868 0.00037486 0.000392422 0.000405981 0.000415479 0.000420495 0.000420819 0.000416652 0.000408588 0.000397465 0.000384104 0.000368937 0.000351584 0.000330529 0.000303231 0.00026705 0.000221076 0.000168061 0.000114704 6.90163e-05 3.62038e-05 1.6506e-05 6.56392e-06 2.2934e-06 7.09457e-07 1.95372e-07 4.79457e-08 1.0425e-08 1.97384e-09 3.12461e-10 3.73923e-11 2.41994e-12 0 
0 5.77808e-06 4.72814e-05 0.000158061 0.000301908 0.000408743 0.000473016 0.000523078 0.000574036 0.00062633 0.000675339 0.000716347 0.000745925 0.000762098 0.00076423 0.00075288 0.00072963 0.000696904 0.000657781 0.000615789 0.00057459 0.000537369 0.000505621 0.000477303 0.000445222 0.000398084 0.000327091 0.000236179 0.000144631 7.38029e-05 3.14275e-05 1.13284e-05 3.52009e-06 9.57369e-07 2.29811e-07 4.86409e-08 8.94781e-09 1.37602e-09 1.6011e-10 1.00897e-11 0 
0 1.60029e-05 0.000114908 0.000301908 0.000452789 0.000545443 0.00063563 0.00074158 0.000855365 0.000965901 0.00106436 0.00114418 0.00120083 0.00123171 0.00123614 0.00121526 0.00117171 0.00110941 0.00103313 0.000948142 0.000860003 0.000774402 0.000697105 0.000633425 0.000586085 0.000550592 0.000510381 0.000440576 0.000329553 0.000201239 9.77332e-05 3.80899e-05 1.22543e-05 3.35228e-06 7.95832e-07 1.6512e-07 2.96561e-08 4.44686e-09 5.04632e-10 3.10468e-11 0 
0 3.30762e-05 0.000197675 0.000408743 0.000545443 0.000677462 0.000841289 0.00102444 0.00121049 0.00138626 0.00154084 0.00166542 0.00175361 0.0018017 0.00180877 0.00177657 0.00170913 0.00161231 0.00149317 0.00135937 0.00121863 0.00107833 0.000945369 0.000826369 0.000728029 0.000655992 0.00060918 0.000569236 0.000498201 0.000369766 0.000214751 9.50558e-05 3.2838e-05 9.24576e-06 2.20105e-06 4.51569e-07 7.96539e-08 1.16979e-08 1.29934e-09 7.82853e-11 0 
0 5.49113e-05 0.000269186 0.000473016 0.00063563 0.000841289 0.00108638 0.00134939 0.00161239 0.00185936 0.00207595 0.00225028 0.00237364 0.00244099 0.00245097 0.00240595 0.00231167 0.00217627 0.00200945 0.00182169 0.00162346 0.00142455 0.00123362 0.00105811 0.000904675 0.00078011 0.000690981 0.000636698 0.000593316 0.000508976 0.000354584 0.00018409 7.06433e-05 2.09744e-05 5.08326e-06 1.04097e-06 1.81492e-07 2.62294e-08 2.86262e-09 1.69459e-10 0 
0 7.76947e-05 0.000319077 0.000523078 0.00074158 0.00102444 0.00134939 0.00169371 0.0020366 0.00235803 0.00263992 0.00286895 0.00303932 0.00314176 0.0031586 0.00308851 0.00295247 0.00277086 0.0025528 0.00230827 0.00204987 0.00178997 0.00153946 0.00130726 0.00110048 0.00092517 0.000787826 0.000694847 0.000641574 0.000589517 0.000473459 0.000288898 0.000125789 4.02009e-05 1.00599e-05 2.07505e-06 3.59799e-07 5.14096e-08 5.53403e-09 3.2293e-10 0 
0 9.82303e-05 0.000351868 0.000574036 0.000855365 0.00121049 0.00161239 0.0020366 0.00245849 0.00285437 0.00321215 0.00355604 0.00385065 0.00401564 0.00404227 0.003938 0.0037071 0.00340104 0.00309733 0.00279136 0.00247294 0.00215274 0.00184354 0.001556 0.00129816 0.00107596 0.000894595 0.000760451 0.000677976 0.000629467 0.000551306 0.000385776 0.000191163 6.65701e-05 1.73861e-05 3.63946e-06 6.30979e-07 8.95118e-08 9.53762e-09 5.50334e-10 0 
0 0.000114941 0.00037486 0.00062633 0.000965901 0.00138626 0.00185936 0.00235803 0.00285437 0.00333538 0.00386065 0.00430219 0.00452923 0.00462845 0.00464347 0.00458229 0.00442871 0.00412884 0.00367486 0.00325069 0.00286851 0.00249155 0.00212769 0.00178877 0.00148391 0.00121936 0.00099954 0.000829255 0.000714841 0.000652206 0.000594453 0.000459918 0.000255988 9.73044e-05 2.66687e-05 5.69375e-06 9.91032e-07 1.40068e-07 1.48187e-08 8.47894e-10 0 
0 0.000127546 0.000392422 0.000675339 0.00106436 0.00154084 0.00207595 0.00263992 0.00321215 0.00386065 0.00442885 0.0047088 0.00485497 0.00492395 0.0049344 0.00489047 0.00478574 0.00459757 0.00425894 0.0037136 0.00321959 0.00278723 0.00237545 0.00199183 0.00164621 0.00134526 0.0010931 0.000893208 0.000751127 0.000669161 0.000616601 0.000509335 0.000311344 0.000128166 3.68457e-05 8.03812e-06 1.40804e-06 1.98779e-07 2.09344e-08 1.19071e-09 0 
0 0.000136398 0.000405981 0.000716347 0.00114418 0.00166542 0.00225028 0.00286895 0.00355604 0.00430219 0.0047088 0.004919 0.00503676 0.00509402 0.00510257 0.00506536 0.00497862 0.00482925 0.00458269 0.00414142 0.00353111 0.00302527 0.00257318 0.00215382 0.00177571 0.0014459 0.00116837 0.000945759 0.000782382 0.000682852 0.000627644 0.00053889 0.000352793 0.000154988 4.64624e-05 1.03438e-05 1.82491e-06 2.57758e-07 2.70759e-08 1.53405e-09 0 
0 0.000142002 0.000415479 0.000745925 0.00120083 0.00175361 0.00237364 0.00303932 0.00385065 0.00452923 0.00485497 0.00503676 0.0051419 0.00519363 0.00520116 0.00516694 0.00508819 0.00495522 0.00474407 0.00438936 0.00378793 0.00319718 0.00271102 0.00226645 0.00186565 0.00151572 0.00122062 0.000982484 0.000804657 0.000692312 0.000632453 0.000554375 0.000379617 0.000174738 5.40803e-05 1.22378e-05 2.17291e-06 3.07307e-07 3.22448e-08 1.82296e-09 0 
0 0.000144799 0.000420495 0.000762098 0.00123171 0.0018017 0.00244099 0.00314176 0.00401564 0.00462845 0.00492395 0.00509402 0.00519363 0.00524279 0.00524968 0.00521654 0.00514098 0.00501461 0.00481726 0.00449643 0.00393299 0.00329375 0.00278322 0.00232497 0.00191211 0.00155153 0.00124715 0.00100085 0.000815422 0.000696031 0.000632838 0.000559976 0.000392859 0.000185776 5.86214e-05 1.3405e-05 2.391e-06 3.38635e-07 3.55298e-08 2.0072e-09 0 
0 0.000145104 0.000420819 0.00076423 0.00123614 0.00180877 0.00245097 0.0031586 0.00404227 0.00464347 0.0049344 0.00510257 0.00520116 0.00524968 0.00525615 0.00522277 0.00514719 0.00502121 0.00482519 0.00450838 0.00395099 0.00330305 0.00278811 0.00232824 0.00191409 0.00155242 0.00124711 0.000999949 0.000813555 0.000693029 0.000629238 0.000557923 0.00039381 0.000187614 5.95523e-05 1.36684e-05 2.44312e-06 3.46431e-07 3.63743e-08 2.05591e-09 0 
0 0.000143106 0.000416652 0.00075288 0.00121526 0.00177657 0.00240595 0.00308851 0.003938 0.00458229 0.00489047 0.00506536 0.00516694 0.00521654 0.00522277 0.00518793 0.00510942 0.00497825 0.00477254 0.00443415 0.0038464 0.00322572 0.00272849 0.00227856 0.00187332 0.00151964 0.00122131 0.000980192 0.000799088 0.000683032 0.000621512 0.000548782 0.000383304 0.000180598 5.69185e-05 1.30253e-05 2.32729e-06 3.30299e-07 3.47303e-08 1.96623e-09 0 
0 0.000138891 0.000408588 0.00072963 0.00117171 0.00170913 0.00231167 0.00295247 0.0037071 0.00442871 0.00478574 0.00497862 0.00508819 0.00514098 0.00514719 0.00510942 0.00502442 0.004881 0.00465094 0.00425474 0.00362996 0.00307847 0.00261125 0.00218118 0.00179388 0.00145621 0.0011719 0.000943009 0.000772862 0.000666215 0.000608983 0.000531673 0.000361651 0.000165734 5.12805e-05 1.16351e-05 2.07407e-06 2.94602e-07 3.10467e-08 1.76271e-09 0 
0 0.000132463 0.000397465 0.000696904 0.00110941 0.00161231 0.00217627 0.00277086 0.00340104 0.00412884 0.00459757 0.00482925 0.00495522 0.00501461 0.00502121 0.00497825 0.004881 0.00471319 0.00443098 0.00392747 0.00334975 0.00287933 0.00244588 0.00204356 0.00168152 0.0013664 0.00110187 0.000890394 0.000736036 0.000642576 0.000589909 0.000504375 0.000329029 0.000144676 4.35876e-05 9.77028e-06 1.7361e-06 2.46922e-07 2.61101e-08 1.48875e-09 0 
0 0.000123786 0.000384104 0.000657781 0.00103313 0.00149317 0.00200945 0.0025528 0.00309733 0.00367486 0.00425894 0.00458269 0.00474407 0.00481726 0.00482519 0.00477254 0.00465094 0.00443098 0.00403322 0.00350372 0.00305458 0.00264003 0.00224334 0.00187451 0.00154301 0.0012551 0.00101452 0.000824336 0.000689327 0.000610815 0.000560532 0.000463633 0.000286283 0.00011976 3.5006e-05 7.74682e-06 1.37318e-06 1.95828e-07 2.08109e-08 1.19367e-09 0 
0 0.000112844 0.000368937 0.000615789 0.000948142 0.00135937 0.00182169 0.00230827 0.00279136 0.00325069 0.0037136 0.00414142 0.00438936 0.00449643 0.00450838 0.00443415 0.00425474 0.00392747 0.00350372 0.00311574 0.00274279 0.00237235 0.00201534 0.00168342 0.00138539 0.0011272 0.00091279 0.000746013 0.000631664 0.000566523 0.000514261 0.000406405 0.000235971 9.39161e-05 2.6711e-05 5.85432e-06 1.03802e-06 1.48777e-07 1.59226e-08 9.20406e-10 0 
0 9.97409e-05 0.000351584 0.00057459 0.000860003 0.00121863 0.00162346 0.00204987 0.00247294 0.00286851 0.00321959 0.00353111 0.00378793 0.00393299 0.00395099 0.0038464 0.00362996 0.00334975 0.00305458 0.00274279 0.00241693 0.00208953 0.00177349 0.00147943 0.00121538 0.000987026 0.00079865 0.00065458 0.000558064 0.000500394 0.000442861 0.000332823 0.000183192 7.02955e-05 1.96739e-05 4.30228e-06 7.6651e-07 1.10726e-07 1.19559e-08 6.97339e-10 0 
0 8.48217e-05 0.000330529 0.000537369 0.000774402 0.00107833 0.00142455 0.00178997 0.00215274 0.00249155 0.00278723 0.00302527 0.00319718 0.00329375 0.00330305 0.00322572 0.00307847 0.00287933 0.00264003 0.00237235 0.00208953 0.00180449 0.00152853 0.00127094 0.00103894 0.000838024 0.000672566 0.000546096 0.000459054 0.000401525 0.000343624 0.0002503 0.000135151 5.15812e-05 1.4491e-05 3.19392e-06 5.74181e-07 8.36847e-08 9.11182e-09 5.35529e-10 0 
0 6.87629e-05 0.000303231 0.000505621 0.000697105 0.000945369 0.00123362 0.00153946 0.00184354 0.00212769 0.00237545 0.00257318 0.00271102 0.00278322 0.00278811 0.00272849 0.00261125 0.00244588 0.00224334 0.00201534 0.00177349 0.00152853 0.00128984 0.00106531 0.000861451 0.000683819 0.000536698 0.000421701 0.000337399 0.000279275 0.000233225 0.000173912 9.84087e-05 3.91583e-05 1.13002e-05 2.52754e-06 4.57896e-07 6.70166e-08 7.31485e-09 4.30557e-10 0 
0 5.25803e-05 0.00026705 0.000477303 0.000633425 0.000826369 0.00105811 0.00130726 0.001556 0.00178877 0.00199183 0.00215382 0.00226645 0.00232497 0.00232824 0.00227856 0.00218118 0.00204356 0.00187451 0.00168342 0.00147943 0.00127094 0.00106531 0.000869182 0.000689858 0.000537272 0.000420844 0.000337137 0.000267994 0.000204121 0.000154801 0.000118112 7.45663e-05 3.24849e-05 9.79085e-06 2.21616e-06 4.0048e-07 5.81702e-08 6.29366e-09 3.67254e-10 0 
0 3.74926e-05 0.000221076 0.000445222 0.000586085 0.000728029 0.000904675 0.00110048 0.00129816 0.00148391 0.00164621 0.00177571 0.00186565 0.00191211 0.00191409 0.00187332 0.00179388 0.00168152 0.00154301 0.00138539 0.00121538 0.00103894 0.000861451 0.000689858 0.00054095 0.000450512 0.000445627 0.000482069 0.000458345 0.000336788 0.000191982 0.000102355 6.10396e-05 2.9317e-05 9.30619e-06 2.11454e-06 3.76201e-07 5.35526e-08 5.68176e-09 3.2574e-10 0 
0 2.46424e-05 0.000168061 0.000398084 0.000550592 0.000655992 0.00078011 0.00092517 0.00107596 0.00121936 0.00134526 0.0014459 0.00151572 0.00155153 0.00155242 0.00151964 0.00145621 0.0013664 0.0012551 0.0011272 0.000987026 0.000838024 0.000683819 0.000537272 0.000450512 0.000529031 0.000834006 0.00137604 0.00165867 0.000956123 0.000482268 0.0001788 6.42412e-05 2.77886e-05 9.09241e-06 2.05633e-06 3.57202e-07 4.95134e-08 5.1272e-09 2.87787e-10 0 
0 1.47692e-05 0.000114704 0.000327091 0.000510381 0.00060918 0.000690981 0.000787826 0.000894595 0.00099954 0.0010931 0.00116837 0.00122062 0.00124715 0.00124711 0.00122131 0.0011719 0.00110187 0.00101452 0.00091279 0.00079865 0.000672566 0.000536698 0.000420844 0.000445627 0.000834006 0.0019754 0.00320099 0.00329466 0.0028035 0.00112091 0.000376746 9.63936e-05 2.83786e-05 8.6457e-06 1.90707e-06 3.21856e-07 4.34505e-08 4.3995e-09 2.42302e-10 0 
0 8.00056e-06 6.90163e-05 0.000236179 0.000440576 0.000569236 0.000636698 0.000694847 0.000760451 0.000829255 0.000893208 0.000945759 0.000982484 0.00100085 0.000999949 0.000980192 0.000943009 0.000890394 0.000824336 0.000746013 0.00065458 0.000546096 0.000421701 0.000337137 0.000482069 0.00137604 0.00320099 0.00354603 0.00358629 0.00339995 0.00240206 0.000604109 0.000139695 3.03117e-05 7.74616e-06 1.60995e-06 2.62736e-07 3.4697e-08 3.45705e-09 1.87966e-10 0 
0 3.8935e-06 3.62038e-05 0.000144631 0.000329553 0.000498201 0.000593316 0.000641574 0.000677976 0.000714841 0.000751127 0.000782382 0.000804657 0.000815422 0.000813555 0.000799088 0.000772862 0.000736036 0.000689327 0.000631664 0.000558064 0.000459054 0.000337399 0.000267994 0.000458345 0.00165867 0.00329466 0.00358629 0.00362568 0.00347886 0.00280254 0.000675465 0.000149851 2.86734e-05 6.22642e-06 1.19409e-06 1.88395e-07 2.45326e-08 2.42737e-09 1.31388e-10 0 
0 1.69718e-06 1.6506e-05 7.38029e-05 0.000201239 0.000369766 0.000508976 0.000589517 0.000629467 0.000652206 0.000669161 0.000682852 0.000692312 0.000696031 0.000693029 0.000683032 0.000666215 0.000642576 0.000610815 0.000566523 0.000500394 0.000401525 0.000279275 0.000204121 0.000336788 0.000956123 0.0028035 0.00339995 0.00347886 0.00324704 0.00174976 0.000492708 0.000111137 2.10643e-05 4.19819e-06 7.53227e-07 1.16253e-07 1.51101e-08 1.50091e-09 8.16376e-11 0 
0 6.6243e-07 6.56392e-06 3.14275e-05 9.77332e-05 0.000214751 0.000354584 0.000473459 0.000551306 0.000594453 0.000616601 0.000627644 0.000632453 0.000632838 0.000629238 0.000621512 0.000608983 0.000589909 0.000560532 0.000514261 0.000442861 0.000343624 0.000233225 0.000154801 0.000191982 0.000482268 0.00112091 0.00240206 0.00280254 0.00174976 0.000739689 0.0002448 5.70422e-05 1.15772e-05 2.26086e-06 3.947e-07 6.10336e-08 8.04095e-09 8.11047e-10 4.47492e-11 0 
0 2.31808e-07 2.2934e-06 1.13284e-05 3.80899e-05 9.50558e-05 0.00018409 0.000288898 0.000385776 0.000459918 0.000509335 0.00053889 0.000554375 0.000559976 0.000557923 0.000548782 0.000531673 0.000504375 0.000463633 0.000406405 0.000332823 0.0002503 0.000173912 0.000118112 0.000102355 0.0001788 0.000376746 0.000604109 0.000675465 0.000492708 0.0002448 8.31315e-05 2.13887e-05 4.81736e-06 9.60543e-07 1.70941e-07 2.72146e-08 3.68976e-09 3.81906e-10 2.15593e-11 0 
0 7.28344e-08 7.09457e-07 3.52009e-06 1.22543e-05 3.2838e-05 7.06433e-05 0.000125789 0.000191163 0.000255988 0.000311344 0.000352793 0.000379617 0.000392859 0.00039381 0.000383304 0.000361651 0.000329029 0.000286283 0.000235971 0.000183192 0.000135151 9.84087e-05 7.45663e-05 6.10396e-05 6.42412e-05 9.63936e-05 0.000139695 0.000149851 0.000111137 5.70422e-05 2.13887e-05 6.3588e-06 1.56143e-06 3.29043e-07 6.19873e-08 1.03659e-08 1.46279e-09 1.56682e-10 9.11494e-12 0 
0 2.05521e-08 1.95372e-07 9.57369e-07 3.35228e-06 9.24576e-06 2.09744e-05 4.02009e-05 6.65701e-05 9.73044e-05 0.000128166 0.000154988 0.000174738 0.000185776 0.000187614 0.000180598 0.000165734 0.000144676 0.00011976 9.39161e-05 7.02955e-05 5.15812e-05 3.91583e-05 3.24849e-05 2.9317e-05 2.77886e-05 2.83786e-05 3.03117e-05 2.86734e-05 2.10643e-05 1.15772e-05 4.81736e-06 1.56143e-06 4.13494e-07 9.46188e-08 1.91943e-08 3.39974e-09 5.02547e-10 5.60349e-11 3.37772e-12 0 
0 5.19355e-09 4.79457e-08 2.29811e-07 7.95832e-07 2.20105e-06 5.08326e-06 1.00599e-05 1.73861e-05 2.66687e-05 3.68457e-05 4.64624e-05 5.40803e-05 5.86214e-05 5.95523e-05 5.69185e-05 5.12805e-05 4.35876e-05 3.5006e-05 2.6711e-05 1.96739e-05 1.4491e-05 1.13002e-05 9.79085e-06 9.30619e-06 9.09241e-06 8.6457e-06 7.74616e-06 6.22642e-06 4.19819e-06 2.26086e-06 9.60543e-07 3.29043e-07 9.46188e-08 2.35951e-08 5.14235e-09 9.64757e-10 1.4979e-10 1.74489e-11 1.09389e-12 0 
0 1.16546e-09 1.0425e-08 4.86409e-08 1.6512e-07 4.51569e-07 1.04097e-06 2.07505e-06 3.63946e-06 5.69375e-06 8.03812e-06 1.03438e-05 1.22378e-05 1.3405e-05 1.36684e-05 1.30253e-05 1.16351e-05 9.77028e-06 7.74682e-06 5.85432e-06 4.30228e-06 3.19392e-06 2.52754e-06 2.21616e-06 2.11454e-06 2.05633e-06 1.90707e-06 1.60995e-06 1.19409e-06 7.53227e-07 3.947e-07 1.70941e-07 6.19873e-08 1.91943e-08 5.14235e-09 1.19287e-09 2.36401e-10 3.85741e-11 4.70239e-12 3.07249e-13 0 
0 2.27861e-10 1.97384e-09 8.94781e-09 2.96561e-08 7.96539e-08 1.81492e-07 3.59799e-07 6.30979e-07 9.91032e-07 1.40804e-06 1.82491e-06 2.17291e-06 2.391e-06 2.44312e-06 2.32729e-06 2.07407e-06 1.7361e-06 1.37318e-06 1.03802e-06 7.6651e-07 5.74181e-07 4.57896e-07 4.0048e-07 3.76201e-07 3.57202e-07 3.21856e-07 2.62736e-07 1.88395e-07 1.16253e-07 6.10336e-08 2.72146e-08 1.03659e-08 3.39974e-09 9.64757e-10 2.36401e-10 4.93455e-11 8.45556e-12 1.07892e-12 7.35312e-14 0 
0 3.72254e-11 3.12461e-10 1.37602e-09 4.44686e-09 1.16979e-08 2.62294e-08 5.14096e-08 8.95118e-08 1.40068e-07 1.98779e-07 2.57758e-07 3.07307e-07 3.38635e-07 3.46431e-07 3.30299e-07 2.94602e-07 2.46922e-07 1.95828e-07 1.48777e-07 1.10726e-07 8.36847e-08 6.70166e-08 5.81702e-08 5.35526e-08 4.95134e-08 4.34505e-08 3.4697e-08 2.45326e-08 1.51101e-08 8.04095e-09 3.68976e-09 1.46279e-09 5.02547e-10 1.4979e-10 3.85741e-11 8.45556e-12 1.51888e-12 2.02672e-13 1.4404e-14 0 
0 4.59159e-12 3.73923e-11 1.6011e-10 5.04632e-10 1.29934e-09 2.86262e-09 5.53403e-09 9.53762e-09 1.48187e-08 2.09344e-08 2.70759e-08 3.22448e-08 3.55298e-08 3.63743e-08 3.47303e-08 3.10467e-08 2.61101e-08 2.08109e-08 1.59226e-08 1.19559e-08 9.11182e-09 7.31485e-09 6.29366e-09 5.68176e-09 5.1272e-09 4.3995e-09 3.45705e-09 2.42737e-09 1.50091e-09 8.11047e-10 3.81906e-10 1.56682e-10 5.60349e-11 1.74489e-11 4.70239e-12 1.07892e-12 2.02672e-13 2.82335e-14 2.0904e-15 0 
0 3.05779e-13 2.41994e-12 1.00897e-11 3.10468e-11 7.82853e-11 1.69459e-10 3.2293e-10 5.50334e-10 8.47894e-10 1.19071e-09 1.53405e-09 1.82296e-09 2.0072e-09 2.05591e-09 1.96623e-09 1.76271e-09 1.48875e-09 1.19367e-09 9.20406e-10 6.97339e-10 5.35529e-10 4.30557e-10 3.67254e-10 3.2574e-10 2.87787e-10 2.42302e-10 1.87966e-10 1.31388e-10 8.16376e-11 4.47492e-11 2.15593e-11 9.11494e-12 3.37772e-12 1.09389e-12 3.07249e-13 7.35312e-14 1.4404e-14 2.0904e-15 1.60996e-16 0 
0 0 0 0 0 0 0 0 0 0 0 0 0 0 0 0 0 0 0 0 0 0 0 0 0 0 0 0 0 0 0 0 0 0 0 0 0 0 0 0 0 
