0 0 0 0 0 0 0 0 0 0 0 0 0 0 0 0 0 0 0 0 0 0 0 0 0 0 0 0 0 0 0 0 0 0 0 0 0 0 0 0 0 
0 1.86369e-07 1.67134e-06 7.45303e-06 2.28868e-05 5.37174e-05 0.000102083 0.000164223 0.000232263 0.000297909 0.000354943 0.000399733 0.000430668 0.000447384 0.000450215 0.000439882 0.00041739 0.000384049 0.000341587 0.000292291 0.000239109 0.000185574 0.000135459 9.21449e-05 5.78901e-05 3.33242e-05 1.74695e-05 8.30828e-06 3.57935e-06 1.39737e-06 4.95044e-07 1.59397e-07 4.66836e-08 1.24236e-08 2.99145e-09 6.45317e-10 1.22189e-10 1.94523e-11 2.34994e-12 1.53897e-13 0 
0 1.67134e-06 1.53852e-05 6.81069e-05 0.000198291 0.000421752 0.00070505 0.000990704 0.00123887 0.00143736 0.00158885 0.00169891 0.00177163 0.00180944 0.0018142 0.00178786 0.00173265 0.00165075 0.00154366 0.00141182 0.00125491 0.00107352 0.000872087 0.000661915 0.000461282 0.000290437 0.000163209 8.13168e-05 3.58942e-05 1.40888e-05 4.94658e-06 1.56286e-06 4.46331e-07 1.15413e-07 2.6958e-08 5.63931e-09 1.03597e-09 1.60177e-10 1.88192e-11 1.2005e-12 0 
0 7.45303e-06 6.81069e-05 0.000281782 0.000715192 0.00127062 0.00178605 0.00220376 0.00254647 0.00283957 0.00308884 0.0032882 0.00342913 0.00350555 0.00351574 0.00346252 0.00335279 0.00319653 0.00300531 0.00279024 0.00255922 0.00231357 0.00204566 0.00174149 0.00139243 0.00101368 0.000651645 0.000361837 0.000172072 7.03904e-05 2.50734e-05 7.88605e-06 2.21525e-06 5.59588e-07 1.27247e-07 2.58791e-08 4.6219e-09 6.95277e-10 7.95749e-11 4.95221e-12 0 
0 2.28868e-05 0.000198291 0.000715192 0.00149163 0.00222341 0.0028318 0.00339119 0.0039356 0.00445004 0.00490505 0.00527328 0.00553446 0.00567681 0.00569727 0.00560098 0.00540024 0.00511298 0.004761 0.0043681 0.00395812 0.00355223 0.00316435 0.00279349 0.00241583 0.00198995 0.00149286 0.000970173 0.000526406 0.000235827 8.82992e-05 2.8279e-05 7.92203e-06 1.97159e-06 4.38891e-07 8.71254e-08 1.51742e-08 2.22661e-09 2.48805e-10 1.51367e-11 0 
0 5.37174e-05 0.000421752 0.00127062 0.00222341 0.00305102 0.00386598 0.00472013 0.00557891 0.00638918 0.00710166 0.00767586 0.00808231 0.00830394 0.00833655 0.00818812 0.00787732 0.00743108 0.00688195 0.00626525 0.00561649 0.00496928 0.00435348 0.00379209 0.00329273 0.00283125 0.00234215 0.00176021 0.00112056 0.000574926 0.000235697 7.91119e-05 2.25036e-05 5.57887e-06 1.22436e-06 2.38418e-07 4.06485e-08 5.83637e-09 6.38452e-10 3.80623e-11 0 
0 0.000102083 0.00070505 0.00178605 0.0028318 0.00386598 0.00500624 0.00621924 0.00743144 0.00856968 0.00956794 0.0103714 0.0109397 0.0112496 0.0112954 0.0110884 0.0106542 0.0100303 0.00926145 0.00839607 0.00748244 0.00656565 0.00568551 0.00487542 0.00416068 0.00355033 0.00301403 0.00246046 0.00179398 0.00107029 0.000496129 0.00017972 5.29632e-05 1.32435e-05 2.88823e-06 5.54728e-07 9.29711e-08 1.3107e-08 1.40782e-09 8.24617e-11 0 
0 0.000164223 0.000990704 0.00220376 0.00339119 0.00472013 0.00621924 0.00780623 0.0093866 0.010868 0.0121661 0.0132101 0.0139484 0.0143508 0.0144101 0.0141407 0.0135764 0.0127652 0.0117652 0.0106387 0.00944773 0.0082499 0.00709529 0.00602503 0.00507107 0.00425557 0.00358052 0.00299453 0.00236891 0.00160849 0.000851803 0.000340286 0.000105833 2.70239e-05 5.90324e-06 1.12448e-06 1.86047e-07 2.5844e-08 2.73397e-09 1.57768e-10 0 
0 0.000232263 0.00123887 0.00254647 0.0039356 0.00557891 0.00743144 0.0093866 0.011331 0.0131525 0.0147477 0.016031 0.0169398 0.0174367 0.0175094 0.0171752 0.016478 0.0154791 0.014249 0.0128634 0.0113976 0.00992185 0.0084968 0.00717152 0.00598305 0.00495758 0.00410934 0.00342188 0.00279957 0.00207695 0.00123993 0.000550494 0.000183012 4.82091e-05 1.06225e-05 2.01691e-06 3.30739e-07 4.54231e-08 4.7468e-09 2.70594e-10 0 
0 0.000297909 0.00143736 0.00283957 0.00445004 0.00638918 0.00856968 0.010868 0.0131525 0.0152916 0.0171661 0.0186801 0.0197627 0.0203605 0.0204481 0.0200435 0.0192064 0.0180198 0.0165699 0.014941 0.0132185 0.0114834 0.00980642 0.00824435 0.00683926 0.0056197 0.00460295 0.00378877 0.00311996 0.00243338 0.001594 0.000781259 0.000278859 7.62539e-05 1.70353e-05 3.23726e-06 5.27962e-07 7.19097e-08 7.44431e-09 4.203e-10 0 
0 0.000354943 0.00158885 0.00308884 0.00490505 0.00710166 0.00956794 0.0121661 0.0147477 0.0171661 0.019293 0.0210247 0.0222633 0.0229365 0.0230328 0.0225778 0.0216214 0.020257 0.0186008 0.016754 0.0148063 0.0128449 0.0109483 0.00918024 0.00758728 0.00620019 0.00503683 0.00410235 0.00336417 0.00268692 0.00187634 0.000998618 0.000381115 0.000108323 2.45999e-05 4.69177e-06 7.63105e-07 1.03353e-07 1.06264e-08 5.95647e-10 0 
0 0.000399733 0.00169891 0.0032882 0.00527328 0.00767586 0.0103714 0.0132101 0.016031 0.0186801 0.0210247 0.0229176 0.0242098 0.0248715 0.0249604 0.0245133 0.0235352 0.0220665 0.0202398 0.0182066 0.0160746 0.0139315 0.0118594 0.00992683 0.00818417 0.00666405 0.00538447 0.00435177 0.00354606 0.00285878 0.00207833 0.00117675 0.000475033 0.000139837 3.22785e-05 6.18707e-06 1.00557e-06 1.35728e-07 1.38913e-08 7.7479e-10 0 
0 0.000430668 0.00177163 0.00342913 0.00553446 0.00808231 0.0109397 0.0139484 0.0169398 0.0197627 0.0222633 0.0242098 0.0254541 0.0260638 0.0261404 0.0257223 0.0247909 0.0233219 0.0214014 0.0192292 0.0169609 0.014689 0.0124937 0.010446 0.00859871 0.00698588 0.00562554 0.00452391 0.00366695 0.00296452 0.00220581 0.00130197 0.000547776 0.000165764 3.87933e-05 7.47328e-06 1.21524e-06 1.63763e-07 1.67175e-08 9.29681e-10 0 
0 0.000447384 0.00180944 0.00350555 0.00567681 0.00830394 0.0112496 0.0143508 0.0174367 0.0203605 0.0229365 0.0248715 0.0260638 0.0266388 0.0267068 0.0263047 0.0254092 0.0239697 0.0220229 0.0197754 0.0174288 0.0150862 0.0128248 0.0107156 0.00881282 0.0071509 0.00574788 0.00460969 0.00372462 0.00301255 0.00226764 0.00137 0.000590926 0.000182003 4.29979e-05 8.31697e-06 1.35408e-06 1.82443e-07 1.86098e-08 1.03384e-09 0 
0 0.000450215 0.0018142 0.00351574 0.00569727 0.00833655 0.0112954 0.0144101 0.0175094 0.0204481 0.0230328 0.0249604 0.0261404 0.0267068 0.0267705 0.0263677 0.0254751 0.0240391 0.0220881 0.0198278 0.0174688 0.0151165 0.0128469 0.0107307 0.00882193 0.007155 0.00574772 0.00460576 0.00371794 0.00300718 0.00227085 0.00138172 0.000600984 0.000186339 4.42114e-05 8.5737e-06 1.39813e-06 1.88591e-07 1.92543e-08 1.07051e-09 0 
0 0.000439882 0.00178786 0.00346252 0.00560098 0.00818812 0.0110884 0.0141407 0.0171752 0.0200435 0.0225778 0.0245133 0.0257223 0.0263047 0.0263677 0.0259489 0.0250272 0.023564 0.021621 0.0194066 0.0170997 0.0147962 0.0125734 0.0105018 0.00863406 0.00700393 0.0056288 0.00451427 0.00364826 0.0029507 0.00221957 0.00134043 0.000578884 0.0001788 4.23922e-05 8.23037e-06 1.34491e-06 1.81861e-07 1.86167e-08 1.03792e-09 0 
0 0.00041739 0.00173265 0.00335279 0.00540024 0.00787732 0.0106542 0.0135764 0.016478 0.0192064 0.0216214 0.0235352 0.0247909 0.0254092 0.0254751 0.0250272 0.0240565 0.0225679 0.0206774 0.018567 0.016366 0.0141618 0.0120345 0.010053 0.00826791 0.0067116 0.00540097 0.00434158 0.00351876 0.00284388 0.00211544 0.00125106 0.000529334 0.000161475 3.81142e-05 7.40328e-06 1.21336e-06 1.64757e-07 1.69457e-08 9.49493e-10 0 
0 0.000384049 0.00165075 0.00319653 0.00511298 0.00743108 0.0100303 0.0127652 0.0154791 0.0180198 0.020257 0.0220665 0.0233219 0.0239697 0.0240391 0.023564 0.0225679 0.0211189 0.0193487 0.0173863 0.0153295 0.013265 0.0112728 0.00941864 0.00775006 0.00629765 0.00507794 0.0040962 0.00333252 0.00268513 0.00195874 0.00112109 0.000460248 0.000137964 3.23767e-05 6.29709e-06 1.03713e-06 1.41762e-07 1.4689e-08 8.2945e-10 0 
0 0.000341587 0.00154366 0.00300531 0.004761 0.00688195 0.00926145 0.0117652 0.014249 0.0165699 0.0186008 0.0202398 0.0214014 0.0220229 0.0220881 0.021621 0.0206774 0.0193487 0.0177403 0.0159483 0.014062 0.0121671 0.0103394 0.00863954 0.00711167 0.00578463 0.00467463 0.00378579 0.00308943 0.00246956 0.001751 0.000962246 0.000381997 0.000112575 2.63317e-05 5.14502e-06 8.54583e-07 1.18005e-07 1.23609e-08 7.05721e-10 0 
0 0.000292291 0.00141182 0.00279024 0.0043681 0.00626525 0.00839607 0.0106387 0.0128634 0.014941 0.016754 0.0182066 0.0192292 0.0197754 0.0198278 0.0194066 0.018567 0.0173863 0.0159483 0.0143379 0.01264 0.010934 0.0092886 0.0077588 0.0063852 0.00519499 0.00420399 0.00341337 0.00278296 0.00219028 0.00149988 0.000791976 0.000306144 8.94724e-05 2.10233e-05 4.15368e-06 6.99505e-07 9.80088e-08 1.04157e-08 6.02963e-10 0 
0 0.000239109 0.00125491 0.00255922 0.00395812 0.00561649 0.00748244 0.00944773 0.0113976 0.0132185 0.0148063 0.0160746 0.0169609 0.0174288 0.0174688 0.0170997 0.016366 0.0153295 0.014062 0.01264 0.0111395 0.00963056 0.00817392 0.00681862 0.00560157 0.00454838 0.00367371 0.00297363 0.00240035 0.00184575 0.0012253 0.000632635 0.000243567 7.19655e-05 1.72167e-05 3.46912e-06 5.95355e-07 8.48674e-08 9.15895e-09 5.3743e-10 0 
0 0.000185574 0.00107352 0.00231357 0.00355223 0.00496928 0.00656565 0.0082499 0.00992185 0.0114834 0.0128449 0.0139315 0.014689 0.0150862 0.0151165 0.0147962 0.0141618 0.013265 0.0121671 0.010934 0.00963056 0.00831679 0.0070449 0.00585767 0.00478817 0.00385997 0.00308528 0.00245712 0.00193728 0.00145589 0.000961151 0.00050638 0.000202244 6.20942e-05 1.53369e-05 3.16589e-06 5.53063e-07 7.98742e-08 8.70263e-09 5.14156e-10 0 
0 0.000135459 0.000872087 0.00204566 0.00316435 0.00435348 0.00568551 0.00709529 0.0084968 0.00980642 0.0109483 0.0118594 0.0124937 0.0128248 0.0128469 0.0125734 0.0120345 0.0112728 0.0103394 0.0092886 0.00817392 0.0070449 0.00594481 0.00490981 0.00396926 0.00314618 0.00245524 0.00189691 0.00145237 0.00108371 0.000744169 0.000424796 0.00018476 6.03909e-05 1.54613e-05 3.24591e-06 5.70404e-07 8.23806e-08 8.94755e-09 5.26033e-10 0 
0 9.21449e-05 0.000661915 0.00174149 0.00279349 0.00379209 0.00487542 0.00602503 0.00717152 0.00824435 0.00918024 0.00992683 0.010446 0.0107156 0.0107307 0.0105018 0.010053 0.00941864 0.00863954 0.0077588 0.00681862 0.00585767 0.00490981 0.00400517 0.00317655 0.00247016 0.00193163 0.00154442 0.0012203 0.00090583 0.000624242 0.000384336 0.00018624 6.55392e-05 1.72677e-05 3.62902e-06 6.30693e-07 8.97054e-08 9.587e-09 5.54813e-10 0 
0 5.78901e-05 0.000461282 0.00139243 0.00241583 0.00329273 0.00416068 0.00507107 0.00598305 0.00683926 0.00758728 0.00818417 0.00859871 0.00881282 0.00882193 0.00863406 0.00826791 0.00775006 0.00711167 0.0063852 0.00560157 0.00478817 0.00396926 0.00317655 0.00248946 0.0020746 0.0020535 0.00222174 0.0021124 0.00155178 0.000879529 0.000435902 0.000203373 7.4753e-05 1.99768e-05 4.13788e-06 7.01754e-07 9.72994e-08 1.0154e-08 5.75139e-10 0 
0 3.33242e-05 0.000290437 0.00101368 0.00198995 0.00283125 0.00355033 0.00425557 0.00495758 0.0056197 0.00620019 0.00666405 0.00698588 0.0071509 0.007155 0.00700393 0.0067116 0.00629765 0.00578463 0.00519499 0.00454838 0.00385997 0.00314618 0.00247016 0.0020746 0.00243821 0.00384389 0.00554802 0.00594391 0.00436679 0.00222273 0.000821726 0.000269575 8.73236e-05 2.2578e-05 4.52005e-06 7.4114e-07 9.97867e-08 1.0154e-08 5.62722e-10 0 
0 1.74695e-05 0.000163209 0.000651645 0.00149286 0.00234215 0.00301403 0.00358052 0.00410934 0.00460295 0.00503683 0.00538447 0.00562554 0.00574788 0.00574772 0.0056288 0.00540097 0.00507794 0.00467463 0.00420399 0.00367371 0.00308528 0.00245524 0.00193163 0.0020535 0.00384389 0.00798033 0.0138207 0.0157685 0.0105774 0.00512914 0.00173636 0.000438281 0.000106307 2.42236e-05 4.5361e-06 7.12428e-07 9.31818e-08 9.27596e-09 5.04855e-10 0 
0 8.30828e-06 8.13168e-05 0.000361837 0.000970173 0.00176021 0.00246046 0.00299453 0.00342188 0.00378877 0.00410235 0.00435177 0.00452391 0.00460969 0.00460576 0.00451427 0.00434158 0.0040962 0.00378579 0.00341337 0.00297363 0.00245712 0.00189691 0.00154442 0.00222174 0.00554802 0.0138207 0.0194304 0.0200465 0.017856 0.00870994 0.00278315 0.000642374 0.000125316 2.3901e-05 4.05606e-06 6.05544e-07 7.72271e-08 7.57105e-09 4.07353e-10 0 
0 3.57935e-06 3.58942e-05 0.000172072 0.000526406 0.00112056 0.00179398 0.00236891 0.00279957 0.00311996 0.00336417 0.00354606 0.00366695 0.00372462 0.00371794 0.00364826 0.00351876 0.00333252 0.00308943 0.00278296 0.00240035 0.00193728 0.00145237 0.0012203 0.0021124 0.00594391 0.0157685 0.0200465 0.0205534 0.0189233 0.0102662 0.00306522 0.000689831 0.000122323 2.03064e-05 3.12388e-06 4.45132e-07 5.58387e-08 5.44172e-09 2.91883e-10 0 
0 1.39737e-06 1.40888e-05 7.03904e-05 0.000235827 0.000574926 0.00107029 0.00160849 0.00207695 0.00243338 0.00268692 0.00285878 0.00296452 0.00301255 0.00300718 0.0029507 0.00284388 0.00268513 0.00246956 0.00219028 0.00184575 0.00145589 0.00108371 0.00090583 0.00155178 0.00436679 0.0105774 0.017856 0.0189233 0.0149383 0.0069079 0.00227086 0.000510917 8.89642e-05 1.37956e-05 1.99788e-06 2.78087e-07 3.48438e-08 3.41426e-09 1.84282e-10 0 
0 4.95044e-07 4.94658e-06 2.50734e-05 8.82992e-05 0.000235697 0.000496129 0.000851803 0.00123993 0.001594 0.00187634 0.00207833 0.00220581 0.00226764 0.00227085 0.00221957 0.00211544 0.00195874 0.001751 0.00149988 0.0012253 0.000961151 0.000744169 0.000624242 0.000879529 0.00222273 0.00512914 0.00870994 0.0102662 0.0069079 0.00340919 0.00112817 0.000259658 4.65643e-05 7.17388e-06 1.03612e-06 1.46253e-07 1.86709e-08 1.86203e-09 1.02083e-10 0 
0 1.59397e-07 1.56286e-06 7.88605e-06 2.8279e-05 7.91119e-05 0.00017972 0.000340286 0.000550494 0.000781259 0.000998618 0.00117675 0.00130197 0.00137 0.00138172 0.00134043 0.00125106 0.00112109 0.000962246 0.000791976 0.000632635 0.00050638 0.000424796 0.000384336 0.000435902 0.000821726 0.00173636 0.00278315 0.00306522 0.00227086 0.00112817 0.000381395 9.28896e-05 1.76551e-05 2.85138e-06 4.36428e-07 6.48704e-08 8.59413e-09 8.81924e-10 4.95305e-11 0 
0 4.66836e-08 4.46331e-07 2.21525e-06 7.92203e-06 2.25036e-05 5.29632e-05 0.000105833 0.000183012 0.000278859 0.000381115 0.000475033 0.000547776 0.000590926 0.000600984 0.000578884 0.000529334 0.000460248 0.000381997 0.000306144 0.000243567 0.000202244 0.00018476 0.00018624 0.000203373 0.000269575 0.000438281 0.000642374 0.000689831 0.000510917 0.000259658 9.28896e-05 2.44464e-05 5.03537e-06 9.00242e-07 1.53074e-07 2.45246e-08 3.4111e-09 3.63168e-10 2.10413e-11 0 
0 1.24236e-08 1.15413e-07 5.59588e-07 1.97159e-06 5.57887e-06 1.32435e-05 2.70239e-05 4.82091e-05 7.62539e-05 0.000108323 0.000139837 0.000165764 0.000182003 0.000186339 0.0001788 0.000161475 0.000137964 0.000112575 8.94724e-05 7.19655e-05 6.20942e-05 6.03909e-05 6.55392e-05 7.4753e-05 8.73236e-05 0.000106307 0.000125316 0.000122323 8.89642e-05 4.65643e-05 1.76551e-05 5.03537e-06 1.16573e-06 2.40429e-07 4.61309e-08 7.99487e-09 1.17241e-09 1.30188e-10 7.82252e-12 0 
0 2.99145e-09 2.6958e-08 1.27247e-07 4.38891e-07 1.22436e-06 2.88823e-06 5.90324e-06 1.06225e-05 1.70353e-05 2.45999e-05 3.22785e-05 3.87933e-05 4.29979e-05 4.42114e-05 4.23922e-05 3.81142e-05 3.23767e-05 2.63317e-05 2.10233e-05 1.72167e-05 1.53369e-05 1.54613e-05 1.72677e-05 1.99768e-05 2.2578e-05 2.42236e-05 2.3901e-05 2.03064e-05 1.37956e-05 7.17388e-06 2.85138e-06 9.00242e-07 2.40429e-07 5.71151e-08 1.21612e-08 2.26052e-09 3.49502e-10 4.05981e-11 2.53879e-12 0 
0 6.45317e-10 5.63931e-09 2.58791e-08 8.71254e-08 2.38418e-07 5.54728e-07 1.12448e-06 2.01691e-06 3.23726e-06 4.69177e-06 6.18707e-06 7.47328e-06 8.31697e-06 8.5737e-06 8.23037e-06 7.40328e-06 6.29709e-06 5.14502e-06 4.15368e-06 3.46912e-06 3.16589e-06 3.24591e-06 3.62902e-06 4.13788e-06 4.52005e-06 4.5361e-06 4.05606e-06 3.12388e-06 1.99788e-06 1.03612e-06 4.36428e-07 1.53074e-07 4.61309e-08 1.21612e-08 2.79952e-09 5.52804e-10 8.99962e-11 1.09494e-11 7.14046e-13 0 
0 1.22189e-10 1.03597e-09 4.6219e-09 1.51742e-08 4.06485e-08 9.29711e-08 1.86047e-07 3.30739e-07 5.27962e-07 7.63105e-07 1.00557e-06 1.21524e-06 1.35408e-06 1.39813e-06 1.34491e-06 1.21336e-06 1.03713e-06 8.54583e-07 6.99505e-07 5.95355e-07 5.53063e-07 5.70404e-07 6.30693e-07 7.01754e-07 7.4114e-07 7.12428e-07 6.05544e-07 4.45132e-07 2.78087e-07 1.46253e-07 6.48704e-08 2.45246e-08 7.99487e-09 2.26052e-09 5.52804e-10 1.15232e-10 1.97202e-11 2.51289e-12 1.71014e-13 0 
0 1.94523e-11 1.60177e-10 6.95277e-10 2.22661e-09 5.83637e-09 1.3107e-08 2.5844e-08 4.54231e-08 7.19097e-08 1.03353e-07 1.35728e-07 1.63763e-07 1.82443e-07 1.88591e-07 1.81861e-07 1.64757e-07 1.41762e-07 1.18005e-07 9.80088e-08 8.48674e-08 7.98742e-08 8.23806e-08 8.97054e-08 9.72994e-08 9.97867e-08 9.31818e-08 7.72271e-08 5.58387e-08 3.48438e-08 1.86709e-08 8.59413e-09 3.4111e-09 1.17241e-09 3.49502e-10 8.99962e-11 1.97202e-11 3.54014e-12 4.71982e-13 3.35099e-14 0 
0 2.34994e-12 1.88192e-11 7.95749e-11 2.48805e-10 6.38452e-10 1.40782e-09 2.73397e-09 4.7468e-09 7.44431e-09 1.06264e-08 1.38913e-08 1.67175e-08 1.86098e-08 1.92543e-08 1.86167e-08 1.69457e-08 1.4689e-08 1.23609e-08 1.04157e-08 9.15895e-09 8.70263e-09 8.94755e-09 9.587e-09 1.0154e-08 1.0154e-08 9.27596e-09 7.57105e-09 5.44172e-09 3.41426e-09 1.86203e-09 8.81924e-10 3.63168e-10 1.30188e-10 4.05981e-11 1.09494e-11 2.51289e-12 4.71982e-13 6.57226e-14 4.86293e-15 0 
0 1.53897e-13 1.2005e-12 4.95221e-12 1.51367e-11 3.80623e-11 8.24617e-11 1.57768e-10 2.70594e-10 4.203e-10 5.95647e-10 7.7479e-10 9.29681e-10 1.03384e-09 1.07051e-09 1.03792e-09 9.49493e-10 8.2945e-10 7.05721e-10 6.02963e-10 5.3743e-10 5.14156e-10 5.26033e-10 5.54813e-10 5.75139e-10 5.62722e-10 5.04855e-10 4.07353e-10 2.91883e-10 1.84282e-10 1.02083e-10 4.95305e-11 2.10413e-11 7.82252e-12 2.53879e-12 7.14046e-13 1.71014e-13 3.35099e-14 4.86293e-15 3.74411e-16 0 
0 0 0 0 0 0 0 0 0 0 0 0 0 0 0 0 0 0 0 0 0 0 0 0 0 0 0 0 0 0 0 0 0 0 0 0 0 0 0 0 0 
