0 0 0 0 0 0 0 0 0 0 0 0 0 0 0 0 0 0 0 0 0 0 0 0 0 0 0 0 0 0 0 0 0 0 0 0 0 0 0 0 0 
0 2.00571e-07 1.77709e-06 7.73769e-06 2.29183e-05 5.14072e-05 9.30018e-05 0.000142655 0.000193419 0.000239574 0.000277776 0.00030667 0.000326066 0.000336298 0.000337866 0.000331291 0.000317087 0.000295807 0.000268149 0.000235104 0.000198129 0.000159248 0.000120978 8.60093e-05 5.6649e-05 3.42393e-05 1.88409e-05 9.3861e-06 4.22076e-06 1.71224e-06 6.27278e-07 2.07866e-07 6.23768e-08 1.69407e-08 4.14841e-09 9.07374e-10 1.73763e-10 2.79186e-11 3.39798e-12 2.23885e-13 0 
0 1.77709e-06 1.60351e-05 6.81018e-05 0.000186103 0.000366642 0.000567904 0.000747746 0.000890121 0.000998036 0.00107893 0.00113789 0.00117718 0.00119762 0.00119979 0.00118473 0.00115392 0.00110905 0.00105135 0.000981012 0.000896814 0.000796532 0.000678731 0.000545718 0.000406136 0.000274416 0.000165589 8.82647e-05 4.13867e-05 1.71027e-05 6.26441e-06 2.04782e-06 6.00909e-07 1.58761e-07 3.772e-08 7.99741e-09 1.48484e-09 2.31508e-10 2.738e-11 1.75577e-12 0 
0 7.73769e-06 6.81018e-05 0.000261697 0.000599685 0.000961566 0.00125104 0.00147409 0.00166454 0.0018371 0.00198961 0.00211407 0.00220289 0.00225126 0.00225766 0.00222384 0.00215434 0.00205594 0.00193684 0.00180564 0.00166974 0.00153302 0.00139292 0.0012387 0.00105479 0.000833005 0.00058827 0.000359907 0.000187257 8.26527e-05 3.12589e-05 1.02857e-05 2.98744e-06 7.73467e-07 1.79127e-07 3.69317e-08 6.66403e-09 1.01031e-09 1.16317e-10 7.27182e-12 0 
0 2.29183e-05 0.000186103 0.000599685 0.00110445 0.00150961 0.00184799 0.00218479 0.00252713 0.00285526 0.00314664 0.00338271 0.00355021 0.00364151 0.00365463 0.00359287 0.00346412 0.00327991 0.00305428 0.00280273 0.00254116 0.00228481 0.00204646 0.00183226 0.00163451 0.00142553 0.00116721 0.000848204 0.000518831 0.000259371 0.00010605 3.62244e-05 1.06131e-05 2.72373e-06 6.19296e-07 1.24773e-07 2.19607e-08 3.24687e-09 3.6481e-10 2.22847e-11 0 
0 5.14072e-05 0.000366642 0.000961566 0.00150961 0.00198087 0.00248421 0.00302841 0.00357876 0.00409845 0.00455547 0.0049238 0.00518452 0.00532669 0.00534761 0.0052524 0.00505303 0.00476678 0.00441454 0.00401895 0.00360284 0.00318792 0.00279409 0.00243869 0.00213385 0.00187728 0.00163684 0.00134972 0.000975804 0.000574741 0.000266171 9.7936e-05 2.96547e-05 7.65586e-06 1.72465e-06 3.41622e-07 5.89115e-08 8.52437e-09 9.37517e-10 5.61048e-11 0 
0 9.30018e-05 0.000567904 0.00125104 0.00184799 0.00248421 0.00321168 0.00398945 0.00476701 0.00549715 0.00613751 0.00665287 0.00701743 0.00721623 0.00724563 0.0071128 0.00683432 0.0064341 0.0059409 0.00538579 0.00479972 0.00421165 0.00364713 0.00312798 0.00267242 0.0022936 0.00198922 0.0017176 0.00139137 0.000959176 0.000516542 0.00021164 6.79511e-05 1.79395e-05 4.04481e-06 7.92988e-07 1.34635e-07 1.914e-08 2.06723e-09 1.21542e-10 0 
0 0.000142655 0.000747746 0.00147409 0.00218479 0.00302841 0.00398945 0.00500742 0.00602118 0.00697146 0.00780412 0.00847403 0.00894831 0.00920749 0.00924578 0.0090722 0.00870925 0.00818853 0.00754697 0.00682434 0.00606039 0.00529202 0.00455139 0.00386489 0.00325335 0.00273315 0.00231494 0.0019885 0.00168884 0.00130301 0.000811086 0.000376811 0.000131032 3.59291e-05 8.18938e-06 1.59962e-06 2.68688e-07 3.7674e-08 4.00916e-09 2.32261e-10 0 
0 0.000193419 0.000890121 0.00166454 0.00252713 0.00357876 0.00476701 0.00602118 0.00726846 0.00843689 0.00946116 0.0102905 0.0108894 0.0112261 0.0112771 0.0110496 0.0105845 0.00993304 0.00914075 0.00825143 0.00731117 0.00636452 0.0054504 0.00460028 0.00383797 0.00318074 0.00264135 0.00222409 0.00189765 0.00155569 0.00108559 0.000570721 0.000217422 6.26483e-05 1.45573e-05 2.8496e-06 4.75637e-07 6.60183e-08 6.94424e-09 3.97525e-10 0 
0 0.000239574 0.000998036 0.0018371 0.00285526 0.00409845 0.00549715 0.00697146 0.00843689 0.0098105 0.0110256 0.0120419 0.0128035 0.0132311 0.013296 0.0130108 0.0124153 0.0115953 0.0106368 0.00958498 0.00847924 0.0073662 0.00629048 0.00528847 0.00438715 0.00360496 0.00295423 0.00244269 0.00205946 0.00172793 0.00130191 0.000760866 0.000317448 9.66639e-05 2.30258e-05 4.53715e-06 7.55312e-07 1.04114e-07 1.08564e-08 6.15746e-10 0 
0 0.000277776 0.00107893 0.00198961 0.00314664 0.00455547 0.00613751 0.00780412 0.00946116 0.0110256 0.0124491 0.0136461 0.0144485 0.0148423 0.0148977 0.0146405 0.014049 0.0131191 0.0119758 0.0107551 0.00949839 0.00823955 0.00702297 0.0058888 0.00486698 0.00397724 0.00323148 0.0026371 0.00219196 0.00184546 0.0014548 0.000921923 0.00041694 0.000134016 3.27886e-05 6.52051e-06 1.08553e-06 1.48995e-07 1.54411e-08 8.69823e-10 0 
0 0.00030667 0.00113789 0.00211407 0.00338271 0.0049238 0.00665287 0.00847403 0.0102905 0.0120419 0.0136461 0.0148241 0.0154989 0.0158159 0.0158582 0.0156467 0.0151553 0.0143128 0.0130979 0.0117125 0.0103158 0.00893682 0.00760741 0.00636772 0.00524986 0.00427476 0.00345417 0.00279438 0.00229613 0.00192541 0.00155463 0.00104226 0.000502601 0.000169317 4.24733e-05 8.52964e-06 1.42239e-06 1.94796e-07 2.01078e-08 1.12746e-09 0 
0 0.000326066 0.00117718 0.00220289 0.00355021 0.00518452 0.00701743 0.00894831 0.0108894 0.0128035 0.0144485 0.0154989 0.0160826 0.0163588 0.016394 0.0162048 0.0157714 0.0150298 0.0138822 0.0124106 0.0108937 0.00942345 0.00801428 0.00670072 0.00551577 0.0044812 0.0036087 0.00290369 0.00236744 0.00197504 0.00161314 0.00112049 0.000565296 0.000197331 5.05035e-05 1.02301e-05 1.70993e-06 2.34002e-07 2.41033e-08 1.34782e-09 0 
0 0.000336298 0.00119762 0.00225126 0.00364151 0.00532669 0.00721623 0.00920749 0.0112261 0.0132311 0.0148423 0.0158159 0.0163588 0.0166167 0.0166478 0.0164673 0.0160579 0.015363 0.0142761 0.0127931 0.0112045 0.0096793 0.00822671 0.00687372 0.00565312 0.00458706 0.00368714 0.00295827 0.00240161 0.00199647 0.0016385 0.00115962 0.000600461 0.000214213 5.55406e-05 1.13196e-05 1.89625e-06 2.59579e-07 2.67219e-08 1.49277e-09 0 
0 0.000337866 0.00119979 0.00225766 0.00365463 0.00534761 0.00724563 0.00924578 0.0112771 0.013296 0.0148977 0.0158582 0.016394 0.0166478 0.0166768 0.0164957 0.0160879 0.0153977 0.0143187 0.0128341 0.0112328 0.00969899 0.00824088 0.00688338 0.00565896 0.00458969 0.00368703 0.00295565 0.00239661 0.00199026 0.0016352 0.00116321 0.000607013 0.00021811 5.68302e-05 1.16164e-05 1.94934e-06 2.67138e-07 2.75213e-08 1.53838e-09 0 
0 0.000331291 0.00118473 0.00222384 0.00359287 0.0052524 0.0071128 0.0090722 0.0110496 0.0130108 0.0146405 0.0156467 0.0162048 0.0164673 0.0164957 0.016306 0.0158795 0.0151565 0.0140329 0.012545 0.0109886 0.00949274 0.00806543 0.00673651 0.00553845 0.00449278 0.00361076 0.00289713 0.0023529 0.00195683 0.00160495 0.00113372 0.000586217 0.000209226 5.43565e-05 1.11085e-05 1.86636e-06 2.5624e-07 2.64548e-08 1.48207e-09 0 
0 0.000317087 0.00115392 0.00215434 0.00346412 0.00505303 0.00683432 0.00870925 0.0105845 0.0124153 0.014049 0.0151553 0.0157714 0.0160579 0.0160879 0.0158795 0.0154105 0.0146127 0.013414 0.0119671 0.0105073 0.00908484 0.0077197 0.00644862 0.00530358 0.00430526 0.00346466 0.00278686 0.00227268 0.00189643 0.00154713 0.00107249 0.000541167 0.000189581 4.87953e-05 9.9467e-06 1.67305e-06 2.30362e-07 2.38704e-08 1.34264e-09 0 
0 0.000295807 0.00110905 0.00205594 0.00327991 0.00476678 0.0064341 0.00818853 0.00993304 0.0115953 0.0131191 0.0143128 0.0150298 0.015363 0.0153977 0.0151565 0.0146127 0.0137103 0.0124978 0.0111739 0.00983579 0.00850912 0.00723113 0.00604173 0.00497139 0.00403973 0.00325756 0.00263052 0.00215852 0.00180793 0.00145882 0.00098068 0.000476874 0.000162607 4.13087e-05 8.39313e-06 1.41455e-06 1.95646e-07 2.03873e-08 1.15373e-09 0 
0 0.000268149 0.00105135 0.00193684 0.00305428 0.00441454 0.0059409 0.00754697 0.00914075 0.0106368 0.0119758 0.0130979 0.0138822 0.0142761 0.0143187 0.0140329 0.013414 0.0124978 0.0114069 0.0102348 0.00902062 0.00780481 0.00663239 0.00554196 0.00456189 0.00371067 0.00299912 0.0024335 0.00201109 0.00168684 0.00133522 0.000861203 0.000400575 0.000132584 3.32541e-05 6.74633e-06 1.14192e-06 1.59052e-07 1.67101e-08 9.53786e-10 0 
0 0.000235104 0.000981012 0.00180564 0.00280273 0.00401895 0.00538579 0.00682434 0.00825143 0.00958498 0.0107551 0.0117125 0.0124106 0.0127931 0.0128341 0.012545 0.0119671 0.0111739 0.0102348 0.00919775 0.00810816 0.0070138 0.00595832 0.004977 0.00409589 0.0033325 0.0026979 0.0021984 0.00182601 0.0015237 0.00117202 0.000721528 0.000321637 0.000103924 2.5888e-05 5.27039e-06 8.99664e-07 1.26627e-07 1.34518e-08 7.76314e-10 0 
0 0.000198129 0.000896814 0.00166974 0.00254116 0.00360284 0.00479972 0.00606039 0.00731117 0.00847924 0.00949839 0.0103158 0.0108937 0.0112045 0.0112328 0.0109886 0.0105073 0.00983579 0.00902062 0.00810816 0.0071456 0.00617767 0.00524329 0.00437391 0.00359324 0.00291794 0.00235922 0.00192187 0.00159113 0.00130619 0.00097162 0.00057597 0.000250476 8.03918e-05 2.01426e-05 4.14859e-06 7.1774e-07 1.02388e-07 1.10159e-08 6.43213e-10 0 
0 0.000159248 0.000796532 0.00153302 0.00228481 0.00318792 0.00421165 0.00529202 0.00636452 0.0073662 0.00823955 0.00893682 0.00942345 0.0096793 0.00969899 0.00949274 0.00908484 0.00850912 0.00780481 0.0070138 0.00617767 0.00533493 0.00451906 0.0037575 0.00307156 0.00247697 0.00198408 0.0015947 0.00129275 0.00103268 0.000751951 0.000444439 0.000196211 6.44498e-05 1.65184e-05 3.46717e-06 6.08972e-07 8.79203e-08 9.55045e-09 5.61931e-10 0 
0 0.000120978 0.000678731 0.00139292 0.00204646 0.00279409 0.00364713 0.00455139 0.0054504 0.00629048 0.00702297 0.00760741 0.00801428 0.00822671 0.00824088 0.00806543 0.0077197 0.00723113 0.00663239 0.00595832 0.00524329 0.00451906 0.0038134 0.00314954 0.00254658 0.0020201 0.00158083 0.00123051 0.0009593 0.000744817 0.000549072 0.000343883 0.000163236 5.67869e-05 1.50693e-05 3.21945e-06 5.69844e-07 8.24701e-08 8.9548e-09 5.25827e-10 0 
0 8.60093e-05 0.000545718 0.0012387 0.00183226 0.00243869 0.00312798 0.00386489 0.00460028 0.00528847 0.0058888 0.00636772 0.00670072 0.00687372 0.00688338 0.00673651 0.00644862 0.00604173 0.00554196 0.004977 0.00437391 0.0037575 0.00314954 0.00256951 0.00203871 0.00158654 0.00124158 0.000993507 0.000786969 0.000590091 0.000421077 0.000279304 0.000148111 5.59738e-05 1.54028e-05 3.31184e-06 5.82015e-07 8.32254e-08 8.91829e-09 5.16902e-10 0 
0 5.6649e-05 0.000406136 0.00105479 0.00163451 0.00213385 0.00267242 0.00325335 0.00383797 0.00438715 0.00486698 0.00524986 0.00551577 0.00565312 0.00565896 0.00553845 0.00530358 0.00497139 0.00456189 0.00409589 0.00359324 0.00307156 0.00254658 0.00203871 0.00159816 0.00133138 0.00131737 0.0014252 0.00135506 0.000995559 0.000565618 0.000287835 0.000146074 5.88869e-05 1.66984e-05 3.56729e-06 6.14152e-07 8.5803e-08 8.9934e-09 5.10912e-10 0 
0 3.42393e-05 0.000274416 0.000833005 0.00142553 0.00187728 0.0022936 0.00273315 0.00318074 0.00360496 0.00397724 0.00427476 0.0044812 0.00458706 0.00458969 0.00449278 0.00430526 0.00403973 0.00371067 0.0033325 0.00291794 0.00247697 0.0020201 0.00158654 0.00133138 0.00156405 0.00246572 0.00358842 0.00400542 0.0028012 0.00142581 0.00052774 0.000178736 6.38988e-05 1.79585e-05 3.75475e-06 6.27878e-07 8.53115e-08 8.72458e-09 4.85155e-10 0 
0 1.88409e-05 0.000165589 0.00058827 0.00116721 0.00163684 0.00198922 0.00231494 0.00264135 0.00295423 0.00323148 0.00345417 0.0036087 0.00368714 0.00368703 0.00361076 0.00346466 0.00325756 0.00299912 0.0026979 0.00235922 0.00198408 0.00158083 0.00124158 0.00131737 0.00246572 0.00516192 0.00940942 0.01036 0.00727752 0.00329022 0.00111383 0.00028258 7.3152e-05 1.84467e-05 3.66873e-06 5.91495e-07 7.81979e-08 7.82492e-09 4.27313e-10 0 
0 9.3861e-06 8.82647e-05 0.000359907 0.000848204 0.00134972 0.0017176 0.0019885 0.00222409 0.00244269 0.0026371 0.00279438 0.00290369 0.00295827 0.00295565 0.00289713 0.00278686 0.00263052 0.0024335 0.0021984 0.00192187 0.0015947 0.00123051 0.000993507 0.0014252 0.00358842 0.00940942 0.0116408 0.0119146 0.0110363 0.00609252 0.00178529 0.000412439 8.33844e-05 1.75679e-05 3.21291e-06 4.96158e-07 6.40789e-08 6.31513e-09 3.4084e-10 0 
0 4.22076e-06 4.13867e-05 0.000187257 0.000518831 0.000975804 0.00139137 0.00168884 0.00189765 0.00205946 0.00219196 0.00229613 0.00236744 0.00240161 0.00239661 0.0023529 0.00227268 0.00215852 0.00201109 0.00182601 0.00159113 0.00129275 0.0009593 0.000786969 0.00135506 0.00400542 0.01036 0.0119146 0.0121178 0.0113928 0.00729739 0.0019663 0.000442718 8.05262e-05 1.46246e-05 2.43968e-06 3.61652e-07 4.60111e-08 4.5072e-09 2.42434e-10 0 
0 1.71224e-06 1.71027e-05 8.26527e-05 0.000259371 0.000574741 0.000959176 0.00130301 0.00155569 0.00172793 0.00184546 0.00192541 0.00197504 0.00199647 0.00199026 0.00195683 0.00189643 0.00180793 0.00168684 0.0015237 0.00130619 0.00103268 0.000744817 0.000590091 0.000995559 0.0028012 0.00727752 0.0110363 0.0113928 0.0100247 0.00452039 0.00145668 0.00032806 5.87369e-05 9.90304e-06 1.55211e-06 2.25e-07 2.85952e-08 2.8154e-09 1.52329e-10 0 
0 6.27278e-07 6.26441e-06 3.12589e-05 0.00010605 0.000266171 0.000516542 0.000811086 0.00108559 0.00130191 0.0014548 0.00155463 0.00161314 0.0016385 0.0016352 0.00160495 0.00154713 0.00145882 0.00133522 0.00117202 0.00097162 0.000751951 0.000549072 0.000421077 0.000565618 0.00142581 0.00329022 0.00609252 0.00729739 0.00452039 0.00218688 0.000723711 0.000167296 3.12206e-05 5.21172e-06 8.08252e-07 1.1831e-07 1.52914e-08 1.53114e-09 8.41132e-11 0 
0 2.07866e-07 2.04782e-06 1.02857e-05 3.62244e-05 9.7936e-05 0.00021164 0.000376811 0.000570721 0.000760866 0.000921923 0.00104226 0.00112049 0.00115962 0.00116321 0.00113372 0.00107249 0.00098068 0.000861203 0.000721528 0.00057597 0.000444439 0.000343883 0.000279304 0.000287835 0.00052774 0.00111383 0.00178529 0.0019663 0.00145668 0.000723711 0.000245068 6.07637e-05 1.22001e-05 2.12197e-06 3.44268e-07 5.26089e-08 7.03317e-09 7.23924e-10 4.07236e-11 0 
0 6.23768e-08 6.00909e-07 2.98744e-06 1.06131e-05 2.96547e-05 6.79511e-05 0.000131032 0.000217422 0.000317448 0.00041694 0.000502601 0.000565296 0.000600461 0.000607013 0.000586217 0.000541167 0.000476874 0.000400575 0.000321637 0.000250476 0.000196211 0.000163236 0.000148111 0.000146074 0.000178736 0.00028258 0.000412439 0.000442718 0.00032806 0.000167296 6.07637e-05 1.6627e-05 3.63561e-06 6.91048e-07 1.22407e-07 1.99552e-08 2.79107e-09 2.97773e-10 1.72746e-11 0 
0 1.69407e-08 1.58761e-07 7.73467e-07 2.72373e-06 7.65586e-06 1.79395e-05 3.59291e-05 6.26483e-05 9.66639e-05 0.000134016 0.000169317 0.000197331 0.000214213 0.00021811 0.000209226 0.000189581 0.000162607 0.000132584 0.000103924 8.03918e-05 6.44498e-05 5.67869e-05 5.59738e-05 5.88869e-05 6.38988e-05 7.3152e-05 8.33844e-05 8.05262e-05 5.87369e-05 3.12206e-05 1.22001e-05 3.63561e-06 8.84537e-07 1.90067e-07 3.73061e-08 6.52235e-09 9.59308e-10 1.0667e-10 6.41583e-12 0 
0 4.14841e-09 3.772e-08 1.79127e-07 6.19296e-07 1.72465e-06 4.04481e-06 8.18938e-06 1.45573e-05 2.30258e-05 3.27886e-05 4.24733e-05 5.05035e-05 5.55406e-05 5.68302e-05 5.43565e-05 4.87953e-05 4.13087e-05 3.32541e-05 2.5888e-05 2.01426e-05 1.65184e-05 1.50693e-05 1.54028e-05 1.66984e-05 1.79585e-05 1.84467e-05 1.75679e-05 1.46246e-05 9.90304e-06 5.21172e-06 2.12197e-06 6.91048e-07 1.90067e-07 4.60575e-08 9.90059e-09 1.84697e-09 2.85983e-10 3.32498e-11 2.08088e-12 0 
0 9.07374e-10 7.99741e-09 3.69317e-08 1.24773e-07 3.41622e-07 7.92988e-07 1.59962e-06 2.8496e-06 4.53715e-06 6.52051e-06 8.52964e-06 1.02301e-05 1.13196e-05 1.16164e-05 1.11085e-05 9.9467e-06 8.39313e-06 6.74633e-06 5.27039e-06 4.14859e-06 3.46717e-06 3.21945e-06 3.31184e-06 3.56729e-06 3.75475e-06 3.66873e-06 3.21291e-06 2.43968e-06 1.55211e-06 8.08252e-07 3.44268e-07 1.22407e-07 3.73061e-08 9.90059e-09 2.28611e-09 4.52021e-10 7.36443e-11 8.96548e-12 5.85017e-13 0 
0 1.73763e-10 1.48484e-09 6.66403e-09 2.19607e-08 5.89115e-08 1.34635e-07 2.68688e-07 4.75637e-07 7.55312e-07 1.08553e-06 1.42239e-06 1.70993e-06 1.89625e-06 1.94934e-06 1.86636e-06 1.67305e-06 1.41455e-06 1.14192e-06 8.99664e-07 7.1774e-07 6.08972e-07 5.69844e-07 5.82015e-07 6.14152e-07 6.27878e-07 5.91495e-07 4.96158e-07 3.61652e-07 2.25e-07 1.1831e-07 5.26089e-08 1.99552e-08 6.52235e-09 1.84697e-09 4.52021e-10 9.42679e-11 1.61391e-11 2.05742e-12 1.40079e-13 0 
0 2.79186e-11 2.31508e-10 1.01031e-09 3.24687e-09 8.52437e-09 1.914e-08 3.7674e-08 6.60183e-08 1.04114e-07 1.48995e-07 1.94796e-07 2.34002e-07 2.59579e-07 2.67138e-07 2.5624e-07 2.30362e-07 1.95646e-07 1.59052e-07 1.26627e-07 1.02388e-07 8.79203e-08 8.24701e-08 8.32254e-08 8.5803e-08 8.53115e-08 7.81979e-08 6.40789e-08 4.60111e-08 2.85952e-08 1.52914e-08 7.03317e-09 2.79107e-09 9.59308e-10 2.85983e-10 7.36443e-11 1.61391e-11 2.89784e-12 3.86449e-13 2.74458e-14 0 
0 3.39798e-12 2.738e-11 1.16317e-10 3.6481e-10 9.37517e-10 2.06723e-09 4.00916e-09 6.94424e-09 1.08564e-08 1.54411e-08 2.01078e-08 2.41033e-08 2.67219e-08 2.75213e-08 2.64548e-08 2.38704e-08 2.03873e-08 1.67101e-08 1.34518e-08 1.10159e-08 9.55045e-09 8.9548e-09 8.91829e-09 8.9934e-09 8.72458e-09 7.82492e-09 6.31513e-09 4.5072e-09 2.8154e-09 1.53114e-09 7.23924e-10 2.97773e-10 1.0667e-10 3.32498e-11 8.96548e-12 2.05742e-12 3.86449e-13 5.38192e-14 3.98297e-15 0 
0 2.23885e-13 1.75577e-12 7.27182e-12 2.22847e-11 5.61048e-11 1.21542e-10 2.32261e-10 3.97525e-10 6.15746e-10 8.69823e-10 1.12746e-09 1.34782e-09 1.49277e-09 1.53838e-09 1.48207e-09 1.34264e-09 1.15373e-09 9.53786e-10 7.76314e-10 6.43213e-10 5.61931e-10 5.25827e-10 5.16902e-10 5.10912e-10 4.85155e-10 4.27313e-10 3.4084e-10 2.42434e-10 1.52329e-10 8.41132e-11 4.07236e-11 1.72746e-11 6.41583e-12 2.08088e-12 5.85017e-13 1.40079e-13 2.74458e-14 3.98297e-15 3.0669e-16 0 
0 0 0 0 0 0 0 0 0 0 0 0 0 0 0 0 0 0 0 0 0 0 0 0 0 0 0 0 0 0 0 0 0 0 0 0 0 0 0 0 0 
