0 0 0 0 0 0 0 0 0 0 0 0 0 0 0 0 0 0 0 0 0 0 0 0 0 0 0 0 0 0 0 0 0 0 0 0 0 0 0 0 0 
0 3.33464e-07 2.98324e-06 1.32535e-05 4.05792e-05 9.53747e-05 0.000182843 0.000299151 0.000432986 0.000569991 0.00069656 0.000801798 0.000878111 0.000921132 0.000929431 0.00090416 0.00084868 0.000768182 0.000669266 0.000559496 0.000446854 0.000339072 0.000242827 0.000162914 0.000101597 5.84481e-05 3.08122e-05 1.48084e-05 6.46753e-06 2.5635e-06 9.22183e-07 3.0128e-07 8.94135e-08 2.40748e-08 5.85572e-09 1.27405e-09 2.42966e-10 3.89087e-11 4.72317e-12 3.10544e-13 0 
0 2.98324e-06 2.73443e-05 0.000120366 0.000350334 0.000756529 0.00131173 0.00194618 0.00259048 0.00319294 0.0037173 0.00413756 0.00443559 0.00460094 0.00463105 0.00453104 0.00431285 0.00399366 0.00359416 0.00313686 0.00264494 0.00214199 0.00165231 0.00120097 0.000811941 0.000503582 0.000282871 0.000142501 6.40412e-05 2.56595e-05 9.19249e-06 2.95744e-06 8.57803e-07 2.24694e-07 5.3042e-08 1.11911e-08 2.07002e-09 3.21813e-10 3.79742e-11 2.4308e-12 0 
0 1.32535e-05 0.000120366 0.000496951 0.00129003 0.00244442 0.00378812 0.0051874 0.00655982 0.00783898 0.0089612 0.00986886 0.0105168 0.0108773 0.0109419 0.0107214 0.0102432 0.00954819 0.00868543 0.00770723 0.00666403 0.00560024 0.0045521 0.00354898 0.00261894 0.00179555 0.0011183 0.000618827 0.000299336 0.00012578 4.60765e-05 1.48529e-05 4.2559e-06 1.09175e-06 2.512e-07 5.15485e-08 9.26931e-09 1.40163e-09 1.61052e-10 1.00532e-11 0 
0 4.05792e-05 0.000350334 0.00129003 0.00291704 0.00496337 0.00722585 0.00959441 0.011958 0.0141892 0.0161608 0.0177614 0.0189062 0.0195434 0.0196571 0.0192662 0.01842 0.017192 0.0156711 0.0139537 0.0121344 0.0102989 0.00851746 0.0068403 0.00529656 0.00390141 0.00267338 0.00165229 0.000890869 0.000408888 0.000158678 5.25763e-05 1.51313e-05 3.84096e-06 8.67154e-07 1.73872e-07 3.04996e-08 4.49841e-09 5.04531e-10 3.07784e-11 0 
0 9.53747e-05 0.000756529 0.00244442 0.00496337 0.00799097 0.0113818 0.0149864 0.0186095 0.0220393 0.0250736 0.0275381 0.0293011 0.0302825 0.0304574 0.0298549 0.0285512 0.0266596 0.024318 0.0216754 0.0188796 0.0160655 0.0133472 0.0108114 0.00851336 0.0064746 0.00469008 0.00315283 0.0018909 0.000968217 0.000410723 0.000143932 4.24641e-05 1.08075e-05 2.41435e-06 4.75731e-07 8.17536e-08 1.18014e-08 1.29575e-09 7.74482e-11 0 
0 0.000182843 0.00131173 0.00378812 0.00722585 0.0113818 0.0160984 0.021137 0.026209 0.031013 0.035264 0.0387172 0.0411878 0.0425635 0.0428087 0.0419638 0.0401364 0.0374857 0.0342049 0.0305032 0.0265879 0.0226493 0.0188487 0.0153118 0.0121236 0.00932707 0.00692263 0.00487665 0.00315678 0.00178668 0.000839111 0.000318055 9.81607e-05 2.54068e-05 5.66843e-06 1.10454e-06 1.86823e-07 2.64936e-08 2.85668e-09 1.67761e-10 0 
0 0.000299151 0.00194618 0.0051874 0.00959441 0.0149864 0.021137 0.0277157 0.0343402 0.0406156 0.0461703 0.0506948 0.0539703 0.055838 0.0561773 0.0550183 0.052569 0.0490786 0.0447868 0.0399508 0.034837 0.0296936 0.0247324 0.0201184 0.0159658 0.0123379 0.00924784 0.00666064 0.00450878 0.00274678 0.00141589 0.000585622 0.000191923 5.11683e-05 1.15035e-05 2.23048e-06 3.73046e-07 5.21666e-08 5.54176e-09 3.20668e-10 0 
0 0.000432986 0.00259048 0.00655982 0.011958 0.0186095 0.026209 0.0343402 0.042529 0.0502905 0.0572177 0.0631603 0.0679808 0.0709488 0.0715076 0.069654 0.0658569 0.0609687 0.0554776 0.0494695 0.0431461 0.0367889 0.0306578 0.0249574 0.01983 0.0153566 0.0115607 0.00841177 0.00583092 0.00372378 0.00206417 0.000926713 0.000324518 8.99175e-05 2.05196e-05 3.98057e-06 6.61099e-07 9.14871e-08 9.60514e-09 5.49166e-10 0 
0 0.000569991 0.00319294 0.00783898 0.0141892 0.0220393 0.031013 0.0406156 0.0502905 0.0595413 0.0683871 0.0767558 0.0825762 0.0854034 0.085909 0.0842953 0.0802497 0.0736326 0.0659911 0.0585373 0.0510225 0.0435124 0.0362725 0.029542 0.0234898 0.0182125 0.0137413 0.0100485 0.00705203 0.00463234 0.0027026 0.00129874 0.000484689 0.000140073 3.25985e-05 6.35282e-06 1.05143e-06 1.44446e-07 1.5031e-08 8.51386e-10 0 
0 0.00069656 0.0037173 0.0089612 0.0161608 0.0250736 0.035264 0.0461703 0.0572177 0.0683871 0.0797646 0.0875657 0.0916593 0.0936076 0.0939821 0.0929017 0.090161 0.0850593 0.0765998 0.0669187 0.0580323 0.0494661 0.041243 0.0336006 0.0267292 0.0207393 0.0156679 0.011488 0.00811571 0.00541926 0.00327045 0.00165466 0.00065224 0.000196254 4.66476e-05 9.15475e-06 1.51389e-06 2.0701e-07 2.14051e-08 1.20407e-09 0 
0 0.000801798 0.00413756 0.00986886 0.0177614 0.0275381 0.0387172 0.0506948 0.0631603 0.0767558 0.0875657 0.0933777 0.0965952 0.098192 0.0985162 0.0976483 0.0954698 0.0915773 0.0849525 0.0745903 0.063907 0.0543181 0.0452838 0.0368999 0.0293625 0.0227931 0.0172329 0.0126548 0.00897276 0.00604859 0.00372906 0.00195609 0.000804558 0.000250535 6.07267e-05 1.20101e-05 1.98769e-06 2.71093e-07 2.79156e-08 1.56288e-09 0 
0 0.000878111 0.00443559 0.0105168 0.0189062 0.0293011 0.0411878 0.0539703 0.0679808 0.0825762 0.0916593 0.0965952 0.0994349 0.100874 0.101176 0.100406 0.098478 0.0951015 0.0895573 0.080295 0.0684457 0.0578273 0.0481792 0.0392633 0.031249 0.0242645 0.0183541 0.0134901 0.00958444 0.00649542 0.00405579 0.00217737 0.00092237 0.00029465 7.25419e-05 1.44457e-05 2.39468e-06 3.26261e-07 3.35205e-08 1.87151e-09 0 
0 0.000921132 0.00460094 0.0108773 0.0195434 0.0302825 0.0425635 0.055838 0.0709488 0.0854034 0.0936076 0.098192 0.100874 0.102247 0.10254 0.101812 0.099991 0.0968284 0.0917227 0.0832401 0.0711723 0.0598211 0.0497974 0.0405836 0.0323033 0.0250872 0.0189813 0.0139576 0.00992681 0.00674538 0.00423951 0.00230464 0.000992831 0.00032208 8.00939e-05 1.60285e-05 2.66177e-06 3.62701e-07 3.72412e-08 2.07729e-09 0 
0 0.000929431 0.00463105 0.0109419 0.0196571 0.0304574 0.0428087 0.0561773 0.0715076 0.085909 0.0939821 0.0985162 0.101176 0.10254 0.102832 0.102111 0.100305 0.0971743 0.0921332 0.0837759 0.0716919 0.0601914 0.0500953 0.0408274 0.032499 0.0252408 0.0190994 0.0140467 0.00999323 0.00679547 0.00427846 0.00233381 0.00101036 0.000329401 8.22249e-05 1.64956e-05 2.74369e-06 3.74282e-07 3.8465e-08 2.14733e-09 0 
0 0.00090416 0.00453104 0.0107214 0.0192662 0.0298549 0.0419638 0.0550183 0.069654 0.0842953 0.0929017 0.0976483 0.100406 0.101812 0.102111 0.101364 0.0994929 0.0962324 0.0909312 0.0820803 0.0700138 0.0589774 0.0491192 0.0400335 0.0318671 0.0247498 0.0187271 0.0137715 0.00979452 0.00665414 0.00417913 0.00226884 0.000976284 0.000316741 7.88901e-05 1.5828e-05 2.63652e-06 3.60442e-07 3.71363e-08 2.07879e-09 0 
0 0.00084868 0.00431285 0.0102432 0.01842 0.0285512 0.0401364 0.052569 0.0658569 0.0802497 0.090161 0.0954698 0.098478 0.099991 0.100305 0.0994929 0.0974552 0.0938592 0.0878676 0.0779933 0.0665251 0.0563796 0.0469962 0.038304 0.0304894 0.023678 0.0179134 0.0131686 0.00935728 0.0063404 0.00395561 0.00212078 0.000898098 0.000287514 7.11102e-05 1.42461e-05 2.37749e-06 3.26214e-07 3.3762e-08 1.89933e-09 0 
0 0.000768182 0.00399366 0.00954819 0.017192 0.0266596 0.0374857 0.0490786 0.0609687 0.0736326 0.0850593 0.0915773 0.0951015 0.0968284 0.0971743 0.0962324 0.0938592 0.0895686 0.0821914 0.0717907 0.0618457 0.0526571 0.0439133 0.035791 0.0284874 0.0221208 0.0167312 0.0122924 0.00872087 0.00588222 0.00362915 0.00190748 0.000788508 0.000247627 6.06644e-05 1.21364e-05 2.03243e-06 2.80546e-07 2.92473e-08 1.65839e-09 0 
0 0.000669266 0.00359416 0.00868543 0.0156711 0.024318 0.0342049 0.0447868 0.0554776 0.0659911 0.0765998 0.0849525 0.0895573 0.0917227 0.0921332 0.0909312 0.0878676 0.0821914 0.0736935 0.0648122 0.056366 0.0480742 0.0400963 0.0326795 0.0260096 0.0201942 0.0152694 0.0112096 0.00793389 0.00531521 0.00322868 0.00165392 0.000664331 0.000204359 4.96497e-05 9.94603e-06 1.67716e-06 2.33769e-07 2.46413e-08 1.41345e-09 0 
0 0.000559496 0.00313686 0.00770723 0.0139537 0.0216754 0.0305032 0.0399508 0.0494695 0.0585373 0.0669187 0.0745903 0.080295 0.0832401 0.0837759 0.0820803 0.0779933 0.0717907 0.0648122 0.0576589 0.0502922 0.0429093 0.0357897 0.02917 0.0232165 0.0180247 0.0136257 0.00999376 0.00705146 0.00468314 0.00279329 0.00139289 0.000545015 0.000165152 4.00542e-05 8.08449e-06 1.38029e-06 1.95202e-07 2.08886e-08 1.21609e-09 0 
0 0.000446854 0.00264494 0.00666403 0.0121344 0.0188796 0.0265879 0.034837 0.0431461 0.0510225 0.0580323 0.063907 0.0684457 0.0711723 0.0716919 0.0700138 0.0665251 0.0618457 0.056366 0.0502922 0.0438877 0.0374476 0.0312364 0.0254618 0.0202682 0.0157385 0.0118982 0.00872129 0.00613568 0.00404289 0.00237702 0.0011651 0.000450679 0.000136575 3.34624e-05 6.86079e-06 1.19203e-06 1.7151e-07 1.86496e-08 1.10143e-09 0 
0 0.000339072 0.00214199 0.00560024 0.0102989 0.0160655 0.0226493 0.0296936 0.0367889 0.0435124 0.0494661 0.0543181 0.0578273 0.0598211 0.0601914 0.0589774 0.0563796 0.0526571 0.0480742 0.0429093 0.0374476 0.0319554 0.0266597 0.0217376 0.0173125 0.0134548 0.0101852 0.00747811 0.00526896 0.00347728 0.00205256 0.00101583 0.000399513 0.000123613 3.09253e-05 6.45791e-06 1.13898e-06 1.65816e-07 1.81914e-08 1.08127e-09 0 
0 0.000242827 0.00165231 0.0045521 0.00851746 0.0133472 0.0188487 0.0247324 0.0306578 0.0362725 0.041243 0.0452838 0.0481792 0.0497974 0.0500953 0.0491192 0.0469962 0.0439133 0.0400963 0.0357897 0.0312364 0.0266597 0.0222494 0.0181545 0.0144818 0.0112999 0.00863348 0.00644428 0.00464012 0.00313826 0.00191131 0.000985543 0.000404334 0.000129145 3.28905e-05 6.91693e-06 1.22046e-06 1.77079e-07 1.93196e-08 1.14052e-09 0 
0 0.000162914 0.00120097 0.00354898 0.0068403 0.0108114 0.0153118 0.0201184 0.0249574 0.029542 0.0336006 0.0368999 0.0392633 0.0405836 0.0408274 0.0400335 0.038304 0.035791 0.0326795 0.02917 0.0254618 0.0217376 0.0181545 0.0148424 0.0119239 0.00953858 0.00776825 0.00642889 0.00509952 0.00360029 0.00218886 0.00113177 0.000474378 0.000153813 3.90644e-05 8.09785e-06 1.40212e-06 1.99458e-07 2.13474e-08 1.2376e-09 0 
0 0.000101597 0.000811941 0.00261894 0.00529656 0.00851336 0.0121236 0.0159658 0.01983 0.0234898 0.0267292 0.0293625 0.031249 0.0323033 0.032499 0.0318671 0.0304894 0.0284874 0.0260096 0.0232165 0.0202682 0.0173125 0.0144818 0.0119239 0.00992412 0.00903907 0.00967468 0.0108862 0.0104704 0.00763766 0.00414982 0.0017876 0.000657376 0.000199973 4.84834e-05 9.63993e-06 1.61098e-06 2.22343e-07 2.31753e-08 1.31247e-09 0 
0 5.84481e-05 0.000503582 0.00179555 0.00390141 0.0064746 0.00932707 0.0123379 0.0153566 0.0182125 0.0207393 0.0227931 0.0242645 0.0250872 0.0252408 0.0247498 0.023678 0.0221208 0.0201942 0.0180247 0.0157385 0.0134548 0.0112999 0.00953858 0.00903907 0.0118021 0.0193689 0.0301187 0.0358478 0.0222817 0.011266 0.00403959 0.00113984 0.000282293 6.02367e-05 1.1018e-05 1.74693e-06 2.32723e-07 2.36e-08 1.30598e-09 0 
0 3.08122e-05 0.000282871 0.0011183 0.00267338 0.00469008 0.00692263 0.00924784 0.0115607 0.0137413 0.0156679 0.0172329 0.0183541 0.0189813 0.0190994 0.0187271 0.0179134 0.0167312 0.0152694 0.0136257 0.0118982 0.0101852 0.00863348 0.00776825 0.00967468 0.0193689 0.0434507 0.0766304 0.0801179 0.0633074 0.0262332 0.00882147 0.00212005 0.000416119 7.29499e-05 1.16767e-05 1.72027e-06 2.20628e-07 2.18388e-08 1.18591e-09 0 
0 1.48084e-05 0.000142501 0.000618827 0.00165229 0.00315283 0.00487665 0.00666064 0.00841177 0.0100485 0.011488 0.0126548 0.0134901 0.0139576 0.0140467 0.0137715 0.0131686 0.0122924 0.0112096 0.00999376 0.00872129 0.00747811 0.00644428 0.00642889 0.0108862 0.0301187 0.0766304 0.0870352 0.0883443 0.0830331 0.0535752 0.0142105 0.00322133 0.000550458 8.06832e-05 1.10856e-05 1.49674e-06 1.84961e-07 1.79863e-08 9.65053e-10 0 
0 6.46753e-06 6.40412e-05 0.000299336 0.000890869 0.0018909 0.00315678 0.00450878 0.00583092 0.00705203 0.00811571 0.00897276 0.00958444 0.00992681 0.00999323 0.00979452 0.00935728 0.00872087 0.00793389 0.00705146 0.00613568 0.00526896 0.00464012 0.00509952 0.0104704 0.0358477 0.0801179 0.0883443 0.0894506 0.0852292 0.0635318 0.0157039 0.00348575 0.00056147 7.36681e-05 8.9662e-06 1.12192e-06 1.34855e-07 1.3008e-08 6.95616e-10 0 
0 2.5635e-06 2.56595e-05 0.00012578 0.000408888 0.000968217 0.00178668 0.00274678 0.00372378 0.00463234 0.00541926 0.00604859 0.00649542 0.00674538 0.00679547 0.00665414 0.0063404 0.00588222 0.00531521 0.00468314 0.00404289 0.00347728 0.00313826 0.00360029 0.00763766 0.0222817 0.0633074 0.0830331 0.0852292 0.0788415 0.0387579 0.011602 0.00257588 0.000408657 5.11449e-05 5.86231e-06 7.07945e-07 8.45592e-08 8.19476e-09 4.40994e-10 0 
0 9.22183e-07 9.19249e-06 4.60765e-05 0.000158678 0.000410723 0.000839111 0.00141589 0.00206417 0.0027026 0.00327045 0.00372906 0.00405579 0.00423951 0.00427846 0.00417913 0.00395561 0.00362915 0.00322868 0.00279329 0.00237702 0.00205256 0.00191131 0.00218886 0.00414982 0.011266 0.0262332 0.0535752 0.0635318 0.0387579 0.0174321 0.00575078 0.0012896 0.000207004 2.59745e-05 3.0074e-06 3.7134e-07 4.53664e-08 4.48012e-09 2.4498e-10 0 
0 3.0128e-07 2.95744e-06 1.48529e-05 5.25763e-05 0.000143932 0.000318055 0.000585622 0.000926713 0.00129874 0.00165466 0.00195609 0.00217737 0.00230464 0.00233381 0.00226884 0.00212078 0.00190748 0.00165392 0.00139289 0.0011651 0.00101583 0.000985543 0.00113177 0.0017876 0.00403959 0.00882147 0.0142105 0.0157039 0.011602 0.00575078 0.00191868 0.000441214 7.32584e-05 9.68126e-06 1.21791e-06 1.62636e-07 2.08542e-08 2.12481e-09 1.19092e-10 0 
0 8.94135e-08 8.57803e-07 4.2559e-06 1.51313e-05 4.24641e-05 9.81607e-05 0.000191923 0.000324518 0.000484689 0.00065224 0.000804558 0.00092237 0.000992831 0.00101036 0.000976284 0.000898098 0.000788508 0.000664331 0.000545015 0.000450679 0.000399513 0.000404334 0.000474378 0.000657376 0.00113984 0.00212005 0.00322133 0.00348575 0.00257588 0.0012896 0.000441214 0.000105658 1.87078e-05 2.77288e-06 4.05047e-07 6.05374e-08 8.25971e-09 8.7562e-10 5.0658e-11 0 
0 2.40748e-08 2.24694e-07 1.09175e-06 3.84096e-06 1.08075e-05 2.54068e-05 5.11683e-05 8.99175e-05 0.000140073 0.000196254 0.000250535 0.00029465 0.00032208 0.000329401 0.000316741 0.000287514 0.000247627 0.000204359 0.000165152 0.000136575 0.000123613 0.000129145 0.000153813 0.000199973 0.000282293 0.000416119 0.000550458 0.00056147 0.000408657 0.000207004 7.32584e-05 1.87078e-05 3.73579e-06 6.65354e-07 1.16483e-07 1.95013e-08 2.83435e-09 3.14032e-10 1.88497e-11 0 
0 5.85572e-09 5.3042e-08 2.512e-07 8.67154e-07 2.41435e-06 5.66843e-06 1.15035e-05 2.05196e-05 3.25985e-05 4.66476e-05 6.07267e-05 7.25419e-05 8.00939e-05 8.22249e-05 7.88901e-05 7.11102e-05 6.06644e-05 4.96497e-05 4.00542e-05 3.34624e-05 3.09253e-05 3.28905e-05 3.90644e-05 4.84834e-05 6.02367e-05 7.29499e-05 8.06832e-05 7.36681e-05 5.11449e-05 2.59745e-05 9.68126e-06 2.77288e-06 6.65354e-07 1.45839e-07 2.98589e-08 5.47903e-09 8.44252e-10 9.79567e-11 6.12119e-12 0 
0 1.27405e-09 1.11911e-08 5.15485e-08 1.73872e-07 4.75731e-07 1.10454e-06 2.23048e-06 3.98057e-06 6.35282e-06 9.15475e-06 1.20101e-05 1.44457e-05 1.60285e-05 1.64956e-05 1.5828e-05 1.42461e-05 1.21364e-05 9.94603e-06 8.08449e-06 6.86079e-06 6.45791e-06 6.91693e-06 8.09785e-06 9.63993e-06 1.1018e-05 1.16767e-05 1.10856e-05 8.9662e-06 5.86231e-06 3.0074e-06 1.21791e-06 4.05047e-07 1.16483e-07 2.98589e-08 6.79352e-09 1.33649e-09 2.17321e-10 2.64236e-11 1.72223e-12 0 
0 2.42966e-10 2.07002e-09 9.26931e-09 3.04996e-08 8.17536e-08 1.86823e-07 3.73046e-07 6.61099e-07 1.05143e-06 1.51389e-06 1.98769e-06 2.39468e-06 2.66177e-06 2.74369e-06 2.63652e-06 2.37749e-06 2.03243e-06 1.67716e-06 1.38029e-06 1.19203e-06 1.13898e-06 1.22046e-06 1.40212e-06 1.61098e-06 1.74693e-06 1.72027e-06 1.49674e-06 1.12192e-06 7.07945e-07 3.7134e-07 1.62636e-07 6.05374e-08 1.95013e-08 5.47903e-09 1.33649e-09 2.78335e-10 4.7611e-11 6.06456e-12 4.12557e-13 0 
0 3.89087e-11 3.21813e-10 1.40163e-09 4.49841e-09 1.18014e-08 2.64936e-08 5.21666e-08 9.14871e-08 1.44446e-07 2.0701e-07 2.71093e-07 3.26261e-07 3.62701e-07 3.74282e-07 3.60442e-07 3.26214e-07 2.80546e-07 2.33769e-07 1.95202e-07 1.7151e-07 1.65816e-07 1.77079e-07 1.99458e-07 2.22343e-07 2.32723e-07 2.20628e-07 1.84961e-07 1.34855e-07 8.45592e-08 4.53664e-08 2.08542e-08 8.25971e-09 2.83435e-09 8.44252e-10 2.17321e-10 4.7611e-11 8.5454e-12 1.13903e-12 8.08461e-14 0 
0 4.72317e-12 3.79742e-11 1.61052e-10 5.04531e-10 1.29575e-09 2.85668e-09 5.54176e-09 9.60514e-09 1.5031e-08 2.14051e-08 2.79156e-08 3.35205e-08 3.72412e-08 3.8465e-08 3.71363e-08 3.3762e-08 2.92473e-08 2.46413e-08 2.08886e-08 1.86496e-08 1.81914e-08 1.93196e-08 2.13474e-08 2.31753e-08 2.36e-08 2.18388e-08 1.79863e-08 1.3008e-08 8.19476e-09 4.48012e-09 2.12481e-09 8.7562e-10 3.14032e-10 9.79567e-11 2.64236e-11 6.06456e-12 1.13903e-12 1.58589e-13 1.17322e-14 0 
0 3.10544e-13 2.4308e-12 1.00532e-11 3.07784e-11 7.74482e-11 1.67761e-10 3.20668e-10 5.49166e-10 8.51386e-10 1.20407e-09 1.56288e-09 1.87151e-09 2.07729e-09 2.14733e-09 2.07879e-09 1.89933e-09 1.65839e-09 1.41345e-09 1.21609e-09 1.10143e-09 1.08127e-09 1.14052e-09 1.2376e-09 1.31247e-09 1.30598e-09 1.18591e-09 9.65053e-10 6.95616e-10 4.40994e-10 2.4498e-10 1.19092e-10 5.0658e-11 1.88497e-11 6.12119e-12 1.72223e-12 4.12557e-13 8.08461e-14 1.17322e-14 9.03214e-16 0 
0 0 0 0 0 0 0 0 0 0 0 0 0 0 0 0 0 0 0 0 0 0 0 0 0 0 0 0 0 0 0 0 0 0 0 0 0 0 0 0 0 
