0 0 0 0 0 0 0 0 0 0 0 0 0 0 0 0 0 0 0 0 0 0 0 0 0 0 0 0 0 0 0 0 0 0 0 0 0 0 0 0 0 
0 1.6247e-10 1.53775e-09 7.6491e-09 2.79072e-08 8.26263e-08 2.07317e-07 4.50913e-07 8.62043e-07 1.46306e-06 2.22216e-06 3.04143e-06 3.77395e-06 4.26737e-06 4.41533e-06 4.19315e-06 3.66257e-06 2.94587e-06 2.18298e-06 1.49054e-06 9.37763e-07 5.43679e-07 2.90581e-07 1.4329e-07 6.52708e-08 2.75086e-08 1.07464e-08 3.89891e-09 1.31615e-09 4.14014e-10 1.21473e-10 3.32439e-11 8.47472e-12 2.00551e-12 4.376e-13 8.69599e-14 1.53833e-14 2.31558e-15 2.6717e-16 1.68523e-17 0 
0 1.53775e-09 1.5136e-08 7.82338e-08 2.95859e-07 9.04381e-07 2.33072e-06 5.17587e-06 1.00409e-05 1.7194e-05 2.62259e-05 3.59312e-05 4.45543e-05 5.03248e-05 5.20379e-05 4.94292e-05 4.32098e-05 3.4782e-05 2.57708e-05 1.75597e-05 1.09931e-05 6.31976e-06 3.3365e-06 1.61903e-06 7.23196e-07 2.9799e-07 1.1354e-07 4.01058e-08 1.31653e-08 4.02451e-09 1.14728e-09 3.05128e-10 7.56321e-11 1.74163e-11 3.70153e-12 7.17259e-13 1.23874e-13 1.82263e-14 2.05818e-15 1.27221e-16 0 
0 7.6491e-09 7.82338e-08 4.19664e-07 1.64145e-06 5.16093e-06 1.35804e-05 3.05317e-05 5.94489e-05 0.000101421 0.000153346 0.000207834 0.000255162 0.000286259 0.000295336 0.000281274 0.000247611 0.000201325 0.000150839 0.000103823 6.54543e-05 3.77149e-05 1.98454e-05 9.54276e-06 4.20162e-06 1.69885e-06 6.32951e-07 2.18065e-07 6.96995e-08 2.07259e-08 5.74524e-09 1.48598e-09 3.58382e-10 8.03619e-11 1.66482e-11 3.14814e-12 5.31243e-13 7.6474e-14 8.46007e-15 5.12978e-16 0 
0 2.79072e-08 2.95859e-07 1.64145e-06 6.60578e-06 2.11916e-05 5.62628e-05 0.000126 0.000241427 0.0004017 0.000590005 0.000777779 0.000933929 0.00103331 0.00106161 0.00101683 0.000908493 0.000755298 0.000581458 0.000411846 0.000266596 0.000156839 8.35878e-05 4.03468e-05 1.76808e-05 7.06412e-06 2.58632e-06 8.72154e-07 2.72147e-07 7.88833e-08 2.12995e-08 5.3656e-09 1.26084e-09 2.75665e-10 5.57364e-11 1.02983e-11 1.70016e-12 2.39758e-13 2.60187e-14 1.54975e-15 0 
0 8.26263e-08 9.04381e-07 5.16093e-06 2.11916e-05 6.84837e-05 0.000180107 0.000392458 0.000721247 0.00114299 0.00160087 0.00202737 0.00236412 0.00257111 0.00262856 0.00253561 0.00230817 0.00197638 0.0015816 0.00117195 0.000795195 0.000488647 0.000269678 0.000133188 5.89628e-05 2.35313e-05 8.53029e-06 2.83061e-06 8.65662e-07 2.45329e-07 6.46861e-08 1.59058e-08 3.64892e-09 7.79307e-10 1.54054e-10 2.786e-11 4.5074e-12 6.23743e-13 6.65153e-14 3.89874e-15 0 
0 2.07317e-07 2.33072e-06 1.35804e-05 5.62628e-05 0.000180107 0.000458793 0.000949172 0.00163902 0.00244387 0.00325164 0.00396253 0.00450345 0.00482871 0.00491754 0.00477165 0.00441248 0.00387823 0.00322085 0.00250347 0.00179697 0.00117214 0.000683978 0.000353194 0.00016097 6.51014e-05 2.36063e-05 7.76265e-06 2.33845e-06 6.5046e-07 1.68011e-07 4.04366e-08 9.07892e-09 1.89851e-09 3.67744e-10 6.52335e-11 1.03647e-11 1.41047e-12 1.48127e-13 8.56386e-15 0 
0 4.50913e-07 5.17587e-06 3.05317e-05 0.000126 0.000392458 0.000949172 0.00183673 0.00296741 0.00418688 0.00534934 0.00634253 0.00708652 0.00753043 0.00765127 0.00745279 0.00696269 0.00622839 0.00531202 0.00428621 0.00323207 0.00223816 0.00139341 0.000764438 0.00036524 0.000152108 5.58381e-05 1.835e-05 5.47755e-06 1.50216e-06 3.81484e-07 9.01566e-08 1.98692e-08 4.07933e-09 7.76327e-10 1.35431e-10 2.11876e-11 2.843e-12 2.94871e-13 1.68663e-14 0 
0 8.62043e-07 1.00409e-05 5.94489e-05 0.000241427 0.000721247 0.00163902 0.00296741 0.00453362 0.00614481 0.00764497 0.00891368 0.00986036 0.0104249 0.0105796 0.0103296 0.00970951 0.00877826 0.00761136 0.00629384 0.0049153 0.0035696 0.0023575 0.00137895 0.000698398 0.000303597 0.000114179 3.78328e-05 1.12622e-05 3.05975e-06 7.67046e-07 1.78633e-07 3.87704e-08 7.84e-09 1.47045e-09 2.53068e-10 3.911e-11 5.1924e-12 5.33867e-13 3.03385e-14 0 
0 1.46306e-06 1.7194e-05 0.000101421 0.0004017 0.00114299 0.00244387 0.00418688 0.00614481 0.00811441 0.00993335 0.0114681 0.0126135 0.0132979 0.0134881 0.01319 0.0124452 0.0113244 0.00991811 0.00832644 0.00665126 0.00499215 0.00345036 0.002135 0.00114704 0.000524236 0.000203833 6.86393e-05 2.05016e-05 5.54482e-06 1.3778e-06 3.17389e-07 6.80886e-08 1.36107e-08 2.52527e-09 4.3043e-10 6.59874e-11 8.70845e-12 8.92266e-13 5.06808e-14 0 
0 2.22216e-06 2.62259e-05 0.000153346 0.000590005 0.00160087 0.00325164 0.00534934 0.00764497 0.00993335 0.012042 0.0138216 0.0151514 0.0159487 0.0161745 0.0158352 0.0149787 0.0136865 0.012063 0.0102236 0.00828406 0.00635292 0.00453247 0.00292899 0.00165664 0.000795642 0.000321188 0.000110526 3.32926e-05 9.00376e-06 2.22682e-06 5.09463e-07 1.08475e-07 2.15279e-08 3.96958e-09 6.73553e-10 1.03027e-10 1.36055e-11 1.39989e-12 8.01808e-14 0 
0 3.04143e-06 3.59312e-05 0.000207834 0.000777779 0.00202737 0.00396253 0.00634253 0.00891368 0.0114681 0.0138216 0.0158096 0.0172979 0.0181939 0.0184536 0.0180836 0.0171364 0.0157025 0.013898 0.0118514 0.00969118 0.00753575 0.00549107 0.00365952 0.00215453 0.00108038 0.000452337 0.000159421 4.8597e-05 1.31933e-05 3.26124e-06 7.44362e-07 1.58081e-07 3.13196e-08 5.77568e-09 9.82709e-10 1.51257e-10 2.01865e-11 2.10951e-12 1.2337e-13 0 
0 3.77395e-06 4.45543e-05 0.000255162 0.000933929 0.00236412 0.00450345 0.00708652 0.00986036 0.0126135 0.0151514 0.0172979 0.0189085 0.0198828 0.0201728 0.0197847 0.0187744 0.0172385 0.0153017 0.013102 0.0107777 0.00845558 0.00624602 0.00424951 0.00257469 0.00133527 0.000576883 0.000208049 6.43011e-05 1.75843e-05 4.36407e-06 9.99201e-07 2.13043e-07 4.24667e-08 7.90512e-09 1.36364e-09 2.13924e-10 2.92704e-11 3.15447e-12 1.91218e-13 0 
0 4.26737e-06 5.03248e-05 0.000286259 0.00103331 0.00257111 0.00482871 0.00753043 0.0104249 0.0132979 0.0159487 0.0181939 0.0198828 0.0209101 0.0212251 0.0208331 0.0197916 0.0182002 0.0161884 0.0138997 0.0114781 0.00905578 0.00674641 0.00464992 0.00287075 0.00152444 0.00067476 0.000248302 7.78808e-05 2.15338e-05 5.39702e-06 1.24921e-06 2.7002e-07 5.48045e-08 1.04462e-08 1.8572e-09 3.02298e-10 4.31687e-11 4.87454e-12 3.09932e-13 0 
0 4.41533e-06 5.20379e-05 0.000295336 0.00106161 0.00262856 0.00491754 0.00765127 0.0105796 0.0134881 0.0161745 0.0184536 0.0201728 0.0212251 0.0215583 0.0211767 0.0201373 0.01854 0.0165147 0.014206 0.0117595 0.00930851 0.00696809 0.00483767 0.00301909 0.00162686 0.00073246 0.000274193 8.74222e-05 2.45781e-05 6.2775e-06 1.48704e-06 3.30958e-07 6.96747e-08 1.38831e-08 2.59818e-09 4.47237e-10 6.76149e-11 8.05996e-12 5.37564e-13 0 
0 4.19315e-06 4.94292e-05 0.000281274 0.00101683 0.00253561 0.00477165 0.00745279 0.0103296 0.01319 0.0158352 0.0180836 0.0197847 0.0208331 0.0211767 0.0208186 0.0198137 0.018259 0.0162811 0.0140214 0.0116221 0.00921463 0.00691209 0.00481292 0.00301768 0.00163862 0.000746547 0.000284119 9.25494e-05 2.67369e-05 7.06815e-06 1.74828e-06 4.10177e-07 9.18269e-08 1.9572e-08 3.92349e-09 7.20699e-10 1.15319e-10 1.43896e-11 9.92697e-13 0 
0 3.66257e-06 4.32098e-05 0.000247611 0.000908493 0.00230817 0.00441248 0.00696269 0.00970951 0.0124452 0.0149787 0.0171364 0.0187744 0.0197916 0.0201373 0.0198137 0.0188721 0.017404 0.0155292 0.0133821 0.0110978 0.0088015 0.00660224 0.0045964 0.00288363 0.001572 0.000724261 0.000281708 9.4934e-05 2.87403e-05 8.06698e-06 2.14429e-06 5.45322e-07 1.32687e-07 3.06049e-08 6.57074e-09 1.27462e-09 2.12167e-10 2.71572e-11 1.89906e-12 0 
0 2.94587e-06 3.4782e-05 0.000201325 0.000755298 0.00197638 0.00387823 0.00622839 0.00877826 0.0113244 0.0136865 0.0157025 0.0172385 0.0182002 0.01854 0.018259 0.017404 0.0160591 0.0143346 0.0123544 0.0102436 0.00811853 0.00608159 0.00422623 0.0026501 0.00145274 0.000681911 0.000275395 9.84101e-05 3.22174e-05 9.9266e-06 2.9167e-06 8.17443e-07 2.16558e-07 5.34324e-08 1.20383e-08 2.40756e-09 4.07105e-10 5.23306e-11 3.64388e-12 0 
0 2.18298e-06 2.57708e-05 0.000150839 0.000581458 0.0015816 0.00322085 0.00531202 0.00761136 0.00991811 0.012063 0.013898 0.0153017 0.0161884 0.0165147 0.0162811 0.0155292 0.0143346 0.0127962 0.0110255 0.00913537 0.00723112 0.00540763 0.00375401 0.0023622 0.00131579 0.000641959 0.000277471 0.000109126 4.00616e-05 1.39004e-05 4.55115e-06 1.3921e-06 3.92766e-07 1.00849e-07 2.31954e-08 4.66664e-09 7.8543e-10 9.97553e-11 6.82987e-12 0 
0 1.49054e-06 1.75597e-05 0.000103823 0.000411846 0.00117195 0.00250347 0.00428621 0.00629384 0.00832644 0.0102236 0.0118514 0.013102 0.0138997 0.014206 0.0140214 0.0133821 0.0123544 0.0110255 0.00949363 0.00785834 0.00621386 0.00464686 0.00323963 0.00207115 0.00119975 0.000629966 0.000303771 0.000136493 5.73946e-05 2.24126e-05 8.0235e-06 2.60244e-06 7.58193e-07 1.96953e-07 4.51622e-08 8.96906e-09 1.48064e-09 1.83742e-10 1.22665e-11 0 
0 9.37763e-07 1.09931e-05 6.54543e-05 0.000266596 0.000795195 0.00179697 0.00323207 0.0049153 0.00665126 0.00828406 0.00969118 0.0107777 0.0114781 0.0117595 0.0116221 0.0110978 0.0102436 0.00913537 0.00785834 0.00649997 0.00514413 0.00386868 0.00274398 0.00182607 0.00114092 0.000672851 0.000375226 0.000195891 9.37914e-05 4.02954e-05 1.53016e-05 5.10304e-06 1.49363e-06 3.83734e-07 8.61715e-08 1.66631e-08 2.67051e-09 3.21369e-10 2.08061e-11 0 
0 5.43679e-07 6.31976e-06 3.77149e-05 0.000156839 0.000488647 0.00117214 0.00223816 0.0035696 0.00499215 0.00635292 0.00753575 0.00845558 0.00905578 0.00930851 0.00921463 0.0088015 0.00811853 0.00723112 0.00621386 0.00514413 0.00409663 0.00313795 0.002319 0.00166483 0.00116862 0.000799451 0.000522318 0.000314813 0.000168465 7.76777e-05 3.04339e-05 1.01516e-05 2.91312e-06 7.26037e-07 1.57403e-07 2.93345e-08 4.53118e-09 5.26149e-10 3.29266e-11 0 
0 2.90581e-07 3.3365e-06 1.98454e-05 8.35878e-05 0.000269678 0.000683978 0.00139341 0.0023575 0.00345036 0.00453247 0.00549107 0.00624602 0.00674641 0.00696809 0.00691209 0.00660224 0.00608159 0.00540763 0.00464686 0.00386868 0.00313795 0.00250534 0.0019967 0.00160688 0.00130467 0.00104839 0.00080351 0.000558001 0.000331979 0.000161974 6.37522e-05 2.05195e-05 5.57163e-06 1.31163e-06 2.70113e-07 4.80839e-08 7.12305e-09 7.95883e-10 4.80784e-11 0 
0 1.4329e-07 1.61903e-06 9.54276e-06 4.03468e-05 0.000133188 0.000353194 0.000764438 0.00137895 0.002135 0.00292899 0.00365952 0.00424951 0.00464992 0.00483767 0.00481292 0.0045964 0.00422623 0.00375401 0.00323963 0.00274398 0.002319 0.0019967 0.00178186 0.00165473 0.00158521 0.00153729 0.00143842 0.00118963 0.000794378 0.000404445 0.000154384 4.52846e-05 1.08549e-05 2.27628e-06 4.30636e-07 7.22484e-08 1.02227e-08 1.09831e-09 6.4083e-11 0 
0 6.52708e-08 7.23196e-07 4.20162e-06 1.76808e-05 5.89628e-05 0.00016097 0.00036524 0.000698398 0.00114704 0.00165664 0.00215453 0.00257469 0.00287075 0.00301909 0.00301768 0.00288363 0.0026501 0.0023622 0.00207115 0.00182607 0.00166483 0.00160688 0.00165473 0.00182057 0.00218097 0.00281292 0.00343852 0.00338689 0.0024442 0.00124877 0.000450069 0.000116719 2.32073e-05 3.96324e-06 6.41653e-07 9.84069e-08 1.32101e-08 1.36584e-09 7.71676e-11 0 
0 2.75086e-08 2.9799e-07 1.69885e-06 7.06412e-06 2.35313e-05 6.51014e-05 0.000152108 0.000303597 0.000524236 0.000795642 0.00108038 0.00133527 0.00152444 0.00162686 0.00163862 0.001572 0.00145274 0.00131579 0.00119975 0.00114092 0.00116862 0.00130467 0.00158521 0.00218097 0.00362966 0.00646464 0.00960012 0.0102947 0.00759064 0.00380565 0.00130365 0.000309064 5.25704e-05 7.12047e-06 9.11982e-07 1.21013e-07 1.51878e-08 1.51309e-09 8.31417e-11 0 
0 1.07464e-08 1.1354e-07 6.32951e-07 2.58632e-06 8.53029e-06 2.36063e-05 5.58381e-05 0.000114179 0.000203833 0.000321188 0.000452337 0.000576883 0.00067476 0.00073246 0.000746547 0.000724261 0.000681911 0.000641959 0.000629966 0.000672851 0.000799451 0.00104839 0.00153729 0.00281292 0.00646464 0.0139164 0.0222591 0.0244759 0.0181187 0.00898532 0.00299425 0.000676673 0.000105541 1.21375e-05 1.22588e-06 1.33883e-07 1.53792e-08 1.47802e-09 7.94597e-11 0 
0 3.89891e-09 4.01058e-08 2.18065e-07 8.72154e-07 2.83061e-06 7.76265e-06 1.835e-05 3.78328e-05 6.86393e-05 0.000110526 0.000159421 0.000208049 0.000248302 0.000274193 0.000284119 0.000281708 0.000275395 0.000277471 0.000303771 0.000375226 0.000522318 0.00080351 0.00143842 0.00343852 0.00960012 0.0222591 0.0364309 0.0403418 0.0298908 0.0147668 0.00486651 0.00107553 0.000160908 1.69477e-05 1.44683e-06 1.30508e-07 1.35659e-08 1.26197e-09 6.68825e-11 0 
0 1.31615e-09 1.31653e-08 6.96995e-08 2.72147e-07 8.65662e-07 2.33845e-06 5.47755e-06 1.12622e-05 2.05016e-05 3.32926e-05 4.8597e-05 6.43011e-05 7.78808e-05 8.74222e-05 9.25494e-05 9.4934e-05 9.84101e-05 0.000109126 0.000136493 0.000195891 0.000314813 0.000558001 0.00118963 0.00338689 0.0102947 0.0244759 0.0403418 0.0447654 0.0331764 0.0163699 0.00537379 0.00117651 0.00017266 1.74401e-05 1.35782e-06 1.07185e-07 1.0273e-08 9.3507e-10 4.93164e-11 0 
0 4.14014e-10 4.02451e-09 2.07259e-08 7.88833e-08 2.45329e-07 6.5046e-07 1.50216e-06 3.05975e-06 5.54482e-06 9.00376e-06 1.31933e-05 1.75843e-05 2.15338e-05 2.45781e-05 2.67369e-05 2.87403e-05 3.22174e-05 4.00616e-05 5.73946e-05 9.37914e-05 0.000168465 0.000331979 0.000794378 0.0024442 0.00759064 0.0181187 0.0298908 0.0331764 0.024588 0.0121297 0.00397838 0.000868143 0.000126395 1.25618e-05 9.44483e-07 7.07065e-08 6.57803e-09 5.98228e-10 3.17486e-11 0 
0 1.21473e-10 1.14728e-09 5.74524e-09 2.12995e-08 6.46861e-08 1.68011e-07 3.81484e-07 7.67046e-07 1.3778e-06 2.22682e-06 3.26124e-06 4.36407e-06 5.39702e-06 6.2775e-06 7.06815e-06 8.06698e-06 9.9266e-06 1.39004e-05 2.24126e-05 4.02954e-05 7.76777e-05 0.000161974 0.000404445 0.00124877 0.00380565 0.00898532 0.0147668 0.0163699 0.0121297 0.00598649 0.001965 0.000428713 6.23622e-05 6.20979e-06 4.72682e-07 3.65794e-08 3.53638e-09 3.29874e-10 1.78206e-11 0 
0 3.32439e-11 3.05128e-10 1.48598e-09 5.3656e-09 1.59058e-08 4.04366e-08 9.01566e-08 1.78633e-07 3.17389e-07 5.09463e-07 7.44362e-07 9.99201e-07 1.24921e-06 1.48704e-06 1.74828e-06 2.14429e-06 2.9167e-06 4.55115e-06 8.0235e-06 1.53016e-05 3.04339e-05 6.37522e-05 0.000154384 0.000450069 0.00130365 0.00299425 0.00486651 0.00537379 0.00397838 0.001965 0.000645977 0.000141243 2.06854e-05 2.10764e-06 1.71562e-07 1.50354e-08 1.60664e-09 1.57077e-10 8.72377e-12 0 
0 8.47472e-12 7.56321e-11 3.58382e-10 1.26084e-09 3.64892e-09 9.07892e-09 1.98692e-08 3.87704e-08 6.80886e-08 1.08475e-07 1.58081e-07 2.13043e-07 2.7002e-07 3.30958e-07 4.10177e-07 5.45322e-07 8.17443e-07 1.3921e-06 2.60244e-06 5.10304e-06 1.01516e-05 2.05195e-05 4.52846e-05 0.000116719 0.000309064 0.000676673 0.00107553 0.00117651 0.000868143 0.000428713 0.000141243 3.11038e-05 4.65295e-06 5.03713e-07 4.75592e-08 5.14174e-09 6.2656e-10 6.48442e-11 3.72835e-12 0 
0 2.00551e-12 1.74163e-11 8.03619e-11 2.75665e-10 7.79307e-10 1.89851e-09 4.07933e-09 7.84e-09 1.36107e-08 2.15279e-08 3.13196e-08 4.24667e-08 5.48045e-08 6.96747e-08 9.18269e-08 1.32687e-07 2.16558e-07 3.92766e-07 7.58193e-07 1.49363e-06 2.91312e-06 5.57163e-06 1.08549e-05 2.32073e-05 5.25704e-05 0.000105541 0.000160908 0.00017266 0.000126395 6.23622e-05 2.06854e-05 4.65295e-06 7.36022e-07 9.14269e-08 1.11424e-08 1.54319e-09 2.12573e-10 2.32802e-11 1.39175e-12 0 
0 4.376e-13 3.70153e-12 1.66482e-11 5.57364e-11 1.54054e-10 3.67744e-10 7.76327e-10 1.47045e-09 2.52527e-09 3.96958e-09 5.77568e-09 7.90512e-09 1.04462e-08 1.38831e-08 1.9572e-08 3.06049e-08 5.34324e-08 1.00849e-07 1.96953e-07 3.83734e-07 7.26037e-07 1.31163e-06 2.27628e-06 3.96324e-06 7.12047e-06 1.21375e-05 1.69477e-05 1.74401e-05 1.25618e-05 6.20979e-06 2.10764e-06 5.03713e-07 9.14269e-08 1.47174e-08 2.45438e-09 4.16714e-10 6.29638e-11 7.26795e-12 4.52921e-13 0 
0 8.69599e-14 7.17259e-13 3.14814e-12 1.02983e-11 2.786e-11 6.52335e-11 1.35431e-10 2.53068e-10 4.3043e-10 6.73553e-10 9.82709e-10 1.36364e-09 1.8572e-09 2.59818e-09 3.92349e-09 6.57074e-09 1.20383e-08 2.31954e-08 4.51622e-08 8.61715e-08 1.57403e-07 2.70113e-07 4.30636e-07 6.41653e-07 9.11982e-07 1.22588e-06 1.44683e-06 1.35782e-06 9.44483e-07 4.72682e-07 1.71562e-07 4.75592e-08 1.11424e-08 2.45438e-09 5.20194e-10 1.00072e-10 1.6174e-11 1.96165e-12 1.27605e-13 0 
0 1.53833e-14 1.23874e-13 5.31243e-13 1.70016e-12 4.5074e-12 1.03647e-11 2.11876e-11 3.911e-11 6.59874e-11 1.03027e-10 1.51257e-10 2.13924e-10 3.02298e-10 4.47237e-10 7.20699e-10 1.27462e-09 2.40756e-09 4.66664e-09 8.96906e-09 1.66631e-08 2.93345e-08 4.80839e-08 7.22484e-08 9.84069e-08 1.21013e-07 1.33883e-07 1.30508e-07 1.07185e-07 7.07065e-08 3.65794e-08 1.50354e-08 5.14174e-09 1.54319e-09 4.16714e-10 1.00072e-10 2.07376e-11 3.54042e-12 4.5033e-13 3.05911e-14 0 
0 2.31558e-15 1.82263e-14 7.6474e-14 2.39758e-13 6.23743e-13 1.41047e-12 2.843e-12 5.1924e-12 8.70845e-12 1.36055e-11 2.01865e-11 2.92704e-11 4.31687e-11 6.76149e-11 1.15319e-10 2.12167e-10 4.07105e-10 7.8543e-10 1.48064e-09 2.67051e-09 4.53118e-09 7.12305e-09 1.02227e-08 1.32101e-08 1.51878e-08 1.53792e-08 1.35659e-08 1.0273e-08 6.57803e-09 3.53638e-09 1.60664e-09 6.2656e-10 2.12573e-10 6.29638e-11 1.6174e-11 3.54042e-12 6.35006e-13 8.45703e-14 5.99665e-15 0 
0 2.6717e-16 2.05818e-15 8.46007e-15 2.60187e-14 6.65153e-14 1.48127e-13 2.94871e-13 5.33867e-13 8.92266e-13 1.39989e-12 2.10951e-12 3.15447e-12 4.87454e-12 8.05996e-12 1.43896e-11 2.71572e-11 5.23306e-11 9.97553e-11 1.83742e-10 3.21369e-10 5.26149e-10 7.95883e-10 1.09831e-09 1.36584e-09 1.51309e-09 1.47802e-09 1.26197e-09 9.3507e-10 5.98228e-10 3.29874e-10 1.57077e-10 6.48442e-11 2.32802e-11 7.26795e-12 1.96165e-12 4.5033e-13 8.45703e-14 1.17702e-14 8.70193e-16 0 
0 1.68523e-17 1.27221e-16 5.12978e-16 1.54975e-15 3.89874e-15 8.56386e-15 1.68663e-14 3.03385e-14 5.06808e-14 8.01808e-14 1.2337e-13 1.91218e-13 3.09932e-13 5.37564e-13 9.92697e-13 1.89906e-12 3.64388e-12 6.82987e-12 1.22665e-11 2.08061e-11 3.29266e-11 4.80784e-11 6.4083e-11 7.71676e-11 8.31417e-11 7.94597e-11 6.68825e-11 4.93164e-11 3.17486e-11 1.78206e-11 8.72377e-12 3.72835e-12 1.39175e-12 4.52921e-13 1.27605e-13 3.05911e-14 5.99665e-15 8.70193e-16 6.69729e-17 0 
0 0 0 0 0 0 0 0 0 0 0 0 0 0 0 0 0 0 0 0 0 0 0 0 0 0 0 0 0 0 0 0 0 0 0 0 0 0 0 0 0 
