0 0 0 0 0 0 0 0 0 0 0 0 0 0 0 0 0 0 0 0 0 0 0 0 0 0 0 0 0 0 0 0 0 0 0 0 0 0 0 0 0 
0 2.75022e-07 2.4707e-06 1.10661e-05 3.42905e-05 8.17754e-05 0.000159175 0.000264152 0.00038702 0.000514516 0.000633516 0.000733202 0.000805875 0.000847016 0.000855057 0.00083104 0.000778251 0.000701813 0.000608261 0.000505046 0.000399953 0.000300386 0.00021255 0.000140659 8.63998e-05 4.89071e-05 2.53562e-05 1.19866e-05 5.15323e-06 2.0131e-06 7.14827e-07 2.30896e-07 6.78598e-08 1.81213e-08 4.37735e-09 9.46977e-10 1.79749e-10 2.86755e-11 3.47016e-12 2.27586e-13 0 
0 2.4707e-06 2.27982e-05 0.000101723 0.000301976 0.000666882 0.00118073 0.00178176 0.00240149 0.00298598 0.00349689 0.00390718 0.00419846 0.00436029 0.00439008 0.0042928 0.00408005 0.00376865 0.00337894 0.00293332 0.00245526 0.00196904 0.00149985 0.00107315 0.000712061 0.000432371 0.000237436 0.00011693 5.14375e-05 2.02204e-05 7.12709e-06 2.26232e-06 6.49056e-07 1.6853e-07 3.95061e-08 8.28898e-09 1.52647e-09 2.36486e-10 2.78289e-11 1.7775e-12 0 
0 1.10661e-05 0.000101723 0.000429595 0.00114776 0.00223315 0.00352771 0.00488958 0.00622813 0.00747498 0.00856786 0.00945129 0.0100819 0.0104329 0.0104963 0.0102823 0.00981779 0.00914202 0.00830242 0.0073494 0.00633165 0.00529232 0.0042676 0.00328875 0.00238771 0.00160212 0.000971859 0.00052223 0.000245271 0.000100337 3.59419e-05 1.13835e-05 3.21831e-06 8.17304e-07 1.86637e-07 3.80823e-08 6.81857e-09 1.02771e-09 1.17796e-10 7.33912e-12 0 
0 3.42905e-05 0.000301976 0.00114776 0.00267831 0.00465569 0.00685804 0.00916247 0.0114591 0.0136258 0.0155399 0.0170939 0.0182056 0.0188248 0.018936 0.0185572 0.0177365 0.0165447 0.0150684 0.0134006 0.0116328 0.0098475 0.00811213 0.00647468 0.00496451 0.00360131 0.00241287 0.00144722 0.000753367 0.000333709 0.000125525 4.05864e-05 1.14742e-05 2.87629e-06 6.43687e-07 1.28269e-07 2.24014e-08 3.29357e-09 3.68552e-10 2.24451e-11 0 
0 8.17754e-05 0.000666882 0.00223315 0.00465569 0.00759783 0.0108913 0.0143888 0.0179033 0.0212306 0.0241746 0.0265665 0.0282781 0.0292314 0.0294022 0.0288185 0.0275541 0.025719 0.0234469 0.0208824 0.0181686 0.0154364 0.0127957 0.0103297 0.00809035 0.00609794 0.00435137 0.00285636 0.00165652 0.00081478 0.000332117 0.000112582 3.24187e-05 8.11634e-06 1.7936e-06 3.50898e-07 6.00132e-08 8.63499e-09 9.45959e-10 5.64512e-11 0 
0 0.000159175 0.00118073 0.00352771 0.00685804 0.0108913 0.0154646 0.0203498 0.0252683 0.0299283 0.0340528 0.0374043 0.0398029 0.0411389 0.0413782 0.0405598 0.0387877 0.036216 0.0330326 0.0294405 0.0256408 0.0218182 0.018129 0.0146945 0.011596 0.00887311 0.00652465 0.0045218 0.00284936 0.00155193 0.000696983 0.000253398 7.57397e-05 1.91838e-05 4.2216e-06 8.15561e-07 1.37194e-07 1.93873e-08 2.08559e-09 1.22286e-10 0 
0 0.000264152 0.00178176 0.00488958 0.00916247 0.0143888 0.0203498 0.0267276 0.033152 0.03924 0.0446294 0.0490131 0.0521636 0.0539331 0.0542522 0.0531645 0.050828 0.0474584 0.0432971 0.0386042 0.0336411 0.0286493 0.0238343 0.0193557 0.0153238 0.0117984 0.00878951 0.00626158 0.00415561 0.00245058 0.00120837 0.000476644 0.000150122 3.89307e-05 8.6016e-06 1.65039e-06 2.74272e-07 3.82033e-08 4.04829e-09 2.33867e-10 0 
0 0.00038702 0.00240149 0.00622813 0.0114591 0.0179033 0.0252683 0.033152 0.0410947 0.048623 0.0553088 0.0608564 0.0650642 0.0675781 0.0680482 0.0664774 0.0632477 0.0588659 0.0536527 0.0478397 0.0417034 0.035533 0.0295823 0.0240496 0.0190727 0.0147289 0.0110391 0.00797035 0.00544582 0.00338835 0.00180361 0.000770611 0.000257726 6.90382e-05 1.54215e-05 2.95388e-06 4.86937e-07 6.7085e-08 7.02385e-09 4.00878e-10 0 
0 0.000514516 0.00298598 0.00747498 0.0136258 0.0212306 0.0299283 0.03924 0.048623 0.0575465 0.0656897 0.0729603 0.0785222 0.0815388 0.0820832 0.0802947 0.0761846 0.07027 0.0636134 0.0566127 0.0493473 0.0420588 0.0350312 0.0284985 0.0226241 0.0175012 0.0131583 0.00956547 0.0066401 0.00427206 0.00240526 0.00110086 0.000390775 0.000108591 2.46385e-05 4.73025e-06 7.76158e-07 1.06092e-07 1.10063e-08 6.22232e-10 0 
0 0.000633516 0.00349689 0.00856786 0.0155399 0.0241746 0.0340528 0.0446294 0.0553088 0.0656897 0.0757634 0.0840017 0.088862 0.0911735 0.0916002 0.0902922 0.0870047 0.0811512 0.0730318 0.0645169 0.0561312 0.0478391 0.0398572 0.0324386 0.0257688 0.0199545 0.0150302 0.0109672 0.00768016 0.00504198 0.00294971 0.00142457 0.000533009 0.000153558 3.54575e-05 6.84058e-06 1.12023e-06 1.52323e-07 1.5698e-08 8.81207e-10 0 
0 0.000733202 0.00390718 0.00945129 0.0170939 0.0265665 0.0374043 0.0490131 0.0608564 0.0729603 0.0840017 0.0909281 0.0947299 0.0965901 0.0969522 0.0959178 0.0933361 0.0887143 0.0811365 0.0713363 0.0617165 0.0525447 0.0437824 0.0356433 0.0283265 0.0219495 0.0165513 0.0121032 0.00851786 0.00565928 0.0033942 0.00170382 0.000664751 0.00019761 4.6398e-05 9.0042e-06 1.47434e-06 1.99855e-07 2.05063e-08 1.14553e-09 0 
0 0.000805875 0.00419846 0.0100819 0.0182056 0.0282781 0.0398029 0.0521636 0.0650642 0.0785222 0.088862 0.0947299 0.098047 0.0997051 0.100039 0.0991296 0.096868 0.0928892 0.0863539 0.0765562 0.0658549 0.0559306 0.0465967 0.037941 0.0301606 0.0233802 0.017642 0.012917 0.00911603 0.00609841 0.00371321 0.0019117 0.000768238 0.000233861 5.56617e-05 1.08621e-05 1.78017e-06 2.40978e-07 2.46656e-08 1.37398e-09 0 
0 0.000847016 0.00436029 0.0104329 0.0188248 0.0292314 0.0411389 0.0539331 0.0675781 0.0815388 0.0911735 0.0965901 0.0997051 0.101278 0.1016 0.100745 0.0986192 0.0949112 0.08889 0.0794904 0.0682687 0.0578372 0.0481716 0.0392272 0.0311878 0.024182 0.0182537 0.0133738 0.00945191 0.00634517 0.00389409 0.00203283 0.000831054 0.000256704 6.1649e-05 1.20813e-05 1.98274e-06 2.6839e-07 2.74525e-08 1.52779e-09 0 
0 0.000855057 0.00439008 0.0104963 0.018936 0.0294022 0.0413782 0.0542522 0.0680482 0.0820832 0.0916002 0.0969522 0.100039 0.1016 0.101922 0.101075 0.0989691 0.0953013 0.0893583 0.0800374 0.0687283 0.0581939 0.0484663 0.0394691 0.0313823 0.0243352 0.0183718 0.0134633 0.00951937 0.00639676 0.00393437 0.00206207 0.000847479 0.000263094 6.34163e-05 1.24574e-05 2.0477e-06 2.77507e-07 2.84133e-08 1.58275e-09 0 
0 0.00083104 0.0042928 0.0102823 0.0185572 0.0288185 0.0405598 0.0531645 0.0664774 0.0802947 0.0902922 0.0959178 0.0991296 0.100745 0.101075 0.100195 0.0980075 0.0941773 0.0879243 0.0782973 0.0672583 0.0570485 0.0475259 0.0387042 0.0307742 0.0238632 0.0180146 0.0131997 0.0093292 0.00626166 0.00384041 0.00200292 0.000818489 0.000253066 6.09145e-05 1.19741e-05 1.97194e-06 2.67906e-07 2.75075e-08 1.53692e-09 0 
0 0.000778251 0.00408005 0.00981779 0.0177365 0.0275541 0.0387877 0.050828 0.0632477 0.0761846 0.0870047 0.0933361 0.096868 0.0986192 0.0989691 0.0980075 0.0956099 0.0913613 0.084356 0.0744103 0.0641558 0.0545649 0.0454723 0.0370315 0.0294428 0.0228285 0.0172297 0.0126185 0.00890751 0.00595883 0.00362658 0.0018665 0.000751071 0.000229536 5.49605e-05 1.08015e-05 1.78372e-06 2.43376e-07 2.51167e-08 1.41114e-09 0 
0 0.000701813 0.00376865 0.00914202 0.0165447 0.025719 0.036216 0.0474584 0.0588659 0.07027 0.0811512 0.0887143 0.0928892 0.0949112 0.0953013 0.0941773 0.0913613 0.086293 0.0783256 0.0689416 0.0598203 0.0509731 0.0424863 0.0345988 0.0275064 0.0213236 0.0160883 0.0117731 0.00829309 0.00551638 0.00331497 0.00167111 0.000657193 0.000197568 4.69851e-05 9.23946e-06 1.53323e-06 2.10692e-07 2.19241e-08 1.24273e-09 0 
0 0.000608261 0.00337894 0.00830242 0.0150684 0.0234469 0.0330326 0.0432971 0.0536527 0.0636134 0.0730318 0.0811365 0.0863539 0.08889 0.0893583 0.0879243 0.084356 0.0783256 0.070638 0.0626427 0.0545721 0.0465336 0.0387875 0.0315859 0.0251094 0.0194619 0.0146776 0.010729 0.00753428 0.00497081 0.00293613 0.00144215 0.000552445 0.000163346 3.8671e-05 7.63611e-06 1.27863e-06 1.77725e-07 1.87271e-08 1.07534e-09 0 
0 0.000505046 0.00293332 0.0073494 0.0134006 0.0208824 0.0294405 0.0386042 0.0478397 0.0566127 0.0645169 0.0713363 0.0765562 0.0794904 0.0800374 0.0782973 0.0744103 0.0689416 0.0626427 0.0558251 0.0486911 0.0415252 0.0346139 0.0281879 0.0224083 0.0173671 0.0130932 0.00955919 0.00668698 0.00436818 0.00253139 0.00121209 0.000454357 0.000133098 3.16102e-05 6.31218e-06 1.07309e-06 1.51664e-07 1.62525e-08 9.48571e-10 0 
0 0.000399953 0.00245526 0.00633165 0.0116328 0.0181686 0.0256408 0.0336411 0.0417034 0.0493473 0.0561312 0.0617165 0.0658549 0.0682687 0.0687283 0.0672583 0.0641558 0.0598203 0.0545721 0.0486911 0.0424777 0.0362286 0.0302018 0.0245987 0.0195592 0.0151627 0.0114324 0.00834068 0.00581601 0.00376926 0.00215645 0.00101955 0.000380477 0.000112255 2.70819e-05 5.51451e-06 9.56485e-07 1.37767e-07 1.50175e-08 8.89668e-10 0 
0 0.000300386 0.00196904 0.00529232 0.0098475 0.0154364 0.0218182 0.0286493 0.035533 0.0420588 0.0478391 0.0525447 0.0559306 0.0578372 0.0581939 0.0570485 0.0545649 0.0509731 0.0465336 0.0415252 0.0362286 0.0309027 0.025768 0.0209962 0.0167064 0.0129659 0.00979326 0.00716148 0.00500781 0.00325975 0.00188216 0.000905335 0.000346278 0.000104982 2.59667e-05 5.39686e-06 9.51026e-07 1.38603e-07 1.52354e-08 9.07587e-10 0 
0 0.00021255 0.00149985 0.0042676 0.00811213 0.0127957 0.018129 0.0238343 0.0295823 0.0350312 0.0398572 0.0437824 0.0465967 0.0481716 0.0484663 0.0475259 0.0454723 0.0424863 0.0387875 0.0346139 0.0302018 0.025768 0.0214969 0.017533 0.0139793 0.0109012 0.00832095 0.0061999 0.00444731 0.00298418 0.00179129 0.000904428 0.000362802 0.000113851 2.86888e-05 6.00262e-06 1.05719e-06 1.53358e-07 1.67403e-08 9.89014e-10 0 
0 0.000140659 0.00107315 0.00328875 0.00647468 0.0103297 0.0146945 0.0193557 0.0240496 0.0284985 0.0324386 0.0356433 0.037941 0.0392272 0.0394691 0.0387042 0.0370315 0.0345988 0.0315859 0.0281879 0.0245987 0.0209962 0.017533 0.0143353 0.0115215 0.00922532 0.00752299 0.00623253 0.00494372 0.00348265 0.00210264 0.00107101 0.000439637 0.000139855 3.50723e-05 7.22101e-06 1.2463e-06 1.77042e-07 1.89369e-08 1.09756e-09 0 
0 8.63998e-05 0.000712061 0.00238771 0.00496451 0.00809035 0.011596 0.0153238 0.0190727 0.0226241 0.0257688 0.0283265 0.0301606 0.0311878 0.0313823 0.0307742 0.0294428 0.0275064 0.0251094 0.0224083 0.0195592 0.0167064 0.0139793 0.0115215 0.00960864 0.0087763 0.00941471 0.0106049 0.010203 0.0074412 0.00403802 0.00172954 0.0006258 0.000186235 4.43914e-05 8.74233e-06 1.45433e-06 2.00293e-07 2.08533e-08 1.18012e-09 0 
0 4.89071e-05 0.000432371 0.00160212 0.00360131 0.00609794 0.00887311 0.0117984 0.0147289 0.0175012 0.0199545 0.0219495 0.0233802 0.024182 0.0243352 0.0238632 0.0228285 0.0213236 0.0194619 0.0173671 0.0151627 0.0129659 0.0109012 0.00922532 0.0087763 0.0114935 0.0188823 0.0283231 0.0328582 0.0217033 0.0109846 0.00393537 0.00110363 0.000268245 5.60139e-05 1.01038e-05 1.59153e-06 2.11434e-07 2.14121e-08 1.18388e-09 0 
0 2.53562e-05 0.000237436 0.000971859 0.00241287 0.00435137 0.00652465 0.00878951 0.0110391 0.0131583 0.0150302 0.0165513 0.017642 0.0182537 0.0183718 0.0180146 0.0172297 0.0160883 0.0146776 0.0130932 0.0114324 0.00979326 0.00832095 0.00752299 0.00941471 0.0188823 0.0408624 0.0745268 0.0796655 0.0592929 0.0255605 0.00860168 0.00206408 0.000400817 6.87582e-05 1.08032e-05 1.57653e-06 2.01454e-07 1.99109e-08 1.08028e-09 0 
0 1.19866e-05 0.00011693 0.00052223 0.00144722 0.00285636 0.0045218 0.00626158 0.00797035 0.00956547 0.0109672 0.0121032 0.012917 0.0133738 0.0134633 0.0131997 0.0126185 0.0117731 0.010729 0.00955919 0.00834068 0.00716148 0.0061999 0.00623253 0.0106049 0.0283231 0.0745268 0.0875034 0.0891664 0.0832781 0.0499203 0.0138578 0.00313989 0.000533495 7.6799e-05 1.0333e-05 1.37753e-06 1.69412e-07 1.64469e-08 8.81723e-10 0 
0 5.15323e-06 5.14375e-05 0.000245271 0.000753367 0.00165652 0.00284936 0.00415561 0.00544582 0.0066401 0.00768016 0.00851786 0.00911603 0.00945191 0.00951937 0.0093292 0.00890751 0.00829309 0.00753428 0.00668698 0.00581601 0.00500781 0.00444731 0.00494372 0.010203 0.0328582 0.0796655 0.0891664 0.0904389 0.0856577 0.0596068 0.015283 0.00339836 0.000545232 7.04852e-05 8.40072e-06 1.03564e-06 1.23761e-07 1.19166e-08 6.36757e-10 0 
0 2.0131e-06 2.02204e-05 0.000100337 0.000333709 0.00081478 0.00155193 0.00245058 0.00338835 0.00427206 0.00504198 0.00565928 0.00609841 0.00634517 0.00639676 0.00626166 0.00595883 0.00551638 0.00497081 0.00436818 0.00376926 0.00325975 0.00298418 0.00348265 0.0074412 0.0217033 0.0592929 0.0832781 0.0856577 0.077984 0.0362851 0.0113146 0.0025111 0.000396778 4.89941e-05 5.50395e-06 6.54449e-07 7.76896e-08 7.51579e-09 4.04177e-10 0 
0 7.14827e-07 7.12709e-06 3.59419e-05 0.000125525 0.000332117 0.000696983 0.00120837 0.00180361 0.00240526 0.00294971 0.0033942 0.00371321 0.00389409 0.00393437 0.00384041 0.00362658 0.00331497 0.00293613 0.00253139 0.00215645 0.00188216 0.00179129 0.00210264 0.00403802 0.0109846 0.0255605 0.0499203 0.0596068 0.0362851 0.0170006 0.00560797 0.00125647 0.000200602 2.48312e-05 2.82023e-06 3.43224e-07 4.17e-08 4.11183e-09 2.24711e-10 0 
0 2.30896e-07 2.26232e-06 1.13835e-05 4.05864e-05 0.000112582 0.000253398 0.000476644 0.000770611 0.00110086 0.00142457 0.00170382 0.0019117 0.00203283 0.00206207 0.00200292 0.0018665 0.00167111 0.00144215 0.00121209 0.00101955 0.000905335 0.000904428 0.00107101 0.00172954 0.00393537 0.00860168 0.0138578 0.015283 0.0113146 0.00560797 0.00187026 0.000429022 7.06899e-05 9.20678e-06 1.13755e-06 1.50116e-07 1.91694e-08 1.95097e-09 1.09299e-10 0 
0 6.78598e-08 6.49056e-07 3.21831e-06 1.14742e-05 3.24187e-05 7.57397e-05 0.000150122 0.000257726 0.000390775 0.000533009 0.000664751 0.000768238 0.000831054 0.000847479 0.000818489 0.000751071 0.000657193 0.000552445 0.000454357 0.000380477 0.000346278 0.000362802 0.000439637 0.0006258 0.00110363 0.00206408 0.00313989 0.00339836 0.0025111 0.00125647 0.000429022 0.000102204 1.79139e-05 2.61472e-06 3.76205e-07 5.57783e-08 7.59134e-09 8.04191e-10 4.65094e-11 0 
0 1.81213e-08 1.6853e-07 8.17304e-07 2.87629e-06 8.11634e-06 1.91838e-05 3.89307e-05 6.90382e-05 0.000108591 0.000153558 0.00019761 0.000233861 0.000256704 0.000263094 0.000253066 0.000229536 0.000197568 0.000163346 0.000133098 0.000112255 0.000104982 0.000113851 0.000139855 0.000186235 0.000268245 0.000400817 0.000533495 0.000545232 0.000396778 0.000200602 7.06899e-05 1.79139e-05 3.53507e-06 6.20931e-07 1.07626e-07 1.79432e-08 2.60466e-09 2.88462e-10 1.73103e-11 0 
0 4.37735e-09 3.95061e-08 1.86637e-07 6.43687e-07 1.7936e-06 4.2216e-06 8.6016e-06 1.54215e-05 2.46385e-05 3.54575e-05 4.6398e-05 5.56617e-05 6.1649e-05 6.34163e-05 6.09145e-05 5.49605e-05 4.69851e-05 3.8671e-05 3.16102e-05 2.70819e-05 2.59667e-05 2.86888e-05 3.50723e-05 4.43914e-05 5.60139e-05 6.87582e-05 7.6799e-05 7.04852e-05 4.89941e-05 2.48312e-05 9.20678e-06 2.61472e-06 6.20931e-07 1.34925e-07 2.74975e-08 5.03735e-09 7.75781e-10 8.99896e-11 5.62222e-12 0 
0 9.46977e-10 8.28898e-09 3.80823e-08 1.28269e-07 3.50898e-07 8.15561e-07 1.65039e-06 2.95388e-06 4.73025e-06 6.84058e-06 9.0042e-06 1.08621e-05 1.20813e-05 1.24574e-05 1.19741e-05 1.08015e-05 9.23946e-06 7.63611e-06 6.31218e-06 5.51451e-06 5.39686e-06 6.00262e-06 7.22101e-06 8.74233e-06 1.01038e-05 1.08032e-05 1.0333e-05 8.40072e-06 5.50395e-06 2.82023e-06 1.13755e-06 3.76205e-07 1.07626e-07 2.74975e-08 6.24708e-09 1.22833e-09 1.99688e-10 2.42758e-11 1.58201e-12 0 
0 1.79749e-10 1.52647e-09 6.81857e-09 2.24014e-08 6.00132e-08 1.37194e-07 2.74272e-07 4.86937e-07 7.76158e-07 1.12023e-06 1.47434e-06 1.78017e-06 1.98274e-06 2.0477e-06 1.97194e-06 1.78372e-06 1.53323e-06 1.27863e-06 1.07309e-06 9.56485e-07 9.51026e-07 1.05719e-06 1.2463e-06 1.45433e-06 1.59153e-06 1.57653e-06 1.37753e-06 1.03564e-06 6.54449e-07 3.43224e-07 1.50116e-07 5.57783e-08 1.79432e-08 5.03735e-09 1.22833e-09 2.55771e-10 4.37465e-11 5.57172e-12 3.78988e-13 0 
0 2.86755e-11 2.36486e-10 1.02771e-09 3.29357e-09 8.63499e-09 1.93873e-08 3.82033e-08 6.7085e-08 1.06092e-07 1.52323e-07 1.99855e-07 2.40978e-07 2.6839e-07 2.77507e-07 2.67906e-07 2.43376e-07 2.10692e-07 1.77725e-07 1.51664e-07 1.37767e-07 1.38603e-07 1.53358e-07 1.77042e-07 2.00293e-07 2.11434e-07 2.01454e-07 1.69412e-07 1.23761e-07 7.76896e-08 4.17e-08 1.91694e-08 7.59134e-09 2.60466e-09 7.75781e-10 1.99688e-10 4.37465e-11 7.85139e-12 1.04645e-12 7.42696e-14 0 
0 3.47016e-12 2.78289e-11 1.17796e-10 3.68552e-10 9.45959e-10 2.08559e-09 4.04829e-09 7.02385e-09 1.10063e-08 1.5698e-08 2.05063e-08 2.46656e-08 2.74525e-08 2.84133e-08 2.75075e-08 2.51167e-08 2.19241e-08 1.87271e-08 1.62525e-08 1.50175e-08 1.52354e-08 1.67403e-08 1.89369e-08 2.08533e-08 2.14121e-08 1.99109e-08 1.64469e-08 1.19166e-08 7.51579e-09 4.11183e-09 1.95097e-09 8.04191e-10 2.88462e-10 8.99896e-11 2.42758e-11 5.57172e-12 1.04645e-12 1.45695e-13 1.07778e-14 0 
0 2.27586e-13 1.7775e-12 7.33912e-12 2.24451e-11 5.64512e-11 1.22286e-10 2.33867e-10 4.00878e-10 6.22232e-10 8.81207e-10 1.14553e-09 1.37398e-09 1.52779e-09 1.58275e-09 1.53692e-09 1.41114e-09 1.24273e-09 1.07534e-09 9.48571e-10 8.89668e-10 9.07587e-10 9.89014e-10 1.09756e-09 1.18012e-09 1.18388e-09 1.08028e-09 8.81723e-10 6.36757e-10 4.04177e-10 2.24711e-10 1.09299e-10 4.65094e-11 1.73103e-11 5.62222e-12 1.58201e-12 3.78988e-13 7.42696e-14 1.07778e-14 8.29717e-16 0 
0 0 0 0 0 0 0 0 0 0 0 0 0 0 0 0 0 0 0 0 0 0 0 0 0 0 0 0 0 0 0 0 0 0 0 0 0 0 0 0 0 
