0 0 0 0 0 0 0 0 0 0 0 0 0 0 0 0 0 0 0 0 0 0 0 0 0 0 0 0 0 0 0 0 0 0 0 0 0 0 0 0 0 
0 5.54036e-10 5.22492e-09 2.58072e-08 9.31269e-08 2.71609e-07 6.68809e-07 1.42334e-06 2.65776e-06 4.40447e-06 6.54084e-06 8.7783e-06 1.07253e-05 1.20022e-05 1.23595e-05 1.17501e-05 1.03329e-05 8.41148e-06 6.33774e-06 4.41672e-06 2.84414e-06 1.69083e-06 9.27465e-07 4.69368e-07 2.1926e-07 9.46405e-08 3.77994e-08 1.39931e-08 4.80953e-09 1.53711e-09 4.5725e-10 1.26623e-10 3.26035e-11 7.78007e-12 1.70929e-12 3.41566e-13 6.06918e-14 9.16707e-15 1.06041e-15 6.70076e-17 0 
0 5.22492e-09 5.1292e-08 2.63312e-07 9.83919e-07 2.95489e-06 7.43926e-06 1.60603e-05 3.01893e-05 5.00413e-05 7.4001e-05 9.86899e-05 0.000119832 0.000133511 0.00013727 0.000130706 0.000115437 9.45469e-05 7.17068e-05 5.02465e-05 3.24502e-05 1.9274e-05 1.05144e-05 5.26624e-06 2.42337e-06 1.02616e-06 4.00701e-07 1.44647e-07 4.83894e-08 1.50348e-08 4.34551e-09 1.16913e-09 2.92561e-10 6.78926e-11 1.45187e-11 2.82695e-12 4.9002e-13 7.2292e-14 8.17813e-15 5.06024e-16 0 
0 2.58072e-08 2.63312e-07 1.4014e-06 5.39858e-06 1.65712e-05 4.21762e-05 9.09531e-05 0.000168924 0.000274482 0.000396467 0.00051686 0.000616195 0.000678688 0.000695404 0.000665339 0.000594906 0.000496271 0.00038481 0.00027596 0.000182032 0.000109909 6.05396e-05 3.03804e-05 1.39005e-05 5.81309e-06 2.22957e-06 7.87298e-07 2.56908e-07 7.77216e-08 2.18519e-08 5.71726e-09 1.3916e-09 3.14308e-10 6.54755e-11 1.24325e-11 2.10409e-12 3.03463e-13 3.36045e-14 2.038e-15 0 
0 9.31269e-08 9.83919e-07 5.39858e-06 2.12466e-05 6.57195e-05 0.000165692 0.000347862 0.000620625 0.000962598 0.00132867 0.00166663 0.00193141 0.00209214 0.00213377 0.00205626 0.00187283 0.00160782 0.00129394 0.000968504 0.000667849 0.000420198 0.000239329 0.000122847 5.68104e-05 2.37472e-05 9.02184e-06 3.13447e-06 1.00176e-06 2.95959e-07 8.11297e-08 2.06811e-08 4.90433e-09 1.07968e-09 2.194e-10 4.06798e-11 6.7307e-12 9.50216e-13 1.03133e-13 6.13829e-15 0 
0 2.71609e-07 2.95489e-06 1.65712e-05 6.57195e-05 0.000200645 0.000487617 0.000967661 0.00161698 0.00235445 0.00308174 0.00371393 0.00418971 0.00447133 0.00454244 0.00440585 0.00408109 0.00360178 0.00301306 0.00236921 0.00173062 0.00115766 0.000698844 0.000376379 0.000179933 7.65174e-05 2.91599e-05 1.00543e-05 3.16581e-06 9.17289e-07 2.45962e-07 6.12508e-08 1.41838e-08 3.04981e-09 6.05695e-10 1.09858e-10 1.78001e-11 2.46389e-12 2.6253e-13 1.53592e-14 0 
0 6.68809e-07 7.43926e-06 4.21762e-05 0.000165692 0.000487617 0.0011135 0.00205012 0.0031894 0.00438237 0.00549869 0.00644005 0.00713685 0.00754549 0.00764749 0.00744832 0.00697483 0.00627125 0.00539454 0.00441044 0.00339127 0.00241528 0.00156274 0.000900357 0.000455148 0.000201032 7.80902e-05 2.70232e-05 8.44723e-06 2.41331e-06 6.35532e-07 1.55114e-07 3.51745e-08 7.40571e-09 1.44076e-09 2.56182e-10 4.07333e-11 5.53922e-12 5.80546e-13 3.34509e-14 0 
0 1.42334e-06 1.60603e-05 9.09531e-05 0.000347862 0.000967661 0.00205012 0.00350696 0.00514695 0.00679053 0.00829699 0.00955624 0.0104851 0.011029 0.0111647 0.0108999 0.01027 0.0093331 0.0081623 0.00683899 0.00544712 0.00407189 0.00280268 0.00173275 0.00093844 0.000438215 0.000176413 6.20493e-05 1.94258e-05 5.50572e-06 1.43048e-06 3.43452e-07 7.6511e-08 1.58188e-08 3.02276e-09 5.28243e-10 8.2622e-11 1.10642e-11 1.14327e-12 6.50314e-14 0 
0 2.65776e-06 3.01893e-05 0.000168924 0.000620625 0.00161698 0.0031894 0.00514695 0.00726002 0.00934232 0.0112405 0.0128251 0.013994 0.0146793 0.0148517 0.0145206 0.0137307 0.012555 0.0110854 0.00942269 0.00766802 0.00591699 0.0042609 0.00279499 0.00161967 0.000806338 0.000340708 0.000123242 3.89869e-05 1.10319e-05 2.84141e-06 6.73723e-07 1.47948e-07 3.01327e-08 5.67239e-09 9.77042e-10 1.50747e-10 1.99344e-11 2.03658e-12 1.14696e-13 0 
0 4.40447e-06 5.00413e-05 0.000274482 0.000962598 0.00235445 0.00438237 0.00679053 0.00934232 0.011844 0.0141226 0.0160255 0.0174304 0.0182559 0.0184664 0.0180728 0.0171288 0.0157217 0.0139621 0.0119712 0.0098692 0.00776693 0.00576209 0.00394616 0.00241876 0.00128044 0.000570847 0.000214103 6.89507e-05 1.95928e-05 5.02567e-06 1.18142e-06 2.56654e-07 5.1668e-08 9.61331e-09 1.63737e-09 2.50022e-10 3.27589e-11 3.32078e-12 1.85877e-13 0 
0 6.54084e-06 7.4001e-05 0.000396467 0.00132867 0.00308174 0.00549869 0.00829699 0.0112405 0.0141226 0.0167483 0.0189427 0.0205651 0.0215212 0.0217693 0.0213218 0.0202399 0.0186242 0.0166019 0.0143128 0.0118958 0.00947751 0.00716584 0.00505238 0.00322848 0.0017993 0.000844186 0.000329244 0.000108449 3.10874e-05 7.9737e-06 1.86538e-06 4.02353e-07 8.03531e-08 1.48313e-08 2.5075e-09 3.80469e-10 4.96083e-11 5.01368e-12 2.80421e-13 0 
0 8.7783e-06 9.86899e-05 0.00051686 0.00166663 0.00371393 0.00644005 0.00955624 0.0128251 0.0160255 0.0189427 0.0213831 0.0231903 0.024259 0.0245425 0.0240535 0.0228596 0.0210721 0.0188319 0.0162945 0.0136143 0.0109319 0.00836598 0.00601153 0.00395367 0.00229101 0.00112215 0.000454018 0.000153154 4.44108e-05 1.14282e-05 2.67014e-06 5.74025e-07 1.14189e-07 2.10014e-08 3.54158e-09 5.36859e-10 7.00838e-11 7.11075e-12 4.00549e-13 0 
0 1.07253e-05 0.000119832 0.000616195 0.00193141 0.00418971 0.00713685 0.0104851 0.013994 0.0174304 0.0205651 0.0231903 0.025138 0.0262945 0.0266088 0.026094 0.0248217 0.0229106 0.0205119 0.0177922 0.0149174 0.012039 0.00928415 0.00675229 0.00452555 0.0026946 0.00136358 0.000568805 0.000196139 5.7594e-05 1.49083e-05 3.49155e-06 7.51407e-07 1.49651e-07 2.75864e-08 4.67171e-09 7.13074e-10 9.40491e-11 9.67909e-12 5.55435e-13 0 
0 1.20022e-05 0.000133511 0.000678688 0.00209214 0.00447133 0.00754549 0.011029 0.0146793 0.0182559 0.0215212 0.024259 0.0262945 0.0275086 0.0278477 0.0273243 0.0260119 0.0240333 0.0215451 0.0187203 0.0157317 0.0127371 0.00986898 0.00723026 0.00490207 0.00296944 0.00153616 0.000655384 0.000230144 6.84317e-05 1.78652e-05 4.21256e-06 9.1287e-07 1.83346e-07 3.41723e-08 5.87199e-09 9.13409e-10 1.23373e-10 1.30672e-11 7.75124e-13 0 
0 1.23595e-05 0.00013727 0.000695404 0.00213377 0.00454244 0.00764749 0.0111647 0.0148517 0.0184664 0.0217693 0.0245425 0.0266088 0.0278477 0.0282039 0.0276893 0.0263771 0.0243902 0.021886 0.0190387 0.0160227 0.0129975 0.0100973 0.00742634 0.00506533 0.00309661 0.00162229 0.000702276 0.000250138 7.53452e-05 1.99171e-05 4.76041e-06 1.04832e-06 2.14795e-07 4.10428e-08 7.27112e-09 1.17279e-09 1.65078e-10 1.8283e-11 1.1353e-12 0 
0 1.17501e-05 0.000130706 0.000665339 0.00205626 0.00440585 0.00744832 0.0108999 0.0145206 0.0180728 0.0213218 0.0240535 0.026094 0.0273243 0.0276893 0.0271998 0.0259265 0.0239891 0.0215412 0.0187531 0.0157956 0.0128253 0.00997435 0.0073455 0.0050192 0.00307739 0.00162057 0.000707546 0.000255146 7.81069e-05 2.10719e-05 5.16617e-06 1.17418e-06 2.50029e-07 4.99994e-08 9.32545e-09 1.5894e-09 2.36531e-10 2.76171e-11 1.79732e-12 0 
0 1.03329e-05 0.000115437 0.000594906 0.00187283 0.00408109 0.00697483 0.01027 0.0137307 0.0171288 0.0202399 0.0228596 0.0248217 0.0260119 0.0263771 0.0259265 0.0247267 0.0228912 0.0205655 0.0179118 0.0150925 0.0122569 0.00953126 0.00701478 0.00478706 0.00293107 0.00154483 0.000679123 0.000248833 7.81861e-05 2.18709e-05 5.61598e-06 1.34971e-06 3.06302e-07 6.55736e-08 1.30926e-08 2.37753e-09 3.73778e-10 4.56108e-11 3.06725e-12 0 
0 8.41148e-06 9.45469e-05 0.000496271 0.00160782 0.00360178 0.00627125 0.0093331 0.012555 0.0157217 0.0186242 0.0210721 0.0229106 0.0240333 0.0243902 0.0239891 0.0228912 0.021201 0.0190533 0.0165979 0.0139853 0.0113538 0.00882087 0.00647988 0.00440915 0.00269245 0.00142174 0.000633302 0.000239048 7.8771e-05 2.34851e-05 6.50939e-06 1.70092e-06 4.19796e-07 9.70859e-08 2.06922e-08 3.95307e-09 6.44222e-10 8.04108e-11 5.47015e-12 0 
0 6.33774e-06 7.17068e-05 0.00038481 0.00129394 0.00301306 0.00539454 0.0081623 0.0110854 0.0139621 0.0166019 0.0188319 0.0205119 0.0215451 0.021886 0.0215412 0.0205655 0.0190533 0.0171258 0.0149185 0.0125668 0.0101958 0.00791161 0.00580076 0.00393928 0.00240859 0.00128727 0.000592319 0.000237046 8.48424e-05 2.79199e-05 8.58069e-06 2.4687e-06 6.60461e-07 1.6236e-07 3.60706e-08 7.06143e-09 1.16324e-09 1.45259e-10 9.81298e-12 0 
0 4.41672e-06 5.02465e-05 0.00027596 0.000968504 0.00236921 0.00441044 0.00683899 0.00942269 0.0119712 0.0143128 0.0162945 0.0177922 0.0187203 0.0190387 0.0187531 0.0179118 0.0165979 0.0149185 0.0129928 0.0109405 0.00887168 0.00688071 0.00504642 0.00344024 0.00213371 0.00118213 0.000582139 0.000257518 0.000103946 3.86161e-05 1.31858e-05 4.10997e-06 1.15997e-06 2.93922e-07 6.60996e-08 1.29278e-08 2.10843e-09 2.59128e-10 1.71654e-11 0 
0 2.84414e-06 3.24502e-05 0.000182032 0.000667849 0.00173062 0.00339127 0.00544712 0.00766802 0.0098692 0.0118958 0.0136143 0.0149174 0.0157317 0.0160227 0.0157956 0.0150925 0.0139853 0.0125668 0.0109405 0.00921003 0.00747129 0.00580734 0.00428871 0.00297684 0.00192188 0.001147 0.000631937 0.000320647 0.000148477 6.18632e-05 2.2906e-05 7.48768e-06 2.15713e-06 5.4722e-07 1.21633e-07 2.33255e-08 3.71293e-09 4.44335e-10 2.86365e-11 0 
0 1.69083e-06 1.9274e-05 0.000109909 0.000420198 0.00115766 0.00241528 0.00407189 0.00591699 0.00776693 0.00947751 0.0109319 0.012039 0.0127371 0.0129975 0.0128253 0.0122569 0.0113538 0.0101958 0.00887168 0.00747129 0.00607839 0.00476614 0.00359444 0.00260589 0.00181817 0.00121926 0.000776639 0.000457685 0.000241006 0.000109985 4.28043e-05 1.42052e-05 4.05717e-06 1.00642e-06 2.17197e-07 4.03099e-08 6.2038e-09 7.18122e-10 4.48221e-11 0 
0 9.27465e-07 1.05144e-05 6.05396e-05 0.000239329 0.000698844 0.00156274 0.00280268 0.0042609 0.00576209 0.00716584 0.00836598 0.00928415 0.00986898 0.0100973 0.00997435 0.00953126 0.00882087 0.00791161 0.00688071 0.00580734 0.00476614 0.0038206 0.00301489 0.00236479 0.00185331 0.00143865 0.00107453 0.000735754 0.000436336 0.000213923 8.49572e-05 2.76002e-05 7.54532e-06 1.78189e-06 3.67048e-07 6.52608e-08 9.65184e-09 1.07671e-09 6.49495e-11 0 
0 4.69368e-07 5.26624e-06 3.03804e-05 0.000122847 0.000376379 0.000900357 0.00173275 0.00279499 0.00394616 0.00505238 0.00601153 0.00675229 0.00723026 0.00742634 0.0073455 0.00701478 0.00647988 0.00580076 0.00504642 0.00428871 0.00359444 0.00301489 0.00257471 0.00226773 0.00206635 0.00192643 0.0017575 0.0014376 0.000961382 0.000495385 0.0001929 5.79505e-05 1.42124e-05 3.0299e-06 5.7788e-07 9.7185e-08 1.37519e-08 1.47663e-09 8.60997e-11 0 
0 2.1926e-07 2.42337e-06 1.39005e-05 5.68104e-05 0.000179933 0.000455148 0.00093844 0.00161967 0.00241876 0.00322848 0.00395367 0.00452555 0.00490207 0.00506533 0.0050192 0.00478706 0.00440915 0.00393928 0.00344024 0.00297684 0.00260589 0.00236479 0.00226773 0.00233283 0.00264756 0.0033013 0.00397607 0.00389909 0.00281738 0.00145 0.000530965 0.000141199 2.89955e-05 5.1188e-06 8.48102e-07 1.31343e-07 1.76759e-08 1.82815e-09 1.03272e-10 0 
0 9.46405e-08 1.02616e-06 5.81309e-06 2.37472e-05 7.65174e-05 0.000201032 0.000438215 0.000806338 0.00128044 0.0017993 0.00229101 0.0026946 0.00296944 0.00309661 0.00307739 0.00293107 0.00269245 0.00240859 0.00213371 0.00192188 0.00181817 0.00185331 0.00206635 0.00264756 0.00421889 0.00740258 0.010954 0.0117378 0.00865661 0.00434742 0.00149825 0.000360484 6.29129e-05 8.84518e-06 1.17834e-06 1.60023e-07 2.02321e-08 2.01866e-09 1.10949e-10 0 
0 3.77994e-08 4.00701e-07 2.22957e-06 9.02184e-06 2.91599e-05 7.80902e-05 0.000176413 0.000340708 0.000570847 0.000844186 0.00112215 0.00136358 0.00153616 0.00162229 0.00162057 0.00154483 0.00142174 0.00128727 0.00118213 0.001147 0.00121926 0.00143865 0.00192643 0.0033013 0.00740258 0.015864 0.0253553 0.0278765 0.0206369 0.0102375 0.00341731 0.000777498 0.000123205 1.4589e-05 1.54028e-06 1.74838e-07 2.03975e-08 1.967e-09 1.05814e-10 0 
0 1.39931e-08 1.44647e-07 7.87298e-07 3.13447e-06 1.00543e-05 2.70232e-05 6.20493e-05 0.000123242 0.000214103 0.000329244 0.000454018 0.000568805 0.000655384 0.000702276 0.000707546 0.000679123 0.000633302 0.000592319 0.000582139 0.000631937 0.000776639 0.00107453 0.0017575 0.00397607 0.010954 0.0253553 0.041488 0.0459397 0.0340389 0.0168178 0.00554582 0.00122967 0.000185768 1.99748e-05 1.77446e-06 1.68015e-07 1.79107e-08 1.67622e-09 8.89301e-11 0 
0 4.80953e-09 4.83894e-08 2.56908e-07 1.00176e-06 3.16581e-06 8.44723e-06 1.94258e-05 3.89869e-05 6.89507e-05 0.000108449 0.000153154 0.000196139 0.000230144 0.000250138 0.000255146 0.000248833 0.000239048 0.000237046 0.000257518 0.000320647 0.000457685 0.000735754 0.0014376 0.00389909 0.0117378 0.0278765 0.0459397 0.0509757 0.0377793 0.0186422 0.00612203 0.00134321 0.000198477 2.03611e-05 1.64022e-06 1.36374e-07 1.35095e-08 1.2402e-09 6.55012e-11 0 
0 1.53711e-09 1.50348e-08 7.77216e-08 2.95959e-07 9.17289e-07 2.41331e-06 5.50572e-06 1.10319e-05 1.95928e-05 3.10874e-05 4.44108e-05 5.7594e-05 6.84317e-05 7.53452e-05 7.81069e-05 7.81861e-05 7.8771e-05 8.48424e-05 0.000103946 0.000148477 0.000241006 0.000436336 0.000961382 0.00281738 0.00865661 0.0206369 0.0340389 0.0377793 0.0279995 0.0138137 0.00453263 0.000991115 0.000145136 1.46167e-05 1.13385e-06 8.94636e-08 8.63244e-09 7.92712e-10 4.21352e-11 0 
0 4.5725e-10 4.34551e-09 2.18519e-08 8.11297e-08 2.45962e-07 6.35532e-07 1.43048e-06 2.84141e-06 5.02567e-06 7.9737e-06 1.14282e-05 1.49083e-05 1.78652e-05 1.99171e-05 2.10719e-05 2.18709e-05 2.34851e-05 2.79199e-05 3.86161e-05 6.18632e-05 0.000109985 0.000213923 0.000495385 0.00145 0.00434742 0.0102375 0.0168178 0.0186422 0.0138137 0.00681874 0.00223987 0.000489899 7.16753e-05 7.23279e-06 5.68509e-07 4.63826e-08 4.64315e-09 4.36959e-10 2.36382e-11 0 
0 1.26623e-10 1.16913e-09 5.71726e-09 2.06811e-08 6.12508e-08 1.55114e-07 3.43452e-07 6.73723e-07 1.18142e-06 1.86538e-06 2.67014e-06 3.49155e-06 4.21256e-06 4.76041e-06 5.16617e-06 5.61598e-06 6.50939e-06 8.58069e-06 1.31858e-05 2.2906e-05 4.28043e-05 8.49572e-05 0.0001929 0.000530965 0.00149825 0.00341731 0.00554582 0.00612203 0.00453263 0.00223987 0.000737402 0.000161751 2.38491e-05 2.46902e-06 2.08504e-07 1.9241e-08 2.11472e-09 2.08076e-10 1.15676e-11 0 
0 3.26035e-11 2.92561e-10 1.3916e-09 4.90433e-09 1.41838e-08 3.51745e-08 7.6511e-08 1.47948e-07 2.56654e-07 4.02353e-07 5.74025e-07 7.51407e-07 9.1287e-07 1.04832e-06 1.17418e-06 1.34971e-06 1.70092e-06 2.4687e-06 4.10997e-06 7.48768e-06 1.42052e-05 2.76002e-05 5.79505e-05 0.000141199 0.000360484 0.000777498 0.00122967 0.00134321 0.000991115 0.000489899 0.000161751 3.57752e-05 5.40271e-06 5.98026e-07 5.89748e-08 6.66604e-09 8.27138e-10 8.59115e-11 4.94257e-12 0 
0 7.78007e-12 6.78926e-11 3.14308e-10 1.07968e-09 3.04981e-09 7.40571e-09 1.58188e-08 3.01327e-08 5.1668e-08 8.03531e-08 1.14189e-07 1.49651e-07 1.83346e-07 2.14795e-07 2.50029e-07 3.06302e-07 4.19796e-07 6.60461e-07 1.15997e-06 2.15713e-06 4.05717e-06 7.54532e-06 1.42124e-05 2.89955e-05 6.29129e-05 0.000123205 0.000185768 0.000198477 0.000145136 7.16753e-05 2.38491e-05 5.40271e-06 8.6821e-07 1.11387e-07 1.41941e-08 2.02387e-09 2.81222e-10 3.08471e-11 1.8447e-12 0 
0 1.70929e-12 1.45187e-11 6.54755e-11 2.194e-10 6.05695e-10 1.44076e-09 3.02276e-09 5.67239e-09 9.61331e-09 1.48313e-08 2.10014e-08 2.75864e-08 3.41723e-08 4.10428e-08 4.99994e-08 6.55736e-08 9.70859e-08 1.6236e-07 2.93922e-07 5.4722e-07 1.00642e-06 1.78189e-06 3.0299e-06 5.1188e-06 8.84518e-06 1.4589e-05 1.99748e-05 2.03611e-05 1.46167e-05 7.23279e-06 2.46902e-06 5.98026e-07 1.11387e-07 1.86092e-08 3.1996e-09 5.50181e-10 8.33839e-11 9.63055e-12 6.00256e-13 0 
0 3.41566e-13 2.82695e-12 1.24325e-11 4.06798e-11 1.09858e-10 2.56182e-10 5.28243e-10 9.77042e-10 1.63737e-09 2.5075e-09 3.54158e-09 4.67171e-09 5.87199e-09 7.27112e-09 9.32545e-09 1.30926e-08 2.06922e-08 3.60706e-08 6.60996e-08 1.21633e-07 2.17197e-07 3.67048e-07 5.7788e-07 8.48102e-07 1.17834e-06 1.54028e-06 1.77446e-06 1.64022e-06 1.13385e-06 5.68509e-07 2.08504e-07 5.89748e-08 1.41941e-08 3.1996e-09 6.86096e-10 1.32468e-10 2.14272e-11 2.5993e-12 1.69102e-13 0 
0 6.06918e-14 4.9002e-13 2.10409e-12 6.7307e-12 1.78001e-11 4.07333e-11 8.2622e-11 1.50747e-10 2.50022e-10 3.80469e-10 5.36859e-10 7.13074e-10 9.13409e-10 1.17279e-09 1.5894e-09 2.37753e-09 3.95307e-09 7.06143e-09 1.29278e-08 2.33255e-08 4.03099e-08 6.52608e-08 9.7185e-08 1.31343e-07 1.60023e-07 1.74838e-07 1.68015e-07 1.36374e-07 8.94636e-08 4.63826e-08 1.9241e-08 6.66604e-09 2.02387e-09 5.50181e-10 1.32468e-10 2.74708e-11 4.69081e-12 5.96705e-13 4.05374e-14 0 
0 9.16707e-15 7.2292e-14 3.03463e-13 9.50216e-13 2.46389e-12 5.53922e-12 1.10642e-11 1.99344e-11 3.27589e-11 4.96083e-11 7.00838e-11 9.40491e-11 1.23373e-10 1.65078e-10 2.36531e-10 3.73778e-10 6.44222e-10 1.16324e-09 2.10843e-09 3.71293e-09 6.2038e-09 9.65184e-09 1.37519e-08 1.76759e-08 2.02321e-08 2.03975e-08 1.79107e-08 1.35095e-08 8.63244e-09 4.64315e-09 2.11472e-09 8.27138e-10 2.81222e-10 8.33839e-11 2.14272e-11 4.69081e-12 8.41374e-13 1.12059e-13 7.94621e-15 0 
0 1.06041e-15 8.17813e-15 3.36045e-14 1.03133e-13 2.6253e-13 5.80546e-13 1.14327e-12 2.03658e-12 3.32078e-12 5.01368e-12 7.11075e-12 9.67909e-12 1.30672e-11 1.8283e-11 2.76171e-11 4.56108e-11 8.04108e-11 1.45259e-10 2.59128e-10 4.44335e-10 7.18122e-10 1.07671e-09 1.47663e-09 1.82815e-09 2.01866e-09 1.967e-09 1.67622e-09 1.2402e-09 7.92712e-10 4.36959e-10 2.08076e-10 8.59115e-11 3.08471e-11 9.63055e-12 2.5993e-12 5.96705e-13 1.12059e-13 1.55962e-14 1.1531e-15 0 
0 6.70076e-17 5.06024e-16 2.038e-15 6.13829e-15 1.53592e-14 3.34509e-14 6.50314e-14 1.14696e-13 1.85877e-13 2.80421e-13 4.00549e-13 5.55435e-13 7.75124e-13 1.1353e-12 1.79732e-12 3.06725e-12 5.47015e-12 9.81298e-12 1.71654e-11 2.86365e-11 4.48221e-11 6.49495e-11 8.60997e-11 1.03272e-10 1.10949e-10 1.05814e-10 8.89301e-11 6.55012e-11 4.21352e-11 2.36382e-11 1.15676e-11 4.94257e-12 1.8447e-12 6.00256e-13 1.69102e-13 4.05374e-14 7.94621e-15 1.1531e-15 8.87474e-17 0 
0 0 0 0 0 0 0 0 0 0 0 0 0 0 0 0 0 0 0 0 0 0 0 0 0 0 0 0 0 0 0 0 0 0 0 0 0 0 0 0 0 
