0 0 0 0 0 0 0 0 0 0 0 0 0 0 0 0 0 0 0 0 0 0 0 0 0 0 0 0 0 0 0 0 0 0 0 0 0 0 0 0 0 
0 2.03138e-07 1.8354e-06 8.31357e-06 2.61974e-05 6.37845e-05 0.000126934 0.000215137 0.000321074 0.000433345 0.000539854 0.000630157 0.000696564 0.000734415 0.000741963 0.000720078 0.000671885 0.000602346 0.000517794 0.000425386 0.000332466 0.0002458 0.00017078 0.000110719 6.65027e-05 3.67671e-05 1.86115e-05 8.59486e-06 3.61449e-06 1.38383e-06 4.82654e-07 1.53486e-07 4.45092e-08 1.17519e-08 2.812e-09 6.03573e-10 1.13828e-10 1.80632e-11 2.1765e-12 1.42241e-13 0 
0 1.8354e-06 1.709e-05 7.76872e-05 0.000237125 0.00054099 0.000988451 0.00153147 0.00210603 0.00265654 0.00314201 0.0035337 0.00381256 0.00396792 0.00399704 0.00390458 0.00370164 0.00340446 0.00303297 0.00260946 0.00215784 0.00170322 0.00127149 0.000887683 0.000572387 0.000336746 0.000178935 8.53218e-05 3.64308e-05 1.39511e-05 4.80972e-06 1.49915e-06 4.23787e-07 1.08734e-07 2.52468e-08 5.25694e-09 9.62246e-10 1.48358e-10 1.73916e-11 1.10746e-12 0 
0 8.31357e-06 7.76872e-05 0.000338609 0.000943322 0.00191132 0.00311434 0.00440598 0.00568386 0.00687511 0.00791855 0.00876152 0.00936321 0.00969847 0.00975973 0.00955681 0.00911492 0.00847119 0.00767029 0.00675979 0.00578582 0.00479009 0.00380943 0.00287855 0.00203481 0.00131952 0.00076888 0.000395729 0.000178253 7.02795e-05 2.44255e-05 7.55595e-06 2.09833e-06 5.25744e-07 1.18841e-07 2.40628e-08 4.2832e-09 6.42693e-10 7.34128e-11 4.56177e-12 0 
0 2.61974e-05 0.000237125 0.000943322 0.00231008 0.00415938 0.00625395 0.00844946 0.0106347 0.0126944 0.0145135 0.0159905 0.0170475 0.017637 0.0177438 0.0173853 0.0166065 0.0154748 0.0140721 0.0124863 0.0108038 0.009102 0.00744396 0.00587535 0.00442753 0.00312895 0.0020206 0.00115656 0.000571526 0.000240768 8.68018e-05 2.71687e-05 7.50295e-06 1.84999e-06 4.09219e-07 8.08737e-08 1.40402e-08 2.05536e-09 2.29265e-10 1.39294e-11 0 
0 6.37845e-05 0.00054099 0.00191132 0.00415938 0.00695075 0.0100808 0.0134009 0.0167359 0.0198937 0.0226887 0.0249604 0.0265869 0.0274938 0.0276578 0.0271052 0.0259058 0.0241641 0.0220069 0.0195714 0.0169934 0.0143965 0.0118842 0.00953402 0.00739349 0.00548304 0.0038112 0.00240445 0.00132262 0.000612941 0.000236277 7.66038e-05 2.13688e-05 5.23686e-06 1.14103e-06 2.21133e-07 3.75787e-08 5.38324e-09 5.87914e-10 3.5007e-11 0 
0 0.000126934 0.000988451 0.00311434 0.00625395 0.0100808 0.0144169 0.0190484 0.0237133 0.0281351 0.0320508 0.0352342 0.0375137 0.0387848 0.0390145 0.0382395 0.0365583 0.0341173 0.0310947 0.0276836 0.0240752 0.0204444 0.0169394 0.0136741 0.0107241 0.00812438 0.00587354 0.00395517 0.0023828 0.00122216 0.000514201 0.000176539 5.05841e-05 1.24586e-05 2.69346e-06 5.14544e-07 8.59359e-08 1.20868e-08 1.29614e-09 7.58329e-11 0 
0 0.000215137 0.00153147 0.00440598 0.00844946 0.0134009 0.0190484 0.0250942 0.0311879 0.0369659 0.0420834 0.0462449 0.0492276 0.0508939 0.0511955 0.050179 0.0479776 0.0447855 0.0408352 0.0363781 0.0316642 0.0269231 0.0223496 0.018095 0.0142626 0.0109067 0.00803375 0.00561021 0.00359681 0.00201059 0.000926443 0.000341642 0.000102017 2.55227e-05 5.51488e-06 1.04391e-06 1.72048e-07 2.38397e-08 2.51775e-09 1.45124e-10 0 
0 0.000321074 0.00210603 0.00568386 0.0106347 0.0167359 0.0237133 0.0311879 0.0387237 0.0458699 0.0522039 0.05738 0.0611454 0.0632945 0.0636896 0.0623692 0.0595604 0.055562 0.0506615 0.0451475 0.0393185 0.0334569 0.0278044 0.022549 0.0178207 0.0136914 0.0101773 0.0072438 0.0048225 0.00286974 0.00143212 0.000568931 0.00017865 4.57854e-05 9.95075e-06 1.87527e-06 3.06159e-07 4.19324e-08 4.37426e-09 2.49063e-10 0 
0 0.000433345 0.00265654 0.00687511 0.0126944 0.0198937 0.0281351 0.0369659 0.0458699 0.05432 0.0618622 0.0681845 0.0729462 0.075692 0.0761997 0.0745233 0.0709327 0.0659376 0.0600172 0.0534709 0.0465807 0.0396559 0.0329792 0.0267734 0.021193 0.0163252 0.0121946 0.00876826 0.00596604 0.00370072 0.00196512 0.000835302 0.000276394 7.29189e-05 1.60134e-05 3.01611e-06 4.89428e-07 6.64595e-08 6.86697e-09 3.87221e-10 0 
0 0.000539854 0.00314201 0.00791855 0.0145135 0.0226887 0.0320508 0.0420834 0.0522039 0.0618622 0.0706797 0.0781776 0.0834301 0.0861502 0.0866426 0.0850534 0.0813018 0.0755126 0.0684704 0.0608802 0.0530206 0.0451509 0.0375663 0.0305177 0.0241812 0.0186572 0.0139761 0.0101068 0.0069639 0.00443471 0.00246209 0.00110604 0.00038404 0.000104374 2.3215e-05 4.3819e-06 7.08664e-07 9.56594e-08 9.81513e-09 5.49451e-10 0 
0 0.000630157 0.0035337 0.00876152 0.0159905 0.0249604 0.0352342 0.0462449 0.05738 0.0681845 0.0781776 0.0858953 0.0905542 0.0928373 0.0932614 0.0919597 0.0887642 0.0832814 0.0756215 0.0670184 0.0582788 0.0496251 0.0413009 0.0335662 0.026614 0.0205551 0.0154245 0.0111916 0.00776811 0.00502741 0.00287607 0.00134643 0.000486403 0.000135765 3.05858e-05 5.79375e-06 9.35729e-07 1.25844e-07 1.28516e-08 7.15825e-10 0 
0 0.000696564 0.00381256 0.00936321 0.0170475 0.0265869 0.0375137 0.0492276 0.0611454 0.0729462 0.0834301 0.0905542 0.0946495 0.0966718 0.0970588 0.0959196 0.093117 0.0882364 0.0807969 0.0715673 0.0620875 0.0528394 0.0439821 0.0357553 0.0283614 0.0219185 0.0164648 0.0119697 0.00834326 0.00545119 0.00317744 0.00152941 0.000568636 0.000162046 3.69041e-05 7.01752e-06 1.1334e-06 1.5215e-07 1.54972e-08 8.60658e-10 0 
0 0.000734415 0.00396792 0.00969847 0.017637 0.0274938 0.0387848 0.0508939 0.0632945 0.075692 0.0861502 0.0928373 0.0966718 0.0985802 0.0989518 0.0978848 0.0952594 0.0906965 0.0835841 0.0741847 0.0642517 0.0546454 0.0454871 0.036985 0.0293438 0.0226858 0.017051 0.0124087 0.00866809 0.00569137 0.00335087 0.00163832 0.000619665 0.000178928 4.10546e-05 7.83235e-06 1.26617e-06 1.69936e-07 1.7296e-08 9.59696e-10 0 
0 0.000741963 0.00399704 0.00975973 0.0177438 0.0276578 0.0390145 0.0511955 0.0636896 0.0761997 0.0866426 0.0932614 0.0970588 0.0989518 0.0993222 0.0982668 0.0956688 0.0911561 0.0841045 0.0746866 0.0646666 0.0549912 0.045777 0.0372237 0.0295364 0.022838 0.0171691 0.0124992 0.00873721 0.0057451 0.0033925 0.00166667 0.000634006 0.000183983 4.23628e-05 8.10059e-06 1.31165e-06 1.76266e-07 1.79614e-08 9.97795e-10 0 
0 0.000720078 0.00390458 0.00955681 0.0173853 0.0271052 0.0382395 0.050179 0.0623692 0.0745233 0.0850534 0.0919597 0.0959196 0.0978848 0.0982668 0.0971694 0.0944659 0.0897609 0.0824842 0.0731231 0.0633787 0.0539259 0.0448943 0.0365068 0.0289676 0.0223977 0.0168368 0.0122546 0.00856125 0.00562076 0.0033082 0.00161717 0.000612178 0.000177162 4.07828e-05 7.81022e-06 1.26777e-06 1.7088e-07 1.74704e-08 9.73971e-10 0 
0 0.000671885 0.00370164 0.00911492 0.0166065 0.0259058 0.0365583 0.0479776 0.0595604 0.0709327 0.0813018 0.0887642 0.093117 0.0952594 0.0956688 0.0944659 0.0915014 0.0863541 0.07875 0.0697479 0.0605877 0.0515912 0.042954 0.034928 0.0277128 0.0214241 0.0160996 0.0117094 0.00816562 0.00533723 0.00311259 0.00150064 0.000560192 0.000160681 3.68866e-05 7.07517e-06 1.15308e-06 1.56255e-07 1.60728e-08 9.01944e-10 0 
0 0.000602346 0.00340446 0.00847119 0.0154748 0.0241641 0.0341173 0.0447855 0.055562 0.0659376 0.0755126 0.0832814 0.0882364 0.0906965 0.0911561 0.0897609 0.0863541 0.0806845 0.0731982 0.0649826 0.0565713 0.0481953 0.0401275 0.032628 0.0258848 0.0200058 0.0150257 0.010915 0.00758822 0.00492297 0.00282885 0.00133525 0.000488451 0.000138421 3.16846e-05 6.0984e-06 1.0009e-06 1.3685e-07 1.42178e-08 8.06311e-10 0 
0 0.000517794 0.00303297 0.00767029 0.0140721 0.0220069 0.0310947 0.0408352 0.0506615 0.0600172 0.0684704 0.0756215 0.0807969 0.0835841 0.0841045 0.0824842 0.07875 0.0731982 0.0665203 0.0592322 0.0516231 0.0439875 0.036624 0.0297781 0.0236213 0.0182515 0.0136993 0.00993504 0.00687713 0.00441595 0.00248937 0.0011458 0.00041023 0.000115075 2.63667e-05 5.11725e-06 8.50245e-07 1.17918e-07 1.24371e-08 7.16197e-10 0 
0 0.000425386 0.00260946 0.00675979 0.0124863 0.0195714 0.0276836 0.0363781 0.0451475 0.0534709 0.0608802 0.0670184 0.0715673 0.0741847 0.0746866 0.0731231 0.0697479 0.0649826 0.0592322 0.052816 0.0460459 0.0392374 0.0326703 0.0265644 0.0210722 0.01628 0.0122131 0.00884176 0.00608966 0.00386551 0.00213741 0.00096272 0.00033995 9.53046e-05 2.2065e-05 4.35435e-06 7.37647e-07 1.04373e-07 1.12264e-08 6.5855e-10 0 
0 0.000332466 0.00215784 0.00578582 0.0108038 0.0169934 0.0240752 0.0316642 0.0393185 0.0465807 0.0530206 0.0582788 0.0620875 0.0642517 0.0646666 0.0633787 0.0605877 0.0565713 0.0516231 0.0460459 0.0401468 0.0342135 0.0284914 0.0231719 0.0183871 0.0142108 0.0106628 0.00771322 0.0052947 0.003337 0.00182867 0.000820158 0.000291556 8.31796e-05 1.97149e-05 3.98837e-06 6.91756e-07 9.99698e-08 1.0951e-08 6.52347e-10 0 
0 0.0002458 0.00170322 0.00479009 0.009102 0.0143965 0.0204444 0.0269231 0.0334569 0.0396559 0.0451509 0.0496251 0.0528394 0.0546454 0.0549912 0.0539259 0.0515912 0.0481953 0.0439875 0.0392374 0.0342135 0.0291625 0.0242939 0.0197705 0.0157045 0.0121579 0.00914587 0.00664051 0.00458374 0.00291762 0.00162869 0.00075217 0.000277227 8.19526e-05 2.00109e-05 4.14108e-06 7.30038e-07 1.0668e-07 1.17683e-08 7.03682e-10 0 
0 0.00017078 0.00127149 0.00380943 0.00744396 0.0118842 0.0169394 0.0223496 0.0278044 0.0329792 0.0375663 0.0413009 0.0439821 0.0454871 0.045777 0.0448943 0.042954 0.0401275 0.036624 0.0326703 0.0284914 0.0242939 0.020253 0.0165056 0.0131486 0.0102421 0.00780505 0.0057979 0.00413302 0.00273851 0.00160785 0.000787469 0.000306282 9.39216e-05 2.33566e-05 4.85851e-06 8.54272e-07 1.23967e-07 1.35482e-08 8.01567e-10 0 
0 0.000110719 0.000887683 0.00287855 0.00587535 0.00953402 0.0136741 0.018095 0.022549 0.0267734 0.0305177 0.0335662 0.0357553 0.036985 0.0372237 0.0365068 0.034928 0.032628 0.0297781 0.0265644 0.0231719 0.0197705 0.0165056 0.0134971 0.0108565 0.00870772 0.00711788 0.00590833 0.00468682 0.00328969 0.00196411 0.000977833 0.000389351 0.000120575 2.97182e-05 6.06402e-06 1.04244e-06 1.47852e-07 1.58065e-08 9.16033e-10 0 
0 6.65027e-05 0.000572387 0.00203481 0.00442753 0.00739349 0.0107241 0.0142626 0.0178207 0.021193 0.0241812 0.026614 0.0283614 0.0293438 0.0295364 0.0289676 0.0277128 0.0258848 0.0236213 0.0210722 0.0183871 0.0157045 0.0131486 0.0108565 0.00908728 0.00834198 0.00898498 0.01014 0.00976094 0.00711644 0.00385345 0.00163518 0.000577146 0.000166269 3.86636e-05 7.511e-06 1.24166e-06 1.7053e-07 1.77304e-08 1.00257e-09 0 
0 3.67671e-05 0.000336746 0.00131952 0.00312895 0.00548304 0.00812438 0.0109067 0.0136914 0.0163252 0.0186572 0.0205551 0.0219185 0.0226858 0.022838 0.0223977 0.0214241 0.0200058 0.0182515 0.01628 0.0142108 0.0121579 0.0102421 0.00870772 0.00834198 0.0109833 0.018078 0.0265088 0.0293703 0.0207848 0.0105195 0.00376319 0.00104498 0.000246879 4.99135e-05 8.81774e-06 1.37563e-06 1.82043e-07 1.84029e-08 1.01641e-09 0 
0 1.86115e-05 0.000178935 0.00076888 0.0020206 0.0038112 0.00587354 0.00803375 0.0101773 0.0121946 0.0139761 0.0154245 0.0164648 0.017051 0.0171691 0.0168368 0.0160996 0.0150257 0.0136993 0.0122131 0.0106628 0.00914587 0.00780505 0.00711788 0.00898498 0.018078 0.0382387 0.0695389 0.0772174 0.0534995 0.0244831 0.00823835 0.00197183 0.000376638 6.25426e-05 9.55315e-06 1.374e-06 1.74622e-07 1.7223e-08 9.33381e-10 0 
0 8.59486e-06 8.53218e-05 0.000395729 0.00115656 0.00240445 0.00395517 0.00561021 0.0072438 0.00876826 0.0101068 0.0111916 0.0119697 0.0124087 0.0124992 0.0122546 0.0117094 0.010915 0.00993504 0.00884176 0.00771322 0.00664051 0.0057979 0.00590833 0.01014 0.0265088 0.0695389 0.08764 0.089822 0.0829334 0.0447044 0.0132754 0.00300533 0.000506108 7.09178e-05 9.24246e-06 1.2081e-06 1.47478e-07 1.42829e-08 7.6485e-10 0 
0 3.61449e-06 3.64308e-05 0.000178253 0.000571526 0.00132262 0.0023828 0.00359681 0.0048225 0.00596604 0.0069639 0.00776811 0.00834326 0.00866809 0.00873721 0.00856125 0.00816562 0.00758822 0.00687713 0.00608966 0.0052947 0.00458374 0.00413302 0.00468682 0.00976094 0.0293703 0.0772174 0.089822 0.0914543 0.0857787 0.0535507 0.0146354 0.00325393 0.000518837 6.56074e-05 7.57478e-06 9.12341e-07 1.08035e-07 1.03744e-08 5.53761e-10 0 
0 1.38383e-06 1.39511e-05 7.02795e-05 0.000240768 0.000612941 0.00122216 0.00201059 0.00286974 0.00370072 0.00443471 0.00502741 0.00545119 0.00569137 0.0057451 0.00562076 0.00533723 0.00492297 0.00441595 0.00386551 0.003337 0.00291762 0.00273851 0.00328969 0.00711644 0.0207848 0.0534995 0.0829334 0.0857787 0.0744451 0.0334806 0.0108394 0.00240407 0.000377513 4.56928e-05 4.97898e-06 5.77804e-07 6.79242e-08 6.55343e-09 3.52082e-10 0 
0 4.82654e-07 4.80972e-06 2.44255e-05 8.68018e-05 0.000236277 0.000514201 0.000926443 0.00143212 0.00196512 0.00246209 0.00287607 0.00317744 0.00335087 0.0033925 0.0033082 0.00311259 0.00282885 0.00248937 0.00213741 0.00182867 0.00162869 0.00160785 0.00196411 0.00385345 0.0105195 0.0244831 0.0447044 0.0535507 0.0334806 0.0162872 0.00537189 0.00120186 0.00019033 2.30897e-05 2.54665e-06 3.02926e-07 3.64803e-08 3.58878e-09 1.95965e-10 0 
0 1.53486e-07 1.49915e-06 7.55595e-06 2.71687e-05 7.66038e-05 0.000176539 0.000341642 0.000568931 0.000835302 0.00110604 0.00134643 0.00152941 0.00163832 0.00166667 0.00161717 0.00150064 0.00133525 0.0011458 0.00096272 0.000820158 0.00075217 0.000787469 0.000977833 0.00163518 0.00376319 0.00823835 0.0132754 0.0146354 0.0108394 0.00537189 0.00179029 0.000409127 6.6652e-05 8.49456e-06 1.0208e-06 1.3219e-07 1.67691e-08 1.70376e-09 9.53878e-11 0 
0 4.45092e-08 4.23787e-07 2.09833e-06 7.50295e-06 2.13688e-05 5.05841e-05 0.000102017 0.00017865 0.000276394 0.00038404 0.000486403 0.000568636 0.000619665 0.000634006 0.000612178 0.000560192 0.000488451 0.00041023 0.00033995 0.000291556 0.000277227 0.000306282 0.000389351 0.000577146 0.00104498 0.00197183 0.00300533 0.00325393 0.00240407 0.00120186 0.000409127 9.67183e-05 1.67004e-05 2.38148e-06 3.34598e-07 4.89752e-08 6.63886e-09 7.02532e-10 4.06103e-11 0 
0 1.17519e-08 1.08734e-07 5.25744e-07 1.84999e-06 5.23686e-06 1.24586e-05 2.55227e-05 4.57854e-05 7.29189e-05 0.000104374 0.000135765 0.000162046 0.000178928 0.000183983 0.000177162 0.000160681 0.000138421 0.000115075 9.53046e-05 8.31796e-05 8.19526e-05 9.39216e-05 0.000120575 0.000166269 0.000246879 0.000376638 0.000506108 0.000518837 0.000377513 0.00019033 6.6652e-05 1.67004e-05 3.23714e-06 5.56453e-07 9.4921e-08 1.57186e-08 2.27729e-09 2.52051e-10 1.51198e-11 0 
0 2.812e-09 2.52468e-08 1.18841e-07 4.09219e-07 1.14103e-06 2.69346e-06 5.51488e-06 9.95075e-06 1.60134e-05 2.3215e-05 3.05858e-05 3.69041e-05 4.10546e-05 4.23628e-05 4.07828e-05 3.68866e-05 3.16846e-05 2.63667e-05 2.2065e-05 1.97149e-05 2.00109e-05 2.33566e-05 2.97182e-05 3.86636e-05 4.99135e-05 6.25426e-05 7.09178e-05 6.56074e-05 4.56928e-05 2.30897e-05 8.49456e-06 2.38148e-06 5.56453e-07 1.19248e-07 2.4122e-08 4.40726e-09 6.7819e-10 7.8641e-11 4.91187e-12 0 
0 6.03573e-10 5.25694e-09 2.40628e-08 8.08737e-08 2.21133e-07 5.14544e-07 1.04391e-06 1.87527e-06 3.01611e-06 4.3819e-06 5.79375e-06 7.01752e-06 7.83235e-06 8.10059e-06 7.81022e-06 7.07517e-06 6.0984e-06 5.11725e-06 4.35435e-06 3.98837e-06 4.14108e-06 4.85851e-06 6.06402e-06 7.511e-06 8.81774e-06 9.55315e-06 9.24246e-06 7.57478e-06 4.97898e-06 2.54665e-06 1.0208e-06 3.34598e-07 9.4921e-08 2.4122e-08 5.46726e-09 1.0741e-09 1.74557e-10 2.12159e-11 1.38232e-12 0 
0 1.13828e-10 9.62246e-10 4.2832e-09 1.40402e-08 3.75787e-08 8.59359e-08 1.72048e-07 3.06159e-07 4.89428e-07 7.08664e-07 9.35729e-07 1.1334e-06 1.26617e-06 1.31165e-06 1.26777e-06 1.15308e-06 1.0009e-06 8.50245e-07 7.37647e-07 6.91756e-07 7.30038e-07 8.54272e-07 1.04244e-06 1.24166e-06 1.37563e-06 1.374e-06 1.2081e-06 9.12341e-07 5.77804e-07 3.02926e-07 1.3219e-07 4.89752e-08 1.57186e-08 4.40726e-09 1.0741e-09 2.23604e-10 3.82389e-11 4.86955e-12 3.31176e-13 0 
0 1.80632e-11 1.48358e-10 6.42693e-10 2.05536e-09 5.38324e-09 1.20868e-08 2.38397e-08 4.19324e-08 6.64595e-08 9.56594e-08 1.25844e-07 1.5215e-07 1.69936e-07 1.76266e-07 1.7088e-07 1.56255e-07 1.3685e-07 1.17918e-07 1.04373e-07 9.99698e-08 1.0668e-07 1.23967e-07 1.47852e-07 1.7053e-07 1.82043e-07 1.74622e-07 1.47478e-07 1.08035e-07 6.79242e-08 3.64803e-08 1.67691e-08 6.63886e-09 2.27729e-09 6.7819e-10 1.74557e-10 3.82389e-11 6.86244e-12 9.14563e-13 6.4902e-14 0 
0 2.1765e-12 1.73916e-11 7.34128e-11 2.29265e-10 5.87914e-10 1.29614e-09 2.51775e-09 4.37426e-09 6.86697e-09 9.81513e-09 1.28516e-08 1.54972e-08 1.7296e-08 1.79614e-08 1.74704e-08 1.60728e-08 1.42178e-08 1.24371e-08 1.12264e-08 1.0951e-08 1.17683e-08 1.35482e-08 1.58065e-08 1.77304e-08 1.84029e-08 1.7223e-08 1.42829e-08 1.03744e-08 6.55343e-09 3.58878e-09 1.70376e-09 7.02532e-10 2.52051e-10 7.8641e-11 2.12159e-11 4.86955e-12 9.14563e-13 1.27326e-13 9.41831e-15 0 
0 1.42241e-13 1.10746e-12 4.56177e-12 1.39294e-11 3.5007e-11 7.58329e-11 1.45124e-10 2.49063e-10 3.87221e-10 5.49451e-10 7.15825e-10 8.60658e-10 9.59696e-10 9.97795e-10 9.73971e-10 9.01944e-10 8.06311e-10 7.16197e-10 6.5855e-10 6.52347e-10 7.03682e-10 8.01567e-10 9.16033e-10 1.00257e-09 1.01641e-09 9.33381e-10 7.6485e-10 5.53761e-10 3.52082e-10 1.95965e-10 9.53878e-11 4.06103e-11 1.51198e-11 4.91187e-12 1.38232e-12 3.31176e-13 6.4902e-14 9.41831e-15 7.25038e-16 0 
0 0 0 0 0 0 0 0 0 0 0 0 0 0 0 0 0 0 0 0 0 0 0 0 0 0 0 0 0 0 0 0 0 0 0 0 0 0 0 0 0 
