0 0 0 0 0 0 0 0 0 0 0 0 0 0 0 0 0 0 0 0 0 0 0 0 0 0 0 0 0 0 0 0 0 0 0 0 0 0 0 0 0 
0 6.1494e-09 5.74257e-08 2.78073e-07 9.72462e-07 2.71651e-06 6.34025e-06 1.26934e-05 2.22213e-05 3.45678e-05 4.84619e-05 6.19745e-05 7.30173e-05 7.98666e-05 8.15432e-05 7.79738e-05 6.99353e-05 5.88285e-05 4.63455e-05 3.41124e-05 2.33877e-05 1.48876e-05 8.77205e-06 4.77245e-06 2.39345e-06 1.10569e-06 4.7058e-07 1.84667e-07 6.6903e-08 2.24076e-08 6.94571e-09 1.99338e-09 5.29254e-10 1.29635e-10 2.91157e-11 5.92657e-12 1.06938e-12 1.63587e-13 1.91215e-14 1.21862e-15 0 
0 5.74257e-08 5.58947e-07 2.80728e-06 1.00904e-05 2.86098e-05 6.68206e-05 0.000132081 0.00022596 0.000341593 0.000465055 0.000579486 0.000669388 0.000723535 0.000736289 0.000707753 0.000643172 0.000551846 0.000445637 0.000337127 0.000237569 0.000155008 9.31231e-05 5.12857e-05 2.58241e-05 1.18805e-05 4.99845e-06 1.92733e-06 6.82913e-07 2.22969e-07 6.72323e-08 1.87481e-08 4.83457e-09 1.15029e-09 2.51107e-10 4.97243e-11 8.73799e-12 1.30342e-12 1.48757e-13 9.26875e-15 0 
0 2.78073e-07 2.80728e-06 1.44941e-05 5.27157e-05 0.000148093 0.000335184 0.000630783 0.00101807 0.00145204 0.00187801 0.0022471 0.00252312 0.00268384 0.00272004 0.00263415 0.00243862 0.0021543 0.00180874 0.00143422 0.00106499 0.00073317 0.000463081 0.0002659 0.000137944 6.45124e-05 2.72403e-05 1.04284e-05 3.63891e-06 1.16341e-06 3.4228e-07 9.29346e-08 2.33123e-08 5.39491e-09 1.14596e-09 2.20989e-10 3.78594e-11 5.51246e-12 6.14911e-13 3.7498e-14 0 
0 9.72462e-07 1.00904e-05 5.27157e-05 0.000189095 0.00050802 0.00107159 0.00185773 0.0027723 0.00370418 0.00455994 0.00527044 0.00578809 0.00608444 0.006149 0.00598794 0.00562205 0.00508396 0.00441504 0.0036628 0.0028792 0.00211961 0.00143994 0.000888149 0.000490289 0.000240135 0.000104232 4.03119e-05 1.40161e-05 4.42213e-06 1.27598e-06 3.38565e-07 8.28428e-08 1.86882e-08 3.86999e-09 7.28014e-10 1.21783e-10 1.7334e-11 1.89258e-12 1.13109e-13 0 
0 2.71651e-06 2.86098e-05 0.000148093 0.00050802 0.0012621 0.00242556 0.00386112 0.00539534 0.00688638 0.00822502 0.00932542 0.0101234 0.0105787 0.0106762 0.010426 0.00986004 0.00902799 0.00799113 0.00681656 0.00557241 0.0043258 0.00314449 0.00209938 0.0012585 0.000663715 0.000304537 0.000121741 4.28714e-05 1.34937e-05 3.84615e-06 1.00228e-06 2.40112e-07 5.29576e-08 1.07182e-08 1.97126e-09 3.22631e-10 4.49749e-11 4.81473e-12 2.82478e-13 0 
0 6.34025e-06 6.68206e-05 0.000335184 0.00107159 0.00242556 0.00427621 0.00639176 0.00857752 0.0106787 0.0125605 0.0141071 0.015229 0.0158687 0.016005 0.0156519 0.014855 0.0136849 0.0122287 0.0105809 0.00883492 0.00707691 0.00538317 0.00382499 0.00247818 0.00142179 0.000704069 0.000297638 0.00010817 3.44157e-05 9.77538e-06 2.5168e-06 5.92914e-07 1.28299e-07 2.54537e-08 4.58877e-09 7.36543e-10 1.00776e-10 1.05994e-11 6.11625e-13 0 
0 1.26934e-05 0.000132081 0.000630783 0.00185773 0.00386112 0.00639176 0.00919403 0.0120671 0.0148271 0.0173004 0.0193343 0.0208102 0.0216522 0.0218318 0.0213676 0.0203197 0.0187817 0.0168688 0.0147065 0.0124188 0.0101184 0.00790019 0.00584069 0.00400718 0.00247544 0.00132857 0.000602692 0.000229874 7.49388e-05 2.14123e-05 5.48202e-06 1.27601e-06 2.71918e-07 5.30514e-08 9.40174e-09 1.48381e-09 1.99743e-10 2.06868e-11 1.17653e-12 0 
0 2.22213e-05 0.00022596 0.00101807 0.0027723 0.00539534 0.00857752 0.0120671 0.0156418 0.0190774 0.0221576 0.0246919 0.0265317 0.0275823 0.0278079 0.0272313 0.0259276 0.0240135 0.0216333 0.018944 0.0161009 0.0132456 0.0104965 0.0079443 0.00565524 0.0036889 0.0021228 0.00103529 0.000418575 0.000141376 4.09928e-05 1.0502e-05 2.42655e-06 5.11189e-07 9.84032e-08 1.71943e-08 2.67561e-09 3.55278e-10 3.6319e-11 2.04052e-12 0 
0 3.45678e-05 0.000341593 0.00145204 0.00370418 0.00688638 0.0106787 0.0148271 0.0190774 0.0231639 0.026829 0.0298458 0.0320375 0.0332907 0.0335624 0.0328796 0.0313315 0.0290569 0.0262278 0.0230316 0.0196537 0.0162636 0.0130031 0.00998007 0.00726785 0.00491648 0.00298275 0.00155027 0.000665111 0.000234184 6.93579e-05 1.7875e-05 4.11728e-06 8.60553e-07 1.63979e-07 2.83362e-08 4.36e-09 5.72612e-10 5.79288e-11 3.22316e-12 0 
0 4.84619e-05 0.000465055 0.00187801 0.00455994 0.00822502 0.0125605 0.0173004 0.0221576 0.026829 0.0310201 0.0344718 0.0369815 0.038419 0.0387348 0.0379591 0.0361936 0.0335969 0.0303658 0.0267148 0.0228564 0.0189851 0.015264 0.0118172 0.00872779 0.00604385 0.00380464 0.00207879 0.000940378 0.00034527 0.000104783 2.72649e-05 6.28203e-06 1.3069e-06 2.47277e-07 4.23864e-08 6.46774e-09 8.42557e-10 8.45906e-11 4.67408e-12 0 
0 6.19745e-05 0.000579486 0.0022471 0.00527044 0.00932542 0.0141071 0.0193343 0.0246919 0.0298458 0.0344718 0.0382839 0.0410582 0.0426506 0.0430058 0.0421566 0.0402146 0.0373546 0.0337935 0.0297682 0.0255136 0.0212448 0.0171425 0.0133447 0.00994332 0.00698837 0.00450846 0.0025539 0.00120533 0.000459299 0.00014277 3.75678e-05 8.67954e-06 1.80227e-06 3.39601e-07 5.79186e-08 8.79161e-09 1.13959e-09 1.13906e-10 6.27093e-12 0 
0 7.30173e-05 0.000669388 0.00252312 0.00578809 0.0101234 0.015229 0.0208102 0.0265317 0.0320375 0.0369815 0.0410582 0.0440282 0.045737 0.0461249 0.045226 0.0431591 0.0401103 0.0363111 0.0320145 0.0274717 0.0229128 0.0185316 0.0144763 0.0108458 0.00769271 0.00504035 0.00292482 0.00142321 0.000558346 0.000177156 4.7128e-05 1.09342e-05 2.27162e-06 4.27523e-07 7.27817e-08 1.10283e-08 1.42767e-09 1.4263e-10 7.8567e-12 0 
0 7.98666e-05 0.000723535 0.00268384 0.00608444 0.0105787 0.0158687 0.0216522 0.0275823 0.0332907 0.038419 0.0426506 0.045737 0.0475176 0.0479296 0.0470076 0.0448741 0.0417213 0.0377887 0.0333383 0.0286308 0.0239049 0.0193621 0.0151566 0.0113918 0.0081225 0.00536952 0.00316063 0.0015677 0.000627226 0.000202052 5.42575e-05 1.26535e-05 2.63648e-06 4.97215e-07 8.48212e-08 1.28863e-08 1.67422e-09 1.68084e-10 9.31917e-12 0 
0 8.15432e-05 0.000736289 0.00272004 0.006149 0.0106762 0.016005 0.0218318 0.0278079 0.0335624 0.0387348 0.0430058 0.0461249 0.0479296 0.0483559 0.047438 0.0452984 0.04213 0.0381738 0.0336933 0.028951 0.0241877 0.0196069 0.0153647 0.0115659 0.00826601 0.00548561 0.00324937 0.00162624 0.000657341 0.000213749 5.78397e-05 1.35758e-05 2.8459e-06 5.40214e-07 9.28513e-08 1.42333e-08 1.86928e-09 1.90103e-10 1.07011e-11 0 
0 7.79738e-05 0.000707753 0.00263415 0.00598794 0.010426 0.0156519 0.0213676 0.0272313 0.0328796 0.0379591 0.0421566 0.045226 0.0470076 0.047438 0.0465499 0.0444626 0.0413647 0.0374916 0.0331016 0.0284518 0.0237785 0.0192814 0.0151141 0.0113798 0.00813373 0.00539708 0.00319621 0.00160035 0.000648392 0.000211883 5.77594e-05 1.36861e-05 2.90222e-06 5.58507e-07 9.75604e-08 1.52401e-08 2.04538e-09 2.13147e-10 1.23232e-11 0 
0 6.99353e-05 0.000643172 0.00243862 0.00562205 0.00986004 0.014855 0.0203197 0.0259276 0.0313315 0.0361936 0.0402146 0.0431591 0.0448741 0.0452984 0.0444626 0.04248 0.0395301 0.0358374 0.0316478 0.027207 0.0227405 0.018439 0.0144496 0.010871 0.00775674 0.00512974 0.00302193 0.00150461 0.000608241 0.000199611 5.50229e-05 1.32599e-05 2.87362e-06 5.67594e-07 1.02166e-07 1.65017e-08 2.29584e-09 2.48363e-10 1.49067e-11 0 
0 5.88285e-05 0.000551846 0.0021543 0.00508396 0.00902799 0.0136849 0.0187817 0.0240135 0.0290569 0.0335969 0.0373546 0.0401103 0.0417213 0.04213 0.0413647 0.0395301 0.0367931 0.0333621 0.0294661 0.0253332 0.0211734 0.0171641 0.0134417 0.0100983 0.00718412 0.00472529 0.00276158 0.00136495 0.000551551 0.000183028 5.16156e-05 1.28473e-05 2.89641e-06 5.98232e-07 1.12947e-07 1.91505e-08 2.79273e-09 3.15554e-10 1.96813e-11 0 
0 4.63455e-05 0.000445637 0.00180874 0.00441504 0.00799113 0.0122287 0.0168688 0.0216333 0.0262278 0.0303658 0.0337935 0.0363111 0.0377887 0.0381738 0.0374916 0.0358374 0.0333621 0.0302552 0.0267243 0.0229766 0.0192022 0.015562 0.012179 0.00913602 0.0064797 0.00423972 0.00246311 0.00121647 0.000497845 0.000170336 5.03192e-05 1.32607e-05 3.18179e-06 6.99566e-07 1.40047e-07 2.50036e-08 3.80625e-09 4.44802e-10 2.84377e-11 0 
0 3.41124e-05 0.000337127 0.00143422 0.0036628 0.00681656 0.0105809 0.0147065 0.018944 0.0230316 0.0267148 0.0297682 0.0320145 0.0333383 0.0336933 0.0331016 0.0316478 0.0294661 0.0267243 0.0236068 0.0202973 0.0169641 0.013749 0.0107598 0.00806878 0.00571842 0.00374119 0.00218488 0.00110057 0.000469948 0.000171561 5.48152e-05 1.56611e-05 4.04692e-06 9.46786e-07 1.98858e-07 3.67393e-08 5.71736e-09 6.76194e-10 4.34089e-11 0 
0 2.33877e-05 0.000237569 0.00106499 0.0028792 0.00557241 0.00883492 0.0124188 0.0161009 0.0196537 0.0228564 0.0255136 0.0274717 0.0286308 0.028951 0.0284518 0.027207 0.0253332 0.0229766 0.0202973 0.017455 0.0145955 0.0118409 0.00928343 0.00698447 0.00498188 0.00330579 0.00199106 0.00106225 0.000494106 0.000199637 7.03963e-05 2.1823e-05 5.98267e-06 1.45334e-06 3.11428e-07 5.79295e-08 8.99151e-09 1.05387e-09 6.67652e-11 0 
0 1.48876e-05 0.000155008 0.00073317 0.00211961 0.0043258 0.00707691 0.0101184 0.0132456 0.0162636 0.0189851 0.0212448 0.0229128 0.0239049 0.0241877 0.0237785 0.0227405 0.0211734 0.0192022 0.0169641 0.0145955 0.0122208 0.00994388 0.00784234 0.00596794 0.0043516 0.00300948 0.00194488 0.00114898 0.000603075 0.00027358 0.000105544 3.46097e-05 9.74178e-06 2.37854e-06 5.05363e-07 9.24556e-08 1.40508e-08 1.60893e-09 9.95056e-11 0 
0 8.77205e-06 9.31231e-05 0.000463081 0.00143994 0.00314449 0.00538317 0.00790019 0.0104965 0.0130031 0.015264 0.0171425 0.0185316 0.0193621 0.0196069 0.0192814 0.018439 0.0171641 0.015562 0.013749 0.0118409 0.00994388 0.00814647 0.00651538 0.0050943 0.00390216 0.00292591 0.00211918 0.00143168 0.000856383 0.00043089 0.000176785 5.90891e-05 1.64496e-05 3.91273e-06 8.05546e-07 1.42619e-07 2.09815e-08 2.32852e-09 1.3981e-10 0 
0 4.77245e-06 5.12857e-05 0.0002659 0.000888149 0.00209938 0.00382499 0.00584069 0.0079443 0.00998007 0.0118172 0.0133447 0.0144763 0.0151566 0.0153647 0.0151141 0.0144496 0.0134417 0.012179 0.0107598 0.00928343 0.00784234 0.00651538 0.00536344 0.00442787 0.00372701 0.00323051 0.00280491 0.00224996 0.00152032 0.00081456 0.000337199 0.000108505 2.82515e-05 6.26602e-06 1.21736e-06 2.05799e-07 2.91149e-08 3.12081e-09 1.81607e-10 0 
0 2.39345e-06 2.58241e-05 0.000137944 0.000490289 0.0012585 0.00247818 0.00400718 0.00565524 0.00726785 0.00872779 0.00994332 0.0108458 0.0113918 0.0115659 0.0113798 0.010871 0.0100983 0.00913602 0.00806878 0.00698447 0.00596794 0.0050943 0.00442787 0.00405108 0.00413114 0.00480587 0.00561541 0.00545882 0.00395818 0.00207618 0.000795629 0.000228008 5.12531e-05 9.83058e-06 1.71662e-06 2.71582e-07 3.67546e-08 3.80423e-09 2.14824e-10 0 
0 1.10569e-06 1.18805e-05 6.45124e-05 0.000240135 0.000663715 0.00142179 0.00247544 0.0036889 0.00491648 0.00604385 0.00698837 0.00769271 0.0081225 0.00826601 0.00813373 0.00775674 0.00718412 0.0064797 0.00571842 0.00498188 0.0043516 0.00390216 0.00372701 0.00413114 0.00601768 0.0102478 0.0150598 0.0161137 0.0118892 0.0059919 0.00209558 0.000526149 9.92034e-05 1.54496e-05 2.26192e-06 3.23127e-07 4.15046e-08 4.15557e-09 2.28565e-10 0 
0 4.7058e-07 4.99845e-06 2.72403e-05 0.000104232 0.000304537 0.000704069 0.00132857 0.0021228 0.00298275 0.00380464 0.00450846 0.00504035 0.00536952 0.00548561 0.00539708 0.00512974 0.00472529 0.00423972 0.00374119 0.00330579 0.00300948 0.00292591 0.00323051 0.00480587 0.0102478 0.0217698 0.0347442 0.0381917 0.0282728 0.0140345 0.00470162 0.00108882 0.000181087 2.33807e-05 2.76956e-06 3.43058e-07 4.13559e-08 4.01792e-09 2.16497e-10 0 
0 1.84667e-07 1.92733e-06 1.04284e-05 4.03119e-05 0.000121741 0.000297638 0.000602692 0.00103529 0.00155027 0.00207879 0.0025539 0.00292482 0.00316063 0.00324937 0.00319621 0.00302193 0.00276158 0.00246311 0.00218488 0.00199106 0.00194488 0.00211918 0.00280491 0.00561541 0.0150598 0.0347442 0.0568243 0.0629164 0.0466197 0.0230373 0.00760601 0.00170004 0.000264458 3.03089e-05 3.0058e-06 3.19315e-07 3.59162e-08 3.40432e-09 1.81066e-10 0 
0 6.6903e-08 6.82913e-07 3.63891e-06 1.40161e-05 4.28714e-05 0.00010817 0.000229874 0.000418575 0.000665111 0.000940378 0.00120533 0.00142321 0.0015677 0.00162624 0.00160035 0.00150461 0.00136495 0.00121647 0.00110057 0.00106225 0.00114898 0.00143168 0.00224996 0.00545882 0.0161137 0.0381917 0.0629164 0.0697515 0.0517563 0.0255328 0.0083911 0.00185066 0.000279145 3.00668e-05 2.67123e-06 2.52366e-07 2.68434e-08 2.50828e-09 1.32902e-10 0 
0 2.24076e-08 2.22969e-07 1.16341e-06 4.42213e-06 1.34937e-05 3.44157e-05 7.49388e-05 0.000141376 0.000234184 0.00034527 0.000459299 0.000558346 0.000627226 0.000657341 0.000648392 0.000608241 0.000551551 0.000497845 0.000469948 0.000494106 0.000603075 0.000856383 0.00152032 0.00395818 0.0118892 0.0282728 0.0466197 0.0517563 0.0383446 0.0189202 0.00621356 0.00136577 0.0002036 2.13834e-05 1.81653e-06 1.63443e-07 1.70682e-08 1.59897e-09 8.52852e-11 0 
0 6.94571e-09 6.72323e-08 3.4228e-07 1.27598e-06 3.84615e-06 9.77538e-06 2.14123e-05 4.09928e-05 6.93579e-05 0.000104783 0.00014277 0.000177156 0.000202052 0.000213749 0.000211883 0.000199611 0.000183028 0.000170336 0.000171561 0.000199637 0.00027358 0.00043089 0.00081456 0.00207618 0.0059919 0.0140345 0.0230373 0.0255328 0.0189202 0.00934249 0.00307415 0.000677118 0.000100911 1.06201e-05 9.15662e-07 8.51383e-08 9.18584e-09 8.80273e-10 4.77664e-11 0 
0 1.99338e-09 1.87481e-08 9.29346e-08 3.38565e-07 1.00228e-06 2.5168e-06 5.48202e-06 1.0502e-05 1.7875e-05 2.72649e-05 3.75678e-05 4.7128e-05 5.42575e-05 5.78397e-05 5.77594e-05 5.50229e-05 5.16156e-05 5.03192e-05 5.48152e-05 7.03963e-05 0.000105544 0.000176785 0.000337199 0.000795629 0.00209558 0.00470162 0.00760601 0.0083911 0.00621356 0.00307415 0.00101612 0.000225157 3.39309e-05 3.69036e-06 3.45291e-07 3.60443e-08 4.20363e-09 4.19056e-10 2.33489e-11 0 
0 5.29254e-10 4.83457e-09 2.33123e-08 8.28428e-08 2.40112e-07 5.92914e-07 1.27601e-06 2.42655e-06 4.11728e-06 6.28203e-06 8.67954e-06 1.09342e-05 1.26535e-05 1.35758e-05 1.36861e-05 1.32599e-05 1.28473e-05 1.32607e-05 1.56611e-05 2.1823e-05 3.46097e-05 5.90891e-05 0.000108505 0.000228008 0.000526149 0.00108882 0.00170004 0.00185066 0.00136577 0.000677118 0.000225157 5.05156e-05 7.86183e-06 9.295e-07 1.02731e-07 1.28396e-08 1.65365e-09 1.73037e-10 9.96892e-12 0 
0 1.29635e-10 1.15029e-09 5.39491e-09 1.86882e-08 5.29576e-08 1.28299e-07 2.71918e-07 5.11189e-07 8.60553e-07 1.3069e-06 1.80227e-06 2.27162e-06 2.63648e-06 2.8459e-06 2.90222e-06 2.87362e-06 2.89641e-06 3.18179e-06 4.04692e-06 5.98267e-06 9.74178e-06 1.64496e-05 2.82515e-05 5.12531e-05 9.92034e-05 0.000181087 0.000264458 0.000279145 0.0002036 0.000100911 3.39309e-05 7.86183e-06 1.32475e-06 1.85653e-07 2.63179e-08 3.99197e-09 5.64563e-10 6.21342e-11 3.71873e-12 0 
0 2.91157e-11 2.51107e-10 1.14596e-09 3.86999e-09 1.07182e-08 2.54537e-08 5.30514e-08 9.84032e-08 1.63979e-07 2.47277e-07 3.39601e-07 4.27523e-07 4.97215e-07 5.40214e-07 5.58507e-07 5.67594e-07 5.98232e-07 6.99566e-07 9.46786e-07 1.45334e-06 2.37854e-06 3.91273e-06 6.26602e-06 9.83058e-06 1.54496e-05 2.33807e-05 3.03089e-05 3.00668e-05 2.13834e-05 1.06201e-05 3.69036e-06 9.295e-07 1.85653e-07 3.39318e-08 6.23307e-09 1.09989e-09 1.67735e-10 1.93978e-11 1.20962e-12 0 
0 5.92657e-12 4.97243e-11 2.20989e-10 7.28014e-10 1.97126e-09 4.58877e-09 9.40174e-09 1.71943e-08 2.83362e-08 4.23864e-08 5.79186e-08 7.27817e-08 8.48212e-08 9.28513e-08 9.75604e-08 1.02166e-07 1.12947e-07 1.40047e-07 1.98858e-07 3.11428e-07 5.05363e-07 8.05546e-07 1.21736e-06 1.71662e-06 2.26192e-06 2.76956e-06 3.0058e-06 2.67123e-06 1.81653e-06 9.15662e-07 3.45291e-07 1.02731e-07 2.63179e-08 6.23307e-09 1.3687e-09 2.66203e-10 4.31334e-11 5.2351e-12 3.40691e-13 0 
0 1.06938e-12 8.73799e-12 3.78594e-11 1.21783e-10 3.22631e-10 7.36543e-10 1.48381e-09 2.67561e-09 4.36e-09 6.46774e-09 8.79161e-09 1.10283e-08 1.28863e-08 1.42333e-08 1.52401e-08 1.65017e-08 1.91505e-08 2.50036e-08 3.67393e-08 5.79295e-08 9.24556e-08 1.42619e-07 2.05799e-07 2.71582e-07 3.23127e-07 3.43058e-07 3.19315e-07 2.52366e-07 1.63443e-07 8.51383e-08 3.60443e-08 1.28396e-08 3.99197e-09 1.09989e-09 2.66203e-10 5.52873e-11 9.4448e-12 1.20174e-12 8.16597e-14 0 
0 1.63587e-13 1.30342e-12 5.51246e-12 1.7334e-11 4.49749e-11 1.00776e-10 1.99743e-10 3.55278e-10 5.72612e-10 8.42557e-10 1.13959e-09 1.42767e-09 1.67422e-09 1.86928e-09 2.04538e-09 2.29584e-09 2.79273e-09 3.80625e-09 5.71736e-09 8.99151e-09 1.40508e-08 2.09815e-08 2.91149e-08 3.67546e-08 4.15046e-08 4.13559e-08 3.59162e-08 2.68434e-08 1.70682e-08 9.18584e-09 4.20363e-09 1.65365e-09 5.64563e-10 1.67735e-10 4.31334e-11 9.4448e-12 1.69429e-12 2.25685e-13 1.60061e-14 0 
0 1.91215e-14 1.48757e-13 6.14911e-13 1.89258e-12 4.81473e-12 1.05994e-11 2.06868e-11 3.6319e-11 5.79288e-11 8.45906e-11 1.13906e-10 1.4263e-10 1.68084e-10 1.90103e-10 2.13147e-10 2.48363e-10 3.15554e-10 4.44802e-10 6.76194e-10 1.05387e-09 1.60893e-09 2.32852e-09 3.12081e-09 3.80423e-09 4.15557e-09 4.01792e-09 3.40432e-09 2.50828e-09 1.59897e-09 8.80273e-10 4.19056e-10 1.73037e-10 6.21342e-11 1.93978e-11 5.2351e-12 1.20174e-12 2.25685e-13 3.14124e-14 2.32269e-15 0 
0 1.21862e-15 9.26875e-15 3.7498e-14 1.13109e-13 2.82478e-13 6.11625e-13 1.17653e-12 2.04052e-12 3.22316e-12 4.67408e-12 6.27093e-12 7.8567e-12 9.31917e-12 1.07011e-11 1.23232e-11 1.49067e-11 1.96813e-11 2.84377e-11 4.34089e-11 6.67652e-11 9.95056e-11 1.3981e-10 1.81607e-10 2.14824e-10 2.28565e-10 2.16497e-10 1.81066e-10 1.32902e-10 8.52852e-11 4.77664e-11 2.33489e-11 9.96892e-12 3.71873e-12 1.20962e-12 3.40691e-13 8.16597e-14 1.60061e-14 2.32269e-15 1.78772e-16 0 
0 0 0 0 0 0 0 0 0 0 0 0 0 0 0 0 0 0 0 0 0 0 0 0 0 0 0 0 0 0 0 0 0 0 0 0 0 0 0 0 0 
