0 0 0 0 0 0 0 0 0 0 0 0 0 0 0 0 0 0 0 0 0 0 0 0 0 0 0 0 0 0 0 0 0 0 0 0 0 0 0 0 0 
0 3.59108e-07 3.20708e-06 1.42e-05 4.3263e-05 0.000101082 0.000192602 0.000313344 0.000451361 0.00059191 0.000721246 0.000828483 0.00090609 0.000949772 0.000958156 0.000932433 0.000875992 0.000794036 0.00069318 0.000581012 0.000465569 0.000354688 0.000255213 0.000172154 0.000108011 6.25443e-05 3.31958e-05 1.60625e-05 7.0611e-06 2.81573e-06 1.01844e-06 3.34316e-07 9.96248e-08 2.69173e-08 6.56605e-09 1.43201e-09 2.73626e-10 4.38884e-11 5.33454e-12 3.51108e-13 0 
0 3.20708e-06 2.93139e-05 0.000128312 0.000370454 0.000792802 0.00136335 0.00200958 0.00266222 0.00327068 0.00379956 0.0042232 0.00452354 0.0046901 0.00472031 0.00461934 0.00439925 0.00407737 0.00367456 0.00321334 0.00271682 0.00220829 0.00171165 0.00125166 0.000852426 0.000533153 0.00030222 0.000153665 6.96711e-05 2.81383e-05 1.01497e-05 3.28398e-06 9.56917e-07 2.51586e-07 5.95657e-08 1.2597e-08 2.33437e-09 3.63437e-10 4.29349e-11 2.75083e-12 0 
0 1.42e-05 0.000128312 0.000524847 0.00134679 0.00252581 0.00388607 0.00529797 0.00668227 0.00797305 0.00910595 0.0100225 0.0106768 0.0110408 0.0111059 0.0108828 0.0103997 0.00969761 0.00882639 0.00783902 0.00678667 0.00571428 0.00465821 0.00364724 0.00270789 0.00187187 0.00117791 0.0006595 0.000322873 0.000137191 5.07333e-05 1.6477e-05 4.74833e-06 1.22331e-06 2.82375e-07 5.8085e-08 1.04635e-08 1.58437e-09 1.82236e-10 1.13845e-11 0 
0 4.3263e-05 0.000370454 0.00134679 0.00300832 0.00507802 0.00736155 0.00975335 0.0121415 0.0143964 0.0163892 0.0180069 0.0191638 0.0198076 0.0199223 0.0195269 0.0186714 0.01743 0.0158928 0.0141571 0.0123188 0.0104649 0.00866672 0.00697533 0.00542009 0.00401475 0.0027743 0.00173458 0.000948366 0.000441642 0.00017364 5.81356e-05 1.68596e-05 4.30282e-06 9.75086e-07 1.96029e-07 3.44503e-08 5.08787e-09 5.71191e-10 3.48695e-11 0 
0 0.000101082 0.000792802 0.00252581 0.00507802 0.00813585 0.0115623 0.0152062 0.0188692 0.0223367 0.0254041 0.0278954 0.0296773 0.030669 0.0308455 0.0302361 0.0289179 0.0270055 0.0246383 0.0219671 0.019141 0.0162968 0.0135499 0.0109886 0.00866917 0.00661401 0.00481704 0.00326682 0.00198459 0.00103254 0.000445241 0.00015823 4.71709e-05 1.2091e-05 2.71373e-06 5.36367e-07 9.23622e-08 1.33512e-08 1.46729e-09 8.77593e-11 0 
0 0.000192602 0.00136335 0.00388607 0.00736155 0.0115623 0.0163314 0.0214265 0.0265549 0.0314119 0.0357093 0.0391999 0.0416972 0.0430876 0.043335 0.0424803 0.0406324 0.0379526 0.034636 0.030894 0.0269362 0.0229549 0.0191134 0.0155388 0.0123176 0.00949418 0.00706975 0.00500955 0.00327524 0.00188126 0.000899481 0.000346887 0.000108531 2.8355e-05 6.36403e-06 1.24471e-06 2.11025e-07 2.99707e-08 3.23475e-09 1.90089e-10 0 
0 0.000313344 0.00200958 0.00529797 0.00975335 0.0152062 0.0214265 0.028079 0.0347771 0.0411215 0.0467374 0.0513173 0.0546537 0.0565811 0.0569343 0.0557305 0.0532191 0.0496762 0.0453347 0.040446 0.0352768 0.0300776 0.0250626 0.0203988 0.0162019 0.0125364 0.00941658 0.00680833 0.00464169 0.00286229 0.00150115 0.000632971 0.000210943 5.69139e-05 1.28922e-05 2.51117e-06 4.21149e-07 5.89928e-08 6.27355e-09 3.63262e-10 0 
0 0.000451361 0.00266222 0.00668227 0.0121415 0.0188692 0.0265549 0.0347771 0.0430565 0.0509047 0.0579372 0.0641279 0.0693157 0.0724947 0.0730905 0.0711218 0.0670227 0.0618053 0.0561569 0.0500695 0.0436767 0.0372508 0.0310533 0.0252912 0.0201085 0.0155874 0.0117525 0.00857444 0.00597407 0.00385164 0.00216821 0.000992802 0.000354365 9.96173e-05 2.29452e-05 4.47578e-06 7.45755e-07 1.03401e-07 1.08687e-08 6.2187e-10 0 
0 0.00059191 0.00327068 0.00797305 0.0143964 0.0223367 0.0314119 0.0411215 0.0509047 0.0602998 0.0695971 0.0784294 0.0841139 0.0867606 0.0872375 0.0857473 0.0819105 0.0751826 0.0669873 0.0592578 0.0516393 0.0440469 0.0367289 0.0299258 0.0238081 0.0184741 0.0139557 0.0102262 0.00720428 0.00476775 0.00281876 0.00138062 0.000525917 0.000154537 3.63622e-05 7.13267e-06 1.18494e-06 1.63142e-07 1.69986e-08 9.63616e-10 0 
0 0.000721246 0.00379956 0.00910595 0.0163892 0.0254041 0.0357093 0.0467374 0.0579372 0.0695971 0.0814311 0.0887355 0.0925166 0.094331 0.0946864 0.0936892 0.0911573 0.0864553 0.0782046 0.0679217 0.0587415 0.0500649 0.0417527 0.0340279 0.0270824 0.0210279 0.0159024 0.0116795 0.00827628 0.00555993 0.00339387 0.00174813 0.000703762 0.000215665 5.1906e-05 1.0263e-05 1.70437e-06 2.33623e-07 2.41915e-08 1.362e-09 0 
0 0.000828483 0.0042232 0.0100225 0.0180069 0.0278954 0.0391999 0.0513173 0.0641279 0.0784294 0.0887355 0.09411 0.0971124 0.098613 0.0989232 0.0981162 0.0960859 0.0924703 0.0863317 0.0760533 0.0647765 0.054974 0.045836 0.0373619 0.0297434 0.0231032 0.0174836 0.0128577 0.00914028 0.0061931 0.00385665 0.00205718 0.000864209 0.000274382 6.74231e-05 1.34447e-05 2.23554e-06 3.05703e-07 3.1528e-08 1.76679e-09 0 
0 0.00090609 0.00452354 0.0106768 0.0191638 0.0296773 0.0416972 0.0546537 0.0693157 0.0841139 0.0925166 0.0971124 0.0997782 0.101137 0.101428 0.100709 0.0989033 0.0957499 0.090598 0.0818269 0.0695604 0.0585394 0.0487616 0.0397495 0.0316493 0.0245897 0.0186159 0.0137008 0.00975684 0.00664244 0.00418554 0.00228288 0.000987539 0.000321854 8.03965e-05 1.61514e-05 2.69079e-06 3.67632e-07 3.78322e-08 2.11431e-09 0 
0 0.000949772 0.0046901 0.0110408 0.0198076 0.030669 0.0430876 0.0565811 0.0724947 0.0867606 0.094331 0.098613 0.101137 0.102436 0.102718 0.102038 0.100329 0.097368 0.0926106 0.0846699 0.0724524 0.0605805 0.0503963 0.0410824 0.0327135 0.0254201 0.0192489 0.0141723 0.0101016 0.00689343 0.00436995 0.00241206 0.00106087 0.000351214 8.86515e-05 1.79034e-05 2.98847e-06 4.08391e-07 4.20017e-08 2.34513e-09 0 
0 0.000958156 0.00472031 0.0111059 0.0199223 0.0308455 0.043335 0.0569343 0.0730905 0.0872375 0.0946864 0.0989232 0.101428 0.102718 0.103 0.102325 0.10063 0.0976977 0.0929984 0.0851853 0.073002 0.0609599 0.0506954 0.0413269 0.0329096 0.0255739 0.0193669 0.0142612 0.0101676 0.00694292 0.0044083 0.00244106 0.00107874 0.000358901 9.09386e-05 1.84113e-05 3.07814e-06 4.2111e-07 4.33477e-08 2.42219e-09 0 
0 0.000932433 0.00461934 0.0108828 0.0195269 0.0302361 0.0424803 0.0557305 0.0711218 0.0857473 0.0936892 0.0981162 0.100709 0.102038 0.102325 0.101627 0.0998729 0.0968234 0.0918897 0.083572 0.0712245 0.0597091 0.0497058 0.0405223 0.032269 0.0250758 0.0189891 0.0139817 0.00996577 0.00679936 0.0043071 0.00237398 0.00104264 0.000345091 8.7217e-05 1.76551e-05 2.95556e-06 4.05167e-07 4.18074e-08 2.34222e-09 0 
0 0.000875992 0.00439925 0.0103997 0.0186714 0.0289179 0.0406324 0.0532191 0.0670227 0.0819105 0.0911573 0.0960859 0.0989033 0.100329 0.10063 0.0998729 0.0979681 0.0946164 0.0890572 0.079546 0.0675143 0.0570552 0.0475568 0.038772 0.0308742 0.0239904 0.0181648 0.0133709 0.00952285 0.00648176 0.00408034 0.00222182 0.00096021 0.000313398 7.85974e-05 1.58785e-05 2.66223e-06 3.66191e-07 3.79485e-08 2.13618e-09 0 
0 0.000794036 0.00407737 0.00969761 0.01743 0.0270055 0.0379526 0.0496762 0.0618053 0.0751826 0.0864553 0.0924703 0.0957499 0.097368 0.0976977 0.0968234 0.0946164 0.0906363 0.0837334 0.0730688 0.062624 0.0532782 0.0444381 0.0362294 0.0288482 0.0224139 0.0169675 0.0124834 0.00887842 0.00601808 0.00374891 0.00200212 0.000844353 0.000270058 6.70123e-05 1.35081e-05 2.27136e-06 3.14171e-07 3.27831e-08 1.8594e-09 0 
0 0.00069318 0.00367456 0.00882639 0.0158928 0.0246383 0.034636 0.0453347 0.0561569 0.0669873 0.0782046 0.0863317 0.090598 0.0926106 0.0929984 0.0918897 0.0890572 0.0837334 0.0750882 0.0656713 0.0570308 0.048641 0.0405775 0.0330816 0.0263406 0.0204634 0.0154871 0.0113864 0.00808122 0.00544359 0.00334106 0.00173952 0.000712267 0.000222796 5.4743e-05 1.10369e-05 1.86716e-06 2.60618e-07 2.74814e-08 1.57599e-09 0 
0 0.000581012 0.00321334 0.00783902 0.0141571 0.0219671 0.030894 0.040446 0.0500695 0.0592578 0.0679217 0.0760533 0.0818269 0.0846699 0.0851853 0.083572 0.079546 0.0730688 0.0656713 0.0583402 0.0508815 0.0434182 0.036222 0.0295312 0.0235137 0.0182665 0.0138215 0.0101537 0.00718609 0.00480119 0.00289483 0.00146666 0.000584076 0.000179569 4.3957e-05 8.91615e-06 1.52558e-06 2.15871e-07 2.3093e-08 1.34336e-09 0 
0 0.000465569 0.00271682 0.00678667 0.0123188 0.019141 0.0269362 0.0352768 0.0436767 0.0516393 0.0587415 0.0647765 0.0695604 0.0724524 0.073002 0.0712245 0.0675143 0.062624 0.0570308 0.0508815 0.0444063 0.0378959 0.0316169 0.0257791 0.020529 0.0159502 0.0120695 0.00886144 0.0062541 0.00414609 0.00246322 0.00122482 0.000480921 0.000147444 3.63801e-05 7.48411e-06 1.30176e-06 1.87271e-07 2.03475e-08 1.20041e-09 0 
0 0.000354688 0.00220829 0.00571428 0.0104649 0.0162968 0.0229549 0.0300776 0.0372508 0.0440469 0.0500649 0.054974 0.0585394 0.0605805 0.0609599 0.0597091 0.0570552 0.0532782 0.048641 0.0434182 0.0378959 0.0323426 0.0269876 0.0220103 0.0175354 0.0136346 0.0103294 0.00759484 0.00536594 0.00355958 0.0021192 0.00106096 0.000422178 0.000131796 3.31449e-05 6.93772e-06 1.2244e-06 1.78207e-07 1.95381e-08 1.16038e-09 0 
0 0.000255213 0.00171165 0.00465821 0.00866672 0.0135499 0.0191134 0.0250626 0.0310533 0.0367289 0.0417527 0.045836 0.0487616 0.0503963 0.0506954 0.0497058 0.0475568 0.0444381 0.0405775 0.036222 0.0316169 0.0269876 0.0225261 0.018383 0.0146667 0.0114466 0.0087485 0.00653438 0.00471159 0.00319613 0.00195756 0.00101796 0.000421546 0.000135662 3.47125e-05 7.31719e-06 1.29228e-06 1.87538e-07 2.04582e-08 1.20744e-09 0 
0 0.000172154 0.00125166 0.00364724 0.00697533 0.0109886 0.0155388 0.0203988 0.0252912 0.0299258 0.0340279 0.0373619 0.0397495 0.0410824 0.0413269 0.0405223 0.038772 0.0362294 0.0330816 0.0295312 0.0257791 0.0220103 0.018383 0.0150288 0.0120719 0.00965381 0.00785848 0.00650114 0.00515689 0.00364376 0.00222112 0.00115517 0.000488253 0.000159554 4.07376e-05 8.46931e-06 1.46852e-06 2.0904e-07 2.23799e-08 1.29767e-09 0 
0 0.000108011 0.000852426 0.00270789 0.00542009 0.00866917 0.0123176 0.0162019 0.0201085 0.0238081 0.0270824 0.0297434 0.0316493 0.0327135 0.0329096 0.032269 0.0308742 0.0288482 0.0263406 0.0235137 0.020529 0.0175354 0.0146667 0.0120719 0.0100402 0.00913571 0.00977028 0.0109896 0.0105687 0.00770991 0.00419096 0.00180917 0.00066951 0.000205447 5.01526e-05 1.00108e-05 1.67615e-06 2.31551e-07 2.41473e-08 1.36799e-09 0 
0 6.25443e-05 0.000533153 0.00187187 0.00401475 0.00661401 0.00949418 0.0125364 0.0155874 0.0184741 0.0210279 0.0231032 0.0245897 0.0254201 0.0255739 0.0250758 0.0239904 0.0224139 0.0204634 0.0182665 0.0159502 0.0136346 0.0114466 0.00965381 0.00913571 0.0119156 0.0195478 0.0309948 0.0371398 0.0225131 0.0113694 0.00407792 0.00115332 0.000287737 6.19255e-05 1.13895e-05 1.81059e-06 2.4148e-07 2.45023e-08 1.35644e-09 0 
0 3.31958e-05 0.00030222 0.00117791 0.0027743 0.00481704 0.00706975 0.00941658 0.0117525 0.0139557 0.0159024 0.0174836 0.0186159 0.0192489 0.0193669 0.0189891 0.0181648 0.0169675 0.0154871 0.0138215 0.0120695 0.0103294 0.0087485 0.00785848 0.00977028 0.0195478 0.0446978 0.0771078 0.0801047 0.0648421 0.0264978 0.00890229 0.00214067 0.000421909 7.45997e-05 1.2028e-05 1.77862e-06 2.28445e-07 2.26267e-08 1.22916e-09 0 
0 1.60625e-05 0.000153665 0.0006595 0.00173458 0.00326682 0.00500955 0.00680833 0.00857444 0.0102262 0.0116795 0.0128577 0.0137008 0.0141723 0.0142612 0.0139817 0.0133709 0.0124834 0.0113864 0.0101537 0.00886144 0.00759484 0.00653438 0.00650114 0.0109896 0.0309948 0.0771078 0.0867446 0.087932 0.0828621 0.0550318 0.0143406 0.00325128 0.000556791 8.21928e-05 1.1386e-05 1.54486e-06 1.91266e-07 1.86119e-08 9.9897e-10 0 
0 7.0611e-06 6.96711e-05 0.000322873 0.000948366 0.00198459 0.00327524 0.00464169 0.00597407 0.00720428 0.00827628 0.00914028 0.00975684 0.0101016 0.0101676 0.00996577 0.00952285 0.00887842 0.00808122 0.00718609 0.0062541 0.00536594 0.00471159 0.00515689 0.0105687 0.0371398 0.0801047 0.087932 0.088986 0.0849801 0.0650016 0.0158813 0.00351789 0.000567506 7.48962e-05 9.19078e-06 1.15663e-06 1.3934e-07 1.34501e-08 7.19486e-10 0 
0 2.81573e-06 2.81383e-05 0.000137191 0.000441642 0.00103254 0.00188126 0.00286229 0.00385164 0.00476775 0.00555993 0.0061931 0.00664244 0.00689343 0.00694292 0.00679936 0.00648176 0.00601808 0.00544359 0.00480119 0.00414609 0.00355958 0.00319613 0.00364376 0.00770991 0.0225131 0.0648421 0.0828621 0.0849801 0.0789055 0.0398476 0.0117077 0.00259971 0.000413078 5.1974e-05 6.00439e-06 7.29427e-07 8.73306e-08 8.46918e-09 4.5589e-10 0 
0 1.01844e-06 1.01497e-05 5.07333e-05 0.00017364 0.000445241 0.000899481 0.00150115 0.00216821 0.00281876 0.00339387 0.00385665 0.00418554 0.00436995 0.0044083 0.0043071 0.00408034 0.00374891 0.00334106 0.00289483 0.00246322 0.0021192 0.00195756 0.00222112 0.00419096 0.0113694 0.0264978 0.0550318 0.0650016 0.0398476 0.0175908 0.00580329 0.0013018 0.000209403 2.64174e-05 3.0817e-06 3.82626e-07 4.6844e-08 4.62878e-09 2.53168e-10 0 
0 3.34316e-07 3.28398e-06 1.6477e-05 5.81356e-05 0.00015823 0.000346887 0.000632971 0.000992802 0.00138062 0.00174813 0.00205718 0.00228288 0.00241206 0.00244106 0.00237398 0.00222182 0.00200212 0.00173952 0.00146666 0.00122482 0.00106096 0.00101796 0.00115517 0.00180917 0.00407792 0.00890229 0.0143406 0.0158813 0.0117077 0.00580329 0.00193649 0.000445734 7.4234e-05 9.86669e-06 1.24992e-06 1.67666e-07 2.15328e-08 2.19491e-09 1.23045e-10 0 
0 9.96248e-08 9.56917e-07 4.74833e-06 1.68596e-05 4.71709e-05 0.000108531 0.000210943 0.000354365 0.000525917 0.000703762 0.000864209 0.000987539 0.00106087 0.00107874 0.00104264 0.00096021 0.000844353 0.000712267 0.000584076 0.000480921 0.000422178 0.000421546 0.000488253 0.00066951 0.00115332 0.00214067 0.00325128 0.00351789 0.00259971 0.0013018 0.000445734 0.000106961 1.90147e-05 2.83534e-06 4.16582e-07 6.24506e-08 8.52888e-09 9.04411e-10 5.23312e-11 0 
0 2.69173e-08 2.51586e-07 1.22331e-06 4.30282e-06 1.2091e-05 2.8355e-05 5.69139e-05 9.96173e-05 0.000154537 0.000215665 0.000274382 0.000321854 0.000351214 0.000358901 0.000345091 0.000313398 0.000270058 0.000222796 0.000179569 0.000147444 0.000131796 0.000135662 0.000159554 0.000205447 0.000287737 0.000421909 0.000556791 0.000567506 0.000413078 0.000209403 7.4234e-05 1.90147e-05 3.81476e-06 6.83058e-07 1.20037e-07 2.01281e-08 2.92684e-09 3.24335e-10 1.94702e-11 0 
0 6.56605e-09 5.95657e-08 2.82375e-07 9.75086e-07 2.71373e-06 6.36403e-06 1.28922e-05 2.29452e-05 3.63622e-05 5.1906e-05 6.74231e-05 8.03965e-05 8.86515e-05 9.09386e-05 8.7217e-05 7.85974e-05 6.70123e-05 5.4743e-05 4.3957e-05 3.63801e-05 3.31449e-05 3.47125e-05 4.07376e-05 5.01526e-05 6.19255e-05 7.45997e-05 8.21928e-05 7.48962e-05 5.1974e-05 2.64174e-05 9.86669e-06 2.83534e-06 6.83058e-07 1.50214e-07 3.08081e-08 5.65679e-09 8.71824e-10 1.01166e-10 6.32227e-12 0 
0 1.43201e-09 1.2597e-08 5.8085e-08 1.96029e-07 5.36367e-07 1.24471e-06 2.51117e-06 4.47578e-06 7.13267e-06 1.0263e-05 1.34447e-05 1.61514e-05 1.79034e-05 1.84113e-05 1.76551e-05 1.58785e-05 1.35081e-05 1.10369e-05 8.91615e-06 7.48411e-06 6.93772e-06 7.31719e-06 8.46931e-06 1.00108e-05 1.13895e-05 1.2028e-05 1.1386e-05 9.19078e-06 6.00439e-06 3.0817e-06 1.24992e-06 4.16582e-07 1.20037e-07 3.08081e-08 7.01339e-09 1.38003e-09 2.24421e-10 2.72887e-11 1.77873e-12 0 
0 2.73626e-10 2.33437e-09 1.04635e-08 3.44503e-08 9.23622e-08 2.11025e-07 4.21149e-07 7.45755e-07 1.18494e-06 1.70437e-06 2.23554e-06 2.69079e-06 2.98847e-06 3.07814e-06 2.95556e-06 2.66223e-06 2.27136e-06 1.86716e-06 1.52558e-06 1.30176e-06 1.2244e-06 1.29228e-06 1.46852e-06 1.67615e-06 1.81059e-06 1.77862e-06 1.54486e-06 1.15663e-06 7.29427e-07 3.82626e-07 1.67666e-07 6.24506e-08 2.01281e-08 5.65679e-09 1.38003e-09 2.8742e-10 4.91673e-11 6.26307e-12 4.26081e-13 0 
0 4.38884e-11 3.63437e-10 1.58437e-09 5.08787e-09 1.33512e-08 2.99707e-08 5.89928e-08 1.03401e-07 1.63142e-07 2.33623e-07 3.05703e-07 3.67632e-07 4.08391e-07 4.2111e-07 4.05167e-07 3.66191e-07 3.14171e-07 2.60618e-07 2.15871e-07 1.87271e-07 1.78207e-07 1.87538e-07 2.0904e-07 2.31551e-07 2.4148e-07 2.28445e-07 1.91266e-07 1.3934e-07 8.73306e-08 4.6844e-08 2.15328e-08 8.52888e-09 2.92684e-09 8.71824e-10 2.24421e-10 4.91673e-11 8.82491e-12 1.17632e-12 8.34955e-14 0 
0 5.33454e-12 4.29349e-11 1.82236e-10 5.71191e-10 1.46729e-09 3.23475e-09 6.27355e-09 1.08687e-08 1.69986e-08 2.41915e-08 3.1528e-08 3.78322e-08 4.20017e-08 4.33477e-08 4.18074e-08 3.79485e-08 3.27831e-08 2.74814e-08 2.3093e-08 2.03475e-08 1.95381e-08 2.04582e-08 2.23799e-08 2.41473e-08 2.45023e-08 2.26267e-08 1.86119e-08 1.34501e-08 8.46918e-09 4.62878e-09 2.19491e-09 9.04411e-10 3.24335e-10 1.01166e-10 2.72887e-11 6.26307e-12 1.17632e-12 1.63783e-13 1.21167e-14 0 
0 3.51108e-13 2.75083e-12 1.13845e-11 3.48695e-11 8.77593e-11 1.90089e-10 3.63262e-10 6.2187e-10 9.63616e-10 1.362e-09 1.76679e-09 2.11431e-09 2.34513e-09 2.42219e-09 2.34222e-09 2.13618e-09 1.8594e-09 1.57599e-09 1.34336e-09 1.20041e-09 1.16038e-09 1.20744e-09 1.29767e-09 1.36799e-09 1.35644e-09 1.22916e-09 9.9897e-10 7.19486e-10 4.5589e-10 2.53168e-10 1.23045e-10 5.23312e-11 1.94702e-11 6.32227e-12 1.77873e-12 4.26081e-13 8.34955e-14 1.21167e-14 9.32824e-16 0 
0 0 0 0 0 0 0 0 0 0 0 0 0 0 0 0 0 0 0 0 0 0 0 0 0 0 0 0 0 0 0 0 0 0 0 0 0 0 0 0 0 
