0 0 0 0 0 0 0 0 0 0 0 0 0 0 0 0 0 0 0 0 0 0 0 0 0 0 0 0 0 0 0 0 0 0 0 0 0 0 0 0 0 
0 2.53024e-08 2.34186e-07 1.11344e-06 3.78217e-06 1.0154e-05 2.25841e-05 4.28781e-05 7.11497e-05 0.000105287 0.000141357 0.000174632 0.000200705 0.000216329 0.000219861 0.000211364 0.000192435 0.00016584 0.000135021 0.000103527 7.44509e-05 4.99862e-05 3.11842e-05 1.79977e-05 9.57501e-06 4.68413e-06 2.10448e-06 8.68234e-07 3.29164e-07 1.14808e-07 3.68815e-08 1.09193e-08 2.97792e-09 7.46305e-10 1.70901e-10 3.53603e-11 6.46825e-12 1.00085e-12 1.18107e-13 7.5869e-15 0 
0 2.34186e-07 2.25691e-06 1.10649e-05 3.81353e-05 0.000101804 0.000220678 0.000402073 0.000635057 0.000893883 0.00114733 0.00136686 0.00153083 0.00162577 0.00164616 0.0015936 0.0014759 0.00130596 0.00110057 0.000878949 0.000660858 0.000464144 0.000301968 0.000180545 9.85692e-05 4.89401e-05 2.2068e-05 9.0462e-06 3.3798e-06 1.15461e-06 3.61765e-07 1.04189e-07 2.76019e-08 6.71628e-09 1.49358e-09 3.00303e-10 5.34353e-11 8.05261e-12 9.26738e-13 5.81383e-14 0 
0 1.11344e-06 1.10649e-05 5.49343e-05 0.000186431 0.000474871 0.000958088 0.00160732 0.00234517 0.00308617 0.00375985 0.00431465 0.00471576 0.00494297 0.00498952 0.00486096 0.00457355 0.00415221 0.00362835 0.00303797 0.00242039 0.00181719 0.00126995 0.000814769 0.000473577 0.000246899 0.000114919 4.77976e-05 1.78543e-05 6.03058e-06 1.854e-06 5.21436e-07 1.34545e-07 3.18483e-08 6.88854e-09 1.34773e-09 2.33564e-10 3.43209e-11 3.85654e-12 2.36552e-13 0 
0 3.78217e-06 3.81353e-05 0.000186431 0.000598295 0.00139276 0.00253856 0.00389005 0.00529613 0.00664067 0.00783478 0.00880828 0.00950883 0.00990406 0.00998302 0.00975573 0.0092508 0.00851136 0.00759015 0.00654435 0.00543147 0.0043072 0.00322653 0.00224651 0.00142492 0.000806655 0.000401393 0.000174607 6.67052e-05 2.26217e-05 6.89222e-06 1.90528e-06 4.80938e-07 1.11107e-07 2.34333e-08 4.47076e-09 7.56031e-10 1.08514e-10 1.19247e-11 7.16248e-13 0 
0 1.0154e-05 0.000101804 0.000474871 0.00139276 0.00291405 0.0048494 0.00697874 0.00913737 0.01119 0.0130141 0.0145034 0.0155763 0.0161813 0.0163008 0.0159504 0.0151744 0.0140406 0.0126316 0.0110366 0.00934332 0.00763161 0.00596972 0.00441662 0.00303097 0.00187935 0.00102354 0.000479713 0.000192577 6.69117e-05 2.0478e-05 5.61299e-06 1.39423e-06 3.15691e-07 6.51386e-08 1.21522e-08 2.01006e-09 2.82412e-10 3.04104e-11 1.79195e-12 0 
0 2.25841e-05 0.000220678 0.000958088 0.00253856 0.0048494 0.00760231 0.0105765 0.0135894 0.0164605 0.0190163 0.0211051 0.0226104 0.0234593 0.0236265 0.0231337 0.0220439 0.0204528 0.0184777 0.0162455 0.0138818 0.0115002 0.00919563 0.00704063 0.00508928 0.0033928 0.00201818 0.00103403 0.00044616 0.000162221 5.06518e-05 1.39088e-05 3.42313e-06 7.63391e-07 1.54689e-07 2.83085e-08 4.59262e-09 6.33185e-10 6.69606e-11 3.87888e-12 0 
0 4.28781e-05 0.000402073 0.00160732 0.00389005 0.00697874 0.0105765 0.0144596 0.0184004 0.0221602 0.0255093 0.0282478 0.0302217 0.0313352 0.0315548 0.0309089 0.0294803 0.0273949 0.0248073 0.0218849 0.0187934 0.0156842 0.0126837 0.00988811 0.00736115 0.00514282 0.00327406 0.00182304 0.000853312 0.000329927 0.000106659 2.96539e-05 7.28342e-06 1.60801e-06 3.21272e-07 5.78668e-08 9.23509e-09 1.25273e-09 1.30422e-10 7.44368e-12 0 
0 7.11497e-05 0.000635057 0.00234517 0.00529613 0.00913737 0.0135894 0.0184004 0.0232873 0.027952 0.0321085 0.0355081 0.0379594 0.039343 0.039617 0.0388166 0.0370447 0.0344577 0.0312477 0.0276234 0.0237913 0.0199402 0.0162291 0.0127793 0.00967126 0.00694717 0.00462777 0.0027504 0.00138905 0.000574755 0.000194401 5.52253e-05 1.36272e-05 2.99312e-06 5.91952e-07 1.05293e-07 1.658e-08 2.2189e-09 2.27995e-10 1.28508e-11 0 
0 0.000105287 0.000893883 0.00308617 0.00664067 0.01119 0.0164605 0.0221602 0.027952 0.0334818 0.0384103 0.0424425 0.0453512 0.0469943 0.047322 0.0463755 0.0442768 0.0412115 0.0374076 0.0331129 0.0285728 0.0240119 0.0196198 0.015542 0.011876 0.0086722 0.00594352 0.00369814 0.00198694 0.000876684 0.000311492 9.09573e-05 2.2667e-05 4.97405e-06 9.77241e-07 1.72211e-07 2.68346e-08 3.55284e-09 3.61222e-10 2.01553e-11 0 
0 0.000141357 0.00114733 0.00375985 0.00783478 0.0130141 0.0190163 0.0255093 0.0321085 0.0384103 0.0440284 0.0486261 0.0519445 0.053821 0.0541985 0.0531235 0.0507348 0.0472441 0.0429112 0.0380187 0.0328469 0.0276521 0.0226513 0.0180113 0.013845 0.0102114 0.00712282 0.00456887 0.00256997 0.00119691 0.000445646 0.000134017 3.38336e-05 7.44098e-06 1.45668e-06 2.55057e-07 3.94405e-08 5.17993e-09 5.22463e-10 2.89304e-11 0 
0 0.000174632 0.00136686 0.00431465 0.00880828 0.0145034 0.0211051 0.0282478 0.0355081 0.0424425 0.0486261 0.0536885 0.0573444 0.0594145 0.0598352 0.0586573 0.0560332 0.0521955 0.0474304 0.0420489 0.0363595 0.030645 0.0251446 0.0200427 0.0154646 0.0114769 0.00809336 0.00529372 0.00307364 0.00149178 0.000577828 0.000178583 4.57051e-05 1.00932e-05 1.97353e-06 3.44234e-07 5.29654e-08 6.91884e-09 6.9413e-10 3.82422e-11 0 
0 0.000200705 0.00153083 0.00471576 0.00950883 0.0155763 0.0226104 0.0302217 0.0379594 0.0453512 0.0519445 0.0573444 0.0612463 0.0634582 0.0639129 0.0626643 0.0598734 0.0557874 0.0507116 0.0449776 0.0389146 0.0328241 0.0269617 0.0215246 0.0166472 0.0124017 0.00880351 0.00582764 0.00345337 0.00172454 0.000688038 0.000217404 5.63245e-05 1.24984e-05 2.44525e-06 4.25881e-07 6.53712e-08 8.51673e-09 8.52253e-10 4.68491e-11 0 
0 0.000216329 0.00162577 0.00494297 0.00990406 0.0161813 0.0234593 0.0313352 0.039343 0.0469943 0.053821 0.0594145 0.0634582 0.0657532 0.0662309 0.0649472 0.0620666 0.0578436 0.0525942 0.0466621 0.0403879 0.0340841 0.0280155 0.0223869 0.0173379 0.0129441 0.00922235 0.00614545 0.00368396 0.00187109 0.000760602 0.000243987 6.38018e-05 1.42242e-05 2.78862e-06 4.86072e-07 7.46364e-08 9.72731e-09 9.74034e-10 5.36054e-11 0 
0 0.000219861 0.00164616 0.00498952 0.00998302 0.0163008 0.0236265 0.0315548 0.039617 0.047322 0.0541985 0.0598352 0.0639129 0.0662309 0.0667202 0.0654367 0.0625447 0.0582997 0.0530196 0.0470503 0.0407346 0.0343873 0.0282753 0.0226051 0.0175181 0.0130908 0.00934056 0.00624003 0.00375718 0.0019212 0.000787354 0.000254485 6.69394e-05 1.49899e-05 2.94951e-06 5.15906e-07 7.95098e-08 1.04056e-08 1.047e-09 5.79473e-11 0 
0 0.000211364 0.0015936 0.00486096 0.00975573 0.0159504 0.0231337 0.0309089 0.0388166 0.0463755 0.0531235 0.0586573 0.0626643 0.0649472 0.0654367 0.0641863 0.061358 0.0572022 0.05203 0.0461797 0.0399875 0.0337621 0.0277652 0.0222 0.0172053 0.0128563 0.00917041 0.00612131 0.00367984 0.00187784 0.000768681 0.00024869 6.5629e-05 1.47704e-05 2.92469e-06 5.1536e-07 8.01008e-08 1.05841e-08 1.07652e-09 6.03037e-11 0 
0 0.000192435 0.0014759 0.00457355 0.0092508 0.0151744 0.0220439 0.0294803 0.0370447 0.0442768 0.0507348 0.0560332 0.0598734 0.0620666 0.0625447 0.061358 0.0586618 0.0546961 0.0497571 0.0441677 0.038249 0.032296 0.0265592 0.0212327 0.0164493 0.012281 0.00874423 0.00581519 0.00347258 0.00175601 0.000713069 0.000230028 6.09016e-05 1.3818e-05 2.76768e-06 4.94553e-07 7.81091e-08 1.05067e-08 1.08961e-09 6.23146e-11 0 
0 0.00016584 0.00130596 0.00415221 0.00851136 0.0140406 0.0204528 0.0273949 0.0344577 0.0412115 0.0472441 0.0521955 0.0557874 0.0578436 0.0582997 0.0572022 0.0546961 0.0510048 0.0464041 0.0411949 0.0356765 0.0301238 0.0247703 0.0197968 0.0153268 0.0114268 0.00811186 0.00536234 0.00316914 0.00158151 0.000635683 0.000204786 5.46835e-05 1.26095e-05 2.58019e-06 4.72685e-07 7.67261e-08 1.06233e-08 1.13477e-09 6.68321e-11 0 
0 0.000135021 0.00110057 0.00362835 0.00759015 0.0126316 0.0184777 0.0248073 0.0312477 0.0374076 0.0429112 0.0474304 0.0507116 0.0525942 0.0530196 0.05203 0.0497571 0.0464041 0.0422222 0.0374849 0.0324648 0.0274119 0.0225384 0.0180083 0.013933 0.0103718 0.00733772 0.00481736 0.00281615 0.00138952 0.000556425 0.000181012 4.94492e-05 1.17714e-05 2.49952e-06 4.76252e-07 8.04115e-08 1.15627e-08 1.27904e-09 7.77133e-11 0 
0 0.000103527 0.000878949 0.00303797 0.00654435 0.0110366 0.0162455 0.0218849 0.0276234 0.0331129 0.0380187 0.0420489 0.0449776 0.0466621 0.0470503 0.0461797 0.0441677 0.0411949 0.0374849 0.0332812 0.0288261 0.0243418 0.0200163 0.0159945 0.0123737 0.00920453 0.00649808 0.00424838 0.00247271 0.00122267 0.000498042 0.000167713 4.80242e-05 1.20465e-05 2.69397e-06 5.38325e-07 9.47281e-08 1.40955e-08 1.60195e-09 9.93292e-11 0 
0 7.44509e-05 0.000660858 0.00242039 0.00543147 0.00934332 0.0138818 0.0187934 0.0237913 0.0285728 0.0328469 0.0363595 0.0389146 0.0403879 0.0407346 0.0399875 0.038249 0.0356765 0.0324648 0.0288261 0.0249713 0.0210936 0.017356 0.0138828 0.0107565 0.00801852 0.00567858 0.00373606 0.00220821 0.00112842 0.000485203 0.000174954 5.37408e-05 1.43453e-05 3.37148e-06 6.98875e-07 1.26094e-07 1.90529e-08 2.18206e-09 1.35543e-10 0 
0 4.99862e-05 0.000464144 0.00181719 0.0043072 0.00763161 0.0115002 0.0156842 0.0199402 0.0240119 0.0276521 0.030645 0.0328241 0.0340841 0.0343873 0.0337621 0.032296 0.0301238 0.0274119 0.0243418 0.0210936 0.0178324 0.0146965 0.0117907 0.00918314 0.00690761 0.00497186 0.00336994 0.00209665 0.00115623 0.000545272 0.000215104 7.09482e-05 1.985e-05 4.7869e-06 1.00232e-06 1.80742e-07 2.71069e-08 3.068e-09 1.8785e-10 0 
0 3.11842e-05 0.000301968 0.00126995 0.00322653 0.00596972 0.00919563 0.0126837 0.0162291 0.0196198 0.0226513 0.0251446 0.0269617 0.0280155 0.0282753 0.0277652 0.0265592 0.0247703 0.0225384 0.0200163 0.017356 0.0146965 0.0121545 0.00981792 0.00774541 0.00596847 0.00448771 0.0032628 0.00223208 0.0013715 0.000717721 0.000307004 0.000106054 3.00999e-05 7.21183e-06 1.4842e-06 2.61733e-07 3.83095e-08 4.22997e-09 2.528e-10 0 
0 1.79977e-05 0.000180545 0.000814769 0.00224651 0.00441662 0.00704063 0.00988811 0.0127793 0.015542 0.0180113 0.0200427 0.0215246 0.0223869 0.0226051 0.0222 0.0212327 0.0197968 0.0180083 0.0159945 0.0138828 0.0117907 0.00981792 0.00804409 0.00653624 0.00535314 0.00449738 0.00381508 0.00303791 0.00207904 0.00115533 0.000506577 0.000173588 4.75483e-05 1.08776e-05 2.14284e-06 3.63697e-07 5.14455e-08 5.50636e-09 3.19872e-10 0 
0 9.57501e-06 9.85692e-05 0.000473577 0.00142492 0.00303097 0.00508928 0.00736115 0.00967126 0.011876 0.013845 0.0154646 0.0166472 0.0173379 0.0175181 0.0172053 0.0164493 0.0153268 0.013933 0.0123737 0.0107565 0.00918314 0.00774541 0.00653624 0.00570279 0.00551883 0.00618823 0.00711353 0.00688336 0.00500306 0.00265941 0.00105777 0.000324178 7.87864e-05 1.61041e-05 2.91671e-06 4.68199e-07 6.36269e-08 6.59074e-09 3.72132e-10 0 
0 4.68413e-06 4.89401e-05 0.000246899 0.000806655 0.00187935 0.0033928 0.00514282 0.00694717 0.0086722 0.0102114 0.0114769 0.0124017 0.0129441 0.0130908 0.0128563 0.012281 0.0114268 0.0103718 0.00920453 0.00801852 0.00690761 0.00596847 0.00535314 0.00551883 0.00766187 0.0128414 0.018802 0.0201021 0.0148357 0.00749149 0.00264556 0.000688343 0.000139289 2.36201e-05 3.69892e-06 5.46001e-07 7.08632e-08 7.11421e-09 3.91621e-10 0 
0 2.10448e-06 2.2068e-05 0.000114919 0.000401393 0.00102354 0.00201818 0.00327406 0.00462777 0.00594352 0.00712282 0.00809336 0.00880351 0.00922235 0.00934056 0.00917041 0.00874423 0.00811186 0.00733772 0.00649808 0.00567858 0.00497186 0.00448771 0.00449738 0.00618823 0.0128414 0.0271527 0.0433646 0.0479337 0.0352335 0.0174954 0.00587295 0.00137793 0.000239546 3.3448e-05 4.32975e-06 5.68001e-07 6.9878e-08 6.82337e-09 3.68207e-10 0 
0 8.68234e-07 9.0462e-06 4.77976e-05 0.000174607 0.000479713 0.00103403 0.00182304 0.0027504 0.00369814 0.00456887 0.00529372 0.00582764 0.00614545 0.00624003 0.00612131 0.00581519 0.00536234 0.00481736 0.00424838 0.00373606 0.00336994 0.0032628 0.00381508 0.00711353 0.018802 0.0433646 0.0708765 0.078085 0.0583124 0.0287071 0.0094839 0.0021312 0.00034032 4.14369e-05 4.50228e-06 5.17663e-07 6.017e-08 5.749e-09 3.06383e-10 0 
0 3.29164e-07 3.3798e-06 1.78543e-05 6.67052e-05 0.000192577 0.00044616 0.000853312 0.00138905 0.00198694 0.00256997 0.00307364 0.00345337 0.00368396 0.00375718 0.00367984 0.00347258 0.00316914 0.00281615 0.00247271 0.00220821 0.00209665 0.00223208 0.00303791 0.00688336 0.0201021 0.0479337 0.078085 0.0845713 0.065258 0.0318278 0.0104593 0.00231475 0.000355616 4.01606e-05 3.88422e-06 4.02034e-07 4.46741e-08 4.2194e-09 2.24092e-10 0 
0 1.14808e-07 1.15461e-06 6.03058e-06 2.26217e-05 6.69117e-05 0.000162221 0.000329927 0.000574755 0.000876684 0.00119691 0.00149178 0.00172454 0.00187109 0.0019212 0.00187784 0.00175601 0.00158151 0.00138952 0.00122267 0.00112842 0.00115623 0.0013715 0.00207904 0.00500306 0.0148357 0.0352335 0.0583124 0.065258 0.0477888 0.0235746 0.00774578 0.00170882 0.000258986 2.83465e-05 2.60849e-06 2.58149e-07 2.8302e-08 2.68306e-09 1.43454e-10 0 
0 3.68815e-08 3.61765e-07 1.854e-06 6.89222e-06 2.0478e-05 5.06518e-05 0.000106659 0.000194401 0.000311492 0.000445646 0.000577828 0.000688038 0.000760602 0.000787354 0.000768681 0.000713069 0.000635683 0.000556425 0.000498042 0.000485203 0.000545272 0.000717721 0.00115533 0.00265941 0.00749149 0.0174954 0.0287071 0.0318278 0.0235746 0.0116428 0.00383507 0.000849556 0.00012892 1.41391e-05 1.321e-06 1.34857e-07 1.52291e-08 1.47507e-09 8.02123e-11 0 
0 1.09193e-08 1.04189e-07 5.21436e-07 1.90528e-06 5.61299e-06 1.39088e-05 2.96539e-05 5.52253e-05 9.09573e-05 0.000134017 0.000178583 0.000217404 0.000243987 0.000254485 0.00024869 0.000230028 0.000204786 0.000181012 0.000167713 0.000174954 0.000215104 0.000307004 0.000506577 0.00105777 0.00264556 0.00587295 0.0094839 0.0104593 0.00774578 0.00383507 0.00127162 0.000284493 4.38309e-05 4.99736e-06 5.09106e-07 5.78209e-08 6.98574e-09 7.01794e-10 3.9165e-11 0 
0 2.97792e-09 2.76019e-08 1.34545e-07 4.80938e-07 1.39423e-06 3.42313e-06 7.28342e-06 1.36272e-05 2.2667e-05 3.38336e-05 4.57051e-05 5.63245e-05 6.38018e-05 6.69394e-05 6.5629e-05 6.09016e-05 5.46835e-05 4.94492e-05 4.80242e-05 5.37408e-05 7.09482e-05 0.000106054 0.000173588 0.000324178 0.000688343 0.00137793 0.0021312 0.00231475 0.00170882 0.000849556 0.000284493 6.47718e-05 1.03857e-05 1.30292e-06 1.57125e-07 2.09433e-08 2.75645e-09 2.89719e-10 1.67089e-11 0 
0 7.46305e-10 6.71628e-09 3.18483e-08 1.11107e-07 3.15691e-07 7.63391e-07 1.60801e-06 2.99312e-06 4.97405e-06 7.44098e-06 1.00932e-05 1.24984e-05 1.42242e-05 1.49899e-05 1.47704e-05 1.3818e-05 1.26095e-05 1.17714e-05 1.20465e-05 1.43453e-05 1.985e-05 3.00999e-05 4.75483e-05 7.87864e-05 0.000139289 0.000239546 0.00034032 0.000355616 0.000258986 0.00012892 4.38309e-05 1.03857e-05 1.82786e-06 2.75092e-07 4.19401e-08 6.60148e-09 9.43143e-10 1.04019e-10 6.22974e-12 0 
0 1.70901e-10 1.49358e-09 6.88854e-09 2.34333e-08 6.51386e-08 1.54689e-07 3.21272e-07 5.91952e-07 9.77241e-07 1.45668e-06 1.97353e-06 2.44525e-06 2.78862e-06 2.94951e-06 2.92469e-06 2.76768e-06 2.58019e-06 2.49952e-06 2.69397e-06 3.37148e-06 4.7869e-06 7.21183e-06 1.08776e-05 1.61041e-05 2.36201e-05 3.3448e-05 4.14369e-05 4.01606e-05 2.83465e-05 1.41391e-05 4.99736e-06 1.30292e-06 2.75092e-07 5.3502e-08 1.02329e-08 1.83273e-09 2.80517e-10 3.24698e-11 2.02569e-12 0 
0 3.53603e-11 3.00303e-10 1.34773e-09 4.47076e-09 1.21522e-08 2.83085e-08 5.78668e-08 1.05293e-07 1.72211e-07 2.55057e-07 3.44234e-07 4.25881e-07 4.86072e-07 5.15906e-07 5.1536e-07 4.94553e-07 4.72685e-07 4.76252e-07 5.38325e-07 6.98875e-07 1.00232e-06 1.4842e-06 2.14284e-06 2.91671e-06 3.69892e-06 4.32975e-06 4.50228e-06 3.88422e-06 2.60849e-06 1.321e-06 5.09106e-07 1.57125e-07 4.19401e-08 1.02329e-08 2.27777e-09 4.4488e-10 7.21639e-11 8.76221e-12 5.70411e-13 0 
0 6.46825e-12 5.34353e-11 2.33564e-10 7.56031e-10 2.01006e-09 4.59262e-09 9.23509e-09 1.658e-08 2.68346e-08 3.94405e-08 5.29654e-08 6.53712e-08 7.46364e-08 7.95098e-08 8.01008e-08 7.81091e-08 7.67261e-08 8.04115e-08 9.47281e-08 1.26094e-07 1.80742e-07 2.61733e-07 3.63697e-07 4.68199e-07 5.46001e-07 5.68001e-07 5.17663e-07 4.02034e-07 2.58149e-07 1.34857e-07 5.78209e-08 2.09433e-08 6.60148e-09 1.83273e-09 4.4488e-10 9.24809e-11 1.58039e-11 2.01132e-12 1.36703e-13 0 
0 1.00085e-12 8.05261e-12 3.43209e-11 1.08514e-10 2.82412e-10 6.33185e-10 1.25273e-09 2.2189e-09 3.55284e-09 5.17993e-09 6.91884e-09 8.51673e-09 9.72731e-09 1.04056e-08 1.05841e-08 1.05067e-08 1.06233e-08 1.15627e-08 1.40955e-08 1.90529e-08 2.71069e-08 3.83095e-08 5.14455e-08 6.36269e-08 7.08632e-08 6.9878e-08 6.017e-08 4.46741e-08 2.8302e-08 1.52291e-08 6.98574e-09 2.75645e-09 9.43143e-10 2.80517e-10 7.21639e-11 1.58039e-11 2.83536e-12 3.7773e-13 2.67938e-14 0 
0 1.18107e-13 9.26738e-13 3.85654e-12 1.19247e-11 3.04104e-11 6.69606e-11 1.30422e-10 2.27995e-10 3.61222e-10 5.22463e-10 6.9413e-10 8.52253e-10 9.74034e-10 1.047e-09 1.07652e-09 1.08961e-09 1.13477e-09 1.27904e-09 1.60195e-09 2.18206e-09 3.068e-09 4.22997e-09 5.50636e-09 6.59074e-09 7.11421e-09 6.82337e-09 5.749e-09 4.2194e-09 2.68306e-09 1.47507e-09 7.01794e-10 2.89719e-10 1.04019e-10 3.24698e-11 8.76221e-12 2.01132e-12 3.7773e-13 5.25784e-14 3.88812e-15 0 
0 7.5869e-15 5.81383e-14 2.36552e-13 7.16248e-13 1.79195e-12 3.87888e-12 7.44368e-12 1.28508e-11 2.01553e-11 2.89304e-11 3.82422e-11 4.68491e-11 5.36054e-11 5.79473e-11 6.03037e-11 6.23146e-11 6.68321e-11 7.77133e-11 9.93292e-11 1.35543e-10 1.8785e-10 2.528e-10 3.19872e-10 3.72132e-10 3.91621e-10 3.68207e-10 3.06383e-10 2.24092e-10 1.43454e-10 8.02123e-11 3.9165e-11 1.67089e-11 6.22974e-12 2.02569e-12 5.70411e-13 1.36703e-13 2.67938e-14 3.88812e-15 2.99274e-16 0 
0 0 0 0 0 0 0 0 0 0 0 0 0 0 0 0 0 0 0 0 0 0 0 0 0 0 0 0 0 0 0 0 0 0 0 0 0 0 0 0 0 
