0 0 0 0 0 0 0 0 0 0 0 0 0 0 0 0 0 0 0 0 0 0 0 0 0 0 0 0 0 0 0 0 0 0 0 0 0 0 0 0 0 
0 2.70284e-07 2.429e-06 1.08868e-05 3.37697e-05 8.06347e-05 0.000157163 0.000261138 0.000383019 0.000509645 0.000627942 0.000727107 0.000799436 0.000840398 0.000848413 0.000824514 0.000771978 0.000695922 0.000602872 0.000500265 0.000395866 0.000297044 0.000209961 0.000138778 8.51308e-05 4.81208e-05 2.49126e-05 1.17602e-05 5.04908e-06 1.96997e-06 6.98743e-07 2.25484e-07 6.62143e-08 1.76695e-08 4.26573e-09 9.22383e-10 1.75011e-10 2.79106e-11 3.37671e-12 2.21409e-13 0 
0 2.429e-06 2.24261e-05 0.000100178 0.000297894 0.000659152 0.00116921 0.00176706 0.0023844 0.00296711 0.00347669 0.003886 0.00417663 0.00433812 0.00436787 0.00427086 0.00405864 0.00374799 0.00335923 0.00291476 0.00243808 0.00195351 0.00148631 0.00106196 0.000703463 0.000426352 0.00023367 0.00011485 5.04305e-05 1.97925e-05 6.96669e-06 2.2089e-06 6.33149e-07 1.64278e-07 3.84866e-08 8.07128e-09 1.48582e-09 2.30121e-10 2.70735e-11 1.72893e-12 0 
0 1.08868e-05 0.000100178 0.00042389 0.00113536 0.00221425 0.00350399 0.00486219 0.00619749 0.00744129 0.00853143 0.0094126 0.0100416 0.0103917 0.010455 0.0102416 0.00977838 0.0091044 0.00826695 0.00731629 0.00630093 0.00526394 0.00424152 0.00326512 0.002367 0.00158513 0.000959297 0.000514156 0.000240866 9.83111e-05 3.51499e-05 1.11162e-05 3.13922e-06 7.96547e-07 1.81781e-07 3.70739e-08 6.6356e-09 9.99858e-10 1.14579e-10 7.13756e-12 0 
0 3.37697e-05 0.000297894 0.00113536 0.00265684 0.00462747 0.00682405 0.00912247 0.0114129 0.0135735 0.0154824 0.017032 0.0181407 0.0187582 0.0188691 0.0184915 0.0176731 0.0164848 0.0150126 0.0133493 0.0115863 0.00980569 0.00807461 0.00644091 0.00493402 0.00357407 0.00238967 0.00142945 0.000741818 0.00032759 0.000122899 3.96561e-05 1.11946e-05 2.80327e-06 6.26887e-07 1.24857e-07 2.17974e-08 3.20391e-09 3.58448e-10 2.18266e-11 0 
0 8.06347e-05 0.000659152 0.00221425 0.00462747 0.00756147 0.0108458 0.0143334 0.0178378 0.0211556 0.0240913 0.0264764 0.0281833 0.029134 0.0293044 0.0287224 0.0274617 0.0256318 0.0233661 0.0208089 0.0181027 0.0153781 0.0127446 0.0102851 0.00805121 0.00606321 0.00432045 0.00282981 0.00163615 0.000801921 0.000325759 0.000110119 3.16457e-05 7.91204e-06 1.74689e-06 3.41555e-07 5.8392e-08 8.39943e-09 9.19978e-10 5.48933e-11 0 
0 0.000157163 0.00116921 0.00350399 0.00682405 0.0108458 0.0154059 0.0202768 0.0251812 0.0298277 0.0339406 0.0372827 0.0396745 0.0410069 0.0412457 0.0404298 0.0386627 0.0360984 0.032924 0.029342 0.0255531 0.0217412 0.0180624 0.0146373 0.0115471 0.00883108 0.00648792 0.00448939 0.00282188 0.00153165 0.000685193 0.000248231 7.39973e-05 1.8709e-05 4.11246e-06 7.93911e-07 1.33491e-07 1.88585e-08 2.02831e-09 1.18911e-10 0 
0 0.000261138 0.00176706 0.00486219 0.00912247 0.0143334 0.0202768 0.026636 0.0330419 0.0391125 0.0444867 0.0488577 0.0519981 0.0537607 0.0540785 0.0529957 0.0506677 0.0473084 0.0431591 0.0384794 0.0335303 0.0285526 0.023751 0.019285 0.0152643 0.0117484 0.00874708 0.00622479 0.00412347 0.00242435 0.00119072 0.000467761 0.000146832 3.79907e-05 8.38191e-06 1.60684e-06 2.66895e-07 3.71636e-08 3.93729e-09 2.27423e-10 0 
0 0.000383019 0.0023844 0.00619749 0.0114129 0.0178378 0.0251812 0.0330419 0.0409618 0.0484686 0.0551338 0.0606552 0.0648258 0.0673086 0.0677723 0.0662222 0.0630287 0.0586774 0.0534845 0.0476887 0.0415697 0.0354166 0.0294826 0.0239655 0.0190025 0.0146708 0.0109908 0.00792952 0.00541044 0.00335812 0.00178095 0.000757632 0.000252397 6.74213e-05 1.50339e-05 2.87663e-06 4.73911e-07 6.52662e-08 6.83185e-09 3.89862e-10 0 
0 0.000509645 0.00296711 0.00744129 0.0135735 0.0211556 0.0298277 0.0391125 0.0484686 0.0573643 0.065463 0.0726556 0.078171 0.081185 0.0817299 0.0799377 0.0758476 0.0700005 0.0634054 0.0564358 0.0491922 0.0419241 0.0349161 0.0284018 0.0225439 0.0174352 0.0131042 0.00952074 0.00660209 0.00423924 0.00237897 0.00108411 0.000383181 0.000106133 2.40303e-05 4.60783e-06 7.55534e-07 1.0323e-07 1.07067e-08 6.05194e-10 0 
0 0.000627942 0.00347669 0.00853143 0.0154824 0.0240913 0.0339406 0.0444867 0.0551338 0.065463 0.0754367 0.08366 0.0885753 0.0909186 0.0913501 0.0900217 0.0866894 0.0808013 0.0727455 0.0643066 0.0559562 0.0476884 0.0397288 0.0323309 0.0256798 0.0198818 0.0149711 0.0109189 0.00763988 0.0050074 0.00292101 0.00140482 0.000523251 0.000150197 3.45985e-05 6.66549e-06 1.09068e-06 1.48236e-07 1.52726e-08 8.5718e-10 0 
0 0.000727107 0.003886 0.0094126 0.017032 0.0264764 0.0372827 0.0488577 0.0606552 0.0726556 0.08366 0.0906727 0.094528 0.0964126 0.0967783 0.0957285 0.0931098 0.0884239 0.080796 0.0710709 0.0615202 0.0523808 0.0436433 0.0355269 0.0282305 0.0218714 0.0164881 0.0120521 0.00847576 0.00562347 0.00336401 0.00168195 0.000653196 0.000193415 4.52934e-05 8.77619e-06 1.43574e-06 1.94525e-07 1.99534e-08 1.11445e-09 0 
0 0.000799436 0.00417663 0.0100416 0.0181407 0.0281833 0.0396745 0.0519981 0.0648258 0.078171 0.0885753 0.094528 0.0978897 0.0995681 0.0999049 0.0989827 0.0966901 0.0926563 0.0860408 0.0762431 0.0656332 0.0557564 0.0464501 0.0378185 0.0300597 0.0232983 0.017576 0.0128639 0.00907266 0.00606183 0.00368219 0.0018885 0.00075541 0.000229017 5.4356e-05 1.05897e-05 1.7339e-06 2.34589e-07 2.40041e-08 1.33688e-09 0 
0 0.000840398 0.00433812 0.0103917 0.0187582 0.029134 0.0410069 0.0537607 0.0673086 0.081185 0.0909186 0.0964126 0.0995681 0.10116 0.101485 0.100618 0.0984636 0.0947054 0.0886047 0.079163 0.0680266 0.0576565 0.0480211 0.0391015 0.0310844 0.0240982 0.0181863 0.0133197 0.00940793 0.00630827 0.00386274 0.00200901 0.000817534 0.000251477 6.0219e-05 1.17807e-05 1.93155e-06 2.61317e-07 2.67207e-08 1.48677e-09 0 
0 0.000848413 0.00436787 0.010455 0.0188691 0.0293044 0.0412457 0.0540785 0.0677723 0.0817299 0.0913501 0.0967783 0.0999049 0.101485 0.101809 0.10095 0.0988167 0.0950995 0.0890777 0.0797085 0.0684822 0.0580124 0.0483155 0.0393432 0.0312788 0.0242512 0.0183044 0.0134093 0.00947549 0.00635998 0.00390312 0.00203823 0.000833849 0.000257785 6.19564e-05 1.21495e-05 1.99517e-06 2.70242e-07 2.7661e-08 1.54057e-09 0 
0 0.000824514 0.00427086 0.0102416 0.0184915 0.0287224 0.0404298 0.0529957 0.0662222 0.0799377 0.0900217 0.0957285 0.0989827 0.100618 0.10095 0.100058 0.0978413 0.0939589 0.0876255 0.077974 0.0670266 0.0568721 0.0473783 0.038581 0.0306729 0.0237811 0.0179486 0.0131467 0.00928611 0.00622547 0.00380968 0.00197962 0.000805299 0.000247971 5.9519e-05 1.16801e-05 1.92174e-06 2.60952e-07 2.67861e-08 1.49639e-09 0 
0 0.000771978 0.00405864 0.00977838 0.0176731 0.0274617 0.0386627 0.0506677 0.0630287 0.0758476 0.0866894 0.0931098 0.0966901 0.0984636 0.0988167 0.0978413 0.0954105 0.0911034 0.0840254 0.0741176 0.0639489 0.0543977 0.0453311 0.0369136 0.0293459 0.0227498 0.0171664 0.0125676 0.00886587 0.00592368 0.0035968 0.0018443 0.000738823 0.000224905 5.37073e-05 1.05386e-05 1.73883e-06 2.37143e-07 2.44679e-08 1.37456e-09 0 
0 0.000695922 0.00374799 0.0091044 0.0164848 0.0256318 0.0360984 0.0473084 0.0586774 0.0700005 0.0808013 0.0884239 0.0926563 0.0947054 0.0950995 0.0939589 0.0911034 0.0859736 0.0780008 0.0687043 0.0596362 0.0508173 0.0423541 0.0344883 0.0274155 0.0212497 0.0160288 0.011725 0.0082535 0.00548274 0.00328666 0.0016506 0.000646308 0.00019358 4.59241e-05 9.0182e-06 1.49542e-06 2.05424e-07 2.13731e-08 1.21149e-09 0 
0 0.000602872 0.00335923 0.00826695 0.0150126 0.0233661 0.032924 0.0431591 0.0534845 0.0634054 0.0727455 0.080796 0.0860408 0.0886047 0.0890777 0.0876255 0.0840254 0.0780008 0.0703879 0.062448 0.0544064 0.0463908 0.0386662 0.0314845 0.0250259 0.0193941 0.0146227 0.0106845 0.00749733 0.00493923 0.00290992 0.0014239 0.00054322 0.000160087 3.7819e-05 7.45927e-06 1.24833e-06 1.7348e-07 1.828e-08 1.0498e-09 0 
0 0.000500265 0.00291476 0.00731629 0.0133493 0.0208089 0.029342 0.0384794 0.0476887 0.0564358 0.0643066 0.0710709 0.0762431 0.079163 0.0797085 0.077974 0.0741176 0.0687043 0.062448 0.0556559 0.0485428 0.041397 0.034505 0.0280969 0.0223334 0.0173061 0.0130439 0.00951894 0.00665333 0.00433942 0.00250808 0.00119662 0.000446911 0.00013055 3.09525e-05 6.17573e-06 1.04958e-06 1.4834e-07 1.5899e-08 9.28176e-10 0 
0 0.000395866 0.00243808 0.00630093 0.0115863 0.0181027 0.0255531 0.0335303 0.0415697 0.0491922 0.0559562 0.0615202 0.0656332 0.0680266 0.0684822 0.0670266 0.0639489 0.0596362 0.0544064 0.0485428 0.042347 0.0361156 0.0301059 0.0245187 0.0194935 0.0151093 0.0113893 0.00830545 0.00578655 0.00374438 0.00213694 0.00100714 0.000374706 0.000110311 2.65803e-05 5.40966e-06 9.38221e-07 1.35156e-07 1.47366e-08 8.7328e-10 0 
0 0.000297044 0.00195351 0.00526394 0.00980569 0.0153781 0.0217412 0.0285526 0.0354166 0.0419241 0.0476884 0.0523808 0.0557564 0.0576565 0.0580124 0.0568721 0.0543977 0.0508173 0.0463908 0.041397 0.0361156 0.0308051 0.0256853 0.0209275 0.0166502 0.0129206 0.00975695 0.0071322 0.0049838 0.00324002 0.00186709 0.000895869 0.000341858 0.00010347 2.557e-05 5.31259e-06 9.3615e-07 1.36452e-07 1.50018e-08 8.93858e-10 0 
0 0.000209961 0.00148631 0.00424152 0.00807461 0.0127446 0.0180624 0.023751 0.0294826 0.0349161 0.0397288 0.0436433 0.0464501 0.0480211 0.0483155 0.0473783 0.0453311 0.0423541 0.0386662 0.034505 0.0301059 0.0256853 0.0214272 0.0174754 0.0139327 0.0108642 0.00829201 0.00617731 0.00442955 0.00297012 0.00178055 0.000897359 0.000359279 0.00011258 2.83441e-05 5.92812e-06 1.04393e-06 1.51435e-07 1.65314e-08 9.76742e-10 0 
0 0.000138778 0.00106196 0.00326512 0.00644091 0.0102851 0.0146373 0.019285 0.0239655 0.0284018 0.0323309 0.0355269 0.0378185 0.0391015 0.0393432 0.038581 0.0369136 0.0344883 0.0314845 0.0280969 0.0245187 0.0209275 0.0174754 0.0142883 0.0114842 0.0091963 0.00750027 0.00621434 0.0049293 0.00347178 0.00209475 0.00106557 0.000436605 0.000138663 3.47361e-05 7.14776e-06 1.23334e-06 1.75181e-07 1.87371e-08 1.08596e-09 0 
0 8.51308e-05 0.000703463 0.002367 0.00493402 0.00805121 0.0115471 0.0152643 0.0190025 0.0225439 0.0256798 0.0282305 0.0300597 0.0310844 0.0312788 0.0306729 0.0293459 0.0274155 0.0250259 0.0223334 0.0194935 0.0166502 0.0139327 0.0114842 0.00957941 0.00875195 0.00939062 0.0105789 0.0101782 0.00742299 0.00402767 0.0017242 0.000622965 0.000185034 4.40399e-05 8.66595e-06 1.44106e-06 1.98431e-07 2.06576e-08 1.16897e-09 0 
0 4.81208e-05 0.000426352 0.00158513 0.00357407 0.00606321 0.00883108 0.0117484 0.0146708 0.0174352 0.0198818 0.0218714 0.0232983 0.0240982 0.0242512 0.0237811 0.0227498 0.0212497 0.0193941 0.0173061 0.0151093 0.0129206 0.0108642 0.0091963 0.00875195 0.0114649 0.0188373 0.0281917 0.032617 0.0216513 0.0109585 0.00392571 0.00110031 0.000266991 5.56458e-05 1.00251e-05 1.57822e-06 2.09617e-07 2.12256e-08 1.17349e-09 0 
0 2.49126e-05 0.00023367 0.000959297 0.00238967 0.00432045 0.00648792 0.00874708 0.0109908 0.0131042 0.0149711 0.0164881 0.017576 0.0181863 0.0183044 0.0179486 0.0171664 0.0160288 0.0146227 0.0130439 0.0113893 0.00975695 0.00829201 0.00750027 0.00939062 0.0188373 0.0406721 0.0742836 0.0795858 0.0589374 0.0254997 0.00858131 0.0020589 0.000399427 6.83885e-05 1.07274e-05 1.56414e-06 1.99806e-07 1.97455e-08 1.07123e-09 0 
0 1.17602e-05 0.00011485 0.000514156 0.00142945 0.00282981 0.00448939 0.00622479 0.00792952 0.00952074 0.0109189 0.0120521 0.0128639 0.0133197 0.0134093 0.0131467 0.0125676 0.011725 0.0106845 0.00951894 0.00830545 0.0071322 0.00617731 0.00621434 0.0105789 0.0281917 0.0742836 0.0875285 0.089224 0.0832851 0.0496016 0.0138252 0.00313234 0.00053194 7.64532e-05 1.02673e-05 1.36722e-06 1.68071e-07 1.63143e-08 8.74556e-10 0 
0 5.04908e-06 5.04305e-05 0.000240866 0.000741818 0.00163615 0.00282188 0.00412347 0.00541044 0.00660209 0.00763988 0.00847576 0.00907266 0.00940793 0.00947549 0.00928611 0.00886587 0.0082535 0.00749733 0.00665333 0.00578655 0.0049838 0.00442955 0.0049293 0.0101782 0.032617 0.0795858 0.089224 0.0905139 0.0856823 0.0592517 0.015246 0.00339026 0.000543739 7.02003e-05 8.35118e-06 1.02815e-06 1.22802e-07 1.18224e-08 6.31682e-10 0 
0 1.96997e-06 1.97925e-05 9.83111e-05 0.00032759 0.000801921 0.00153165 0.00242435 0.00335812 0.00423924 0.0050074 0.00562347 0.00606183 0.00630827 0.00635998 0.00622547 0.00592368 0.00548274 0.00493923 0.00433942 0.00374438 0.00324002 0.00297012 0.00347178 0.00742299 0.0216513 0.0589374 0.0832851 0.0856823 0.0778524 0.0360891 0.0112879 0.0025051 0.000395687 4.88014e-05 5.47251e-06 6.49803e-07 7.7095e-08 7.4571e-09 4.00997e-10 0 
0 6.98743e-07 6.96669e-06 3.51499e-05 0.000122899 0.000325759 0.000685193 0.00119072 0.00178095 0.00237897 0.00292101 0.00336401 0.00368219 0.00386274 0.00390312 0.00380968 0.0035968 0.00328666 0.00290992 0.00250808 0.00213694 0.00186709 0.00178055 0.00209475 0.00402767 0.0109585 0.0254997 0.0496016 0.0592517 0.0360891 0.0169606 0.00559473 0.00125341 0.000200017 2.47291e-05 2.80382e-06 3.40782e-07 4.13825e-08 4.07997e-09 2.22959e-10 0 
0 2.25484e-07 2.2089e-06 1.11162e-05 3.96561e-05 0.000110119 0.000248231 0.000467761 0.000757632 0.00108411 0.00140482 0.00168195 0.0018885 0.00200901 0.00203823 0.00197962 0.0018443 0.0016506 0.0014239 0.00119662 0.00100714 0.000895869 0.000897359 0.00106557 0.0017242 0.00392571 0.00858131 0.0138252 0.015246 0.0112879 0.00559473 0.00186577 0.000427899 7.04573e-05 9.1647e-06 1.13053e-06 1.49029e-07 1.90234e-08 1.93592e-09 1.08451e-10 0 
0 6.62143e-08 6.33149e-07 3.13922e-06 1.11946e-05 3.16457e-05 7.39973e-05 0.000146832 0.000252397 0.000383181 0.000523251 0.000653196 0.00075541 0.000817534 0.000833849 0.000805299 0.000738823 0.000646308 0.00054322 0.000446911 0.000374706 0.000341858 0.000359279 0.000436605 0.000622965 0.00110031 0.0020589 0.00313234 0.00339026 0.0025051 0.00125341 0.000427899 0.00010189 1.78429e-05 2.60081e-06 3.73692e-07 5.53653e-08 7.53342e-09 7.98004e-10 4.61503e-11 0 
0 1.76695e-08 1.64278e-07 7.96547e-07 2.80327e-06 7.91204e-06 1.8709e-05 3.79907e-05 6.74213e-05 0.000106133 0.000150197 0.000193415 0.000229017 0.000251477 0.000257785 0.000247971 0.000224905 0.00019358 0.000160087 0.00013055 0.000110311 0.00010347 0.00011258 0.000138663 0.000185034 0.000266991 0.000399427 0.00053194 0.000543739 0.000395687 0.000200017 7.04573e-05 1.78429e-05 3.51736e-06 6.1705e-07 1.06856e-07 1.7808e-08 2.58475e-09 2.86247e-10 1.7177e-11 0 
0 4.26573e-09 3.84866e-08 1.81781e-07 6.26887e-07 1.74689e-06 4.11246e-06 8.38191e-06 1.50339e-05 2.40303e-05 3.45985e-05 4.52934e-05 5.4356e-05 6.0219e-05 6.19564e-05 5.9519e-05 5.37073e-05 4.59241e-05 3.7819e-05 3.09525e-05 2.65803e-05 2.557e-05 2.83441e-05 3.47361e-05 4.40399e-05 5.56458e-05 6.83885e-05 7.64532e-05 7.02003e-05 4.88014e-05 2.47291e-05 9.1647e-06 2.60081e-06 6.1705e-07 1.33976e-07 2.72925e-08 4.99906e-09 7.69847e-10 8.92993e-11 5.579e-12 0 
0 9.22383e-10 8.07128e-09 3.70739e-08 1.24857e-07 3.41555e-07 7.93911e-07 1.60684e-06 2.87663e-06 4.60783e-06 6.66549e-06 8.77619e-06 1.05897e-05 1.17807e-05 1.21495e-05 1.16801e-05 1.05386e-05 9.0182e-06 7.45927e-06 6.17573e-06 5.40966e-06 5.31259e-06 5.92812e-06 7.14776e-06 8.66595e-06 1.00251e-05 1.07274e-05 1.02673e-05 8.35118e-06 5.47251e-06 2.80382e-06 1.13053e-06 3.73692e-07 1.06856e-07 2.72925e-08 6.19969e-09 1.21896e-09 1.9816e-10 2.40897e-11 1.56986e-12 0 
0 1.75011e-10 1.48582e-09 6.6356e-09 2.17974e-08 5.8392e-08 1.33491e-07 2.66895e-07 4.73911e-07 7.55534e-07 1.09068e-06 1.43574e-06 1.7339e-06 1.93155e-06 1.99517e-06 1.92174e-06 1.73883e-06 1.49542e-06 1.24833e-06 1.04958e-06 9.38221e-07 9.3615e-07 1.04393e-06 1.23334e-06 1.44106e-06 1.57822e-06 1.56414e-06 1.36722e-06 1.02815e-06 6.49803e-07 3.40782e-07 1.49029e-07 5.53653e-08 1.7808e-08 4.99906e-09 1.21896e-09 2.53815e-10 4.34116e-11 5.52902e-12 3.7608e-13 0 
0 2.79106e-11 2.30121e-10 9.99858e-10 3.20391e-09 8.39943e-09 1.88585e-08 3.71636e-08 6.52662e-08 1.0323e-07 1.48236e-07 1.94525e-07 2.34589e-07 2.61317e-07 2.70242e-07 2.60952e-07 2.37143e-07 2.05424e-07 1.7348e-07 1.4834e-07 1.35156e-07 1.36452e-07 1.51435e-07 1.75181e-07 1.98431e-07 2.09617e-07 1.99806e-07 1.68071e-07 1.22802e-07 7.7095e-08 4.13825e-08 1.90234e-08 7.53342e-09 2.58475e-09 7.69847e-10 1.9816e-10 4.34116e-11 7.79125e-12 1.03843e-12 7.36998e-14 0 
0 3.37671e-12 2.70735e-11 1.14579e-10 3.58448e-10 9.19978e-10 2.02831e-09 3.93729e-09 6.83185e-09 1.07067e-08 1.52726e-08 1.99534e-08 2.40041e-08 2.67207e-08 2.7661e-08 2.67861e-08 2.44679e-08 2.13731e-08 1.828e-08 1.5899e-08 1.47366e-08 1.50018e-08 1.65314e-08 1.87371e-08 2.06576e-08 2.12256e-08 1.97455e-08 1.63143e-08 1.18224e-08 7.4571e-09 4.07997e-09 1.93592e-09 7.98004e-10 2.86247e-10 8.92993e-11 2.40897e-11 5.52902e-12 1.03843e-12 1.44578e-13 1.06951e-14 0 
0 2.21409e-13 1.72893e-12 7.13756e-12 2.18266e-11 5.48933e-11 1.18911e-10 2.27423e-10 3.89862e-10 6.05194e-10 8.5718e-10 1.11445e-09 1.33688e-09 1.48677e-09 1.54057e-09 1.49639e-09 1.37456e-09 1.21149e-09 1.0498e-09 9.28176e-10 8.7328e-10 8.93858e-10 9.76742e-10 1.08596e-09 1.16897e-09 1.17349e-09 1.07123e-09 8.74556e-10 6.31682e-10 4.00997e-10 2.22959e-10 1.08451e-10 4.61503e-11 1.7177e-11 5.579e-12 1.56986e-12 3.7608e-13 7.36998e-14 1.06951e-14 8.2335e-16 0 
0 0 0 0 0 0 0 0 0 0 0 0 0 0 0 0 0 0 0 0 0 0 0 0 0 0 0 0 0 0 0 0 0 0 0 0 0 0 0 0 0 
