0 0 0 0 0 0 0 0 0 0 0 0 0 0 0 0 0 0 0 0 0 0 0 0 0 0 0 0 0 0 0 0 0 0 0 0 0 0 0 0 0 
0 1.21046e-16 1.16086e-15 5.92113e-15 2.24589e-14 7.01559e-14 1.88472e-13 4.44936e-13 9.33947e-13 1.75508e-12 2.96533e-12 4.51747e-12 6.21878e-12 7.75028e-12 8.76041e-12 8.99835e-12 8.4169e-12 7.18643e-12 5.6153e-12 4.02681e-12 2.6583e-12 1.62069e-12 9.15609e-13 4.80987e-13 2.35767e-13 1.08207e-13 4.66569e-14 1.89599e-14 7.28237e-15 2.65025e-15 9.15494e-16 3.00423e-16 9.35919e-17 2.76001e-17 7.65488e-18 1.97202e-18 4.60966e-19 9.3342e-20 1.4723e-20 1.28718e-21 0 
0 1.16086e-15 1.15188e-14 6.08122e-14 2.38675e-13 7.70743e-13 2.13726e-12 5.19727e-12 1.12089e-11 2.15787e-11 3.72277e-11 5.77068e-11 8.05339e-11 1.01368e-10 1.1529e-10 1.18719e-10 1.10938e-10 9.43173e-11 7.31649e-11 5.19512e-11 3.38812e-11 2.03693e-11 1.13319e-11 5.85641e-12 2.82283e-12 1.27399e-12 5.40431e-13 2.16264e-13 8.19107e-14 2.94468e-14 1.00693e-14 3.27851e-15 1.01586e-15 2.98674e-16 8.27665e-17 2.13416e-17 4.99941e-18 1.01514e-18 1.60556e-19 1.4066e-20 0 
0 5.92113e-15 6.08122e-14 3.32494e-13 1.35127e-12 4.5146e-12 1.2933e-11 3.24235e-11 7.19086e-11 1.41933e-10 2.50219e-10 3.94934e-10 5.59103e-10 7.11163e-10 8.14245e-10 8.4094e-10 7.85352e-10 6.6509e-10 5.12392e-10 3.60387e-10 2.323e-10 1.37791e-10 7.5535e-11 3.84363e-11 1.82365e-11 8.10355e-12 3.38709e-12 1.33716e-12 5.00473e-13 1.78163e-13 6.04697e-14 1.95915e-14 6.05578e-15 1.78024e-15 4.94217e-16 1.2784e-16 3.00632e-17 6.12799e-18 9.72315e-19 8.53524e-20 0 
0 2.24589e-14 2.38675e-13 1.35127e-12 5.68616e-12 1.96557e-11 5.81766e-11 1.50391e-10 3.43063e-10 6.94437e-10 1.25144e-09 2.01194e-09 2.89051e-09 3.71708e-09 4.28648e-09 4.44253e-09 4.14895e-09 3.50239e-09 2.6819e-09 1.87016e-09 1.19271e-09 6.98867e-10 3.78039e-10 1.89717e-10 8.87715e-11 3.89227e-11 1.60697e-11 6.27607e-12 2.32848e-12 8.23588e-13 2.78443e-13 9.00939e-14 2.78788e-14 8.2213e-15 2.29281e-15 5.96251e-16 1.40963e-16 2.88652e-17 4.59484e-18 4.03939e-19 0 
0 7.01559e-14 7.70743e-13 4.5146e-12 1.96557e-11 7.02519e-11 2.14708e-10 5.72054e-10 1.34176e-09 2.78486e-09 5.12965e-09 8.40096e-09 1.22512e-08 1.59336e-08 1.85161e-08 1.92705e-08 1.80125e-08 1.51723e-08 1.15614e-08 8.00452e-09 5.05917e-09 2.9339e-09 1.56944e-09 7.78673e-10 3.60327e-10 1.56378e-10 6.39935e-11 2.48195e-11 9.16527e-12 3.23486e-12 1.09419e-12 3.55091e-13 1.10437e-13 3.27809e-14 9.20892e-15 2.41208e-15 5.73873e-16 1.18079e-16 1.88488e-17 1.65788e-18 0 
0 1.88472e-13 2.13726e-12 1.2933e-11 5.81766e-11 2.14708e-10 6.76797e-10 1.85661e-09 4.47385e-09 9.51505e-09 1.79072e-08 2.98695e-08 4.42172e-08 5.81792e-08 6.81677e-08 7.12988e-08 6.67724e-08 5.61963e-08 4.26825e-08 2.93961e-08 1.8454e-08 1.06188e-08 5.63374e-09 2.77257e-09 1.27351e-09 5.493e-10 2.23809e-10 8.66193e-11 3.2e-11 1.13291e-11 3.85358e-12 1.26027e-12 3.95578e-13 1.18584e-13 3.36363e-14 8.88623e-15 2.12858e-15 4.3994e-16 7.03584e-17 6.18316e-18 0 
0 4.44936e-13 5.19727e-12 3.24235e-11 1.50391e-10 5.72054e-10 1.85661e-09 5.23603e-09 1.2946e-08 2.81858e-08 5.41593e-08 9.19725e-08 1.38198e-07 1.84004e-07 2.17505e-07 2.28845e-07 2.15006e-07 1.81097e-07 1.37379e-07 9.43474e-08 5.89951e-08 3.37937e-08 1.7848e-08 8.74908e-09 4.00759e-09 1.72683e-09 7.04435e-10 2.73663e-10 1.01758e-10 3.63538e-11 1.25053e-11 4.14194e-12 1.31744e-12 4.00039e-13 1.1478e-13 3.06076e-14 7.38038e-15 1.53087e-15 2.44939e-16 2.14694e-17 0 
0 9.33947e-13 1.12089e-11 7.19086e-11 3.43063e-10 1.34176e-09 4.47385e-09 1.2946e-08 3.27884e-08 7.29798e-08 1.43037e-07 2.47149e-07 3.76876e-07 5.07886e-07 6.06065e-07 6.42138e-07 6.0618e-07 5.12014e-07 3.88894e-07 2.67114e-07 1.66946e-07 9.55802e-08 5.04814e-08 2.47753e-08 1.13819e-08 4.92993e-09 2.02697e-09 7.95906e-10 2.99933e-10 1.08841e-10 3.80855e-11 1.28378e-11 4.15289e-12 1.28029e-12 3.7199e-13 1.00128e-13 2.42838e-14 5.04781e-15 8.06511e-16 7.03623e-17 0 
0 1.75508e-12 2.15787e-11 1.41933e-10 6.94437e-10 2.78486e-09 9.51505e-09 2.81858e-08 7.29798e-08 1.65794e-07 3.31049e-07 5.81565e-07 8.99711e-07 1.22744e-06 1.4797e-06 1.58076e-06 1.50205e-06 1.2753e-06 9.72714e-07 6.70577e-07 4.2066e-07 2.41874e-07 1.28453e-07 6.35073e-08 2.94612e-08 1.29221e-08 5.39646e-09 2.15852e-09 8.3061e-10 3.08254e-10 1.10352e-10 3.80208e-11 1.25449e-11 3.93233e-12 1.15726e-12 3.14186e-13 7.65272e-14 1.59101e-14 2.53274e-15 2.19411e-16 0 
0 2.96533e-12 3.72277e-11 2.50219e-10 1.25144e-09 5.12965e-09 1.79072e-08 5.41593e-08 1.43037e-07 3.31049e-07 6.72488e-07 1.20004e-06 1.88281e-06 2.60089e-06 3.17007e-06 3.41954e-06 3.27751e-06 2.80496e-06 2.15591e-06 1.49801e-06 9.47872e-07 5.505e-07 2.95895e-07 1.48448e-07 7.00971e-08 3.14001e-08 1.34356e-08 5.52109e-09 2.18638e-09 8.35334e-10 3.07517e-10 1.08677e-10 3.66428e-11 1.16842e-11 3.48057e-12 9.51642e-13 2.32303e-13 4.81855e-14 7.62281e-15 6.54012e-16 0 
0 4.51747e-12 5.77068e-11 3.94934e-10 2.01194e-09 8.40096e-09 2.98695e-08 9.19725e-08 2.47149e-07 5.81565e-07 1.20004e-06 2.1731e-06 3.45645e-06 4.83585e-06 5.96484e-06 6.50769e-06 6.30688e-06 5.45825e-06 4.24472e-06 2.98738e-06 1.9178e-06 1.13263e-06 6.20896e-07 3.18794e-07 1.54641e-07 7.1425e-08 3.16105e-08 1.34628e-08 5.52835e-09 2.1875e-09 8.31561e-10 3.02139e-10 1.0418e-10 3.37735e-11 1.01674e-11 2.79332e-12 6.81539e-13 1.40638e-13 2.20451e-14 1.8679e-15 0 
0 6.21878e-12 8.05339e-11 5.59103e-10 2.89051e-09 1.22512e-08 4.42172e-08 1.38198e-07 3.76876e-07 8.99711e-07 1.88281e-06 3.45645e-06 5.57143e-06 7.89751e-06 9.86915e-06 1.09113e-05 1.07224e-05 9.41897e-06 7.44617e-06 5.33846e-06 3.50069e-06 2.119e-06 1.1953e-06 6.34253e-07 3.19335e-07 1.53663e-07 7.10328e-08 3.16252e-08 1.35592e-08 5.58364e-09 2.19808e-09 8.21961e-10 2.89702e-10 9.53267e-11 2.89316e-11 7.96313e-12 1.93571e-12 3.9607e-13 6.13193e-14 5.1156e-15 0 
0 7.75028e-12 1.01368e-10 7.11163e-10 3.71708e-09 1.59336e-08 5.81792e-08 1.84004e-07 5.07886e-07 1.22744e-06 2.60089e-06 4.83585e-06 7.89751e-06 1.13481e-05 1.4387e-05 1.61555e-05 1.61499e-05 1.44617e-05 1.16852e-05 8.59085e-06 5.79984e-06 3.63106e-06 2.12916e-06 1.18044e-06 6.23823e-07 3.16125e-07 1.5411e-07 7.22887e-08 3.25441e-08 1.39954e-08 5.71344e-09 2.19817e-09 7.90599e-10 2.63354e-10 8.03142e-11 2.2066e-11 5.32398e-12 1.0762e-12 1.63994e-13 1.34279e-14 0 
0 8.76041e-12 1.1529e-10 8.14245e-10 4.28648e-09 1.85161e-08 6.81677e-08 2.17505e-07 6.06065e-07 1.4797e-06 3.17007e-06 5.96484e-06 9.86915e-06 1.4387e-05 1.85358e-05 2.11972e-05 2.16371e-05 1.98488e-05 1.6495e-05 1.25309e-05 8.78868e-06 5.75004e-06 3.54499e-06 2.07804e-06 1.16618e-06 6.28985e-07 3.26227e-07 1.62281e-07 7.70327e-08 3.46604e-08 1.46723e-08 5.79822e-09 2.122e-09 7.12949e-10 2.17576e-10 5.94142e-11 1.41682e-11 2.81805e-12 4.21104e-13 3.37301e-14 0 
0 8.99835e-12 1.18719e-10 8.4094e-10 4.44253e-09 1.92705e-08 7.12988e-08 2.28845e-07 6.42138e-07 1.58076e-06 3.41954e-06 6.50769e-06 1.09113e-05 1.61555e-05 2.11972e-05 2.47662e-05 2.59277e-05 2.45062e-05 2.10966e-05 1.67054e-05 1.22971e-05 8.50503e-06 5.58112e-06 3.502e-06 2.11105e-06 1.22376e-06 6.80365e-07 3.6072e-07 1.81002e-07 8.52383e-08 3.73587e-08 1.51191e-08 5.60765e-09 1.89142e-09 5.74747e-10 1.55219e-10 3.64103e-11 7.09494e-12 1.03567e-12 8.08808e-14 0 
0 8.4169e-12 1.10938e-10 7.85352e-10 4.14895e-09 1.80125e-08 6.67724e-08 2.15006e-07 6.0618e-07 1.50205e-06 3.27751e-06 6.30688e-06 1.07224e-05 1.61499e-05 2.16371e-05 2.59277e-05 2.79834e-05 2.74329e-05 2.46663e-05 2.05611e-05 1.6066e-05 1.18923e-05 8.41232e-06 5.71886e-06 3.7425e-06 2.35151e-06 1.40975e-06 7.99341e-07 4.24426e-07 2.08962e-07 9.45485e-08 3.90174e-08 1.45893e-08 4.9118e-09 1.4775e-09 3.92415e-10 9.00809e-11 1.7118e-11 2.43129e-12 1.84508e-13 0 
0 7.18643e-12 9.43173e-11 6.6509e-10 3.50239e-09 1.51723e-08 5.61963e-08 1.81097e-07 5.12014e-07 1.2753e-06 2.80496e-06 5.45825e-06 9.41897e-06 1.44617e-05 1.98488e-05 2.45062e-05 2.74329e-05 2.8108e-05 2.66441e-05 2.36349e-05 1.98413e-05 1.5918e-05 1.22877e-05 9.15101e-06 6.56104e-06 4.49918e-06 2.9216e-06 1.7753e-06 9.97187e-07 5.12029e-07 2.38149e-07 9.96447e-08 3.73179e-08 1.24551e-08 3.68401e-09 9.56286e-10 2.1364e-10 3.94037e-11 5.42397e-12 3.98717e-13 0 
0 5.6153e-12 7.31649e-11 5.12392e-10 2.6819e-09 1.15614e-08 4.26825e-08 1.37379e-07 3.88894e-07 9.72714e-07 2.15591e-06 4.24472e-06 7.44617e-06 1.16852e-05 1.6495e-05 2.10966e-05 2.46663e-05 2.66441e-05 2.68998e-05 2.5686e-05 2.34497e-05 2.06361e-05 1.75768e-05 1.44759e-05 1.1457e-05 8.62156e-06 6.08427e-06 3.96608e-06 2.35344e-06 1.25563e-06 5.96905e-07 2.51427e-07 9.35711e-08 3.07143e-08 8.86627e-09 2.23427e-09 4.82987e-10 8.60519e-11 1.14365e-11 8.11967e-13 0 
0 4.02681e-12 5.19512e-11 3.60387e-10 1.87016e-09 8.00452e-09 2.93961e-08 9.43474e-08 2.67114e-07 6.70577e-07 1.49801e-06 2.98738e-06 5.33846e-06 8.59085e-06 1.25309e-05 1.67054e-05 2.05611e-05 2.36349e-05 2.5686e-05 2.67031e-05 2.68118e-05 2.61535e-05 2.48043e-05 2.27629e-05 2.0007e-05 1.65945e-05 1.27595e-05 8.92577e-06 5.58325e-06 3.08047e-06 1.48617e-06 6.24736e-07 2.28888e-07 7.32193e-08 2.04581e-08 4.96956e-09 1.0335e-09 1.77064e-10 2.26424e-11 1.5488e-12 0 
0 2.6583e-12 3.38812e-11 2.323e-10 1.19271e-09 5.05917e-09 1.8454e-08 5.89951e-08 1.66946e-07 4.2066e-07 9.47872e-07 1.9178e-06 3.50069e-06 5.79984e-06 8.78868e-06 1.22971e-05 1.6066e-05 1.98413e-05 2.34497e-05 2.68118e-05 2.98868e-05 3.25783e-05 3.46395e-05 3.56232e-05 3.49351e-05 3.20578e-05 2.69272e-05 2.02385e-05 1.33321e-05 7.57506e-06 3.67918e-06 1.52621e-06 5.43643e-07 1.67522e-07 4.4872e-08 1.04292e-08 2.07494e-09 3.40455e-10 4.17731e-11 2.74801e-12 0 
0 1.62069e-12 2.03693e-11 1.37791e-10 6.98867e-10 2.9339e-09 1.06188e-08 3.37937e-08 9.55802e-08 2.41874e-07 5.505e-07 1.13263e-06 2.119e-06 3.63106e-06 5.75004e-06 8.50503e-06 1.18923e-05 1.5918e-05 2.06361e-05 2.61535e-05 3.25783e-05 3.98967e-05 4.77679e-05 5.52629e-05 6.07024e-05 6.19281e-05 5.72542e-05 4.67319e-05 3.2773e-05 1.92667e-05 9.35526e-06 3.75687e-06 1.26822e-06 3.67661e-07 9.2843e-08 2.04405e-08 3.86834e-09 6.05852e-10 7.11927e-11 4.50026e-12 0 
0 9.15609e-13 1.13319e-11 7.5535e-11 3.78039e-10 1.56944e-09 5.63374e-09 1.7848e-08 5.04814e-08 1.28453e-07 2.95895e-07 6.20896e-07 1.1953e-06 2.12916e-06 3.54499e-06 5.58112e-06 8.41232e-06 1.22877e-05 1.75768e-05 2.48043e-05 3.46395e-05 4.77679e-05 6.45226e-05 8.41813e-05 0.000104185 0.000120028 0.000126071 0.000116954 9.13925e-05 5.722e-05 2.7791e-05 1.04602e-05 3.15435e-06 8.05741e-07 1.82691e-07 3.71525e-08 6.62332e-09 9.87085e-10 1.11008e-10 6.74519e-12 0 
0 4.80987e-13 5.85641e-12 3.84363e-11 1.89717e-10 7.78673e-10 2.77257e-09 8.74908e-09 2.47753e-08 6.35073e-08 1.48448e-07 3.18794e-07 6.34253e-07 1.18044e-06 2.07804e-06 3.502e-06 5.71886e-06 9.15101e-06 1.44759e-05 2.27629e-05 3.56232e-05 5.52629e-05 8.41813e-05 0.000124374 0.000176869 0.000241742 0.00031122 0.00035307 0.000322143 0.000219674 0.000107651 3.76823e-05 9.71239e-06 1.99063e-06 3.62864e-07 6.332e-08 1.03335e-08 1.45604e-09 1.56743e-10 9.17156e-12 0 
0 2.35767e-13 2.82283e-12 1.82365e-11 8.87715e-11 3.60327e-10 1.27351e-09 4.00759e-09 1.13819e-08 2.94612e-08 7.00971e-08 1.54641e-07 3.19335e-07 6.23823e-07 1.16618e-06 2.11105e-06 3.7425e-06 6.56104e-06 1.1457e-05 2.0007e-05 3.49351e-05 6.07024e-05 0.000104185 0.000176869 0.000303751 0.000532587 0.000884671 0.00121837 0.0012497 0.000901169 0.000445525 0.000150018 3.48322e-05 5.85138e-06 7.99592e-07 1.06076e-07 1.47391e-08 1.92597e-09 1.98356e-10 1.12125e-11 0 
0 1.08207e-13 1.27399e-12 8.10355e-12 3.89227e-11 1.56378e-10 5.493e-10 1.72683e-09 4.92993e-09 1.29221e-08 3.14001e-08 7.1425e-08 1.53663e-07 3.16125e-07 6.28985e-07 1.22376e-06 2.35151e-06 4.49918e-06 8.62156e-06 1.65945e-05 3.20578e-05 6.19281e-05 0.000120028 0.000241742 0.000532587 0.0012224 0.00247578 0.00381054 0.00412067 0.00303328 0.00150206 0.000498047 0.000110758 1.6837e-05 1.87294e-06 1.82166e-07 1.95449e-08 2.27075e-09 2.22811e-10 1.22195e-11 0 
0 4.66569e-14 5.40431e-13 3.38709e-12 1.60697e-11 6.39935e-11 2.23809e-10 7.04435e-10 2.02697e-09 5.39646e-09 1.34356e-08 3.16105e-08 7.10328e-08 1.5411e-07 3.26227e-07 6.80365e-07 1.40975e-06 2.9216e-06 6.08427e-06 1.27595e-05 2.69272e-05 5.72542e-05 0.000126071 0.00031122 0.000884671 0.00247578 0.00558024 0.00900321 0.00991658 0.00733771 0.0036265 0.00119349 0.000261001 3.81173e-05 3.83914e-06 3.00446e-07 2.41843e-08 2.37594e-09 2.20277e-10 1.17801e-11 0 
0 1.89599e-14 2.16264e-13 1.33716e-12 6.27607e-12 2.48195e-11 8.66193e-11 2.73663e-10 7.95906e-10 2.15852e-09 5.52109e-09 1.34628e-08 3.16252e-08 7.22887e-08 1.62281e-07 3.6072e-07 7.99341e-07 1.7753e-06 3.96608e-06 8.92577e-06 2.02385e-05 4.67319e-05 0.000116954 0.00035307 0.00121837 0.00381054 0.00900321 0.0147792 0.0163747 0.0121309 0.00598571 0.00196201 0.000425896 6.11893e-05 5.90543e-06 4.12209e-07 2.66186e-08 2.18076e-09 1.90158e-10 9.98115e-12 0 
0 7.28237e-15 8.19107e-14 5.00473e-13 2.32848e-12 9.16527e-12 3.2e-11 1.01758e-10 2.99933e-10 8.3061e-10 2.18638e-09 5.52835e-09 1.35592e-08 3.25441e-08 7.70327e-08 1.81002e-07 4.24426e-07 9.97187e-07 2.35344e-06 5.58325e-06 1.33321e-05 3.2773e-05 9.13925e-05 0.000322143 0.0012497 0.00412067 0.00991658 0.0163747 0.0181763 0.0134696 0.00664124 0.00217263 0.000469928 6.70342e-05 6.3535e-06 4.20874e-07 2.39619e-08 1.71198e-09 1.42194e-10 7.3961e-12 0 
0 2.65025e-15 2.94468e-14 1.78163e-13 8.23588e-13 3.23486e-12 1.13291e-11 3.63538e-11 1.08841e-10 3.08254e-10 8.35334e-10 2.1875e-09 5.58364e-09 1.39954e-08 3.46604e-08 8.52383e-08 2.08962e-07 5.12029e-07 1.25563e-06 3.08047e-06 7.57506e-06 1.92667e-05 5.722e-05 0.000219674 0.000901169 0.00303328 0.00733771 0.0121309 0.0134696 0.00998167 0.00492007 0.00160814 0.000347236 4.93876e-05 4.65067e-06 3.02551e-07 1.64598e-08 1.11595e-09 9.14571e-11 4.77798e-12 0 
0 9.15494e-16 1.00693e-14 6.04697e-14 2.78443e-13 1.09419e-12 3.85358e-12 1.25053e-11 3.80855e-11 1.10352e-10 3.07517e-10 8.31561e-10 2.19808e-09 5.71344e-09 1.46723e-08 3.73587e-08 9.45485e-08 2.38149e-07 5.96905e-07 1.48617e-06 3.67918e-06 9.35526e-06 2.7791e-05 0.000107651 0.000445525 0.00150206 0.0036265 0.00598571 0.00664124 0.00492007 0.00242468 0.00079217 0.000170947 2.43094e-05 2.29186e-06 1.50073e-07 8.37495e-09 5.9528e-10 5.04578e-11 2.68786e-12 0 
0 3.00423e-16 3.27851e-15 1.95915e-14 9.00939e-14 3.55091e-13 1.26027e-12 4.14194e-12 1.28378e-11 3.80208e-11 1.08677e-10 3.02139e-10 8.21961e-10 2.19817e-09 5.79822e-09 1.51191e-08 3.90174e-08 9.96447e-08 2.51427e-07 6.24736e-07 1.52621e-06 3.75687e-06 1.04602e-05 3.76823e-05 0.000150018 0.000498047 0.00119349 0.00196201 0.00217263 0.00160814 0.00079217 0.000258765 5.58754e-05 7.96945e-06 7.59115e-07 5.15444e-08 3.2015e-09 2.62888e-10 2.39577e-11 1.31754e-12 0 
0 9.35919e-17 1.01586e-15 6.05578e-15 2.78788e-14 1.10437e-13 3.95578e-13 1.31744e-12 4.15289e-12 1.25449e-11 3.66428e-11 1.0418e-10 2.89702e-10 7.90599e-10 2.122e-09 5.60765e-09 1.45893e-08 3.73179e-08 9.35711e-08 2.28888e-07 5.43643e-07 1.26822e-06 3.15435e-06 9.71239e-06 3.48322e-05 0.000110758 0.000261001 0.000425896 0.000469928 0.000347236 0.000170947 5.58754e-05 1.21014e-05 1.74174e-06 1.70651e-07 1.26891e-08 9.77397e-10 9.91088e-11 9.85509e-12 5.63557e-13 0 
0 2.76001e-17 2.98674e-16 1.78024e-15 8.2213e-15 3.27809e-14 1.18584e-13 4.00039e-13 1.28029e-12 3.93233e-12 1.16842e-11 3.37735e-11 9.53267e-11 2.63354e-10 7.12949e-10 1.89142e-09 4.9118e-09 1.24551e-08 3.07143e-08 7.32193e-08 1.67522e-07 3.67661e-07 8.05741e-07 1.99063e-06 5.85138e-06 1.6837e-05 3.81173e-05 6.11893e-05 6.70342e-05 4.93876e-05 2.43094e-05 7.96945e-06 1.74174e-06 2.57047e-07 2.71e-08 2.45891e-09 2.61738e-10 3.27922e-11 3.52987e-12 2.10498e-13 0 
0 7.65488e-18 8.27665e-17 4.94217e-16 2.29281e-15 9.20892e-15 3.36363e-14 1.1478e-13 3.7199e-13 1.15726e-12 3.48057e-12 1.01674e-11 2.89316e-11 8.03142e-11 2.17576e-10 5.74747e-10 1.4775e-09 3.68401e-09 8.86627e-09 2.04581e-08 4.4872e-08 9.2843e-08 1.82691e-07 3.62864e-07 7.99592e-07 1.87294e-06 3.83914e-06 5.90543e-06 6.3535e-06 4.65067e-06 2.29186e-06 7.59115e-07 1.70651e-07 2.71e-08 3.43681e-09 4.42224e-10 6.56981e-11 9.59251e-12 1.10096e-12 6.85352e-14 0 
0 1.97202e-18 2.13416e-17 1.2784e-16 5.96251e-16 2.41208e-15 8.88623e-15 3.06076e-14 1.00128e-13 3.14186e-13 9.51642e-13 2.79332e-12 7.96313e-12 2.2066e-11 5.94142e-11 1.55219e-10 3.92415e-10 9.56286e-10 2.23427e-09 4.96956e-09 1.04292e-08 2.04405e-08 3.71525e-08 6.332e-08 1.06076e-07 1.82166e-07 3.00446e-07 4.12209e-07 4.20874e-07 3.02551e-07 1.50073e-07 5.15444e-08 1.26891e-08 2.45891e-09 4.42224e-10 8.29403e-11 1.53143e-11 2.45348e-12 2.97097e-13 1.93157e-14 0 
0 4.60966e-19 4.99941e-18 3.00632e-17 1.40963e-16 5.73873e-16 2.12858e-15 7.38038e-15 2.42838e-14 7.65272e-14 2.32303e-13 6.81539e-13 1.93571e-12 5.32398e-12 1.41682e-11 3.64103e-11 9.00809e-11 2.1364e-10 4.82987e-10 1.0335e-09 2.07494e-09 3.86834e-09 6.62332e-09 1.03335e-08 1.47391e-08 1.95449e-08 2.41843e-08 2.66186e-08 2.39619e-08 1.64598e-08 8.37495e-09 3.2015e-09 9.77397e-10 2.61738e-10 6.56981e-11 1.53143e-11 3.14773e-12 5.36467e-13 6.82041e-14 4.63159e-15 0 
0 9.3342e-20 1.01514e-18 6.12799e-18 2.88652e-17 1.18079e-16 4.3994e-16 1.53087e-15 5.04781e-15 1.59101e-14 4.81855e-14 1.40638e-13 3.9607e-13 1.0762e-12 2.81805e-12 7.09494e-12 1.7118e-11 3.94037e-11 8.60519e-11 1.77064e-10 3.40455e-10 6.05852e-10 9.87085e-10 1.45604e-09 1.92597e-09 2.27075e-09 2.37594e-09 2.18076e-09 1.71198e-09 1.11595e-09 5.9528e-10 2.62888e-10 9.91088e-11 3.27922e-11 9.59251e-12 2.45348e-12 5.36467e-13 9.61917e-14 1.28084e-14 9.08008e-16 0 
0 1.4723e-20 1.60556e-19 9.72315e-19 4.59484e-18 1.88488e-17 7.03584e-17 2.44939e-16 8.06511e-16 2.53274e-15 7.62281e-15 2.20451e-14 6.13193e-14 1.63994e-13 4.21104e-13 1.03567e-12 2.43129e-12 5.42397e-12 1.14365e-11 2.26424e-11 4.17731e-11 7.11927e-11 1.11008e-10 1.56743e-10 1.98356e-10 2.22811e-10 2.20277e-10 1.90158e-10 1.42194e-10 9.14571e-11 5.04578e-11 2.39577e-11 9.85509e-12 3.52987e-12 1.10096e-12 2.97097e-13 6.82041e-14 1.28084e-14 1.78249e-15 1.31766e-16 0 
0 1.28718e-21 1.4066e-20 8.53524e-20 4.03939e-19 1.65788e-18 6.18316e-18 2.14694e-17 7.03623e-17 2.19411e-16 6.54012e-16 1.8679e-15 5.1156e-15 1.34279e-14 3.37301e-14 8.08808e-14 1.84508e-13 3.98717e-13 8.11967e-13 1.5488e-12 2.74801e-12 4.50026e-12 6.74519e-12 9.17156e-12 1.12125e-11 1.22195e-11 1.17801e-11 9.98115e-12 7.3961e-12 4.77798e-12 2.68786e-12 1.31754e-12 5.63557e-13 2.10498e-13 6.85352e-14 1.93157e-14 4.63159e-15 9.08008e-16 1.31766e-16 1.01406e-17 0 
0 0 0 0 0 0 0 0 0 0 0 0 0 0 0 0 0 0 0 0 0 0 0 0 0 0 0 0 0 0 0 0 0 0 0 0 0 0 0 0 0 
