0 0 0 0 0 0 0 0 0 0 0 0 0 0 0 0 0 0 0 0 0 0 0 0 0 0 0 0 0 0 0 0 0 0 0 0 0 0 0 0 0 
0 1.02638e-08 9.55761e-08 4.60122e-07 1.59427e-06 4.39721e-06 1.01042e-05 1.98802e-05 3.41875e-05 5.2291e-05 7.22277e-05 9.12631e-05 0.000106589 0.000115978 0.000118212 0.00011324 0.000102094 8.66056e-05 6.90117e-05 5.15172e-05 3.59038e-05 2.3273e-05 1.39799e-05 7.75762e-06 3.96768e-06 1.86798e-06 8.09317e-07 3.22862e-07 1.18726e-07 4.02972e-08 1.26382e-08 3.66432e-09 9.81499e-10 2.42222e-10 5.475e-11 1.12045e-11 2.03083e-12 3.11834e-13 3.65642e-14 2.33632e-15 0 
0 9.55761e-08 9.27556e-07 4.62476e-06 1.6411e-05 4.5669e-05 0.000104167 0.000200497 0.000333914 0.000492475 0.00065661 0.000804989 0.000919364 0.000987229 0.00100269 0.000966276 0.000884188 0.000767179 0.000629118 0.000485195 0.000349763 0.000234071 0.00014446 8.17594e-05 4.2272e-05 1.99326e-05 8.57488e-06 3.37183e-06 1.21523e-06 4.02598e-07 1.22911e-07 3.46351e-08 9.01007e-09 2.15951e-09 4.74278e-10 9.43862e-11 1.66544e-11 2.4926e-12 2.85257e-13 1.78134e-14 0 
0 4.60122e-07 4.62476e-06 2.36067e-05 8.40947e-05 0.000229161 0.000499613 0.000903906 0.00140682 0.00194679 0.00246022 0.00289536 0.0032159 0.00340033 0.00344044 0.00333976 0.003112 0.0027793 0.00237056 0.00191976 0.00146404 0.00104058 0.000681369 0.00040646 0.000218981 0.000106063 4.61825e-05 1.81432e-05 6.46658e-06 2.1033e-06 6.27449e-07 1.72284e-07 4.36098e-08 1.0166e-08 2.17209e-09 4.2084e-10 7.23681e-11 1.05685e-11 1.18172e-12 7.21989e-14 0 
0 1.59427e-06 1.6411e-05 8.40947e-05 0.000291573 0.000747657 0.00149846 0.00248026 0.00356917 0.00464596 0.00561816 0.00641767 0.00699658 0.0073259 0.00739532 0.00721235 0.00680023 0.00619472 0.00544033 0.0045869 0.00368737 0.00279715 0.00197396 0.00127381 0.000738661 0.00037983 0.00017225 6.90891e-05 2.472e-05 7.97214e-06 2.33896e-06 6.28559e-07 1.55313e-07 3.53023e-08 7.35339e-09 1.38958e-09 2.33264e-10 3.32914e-11 3.64242e-12 2.18037e-13 0 
0 4.39721e-06 4.5669e-05 0.000229161 0.000747657 0.00174912 0.00318184 0.00486108 0.00660835 0.00828635 0.00978466 0.0110124 0.0119001 0.0124043 0.012509 0.0122261 0.0115916 0.010661 0.00950225 0.00818932 0.00679574 0.00539102 0.00404098 0.00281253 0.00177632 0.000993423 0.000483063 0.00020314 7.44477e-05 2.41333e-05 7.02613e-06 1.85909e-06 4.5035e-07 1.00142e-07 2.03916e-08 3.76737e-09 6.18674e-10 8.64593e-11 9.27294e-12 5.44782e-13 0 
0 1.01042e-05 0.000104167 0.000499613 0.00149846 0.00318184 0.00534698 0.00775177 0.0102099 0.0125627 0.0146642 0.0163876 0.0176344 0.0183423 0.0184887 0.0180901 0.0171977 0.0158904 0.0142651 0.0124267 0.0104789 0.00851603 0.00661857 0.00485476 0.00329087 0.00200244 0.00106014 0.000478114 0.000183361 6.07126e-05 1.77302e-05 4.65237e-06 1.11047e-06 2.42511e-07 4.84286e-08 8.77167e-09 1.41267e-09 1.93747e-10 2.04124e-11 1.17926e-12 0 
0 1.98802e-05 0.000200497 0.000903906 0.00248026 0.00486108 0.00775177 0.0109094 0.0141309 0.0172168 0.0199755 0.022239 0.0238772 0.0248077 0.0250004 0.0244769 0.023305 0.0215886 0.0194558 0.0170458 0.0144961 0.0119318 0.0094576 0.00715409 0.00508291 0.00330431 0.00189559 0.000925574 0.000377587 0.000129679 3.84184e-05 1.00741e-05 2.38216e-06 5.13044e-07 1.00822e-07 1.79571e-08 2.84383e-09 3.83724e-10 3.98039e-11 2.2661e-12 0 
0 3.41875e-05 0.000333914 0.00140682 0.00356917 0.00660835 0.0102099 0.0141309 0.0181333 0.0219695 0.0254004 0.0282167 0.0302558 0.0314149 0.0316563 0.0310067 0.0295505 0.0274171 0.0247665 0.0217724 0.0186071 0.0154272 0.0123644 0.00951848 0.00695751 0.00472931 0.00288976 0.00151952 0.000663564 0.000238982 7.25333e-05 1.91449e-05 4.5085e-06 9.61526e-07 1.86598e-07 3.27816e-08 5.11957e-09 6.81404e-10 6.97618e-11 3.92284e-12 0 
0 5.2291e-05 0.000492475 0.00194679 0.00464596 0.00828635 0.0125627 0.0172168 0.0219695 0.0265263 0.0306031 0.0339508 0.0363762 0.0377564 0.0380464 0.0372777 0.0355501 0.0330179 0.0298711 0.0263169 0.0225603 0.0187886 0.0151593 0.0117922 0.00876726 0.00613 0.00391548 0.00218615 0.00101785 0.000385967 0.000120788 3.22754e-05 7.60408e-06 1.61199e-06 3.09957e-07 5.38768e-08 8.32123e-09 1.09544e-09 1.10973e-10 6.17853e-12 0 
0 7.22277e-05 0.00065661 0.00246022 0.00561816 0.00978466 0.0146642 0.0199755 0.0254004 0.0306031 0.0352593 0.0390844 0.0418576 0.0434382 0.0437741 0.0429008 0.0409323 0.0380443 0.0344541 0.0303985 0.0261121 0.0218095 0.0176713 0.0138357 0.0103945 0.00739687 0.00486573 0.00283929 0.00139455 0.0005552 0.000179507 4.87224e-05 1.15232e-05 2.43595e-06 4.65517e-07 8.02971e-08 1.23003e-08 1.60602e-09 1.61423e-10 8.92191e-12 0 
0 9.12631e-05 0.000804989 0.00289536 0.00641767 0.0110124 0.0163876 0.022239 0.0282167 0.0339508 0.0390844 0.0433039 0.0463654 0.0481135 0.04849 0.0475337 0.0453695 0.0421909 0.0382375 0.0337702 0.0290481 0.0243082 0.0197502 0.0155274 0.0117422 0.00844835 0.00566346 0.00340668 0.00174241 0.000722659 0.00024082 6.64416e-05 1.58058e-05 3.34029e-06 6.36172e-07 1.09206e-07 1.66402e-08 2.16121e-09 2.16155e-10 1.18948e-11 0 
0 0.000106589 0.000919364 0.0032159 0.00699658 0.0119001 0.0176344 0.0238772 0.0302558 0.0363762 0.0418576 0.0463654 0.0496391 0.051512 0.0519217 0.0509087 0.0486058 0.0452191 0.041004 0.0362389 0.0312007 0.0261427 0.0212788 0.0167732 0.0127361 0.00922556 0.00625724 0.00383818 0.00201871 0.000863265 0.000294827 8.25412e-05 1.97635e-05 4.18336e-06 7.96046e-07 1.36387e-07 2.07358e-08 2.68768e-09 2.68397e-10 1.47575e-11 0 
0 0.000115978 0.000987229 0.00340033 0.0073259 0.0124043 0.0183423 0.0248077 0.0314149 0.0377564 0.0434382 0.0481135 0.051512 0.0534609 0.0538945 0.0528541 0.0504767 0.0469751 0.0426135 0.0376803 0.0324623 0.0272222 0.0221821 0.0175128 0.0133294 0.00969251 0.0066175 0.00410505 0.00219564 0.000957528 0.000332635 9.41858e-05 2.26931e-05 4.8188e-06 9.18564e-07 1.57583e-07 2.3993e-08 3.11608e-09 3.12064e-10 1.72261e-11 0 
0 0.000118212 0.00100269 0.00344044 0.00739532 0.012509 0.0184887 0.0250004 0.0316563 0.0380464 0.0437741 0.04849 0.0519217 0.0538945 0.0543416 0.0533039 0.0509185 0.0473993 0.0430117 0.0380461 0.032791 0.0275116 0.0224318 0.0177242 0.0135055 0.00983718 0.00673492 0.00419748 0.00226142 0.000995342 0.000348949 9.95549e-05 2.41306e-05 5.1505e-06 9.86791e-07 1.70231e-07 2.60864e-08 3.41398e-09 3.45028e-10 1.9252e-11 0 
0 0.00011324 0.000966276 0.00333976 0.00721235 0.0122261 0.0180901 0.0244769 0.0310067 0.0372777 0.0429008 0.0475337 0.0509087 0.0528541 0.0533039 0.0522974 0.0499683 0.0465257 0.0422294 0.0373635 0.0322111 0.027032 0.0220461 0.0174232 0.0132781 0.0096715 0.00661953 0.0041227 0.00221946 0.000977158 0.000343432 9.84686e-05 2.40353e-05 5.17516e-06 1.00187e-06 1.74947e-07 2.71906e-08 3.61672e-09 3.723e-10 2.12025e-11 0 
0 0.000102094 0.000884188 0.003112 0.00680023 0.0115916 0.0171977 0.023305 0.0295505 0.0355501 0.0409323 0.0453695 0.0486058 0.0504767 0.0509185 0.0499683 0.0477532 0.0444724 0.0403735 0.0357278 0.0308054 0.0258544 0.0210852 0.0166601 0.0126887 0.00922958 0.00629929 0.00390349 0.00208695 0.000913443 0.000320765 9.2503e-05 2.28422e-05 4.998e-06 9.86894e-07 1.76352e-07 2.8131e-08 3.85006e-09 4.08548e-10 2.40093e-11 0 
0 8.66056e-05 0.000767179 0.0027793 0.00619472 0.010661 0.0158904 0.0215886 0.0274171 0.0330179 0.0380443 0.0421909 0.0452191 0.0469751 0.0473993 0.0465257 0.0444724 0.0414244 0.0376123 0.0332883 0.0287039 0.0240902 0.0196428 0.0155127 0.0118018 0.00856455 0.0058185 0.00357724 0.00189357 0.000823121 0.000289711 8.46843e-05 2.13992e-05 4.82564e-06 9.87118e-07 1.83384e-07 3.04724e-08 4.34579e-09 4.79901e-10 2.92679e-11 0 
0 6.90117e-05 0.000629118 0.00237056 0.00544033 0.00950225 0.0142651 0.0194558 0.0247665 0.0298711 0.0344541 0.0382375 0.041004 0.0426135 0.0430117 0.0422294 0.0403735 0.0376123 0.034155 0.030231 0.0260686 0.0218776 0.0178355 0.0140786 0.0106987 0.0077447 0.00523589 0.00319502 0.00167984 0.000731415 0.000261805 7.90647e-05 2.08867e-05 4.95831e-06 1.07056e-06 2.0974e-07 3.66169e-08 5.45507e-09 6.2494e-10 3.92518e-11 0 
0 5.15172e-05 0.000485195 0.00191976 0.0045869 0.00818932 0.0124267 0.0170458 0.0217724 0.0263169 0.0303985 0.0337702 0.0362389 0.0376803 0.0380461 0.0373635 0.0357278 0.0332883 0.030231 0.0267595 0.0230767 0.0193684 0.0157914 0.0124655 0.00947052 0.00684925 0.00462275 0.00282025 0.00149479 0.00066771 0.000250517 8.0615e-05 2.28514e-05 5.81125e-06 1.33409e-06 2.74987e-07 4.99341e-08 7.65341e-09 8.93403e-10 5.67195e-11 0 
0 3.59038e-05 0.000349763 0.00146404 0.00368737 0.00679574 0.0104789 0.0144961 0.0186071 0.0225603 0.0261121 0.0290481 0.0312007 0.0324623 0.032791 0.0322111 0.0308054 0.0287039 0.0260686 0.0230767 0.0199044 0.0167131 0.0136381 0.0107818 0.00821146 0.00596378 0.00405971 0.00252494 0.00139246 0.000664517 0.000271846 9.58403e-05 2.94661e-05 7.98368e-06 1.91577e-06 4.05871e-07 7.47449e-08 1.15025e-08 1.33846e-09 8.42814e-11 0 
0 2.3273e-05 0.000234071 0.00104058 0.00279715 0.00539102 0.00851603 0.0119318 0.0154272 0.0187886 0.0218095 0.0243082 0.0261427 0.0272222 0.0275116 0.027032 0.0258544 0.0240902 0.0218776 0.0193684 0.0167131 0.0140495 0.0114924 0.0091278 0.00701175 0.00517479 0.00363054 0.00238259 0.00142833 0.00075884 0.000347045 0.000134353 4.40328e-05 1.23542e-05 3.00267e-06 6.34864e-07 1.15609e-07 1.74963e-08 1.99621e-09 1.23076e-10 0 
0 1.39799e-05 0.00014446 0.000681369 0.00197396 0.00404098 0.00661857 0.0094576 0.0123644 0.0151593 0.0176713 0.0197502 0.0212788 0.0221821 0.0224318 0.0220461 0.0210852 0.0196428 0.0178355 0.0157914 0.0136381 0.0114924 0.0094516 0.0075889 0.00595247 0.00456597 0.0034222 0.00247755 0.00167793 0.00101097 0.000514419 0.000213625 7.20954e-05 2.01849e-05 4.81127e-06 9.90303e-07 1.75098e-07 2.57172e-08 2.84945e-09 1.70837e-10 0 
0 7.75762e-06 8.17594e-05 0.00040646 0.00127381 0.00281253 0.00485476 0.00715409 0.00951848 0.0117922 0.0138357 0.0155274 0.0167732 0.0175128 0.0177242 0.0174232 0.0166601 0.0155127 0.0140786 0.0124655 0.0107818 0.0091278 0.0075889 0.00623229 0.00510874 0.0042509 0.00363862 0.00313042 0.00250323 0.00169824 0.000920788 0.0003883 0.0001275 3.37505e-05 7.56289e-06 1.47612e-06 2.49866e-07 3.53464e-08 3.78687e-09 2.20239e-10 0 
0 3.96768e-06 4.2272e-05 0.000218981 0.000738661 0.00177632 0.00329087 0.00508291 0.00695751 0.00876726 0.0103945 0.0117422 0.0127361 0.0133294 0.0135055 0.0132781 0.0126887 0.0118018 0.0106987 0.00947052 0.00821146 0.00701175 0.00595247 0.00510874 0.00458499 0.00458153 0.00525583 0.00610345 0.00592292 0.00429839 0.0022653 0.000879093 0.000257512 5.93867e-05 1.1638e-05 2.05805e-06 3.27238e-07 4.43481e-08 4.59122e-09 2.59247e-10 0 
0 1.86798e-06 1.99326e-05 0.000106063 0.00037983 0.000993423 0.00200244 0.00330431 0.00472931 0.00613 0.00739687 0.00844835 0.00922556 0.00969251 0.00983718 0.0096715 0.00922958 0.00856455 0.0077447 0.00684925 0.00596378 0.00517479 0.00456597 0.0042509 0.00458153 0.00655331 0.011093 0.0162793 0.0174134 0.0128494 0.00648056 0.00227439 0.000577909 0.00011149 1.78609e-05 2.67657e-06 3.86818e-07 4.98662e-08 4.99721e-09 2.74924e-10 0 
0 8.09317e-07 8.57488e-06 4.61825e-05 0.00017225 0.000483063 0.00106014 0.00189559 0.00288976 0.00391548 0.00486573 0.00566346 0.00625724 0.0066175 0.00673492 0.00661953 0.00629929 0.0058185 0.00523589 0.00462275 0.00405971 0.00363054 0.0034222 0.00363862 0.00525583 0.011093 0.023524 0.0375349 0.0412719 0.0305409 0.0151623 0.0050833 0.00118257 0.000199531 2.64258e-05 3.22611e-06 4.07819e-07 4.95217e-08 4.81969e-09 2.59821e-10 0 
0 3.22862e-07 3.37183e-06 1.81432e-05 6.90891e-05 0.00020314 0.000478114 0.000925574 0.00151952 0.00218615 0.00283929 0.00340668 0.00383818 0.00410505 0.00419748 0.0041227 0.00390349 0.00357724 0.00319502 0.00282025 0.00252494 0.00238259 0.00247755 0.00313042 0.00610345 0.0162793 0.0375349 0.0613849 0.0679555 0.0503673 0.0248846 0.00821797 0.00184036 0.000288753 3.37416e-05 3.44963e-06 3.76785e-07 4.28854e-08 4.07647e-09 2.16959e-10 0 
0 1.18726e-07 1.21523e-06 6.46658e-06 2.472e-05 7.44477e-05 0.000183361 0.000377587 0.000663564 0.00101785 0.00139455 0.00174241 0.00201871 0.00219564 0.00226142 0.00221946 0.00208695 0.00189357 0.00167984 0.00149479 0.00139246 0.00142833 0.00167793 0.00250323 0.00592292 0.0174134 0.0412719 0.0679555 0.075146 0.0559706 0.0275797 0.0090651 0.00200178 0.000303763 3.32152e-05 3.03459e-06 2.95946e-07 3.19798e-08 2.99981e-09 1.59072e-10 0 
0 4.02972e-08 4.02598e-07 2.1033e-06 7.97214e-06 2.41333e-05 6.07126e-05 0.000129679 0.000238982 0.000385967 0.0005552 0.000722659 0.000863265 0.000957528 0.000995342 0.000977158 0.000913443 0.000823121 0.000731415 0.00066771 0.000664517 0.00075884 0.00101097 0.00169824 0.00429839 0.0128494 0.0305409 0.0503673 0.0559706 0.0414176 0.020437 0.00671288 0.00147743 0.000221429 2.35622e-05 2.05478e-06 1.91086e-07 2.03089e-08 1.91079e-09 1.02001e-10 0 
0 1.26382e-08 1.22911e-07 6.27449e-07 2.33896e-06 7.02613e-06 1.77302e-05 3.84184e-05 7.25333e-05 0.000120788 0.000179507 0.00024082 0.000294827 0.000332635 0.000348949 0.000343432 0.000320765 0.000289711 0.000261805 0.000250517 0.000271846 0.000347045 0.000514419 0.000920788 0.0022653 0.00648056 0.0151623 0.0248846 0.0275797 0.020437 0.0100921 0.00332209 0.000733145 0.000109891 1.17173e-05 1.03734e-06 9.96421e-08 1.093e-08 1.05149e-09 5.70991e-11 0 
0 3.66432e-09 3.46351e-08 1.72284e-07 6.28559e-07 1.85909e-06 4.65237e-06 1.00741e-05 1.91449e-05 3.22754e-05 4.87224e-05 6.64416e-05 8.25412e-05 9.41858e-05 9.95549e-05 9.84686e-05 9.2503e-05 8.46843e-05 7.90647e-05 8.0615e-05 9.58403e-05 0.000134353 0.000213625 0.0003883 0.000879093 0.00227439 0.0050833 0.00821797 0.0090651 0.00671288 0.00332209 0.00109926 0.000244333 3.70772e-05 4.09381e-06 3.94078e-07 4.23782e-08 5.00637e-09 5.00482e-10 2.79011e-11 0 
0 9.81499e-10 9.01007e-09 4.36098e-08 1.55313e-07 4.5035e-07 1.11047e-06 2.38216e-06 4.5085e-06 7.60408e-06 1.15232e-05 1.58058e-05 1.97635e-05 2.26931e-05 2.41306e-05 2.40353e-05 2.28422e-05 2.13992e-05 2.08867e-05 2.28514e-05 2.94661e-05 4.40328e-05 7.20954e-05 0.0001275 0.000257512 0.000577909 0.00118257 0.00184036 0.00200178 0.00147743 0.000733145 0.000244333 5.50701e-05 8.65179e-06 1.04285e-06 1.18749e-07 1.51879e-08 1.9717e-09 2.06649e-10 1.19096e-11 0 
0 2.42222e-10 2.15951e-09 1.0166e-08 3.53023e-08 1.00142e-07 2.42511e-07 5.13044e-07 9.61526e-07 1.61199e-06 2.43595e-06 3.34029e-06 4.18336e-06 4.8188e-06 5.1505e-06 5.17516e-06 4.998e-06 4.82564e-06 4.95831e-06 5.81125e-06 7.98368e-06 1.23542e-05 2.01849e-05 3.37505e-05 5.93867e-05 0.00011149 0.000199531 0.000288753 0.000303763 0.000221429 0.000109891 3.70772e-05 8.65179e-06 1.47855e-06 2.12243e-07 3.08697e-08 4.746e-09 6.73706e-10 7.42018e-11 4.44196e-12 0 
0 5.475e-11 4.74278e-10 2.17209e-09 7.35339e-09 2.03916e-08 4.84286e-08 1.00822e-07 1.86598e-07 3.09957e-07 4.65517e-07 6.36172e-07 7.96046e-07 9.18564e-07 9.86791e-07 1.00187e-06 9.86894e-07 9.87118e-07 1.07056e-06 1.33409e-06 1.91577e-06 3.00267e-06 4.81127e-06 7.56289e-06 1.1638e-05 1.78609e-05 2.64258e-05 3.37416e-05 3.32152e-05 2.35622e-05 1.17173e-05 4.09381e-06 1.04285e-06 2.12243e-07 3.96487e-08 7.39072e-09 1.31131e-09 2.00243e-10 2.31644e-11 1.44471e-12 0 
0 1.12045e-11 9.43862e-11 4.2084e-10 1.38958e-09 3.76737e-09 8.77167e-09 1.79571e-08 3.27816e-08 5.38768e-08 8.02971e-08 1.09206e-07 1.36387e-07 1.57583e-07 1.70231e-07 1.74947e-07 1.76352e-07 1.83384e-07 2.0974e-07 2.74987e-07 4.05871e-07 6.34864e-07 9.90303e-07 1.47612e-06 2.05805e-06 2.67657e-06 3.22611e-06 3.44963e-06 3.03459e-06 2.05478e-06 1.03734e-06 3.94078e-07 1.18749e-07 3.08697e-08 7.39072e-09 1.63105e-09 3.17718e-10 5.15005e-11 6.25147e-12 4.06876e-13 0 
0 2.03083e-12 1.66544e-11 7.23681e-11 2.33264e-10 6.18674e-10 1.41267e-09 2.84383e-09 5.11957e-09 8.32123e-09 1.23003e-08 1.66402e-08 2.07358e-08 2.3993e-08 2.60864e-08 2.71906e-08 2.8131e-08 3.04724e-08 3.66169e-08 4.99341e-08 7.47449e-08 1.15609e-07 1.75098e-07 2.49866e-07 3.27238e-07 3.86818e-07 4.07819e-07 3.76785e-07 2.95946e-07 1.91086e-07 9.96421e-08 4.23782e-08 1.51879e-08 4.746e-09 1.31131e-09 3.17718e-10 6.6008e-11 1.12775e-11 1.43503e-12 9.75193e-14 0 
0 3.11834e-13 2.4926e-12 1.05685e-11 3.32914e-11 8.64593e-11 1.93747e-10 3.83724e-10 6.81404e-10 1.09544e-09 1.60602e-09 2.16121e-09 2.68768e-09 3.11608e-09 3.41398e-09 3.61672e-09 3.85006e-09 4.34579e-09 5.45507e-09 7.65341e-09 1.15025e-08 1.74963e-08 2.57172e-08 3.53464e-08 4.43481e-08 4.98662e-08 4.95217e-08 4.28854e-08 3.19798e-08 2.03089e-08 1.093e-08 5.00637e-09 1.9717e-09 6.73706e-10 2.00243e-10 5.15005e-11 1.12775e-11 2.02313e-12 2.69499e-13 1.91144e-14 0 
0 3.65642e-14 2.85257e-13 1.18172e-12 3.64242e-12 9.27294e-12 2.04124e-11 3.98039e-11 6.97618e-11 1.10973e-10 1.61423e-10 2.16155e-10 2.68397e-10 3.12064e-10 3.45028e-10 3.723e-10 4.08548e-10 4.79901e-10 6.2494e-10 8.93403e-10 1.33846e-09 1.99621e-09 2.84945e-09 3.78687e-09 4.59122e-09 4.99721e-09 4.81969e-09 4.07647e-09 2.99981e-09 1.91079e-09 1.05149e-09 5.00482e-10 2.06649e-10 7.42018e-11 2.31644e-11 6.25147e-12 1.43503e-12 2.69499e-13 3.75114e-14 2.77374e-15 0 
0 2.33632e-15 1.78134e-14 7.21989e-14 2.18037e-13 5.44782e-13 1.17926e-12 2.2661e-12 3.92284e-12 6.17853e-12 8.92191e-12 1.18948e-11 1.47575e-11 1.72261e-11 1.9252e-11 2.12025e-11 2.40093e-11 2.92679e-11 3.92518e-11 5.67195e-11 8.42814e-11 1.23076e-10 1.70837e-10 2.20239e-10 2.59247e-10 2.74924e-10 2.59821e-10 2.16959e-10 1.59072e-10 1.02001e-10 5.70991e-11 2.79011e-11 1.19096e-11 4.44196e-12 1.44471e-12 4.06876e-13 9.75193e-14 1.91144e-14 2.77374e-15 2.13492e-16 0 
0 0 0 0 0 0 0 0 0 0 0 0 0 0 0 0 0 0 0 0 0 0 0 0 0 0 0 0 0 0 0 0 0 0 0 0 0 0 0 0 0 
