0 0 0 0 0 0 0 0 0 0 0 0 0 0 0 0 0 0 0 0 0 0 0 0 0 0 0 0 0 0 0 0 0 0 0 0 0 0 0 0 0 
0 2.69493e-07 2.42203e-06 1.08569e-05 3.36826e-05 8.04436e-05 0.000156825 0.000260633 0.000382346 0.000508826 0.000627004 0.000726081 0.000798351 0.000839283 0.000847294 0.000823415 0.000770922 0.000694931 0.000601965 0.000499461 0.000395179 0.000296483 0.000209527 0.000138463 8.49184e-05 4.79894e-05 2.48385e-05 1.17224e-05 5.03173e-06 1.9628e-06 6.96068e-07 2.24584e-07 6.5941e-08 1.75945e-08 4.24722e-09 9.18305e-10 1.74226e-10 2.77838e-11 3.36122e-12 2.20386e-13 0 
0 2.42203e-06 2.23639e-05 9.9919e-05 0.00029721 0.000657854 0.00116727 0.00176458 0.00238151 0.00296393 0.00347328 0.00388243 0.00417295 0.00433437 0.00436412 0.00426715 0.00405502 0.0037445 0.0033559 0.00291163 0.00243518 0.00195089 0.00148403 0.00106008 0.00070202 0.000425344 0.00023304 0.000114503 5.02626e-05 1.97212e-05 6.94002e-06 2.20003e-06 6.30508e-07 1.63572e-07 3.83175e-08 8.03519e-09 1.47909e-09 2.29066e-10 2.69484e-11 1.72089e-12 0 
0 1.08569e-05 9.9919e-05 0.000422933 0.00113328 0.00221107 0.00349998 0.00485756 0.00619231 0.0074356 0.00852528 0.00940607 0.0100348 0.0103848 0.010448 0.0102348 0.00977171 0.00909804 0.00826095 0.00731069 0.00629574 0.00525915 0.00423712 0.00326114 0.00236351 0.00158227 0.00095719 0.000512805 0.000240131 9.79734e-05 3.50181e-05 1.10718e-05 3.12609e-06 7.93103e-07 1.80976e-07 3.69067e-08 6.60527e-09 9.95243e-10 1.14046e-10 7.10418e-12 0 
0 3.36826e-05 0.00029721 0.00113328 0.00265322 0.0046227 0.0068183 0.00911571 0.0114051 0.0135647 0.0154726 0.0170216 0.0181297 0.018747 0.0188578 0.0184804 0.0176624 0.0164746 0.0150031 0.0133406 0.0115784 0.00979863 0.00806827 0.00643521 0.00492887 0.00356948 0.00238577 0.00142646 0.000739884 0.000326568 0.000122461 3.95014e-05 1.11482e-05 2.79116e-06 6.24101e-07 1.24291e-07 2.16973e-08 3.18905e-09 3.56775e-10 2.17242e-11 0 
0 8.04436e-05 0.000657854 0.00221107 0.0046227 0.00755532 0.0108382 0.0143241 0.0178268 0.021143 0.0240773 0.0264612 0.0281672 0.0291175 0.0292879 0.0287062 0.0274461 0.0256171 0.0233525 0.0207965 0.0180916 0.0153682 0.012736 0.0102775 0.00804459 0.00605734 0.00431523 0.00282534 0.00163273 0.000799768 0.000324698 0.000109709 3.15172e-05 7.87813e-06 1.73914e-06 3.40007e-07 5.81233e-08 8.3604e-09 9.15674e-10 5.46352e-11 0 
0 0.000156825 0.00116727 0.00349998 0.0068183 0.0108382 0.0153959 0.0202645 0.0251664 0.0298108 0.0339217 0.0372621 0.0396529 0.0409846 0.0412233 0.0404078 0.0386416 0.0360785 0.0329056 0.0293253 0.0255382 0.0217282 0.0180511 0.0146276 0.0115388 0.00882398 0.00648172 0.00448391 0.00281726 0.00152825 0.000683222 0.000247369 7.37075e-05 1.86302e-05 4.09435e-06 7.90321e-07 1.32877e-07 1.87709e-08 2.01882e-09 1.18352e-10 0 
0 0.000260633 0.00176458 0.00485756 0.00911571 0.0143241 0.0202645 0.0266205 0.0330233 0.0390909 0.0444626 0.0488314 0.0519701 0.0537316 0.0540492 0.0529672 0.0506406 0.0472831 0.0431358 0.0384583 0.0335116 0.0285362 0.023737 0.0192731 0.0152543 0.0117399 0.00873991 0.00621857 0.00411805 0.00241994 0.00118776 0.000466277 0.000146285 3.78345e-05 8.34546e-06 1.59963e-06 2.65673e-07 3.69913e-08 3.9189e-09 2.26356e-10 0 
0 0.000382346 0.00238151 0.00619231 0.0114051 0.0178268 0.0251664 0.0330233 0.0409393 0.0484425 0.0551042 0.0606213 0.0647858 0.0672636 0.0677263 0.0661796 0.0629919 0.0586456 0.0534561 0.0476632 0.0415471 0.035397 0.0294658 0.0239513 0.0189906 0.0146609 0.0109826 0.00792262 0.00540446 0.00335303 0.00177715 0.000755461 0.000251509 6.71525e-05 1.49695e-05 2.86382e-06 4.71751e-07 6.49648e-08 6.80004e-09 3.88037e-10 0 
0 0.000508826 0.00296393 0.0074356 0.0135647 0.021143 0.0298108 0.0390909 0.0484425 0.0573335 0.0654249 0.0726047 0.0781122 0.0811254 0.0816703 0.0798777 0.0757913 0.0699554 0.0633703 0.0564059 0.049166 0.0419013 0.0348967 0.0283854 0.0225303 0.0174241 0.0130951 0.00951318 0.00659567 0.0042337 0.00237454 0.00108131 0.000381914 0.000105724 2.39294e-05 4.58752e-06 7.52115e-07 1.02755e-07 1.0657e-08 6.02372e-10 0 
0 0.000627004 0.00347328 0.00852528 0.0154726 0.0240773 0.0339217 0.0444626 0.0551042 0.0654249 0.0753821 0.0836023 0.0885264 0.0908751 0.0913074 0.0899756 0.0866358 0.0807426 0.0726976 0.0642711 0.0559266 0.0476629 0.0397071 0.0323127 0.0256648 0.0198695 0.0149611 0.0109108 0.00763308 0.00500156 0.00291618 0.00140151 0.00052162 0.000149637 3.44558e-05 6.63644e-06 1.08578e-06 1.47559e-07 1.52021e-08 8.53199e-10 0 
0 0.000726081 0.00388243 0.00940607 0.0170216 0.0264612 0.0372621 0.0488314 0.0606213 0.0726047 0.0836023 0.0906292 0.0944935 0.0963822 0.0967485 0.0956961 0.0930711 0.0883744 0.0807388 0.0710264 0.0614871 0.0523531 0.0436198 0.0355072 0.0282143 0.0218581 0.0164774 0.0120434 0.00846864 0.00561742 0.00335893 0.00167828 0.000651264 0.000192716 4.51098e-05 8.73835e-06 1.42934e-06 1.93641e-07 1.98618e-08 1.10929e-09 0 
0 0.000798351 0.00417295 0.0100348 0.0181297 0.0281672 0.0396529 0.0519701 0.0647858 0.0781122 0.0885264 0.0944935 0.0978626 0.0995445 0.0998818 0.0989574 0.0966597 0.0926165 0.0859878 0.0761907 0.065596 0.055727 0.0464253 0.0377978 0.0300427 0.0232844 0.0175648 0.0128549 0.00906533 0.00605565 0.00367696 0.0018846 0.000753263 0.00022821 5.41389e-05 1.05444e-05 1.72623e-06 2.3353e-07 2.38945e-08 1.33073e-09 0 
0 0.000839283 0.00433437 0.0103848 0.018747 0.0291175 0.0409846 0.0537316 0.0672636 0.0811254 0.0908751 0.0963822 0.0995445 0.101139 0.101465 0.100596 0.0984368 0.0946702 0.0885563 0.079108 0.0679859 0.057626 0.0479956 0.0390802 0.0310669 0.024084 0.0181749 0.0133105 0.0094005 0.00630203 0.00385745 0.002005 0.000815271 0.000250605 5.99813e-05 1.17309e-05 1.92305e-06 2.60144e-07 2.65993e-08 1.47998e-09 0 
0 0.000847294 0.00436412 0.010448 0.0188578 0.0292879 0.0412233 0.0540492 0.0677263 0.0816703 0.0913074 0.0967485 0.0998818 0.101465 0.101789 0.100929 0.0987905 0.095065 0.08903 0.0796533 0.068441 0.0579817 0.04829 0.0393219 0.0312613 0.0242371 0.018293 0.0134002 0.00946807 0.00635377 0.00389785 0.00203422 0.000831567 0.0002569 6.17136e-05 1.20984e-05 1.98645e-06 2.69037e-07 2.75363e-08 1.53358e-09 0 
0 0.000823415 0.00426715 0.0102348 0.0184804 0.0287062 0.0404078 0.0529672 0.0661796 0.0798777 0.0899756 0.0956961 0.0989574 0.100596 0.100929 0.100035 0.0978128 0.0939216 0.0875748 0.0779198 0.0669877 0.0568423 0.0473534 0.0385602 0.0306558 0.0237672 0.0179374 0.0131378 0.00927882 0.00621936 0.0038045 0.0019757 0.000803092 0.000247121 5.9287e-05 1.16313e-05 1.91341e-06 2.59799e-07 2.66665e-08 1.48967e-09 0 
0 0.000770922 0.00405502 0.00977171 0.0176624 0.0274461 0.0386416 0.0506406 0.0629919 0.0757913 0.0866358 0.0930711 0.0966597 0.0984368 0.0987905 0.0978128 0.0953764 0.0910595 0.0839696 0.0740686 0.063914 0.0543694 0.0453073 0.0368937 0.0293295 0.0227365 0.0171557 0.012559 0.00885883 0.00591774 0.00359178 0.00184057 0.000736774 0.000224133 5.3499e-05 1.0495e-05 1.73138e-06 2.36109e-07 2.43603e-08 1.36849e-09 0 
0 0.000694931 0.0037445 0.00909804 0.0164746 0.0256171 0.0360785 0.0472831 0.0586456 0.0699554 0.0807426 0.0883744 0.0926165 0.0946702 0.095065 0.0939216 0.0910595 0.0859196 0.0779464 0.0686645 0.0596051 0.0507909 0.0423317 0.0344696 0.0274002 0.0212372 0.0160187 0.0117169 0.00824681 0.00547706 0.00328188 0.00164715 0.000644487 0.000192916 4.57477e-05 8.98146e-06 1.48914e-06 2.0455e-07 2.12817e-08 1.20631e-09 0 
0 0.000601965 0.0033559 0.00826095 0.0150031 0.0233525 0.0329056 0.0431358 0.0534561 0.0633703 0.0726976 0.0807388 0.0859878 0.0885563 0.08903 0.0875748 0.0839696 0.0779464 0.0703459 0.0624151 0.0543784 0.0463667 0.0386457 0.0314674 0.0250118 0.0193826 0.0146135 0.010677 0.00749108 0.0049339 0.0029055 0.00142084 0.000541678 0.000159543 3.76773e-05 7.42989e-06 1.2433e-06 1.72776e-07 1.82058e-08 1.04556e-09 0 
0 0.000499461 0.00291163 0.00731069 0.0133406 0.0207965 0.0293253 0.0384583 0.0476632 0.0564059 0.0642711 0.0710264 0.0761907 0.079108 0.0796533 0.0779198 0.0740686 0.0686645 0.0624151 0.0556274 0.0485178 0.0413753 0.0344866 0.0280815 0.0223207 0.0172958 0.0130355 0.00951214 0.00664764 0.00433457 0.00250416 0.00119402 0.000445667 0.000130125 3.08431e-05 6.15305e-06 1.04567e-06 1.47789e-07 1.58403e-08 9.24789e-10 0 
0 0.000395179 0.00243518 0.00629574 0.0115784 0.0180916 0.0255382 0.0335116 0.0415471 0.049166 0.0559266 0.0614871 0.065596 0.0679859 0.068441 0.0669877 0.063914 0.0596051 0.0543784 0.0485178 0.0423249 0.0360966 0.0300897 0.0245052 0.0194824 0.0151003 0.011382 0.0082995 0.00578157 0.00374019 0.00213365 0.00100506 0.000373741 0.000109986 2.64968e-05 5.39222e-06 9.35183e-07 1.34722e-07 1.46898e-08 8.70555e-10 0 
0 0.000296483 0.00195089 0.00525915 0.00979863 0.0153682 0.0217282 0.0285362 0.035397 0.0419013 0.0476629 0.0523531 0.055727 0.057626 0.0579817 0.0568423 0.0543694 0.0507909 0.0463667 0.0413753 0.0360966 0.0307887 0.0256714 0.0209158 0.0166407 0.012913 0.00975081 0.00712725 0.00497974 0.00323669 0.00186455 0.000894281 0.000341118 0.000103218 2.55038e-05 5.29855e-06 9.33671e-07 1.36093e-07 1.49629e-08 8.9157e-10 0 
0 0.000209527 0.00148403 0.00423712 0.00806827 0.012736 0.0180511 0.023737 0.0294658 0.0348967 0.0397071 0.0436198 0.0464253 0.0479956 0.04829 0.0473534 0.0453073 0.0423317 0.0386457 0.0344866 0.0300897 0.0256714 0.0214154 0.0174657 0.0139249 0.010858 0.00828711 0.00617349 0.00442655 0.00296775 0.00177874 0.00089617 0.000358688 0.000112368 2.82864e-05 5.91567e-06 1.04171e-06 1.51114e-07 1.64965e-08 9.74693e-10 0 
0 0.000138463 0.00106008 0.00326114 0.00643521 0.0102775 0.0146276 0.0192731 0.0239513 0.0283854 0.0323127 0.0355072 0.0377978 0.0390802 0.0393219 0.0385602 0.0368937 0.0344696 0.0314674 0.0280815 0.0245052 0.0209158 0.0174657 0.0142804 0.0114779 0.00919139 0.00749643 0.00621127 0.00492686 0.00346995 0.00209342 0.00106465 0.000436096 0.000138464 3.46798e-05 7.13549e-06 1.23117e-06 1.7487e-07 1.87037e-08 1.08402e-09 0 
0 8.49184e-05 0.00070202 0.00236351 0.00492887 0.00804459 0.0115388 0.0152543 0.0189906 0.0225303 0.0256648 0.0282143 0.0300427 0.0310669 0.0312613 0.0306558 0.0293295 0.0274002 0.0250118 0.0223207 0.0194824 0.0166407 0.0139249 0.0114779 0.00957447 0.00874783 0.00938655 0.0105745 0.010174 0.00741991 0.00402592 0.0017233 0.000622488 0.000184832 4.39809e-05 8.65314e-06 1.43884e-06 1.98119e-07 2.06248e-08 1.16711e-09 0 
0 4.79894e-05 0.000425344 0.00158227 0.00356948 0.00605734 0.00882398 0.0117399 0.0146609 0.0174241 0.0198695 0.0218581 0.0232844 0.024084 0.0242371 0.0237672 0.0227365 0.0212372 0.0193826 0.0172958 0.0151003 0.012913 0.010858 0.00919139 0.00874783 0.01146 0.0188296 0.02817 0.0325769 0.0216425 0.0109541 0.00392408 0.00109975 0.00026678 5.55839e-05 1.00119e-05 1.57599e-06 2.09312e-07 2.11944e-08 1.17175e-09 0 
0 2.48385e-05 0.00023304 0.00095719 0.00238577 0.00431523 0.00648172 0.00873991 0.0109826 0.0130951 0.0149611 0.0164774 0.0175648 0.0181749 0.018293 0.0179374 0.0171557 0.0160187 0.0146135 0.0130355 0.011382 0.00975081 0.00828711 0.00749643 0.00938655 0.0188296 0.0406407 0.0742418 0.0795716 0.0588777 0.0254894 0.00857787 0.00205803 0.000399193 6.83262e-05 1.07146e-05 1.56206e-06 1.9953e-07 1.97178e-08 1.06971e-09 0 
0 1.17224e-05 0.000114503 0.000512805 0.00142646 0.00282534 0.00448391 0.00621857 0.00792262 0.00951318 0.0109108 0.0120434 0.0128549 0.0133105 0.0134002 0.0131378 0.012559 0.0117169 0.010677 0.00951214 0.0082995 0.00712725 0.00617349 0.00621127 0.0105745 0.02817 0.0742418 0.0875325 0.0892335 0.083286 0.049548 0.0138196 0.00313107 0.000531677 7.6395e-05 1.02562e-05 1.36548e-06 1.67846e-07 1.62921e-08 8.73353e-10 0 
0 5.03173e-06 5.02626e-05 0.000240131 0.000739884 0.00163273 0.00281726 0.00411805 0.00540446 0.00659567 0.00763308 0.00846864 0.00906533 0.0094005 0.00946807 0.00927882 0.00885883 0.00824681 0.00749108 0.00664764 0.00578157 0.00497974 0.00442655 0.00492686 0.010174 0.0325769 0.0795716 0.0892335 0.0905264 0.0856863 0.0591918 0.0152398 0.00338889 0.000543487 7.01523e-05 8.34285e-06 1.02689e-06 1.22641e-07 1.18065e-08 6.3083e-10 0 
0 1.9628e-06 1.97212e-05 9.79734e-05 0.000326568 0.000799768 0.00152825 0.00241994 0.00335303 0.0042337 0.00500156 0.00561742 0.00605565 0.00630203 0.00635377 0.00621936 0.00591774 0.00547706 0.0049339 0.00433457 0.00374019 0.00323669 0.00296775 0.00346995 0.00741991 0.0216425 0.0588777 0.083286 0.0856863 0.0778293 0.0360565 0.0112834 0.00250409 0.000395503 4.8769e-05 5.46723e-06 6.49022e-07 7.69951e-08 7.44724e-09 4.00464e-10 0 
0 6.96068e-07 6.94002e-06 3.50181e-05 0.000122461 0.000324698 0.000683222 0.00118776 0.00177715 0.00237454 0.00291618 0.00335893 0.00367696 0.00385745 0.00389785 0.0038045 0.00359178 0.00328188 0.0029055 0.00250416 0.00213365 0.00186455 0.00177874 0.00209342 0.00402592 0.0109541 0.0254894 0.049548 0.0591918 0.0360565 0.0169538 0.0055925 0.00125289 0.000199918 2.47119e-05 2.80106e-06 3.40371e-07 4.13291e-08 4.07462e-09 2.22664e-10 0 
0 2.24584e-07 2.20003e-06 1.10718e-05 3.95014e-05 0.000109709 0.000247369 0.000466277 0.000755461 0.00108131 0.00140151 0.00167828 0.0018846 0.002005 0.00203422 0.0019757 0.00184057 0.00164715 0.00142084 0.00119402 0.00100506 0.000894281 0.00089617 0.00106465 0.0017233 0.00392408 0.00857787 0.0138196 0.0152398 0.0112834 0.0055925 0.00186502 0.000427709 7.04181e-05 9.15762e-06 1.12935e-06 1.48846e-07 1.89989e-08 1.93339e-09 1.08309e-10 0 
0 6.5941e-08 6.30508e-07 3.12609e-06 1.11482e-05 3.15172e-05 7.37075e-05 0.000146285 0.000251509 0.000381914 0.00052162 0.000651264 0.000753263 0.000815271 0.000831567 0.000803092 0.000736774 0.000644487 0.000541678 0.000445667 0.000373741 0.000341118 0.000358688 0.000436096 0.000622488 0.00109975 0.00205803 0.00313107 0.00338889 0.00250409 0.00125289 0.000427709 0.000101837 1.7831e-05 2.59846e-06 3.7327e-07 5.52959e-08 7.52369e-09 7.96965e-10 4.609e-11 0 
0 1.75945e-08 1.63572e-07 7.93103e-07 2.79116e-06 7.87813e-06 1.86302e-05 3.78345e-05 6.71525e-05 0.000105724 0.000149637 0.000192716 0.00022821 0.000250605 0.0002569 0.000247121 0.000224133 0.000192916 0.000159543 0.000130125 0.000109986 0.000103218 0.000112368 0.000138464 0.000184832 0.00026678 0.000399193 0.000531677 0.000543487 0.000395503 0.000199918 7.04181e-05 1.7831e-05 3.51438e-06 6.16397e-07 1.06726e-07 1.77853e-08 2.58141e-09 2.85875e-10 1.71546e-11 0 
0 4.24722e-09 3.83175e-08 1.80976e-07 6.24101e-07 1.73914e-06 4.09435e-06 8.34546e-06 1.49695e-05 2.39294e-05 3.44558e-05 4.51098e-05 5.41389e-05 5.99813e-05 6.17136e-05 5.9287e-05 5.3499e-05 4.57477e-05 3.76773e-05 3.08431e-05 2.64968e-05 2.55038e-05 2.82864e-05 3.46798e-05 4.39809e-05 5.55839e-05 6.83262e-05 7.6395e-05 7.01523e-05 4.8769e-05 2.47119e-05 9.15762e-06 2.59846e-06 6.16397e-07 1.33817e-07 2.72581e-08 4.99262e-09 7.6885e-10 8.91833e-11 5.57174e-12 0 
0 9.18305e-10 8.03519e-09 3.69067e-08 1.24291e-07 3.40007e-07 7.90321e-07 1.59963e-06 2.86382e-06 4.58752e-06 6.63644e-06 8.73835e-06 1.05444e-05 1.17309e-05 1.20984e-05 1.16313e-05 1.0495e-05 8.98146e-06 7.42989e-06 6.15305e-06 5.39222e-06 5.29855e-06 5.91567e-06 7.13549e-06 8.65314e-06 1.00119e-05 1.07146e-05 1.02562e-05 8.34285e-06 5.46723e-06 2.80106e-06 1.12935e-06 3.7327e-07 1.06726e-07 2.72581e-08 6.19173e-09 1.21738e-09 1.97903e-10 2.40584e-11 1.56782e-12 0 
0 1.74226e-10 1.47909e-09 6.60527e-09 2.16973e-08 5.81233e-08 1.32877e-07 2.65673e-07 4.71751e-07 7.52115e-07 1.08578e-06 1.42934e-06 1.72623e-06 1.92305e-06 1.98645e-06 1.91341e-06 1.73138e-06 1.48914e-06 1.2433e-06 1.04567e-06 9.35183e-07 9.33671e-07 1.04171e-06 1.23117e-06 1.43884e-06 1.57599e-06 1.56206e-06 1.36548e-06 1.02689e-06 6.49022e-07 3.40371e-07 1.48846e-07 5.52959e-08 1.77853e-08 4.99262e-09 1.21738e-09 2.53487e-10 4.33553e-11 5.52184e-12 3.75591e-13 0 
0 2.77838e-11 2.29066e-10 9.95243e-10 3.18905e-09 8.3604e-09 1.87709e-08 3.69913e-08 6.49648e-08 1.02755e-07 1.47559e-07 1.93641e-07 2.3353e-07 2.60144e-07 2.69037e-07 2.59799e-07 2.36109e-07 2.0455e-07 1.72776e-07 1.47789e-07 1.34722e-07 1.36093e-07 1.51114e-07 1.7487e-07 1.98119e-07 2.09312e-07 1.9953e-07 1.67846e-07 1.22641e-07 7.69951e-08 4.13291e-08 1.89989e-08 7.52369e-09 2.58141e-09 7.6885e-10 1.97903e-10 4.33553e-11 7.78115e-12 1.03708e-12 7.36041e-14 0 
0 3.36122e-12 2.69484e-11 1.14046e-10 3.56775e-10 9.15674e-10 2.01882e-09 3.9189e-09 6.80004e-09 1.0657e-08 1.52021e-08 1.98618e-08 2.38945e-08 2.65993e-08 2.75363e-08 2.66665e-08 2.43603e-08 2.12817e-08 1.82058e-08 1.58403e-08 1.46898e-08 1.49629e-08 1.64965e-08 1.87037e-08 2.06248e-08 2.11944e-08 1.97178e-08 1.62921e-08 1.18065e-08 7.44724e-09 4.07462e-09 1.93339e-09 7.96965e-10 2.85875e-10 8.91833e-11 2.40584e-11 5.52184e-12 1.03708e-12 1.4439e-13 1.06812e-14 0 
0 2.20386e-13 1.72089e-12 7.10418e-12 2.17242e-11 5.46352e-11 1.18352e-10 2.26356e-10 3.88037e-10 6.02372e-10 8.53199e-10 1.10929e-09 1.33073e-09 1.47998e-09 1.53358e-09 1.48967e-09 1.36849e-09 1.20631e-09 1.04556e-09 9.24789e-10 8.70555e-10 8.9157e-10 9.74693e-10 1.08402e-09 1.16711e-09 1.17175e-09 1.06971e-09 8.73353e-10 6.3083e-10 4.00464e-10 2.22664e-10 1.08309e-10 4.609e-11 1.71546e-11 5.57174e-12 1.56782e-12 3.75591e-13 7.36041e-14 1.06812e-14 8.2228e-16 0 
0 0 0 0 0 0 0 0 0 0 0 0 0 0 0 0 0 0 0 0 0 0 0 0 0 0 0 0 0 0 0 0 0 0 0 0 0 0 0 0 0 
