0 0 0 0 0 0 0 0 0 0 0 0 0 0 0 0 0 0 0 0 0 0 0 0 0 0 0 0 0 0 0 0 0 0 0 0 0 0 0 0 0 
0 2.77811e-18 2.66729e-17 1.36442e-16 5.20109e-16 1.63679e-15 4.44228e-15 1.06275e-14 2.26834e-14 4.35047e-14 7.53146e-14 1.18056e-13 1.67954e-13 2.17313e-13 2.56233e-13 2.75888e-13 2.71862e-13 2.45781e-13 2.04407e-13 1.56842e-13 1.11379e-13 7.34442e-14 4.51247e-14 2.59239e-14 1.39748e-14 7.09323e-15 3.40106e-15 1.54504e-15 6.66661e-16 2.73715e-16 1.0703e-16 3.98434e-17 1.409e-17 4.71136e-18 1.47713e-18 4.28039e-19 1.11793e-19 2.5087e-20 4.3452e-21 4.13122e-22 0 
0 2.66729e-17 2.64642e-16 1.39946e-15 5.51348e-15 1.79178e-14 5.01489e-14 1.23494e-13 2.707e-13 5.31783e-13 9.40204e-13 1.5004e-12 2.16603e-12 2.83441e-12 3.3688e-12 3.64449e-12 3.59743e-12 3.24866e-12 2.69194e-12 2.05346e-12 1.44708e-12 9.45565e-13 5.75124e-13 3.269e-13 1.74327e-13 8.75556e-14 4.15668e-14 1.87143e-14 8.01215e-15 3.26834e-15 1.27148e-15 4.71514e-16 1.66289e-16 5.54974e-17 1.73753e-17 5.02847e-18 1.31127e-18 2.93625e-19 5.0703e-20 4.80065e-21 0 
0 1.36442e-16 1.39946e-15 7.65467e-15 3.11895e-14 1.04752e-13 3.02598e-13 7.67678e-13 1.72965e-12 3.48327e-12 6.2946e-12 1.02344e-11 1.50034e-11 1.98696e-11 2.38203e-11 2.59088e-11 2.56337e-11 2.31373e-11 1.91152e-11 1.4507e-11 1.01533e-11 6.58057e-12 3.96665e-12 2.23354e-12 1.18e-12 5.87399e-13 2.7662e-13 1.23674e-13 5.26481e-14 2.1384e-14 8.29426e-15 3.07028e-15 1.08182e-15 3.60917e-16 1.12974e-16 3.26798e-17 8.51249e-18 1.90221e-18 3.27395e-19 3.08541e-20 0 
0 5.20109e-16 5.51348e-15 3.11895e-14 1.31433e-13 4.56239e-13 1.36046e-12 3.55651e-12 8.23883e-12 1.70147e-11 3.14395e-11 5.21059e-11 7.76089e-11 1.04082e-10 1.25943e-10 1.37831e-10 1.36803e-10 1.23542e-10 1.01875e-10 7.70183e-11 5.36134e-11 3.45225e-11 2.06611e-11 1.15488e-11 6.05834e-12 2.99657e-12 1.40354e-12 6.24889e-13 2.65265e-13 1.07582e-13 4.17156e-14 1.54515e-14 5.45082e-15 1.82091e-15 5.70557e-16 1.65091e-16 4.29687e-17 9.58098e-18 1.64288e-18 1.53996e-19 0 
0 1.63679e-15 1.79178e-14 1.04752e-13 4.56239e-13 1.63594e-12 5.0333e-12 1.35539e-11 3.22752e-11 6.83476e-11 1.29144e-10 2.1822e-10 3.30358e-10 4.489e-10 5.48663e-10 6.04706e-10 6.02784e-10 5.45341e-10 4.49555e-10 3.39167e-10 2.35305e-10 1.5088e-10 8.9887e-11 5.00194e-11 2.61359e-11 1.28877e-11 6.02489e-12 2.68084e-12 1.13885e-12 4.62766e-13 1.79951e-13 6.68791e-14 2.36741e-14 7.93253e-15 2.49088e-15 7.2137e-16 1.87619e-16 4.17301e-17 7.12414e-18 6.63587e-19 0 
0 4.44228e-15 5.01489e-14 3.02598e-13 1.36046e-12 5.0333e-12 1.59622e-11 4.42393e-11 1.08215e-10 2.34877e-10 4.53722e-10 7.8167e-10 1.20307e-09 1.65723e-09 2.04757e-09 2.27514e-09 2.28077e-09 2.0706e-09 1.70974e-09 1.29022e-09 8.9447e-10 5.72845e-10 3.4085e-10 1.89517e-10 9.90246e-11 4.88835e-11 2.29076e-11 1.02311e-11 4.36775e-12 1.78518e-12 6.98581e-13 2.61263e-13 9.30121e-14 3.13103e-14 9.8622e-15 2.85963e-15 7.43097e-16 1.64766e-16 2.79793e-17 2.58677e-18 0 
0 1.06275e-14 1.23494e-13 7.67678e-13 3.55651e-12 1.35539e-11 4.42393e-11 1.26028e-10 3.16352e-10 7.03202e-10 1.38809e-09 2.43777e-09 3.81514e-09 5.33029e-09 6.66318e-09 7.47339e-09 7.54658e-09 6.88889e-09 5.71147e-09 4.32331e-09 3.00482e-09 1.92911e-09 1.15111e-09 6.42364e-10 3.37245e-10 1.67498e-10 7.90808e-11 3.56284e-11 1.53573e-11 6.34043e-12 2.50596e-12 9.4587e-13 3.39396e-13 1.14938e-13 3.63398e-14 1.05502e-14 2.73776e-15 6.0461e-16 1.02001e-16 9.34694e-18 0 
0 2.26834e-14 2.707e-13 1.72965e-12 8.23883e-12 3.22752e-11 1.08215e-10 3.16352e-10 8.13753e-10 1.85056e-09 3.73017e-09 6.67592e-09 1.06248e-08 1.50639e-08 1.90706e-08 2.16216e-08 2.20346e-08 2.02732e-08 1.69254e-08 1.28948e-08 9.02002e-09 5.83074e-09 3.50615e-09 1.97409e-09 1.04719e-09 5.26304e-10 2.51788e-10 1.15064e-10 5.03317e-11 2.10837e-11 8.447e-12 3.22669e-12 1.16912e-12 3.98725e-13 1.26574e-13 3.67795e-14 9.52271e-15 2.09196e-15 3.50097e-16 3.17457e-17 0 
0 4.35047e-14 5.31783e-13 3.48327e-12 1.70147e-11 6.83476e-11 2.34877e-10 7.03202e-10 1.85056e-09 4.2999e-09 8.84288e-09 1.61214e-08 2.60935e-08 3.75642e-08 4.82142e-08 5.53478e-08 5.70506e-08 5.30526e-08 4.4752e-08 3.44526e-08 2.43666e-08 1.59414e-08 9.71502e-09 5.55263e-09 2.99518e-09 1.53316e-09 7.47935e-10 3.48742e-10 1.55621e-10 6.64329e-11 2.70726e-11 1.04914e-11 3.84408e-12 1.32101e-12 4.20957e-13 1.22329e-13 3.15604e-14 6.8857e-15 1.14105e-15 1.02191e-16 0 
0 7.53146e-14 9.40204e-13 6.2946e-12 3.14395e-11 1.29144e-10 4.53722e-10 1.38809e-09 3.73017e-09 8.84288e-09 1.85357e-08 3.4406e-08 5.66387e-08 8.28439e-08 1.07939e-07 1.25698e-07 1.31383e-07 1.23885e-07 1.06003e-07 8.28453e-08 5.95558e-08 3.96689e-08 2.46604e-08 1.4407e-08 7.95891e-09 4.17866e-09 2.09268e-09 1.00166e-09 4.5835e-10 2.00226e-10 8.32469e-11 3.27906e-11 1.21604e-11 4.2107e-12 1.34592e-12 3.90625e-13 1.00249e-13 2.16787e-14 3.54973e-15 3.13318e-16 0 
0 1.18056e-13 1.5004e-12 1.02344e-11 5.21059e-11 2.1822e-10 7.8167e-10 2.43777e-09 6.67592e-09 1.61214e-08 3.4406e-08 6.49919e-08 1.08826e-07 1.61851e-07 2.14381e-07 2.53807e-07 2.69799e-07 2.58921e-07 2.25744e-07 1.80058e-07 1.32369e-07 9.03738e-08 5.77301e-08 3.47396e-08 1.98071e-08 1.07467e-08 5.56325e-09 2.74997e-09 1.29673e-09 5.81801e-10 2.47388e-10 9.91698e-11 3.7231e-11 1.29808e-11 4.15625e-12 1.20246e-12 3.06291e-13 6.54941e-14 1.05711e-14 9.1742e-16 0 
0 1.67954e-13 2.16603e-12 1.50034e-11 7.76089e-11 3.30358e-10 1.20307e-09 3.81514e-09 1.06248e-08 2.60935e-08 5.66387e-08 1.08826e-07 1.85392e-07 2.80614e-07 3.785e-07 4.56713e-07 4.95414e-07 4.85944e-07 4.3393e-07 3.5537e-07 2.69001e-07 1.89683e-07 1.25519e-07 7.84502e-08 4.65445e-08 2.62989e-08 1.41693e-08 7.27459e-09 3.55038e-09 1.641e-09 7.14812e-10 2.91748e-10 1.10815e-10 3.88475e-11 1.24336e-11 3.57698e-12 9.01882e-13 1.90164e-13 3.01732e-14 2.56814e-15 0 
0 2.17313e-13 2.83441e-12 1.98696e-11 1.04082e-10 4.489e-10 1.65723e-09 5.33029e-09 1.50639e-08 3.75642e-08 8.28439e-08 1.61851e-07 2.80614e-07 4.32776e-07 5.95618e-07 7.34619e-07 8.16286e-07 8.22333e-07 7.56473e-07 6.40418e-07 5.02984e-07 3.69375e-07 2.55429e-07 1.67279e-07 1.0415e-07 6.17546e-08 3.48558e-08 1.86824e-08 9.47195e-09 4.51987e-09 2.01849e-09 8.3841e-10 3.2171e-10 1.13139e-10 3.60963e-11 1.0294e-11 2.5609e-12 5.30778e-13 8.25442e-14 6.87135e-15 0 
0 2.56233e-13 3.3688e-12 2.38203e-11 1.25943e-10 5.48663e-10 2.04757e-09 6.66318e-09 1.90706e-08 4.82142e-08 1.07939e-07 2.14381e-07 3.785e-07 5.95618e-07 8.38378e-07 1.06046e-06 1.21235e-06 1.26119e-06 1.203e-06 1.06074e-06 8.71675e-07 6.72676e-07 4.90611e-07 3.3972e-07 2.23836e-07 1.40306e-07 8.34597e-08 4.69098e-08 2.47762e-08 1.22211e-08 5.59407e-09 2.36118e-09 9.13033e-10 3.21099e-10 1.01754e-10 2.86582e-11 7.00846e-12 1.42284e-12 2.16178e-13 1.755e-14 0 
0 2.75888e-13 3.64449e-12 2.59088e-11 1.37831e-10 6.04706e-10 2.27514e-09 7.47339e-09 2.16216e-08 5.53478e-08 1.25698e-07 2.53807e-07 4.56713e-07 7.34619e-07 1.06046e-06 1.38091e-06 1.63225e-06 1.76411e-06 1.75737e-06 1.62715e-06 1.41162e-06 1.15556e-06 8.97325e-07 6.62902e-07 4.65981e-07 3.10898e-07 1.95939e-07 1.15907e-07 6.38936e-08 3.25841e-08 1.52675e-08 6.53157e-09 2.53624e-09 8.88297e-10 2.78371e-10 7.70882e-11 1.84548e-11 3.65588e-12 5.40813e-13 4.26915e-14 0 
0 2.71862e-13 3.59743e-12 2.56337e-11 1.36803e-10 6.02784e-10 2.28077e-09 7.54658e-09 2.20346e-08 5.70506e-08 1.31383e-07 2.69799e-07 4.95414e-07 8.16286e-07 1.21235e-06 1.63225e-06 2.00578e-06 2.26721e-06 2.37709e-06 2.33126e-06 2.15504e-06 1.88925e-06 1.57657e-06 1.25339e-06 9.47128e-07 6.76794e-07 4.53991e-07 2.83426e-07 1.63216e-07 8.59783e-08 4.1134e-08 1.77686e-08 6.89624e-09 2.39314e-09 7.37765e-10 1.99879e-10 4.66264e-11 8.97602e-12 1.28828e-12 9.85943e-14 0 
0 2.45781e-13 3.24866e-12 2.31373e-11 1.23542e-10 5.45341e-10 2.0706e-09 6.88889e-09 2.02732e-08 5.30526e-08 1.23885e-07 2.58921e-07 4.85944e-07 8.22333e-07 1.26119e-06 1.76411e-06 2.26721e-06 2.69933e-06 3.0029e-06 3.14707e-06 3.12869e-06 2.96464e-06 2.6823e-06 2.31342e-06 1.89238e-06 1.45638e-06 1.04386e-06 6.89121e-07 4.14532e-07 2.25096e-07 1.09544e-07 4.75366e-08 1.83325e-08 6.26447e-09 1.8884e-09 4.97734e-10 1.12575e-10 2.09707e-11 2.90987e-12 2.15294e-13 0 
0 2.04407e-13 2.69194e-12 1.91152e-11 1.01875e-10 4.49555e-10 1.70974e-09 5.71147e-09 1.69254e-08 4.4752e-08 1.06003e-07 2.25744e-07 4.3393e-07 7.56473e-07 1.203e-06 1.75737e-06 2.37709e-06 3.0029e-06 3.57333e-06 4.03638e-06 4.35353e-06 4.49728e-06 4.44745e-06 4.19209e-06 3.73574e-06 3.11204e-06 2.3913e-06 1.67146e-06 1.04921e-06 5.85405e-07 2.88308e-07 1.24877e-07 4.75119e-08 1.5872e-08 4.64666e-09 1.18427e-09 2.58352e-10 4.63706e-11 6.19965e-12 4.42296e-13 0 
0 1.56842e-13 2.05346e-12 1.4507e-11 7.70183e-11 3.39167e-10 1.29022e-09 4.32331e-09 1.28948e-08 3.44526e-08 8.28453e-08 1.80058e-07 3.5537e-07 6.40418e-07 1.06074e-06 1.62715e-06 2.33126e-06 3.14707e-06 4.03638e-06 4.95294e-06 5.8409e-06 6.62749e-06 7.21483e-06 7.48128e-06 7.30526e-06 6.6179e-06 5.46798e-06 4.05022e-06 2.64889e-06 1.51232e-06 7.48914e-07 3.21179e-07 1.19514e-07 3.87035e-08 1.0921e-08 2.67407e-09 5.59724e-10 9.64016e-11 1.23806e-11 8.49835e-13 0 
0 1.11379e-13 1.44708e-12 1.01533e-11 5.36134e-11 2.35305e-10 8.9447e-10 3.00482e-09 9.02002e-09 2.43666e-08 5.95558e-08 1.32369e-07 2.69001e-07 5.02984e-07 8.71675e-07 1.41162e-06 2.15504e-06 3.12869e-06 4.35353e-06 5.8409e-06 7.57885e-06 9.50361e-06 1.14568e-05 1.3144e-05 1.41386e-05 1.39939e-05 1.24809e-05 9.82377e-06 6.69839e-06 3.90188e-06 1.92842e-06 8.09643e-07 2.9092e-07 9.02661e-08 2.43205e-08 5.68117e-09 1.13515e-09 1.8692e-10 2.30026e-11 1.5169e-12 0 
0 7.34442e-14 9.45565e-13 6.58057e-12 3.45225e-11 1.5088e-10 5.72845e-10 1.92911e-09 5.83074e-09 1.59414e-08 3.96689e-08 9.03738e-08 1.89683e-07 3.69375e-07 6.72676e-07 1.15556e-06 1.88925e-06 2.96464e-06 4.49728e-06 6.62749e-06 9.50361e-06 1.32277e-05 1.77379e-05 2.26226e-05 2.69564e-05 2.93827e-05 2.86408e-05 2.43645e-05 1.76154e-05 1.05594e-05 5.17382e-06 2.07951e-06 6.99714e-07 2.02223e-07 5.10292e-08 1.12496e-08 2.13356e-09 3.34878e-10 3.9426e-11 2.49621e-12 0 
0 4.51247e-14 5.75124e-13 3.96665e-12 2.06611e-11 8.9887e-11 3.4085e-10 1.15111e-09 3.50615e-09 9.71502e-09 2.46604e-08 5.77301e-08 1.25519e-07 2.55429e-07 4.90611e-07 8.97325e-07 1.57657e-06 2.6823e-06 4.44745e-06 7.21483e-06 1.14568e-05 1.77379e-05 2.65294e-05 3.77891e-05 5.04319e-05 6.21006e-05 6.92607e-05 6.7601e-05 5.47825e-05 3.49583e-05 1.70122e-05 6.31771e-06 1.85816e-06 4.6161e-07 1.02577e-07 2.06747e-08 3.67869e-09 5.4855e-10 6.17537e-11 3.75601e-12 0 
0 2.59239e-14 3.269e-13 2.23354e-12 1.15488e-11 5.00194e-11 1.89517e-10 6.42364e-10 1.97409e-09 5.55263e-09 1.4407e-08 3.47396e-08 7.84502e-08 1.67279e-07 3.3972e-07 6.62902e-07 1.25339e-06 2.31342e-06 4.19209e-06 7.48128e-06 1.3144e-05 2.26226e-05 3.77891e-05 6.06972e-05 9.36956e-05 0.00013941 0.000194071 0.000232936 0.000219286 0.000151312 7.39681e-05 2.54925e-05 6.36763e-06 1.24259e-06 2.14293e-07 3.59935e-08 5.7875e-09 8.12922e-10 8.7509e-11 5.12285e-12 0 
0 1.39748e-14 1.74327e-13 1.18e-12 6.05834e-12 2.61359e-11 9.90246e-11 3.37245e-10 1.04719e-09 2.99518e-09 7.95891e-09 1.98071e-08 4.65445e-08 1.0415e-07 2.23836e-07 4.65981e-07 9.47128e-07 1.89238e-06 3.73574e-06 7.30526e-06 1.41386e-05 2.69564e-05 5.04319e-05 9.36956e-05 0.000178608 0.000346901 0.000617971 0.000881074 0.000915973 0.000662235 0.000326082 0.000108704 2.47646e-05 4.01142e-06 5.14354e-07 6.32417e-08 8.38836e-09 1.08091e-09 1.11069e-10 6.27801e-12 0 
0 7.09323e-15 8.75556e-14 5.87399e-13 2.99657e-12 1.28877e-11 4.88835e-11 1.67498e-10 5.26304e-10 1.53316e-09 4.17866e-09 1.07467e-08 2.62989e-08 6.17546e-08 1.40306e-07 3.10898e-07 6.76794e-07 1.45638e-06 3.11204e-06 6.6179e-06 1.39939e-05 2.93827e-05 6.21006e-05 0.00013941 0.000346901 0.000868421 0.00182872 0.00285164 0.00309487 0.00227792 0.00112486 0.000370829 8.16502e-05 1.2176e-05 1.29877e-06 1.16602e-07 1.14857e-08 1.28497e-09 1.25109e-10 6.85492e-12 0 
0 3.40106e-15 4.15668e-14 2.7662e-13 1.40354e-12 6.02489e-12 2.29076e-11 7.90808e-11 2.51788e-10 7.47935e-10 2.09268e-09 5.56325e-09 1.41693e-08 3.48558e-08 8.34597e-08 1.95939e-07 4.53991e-07 1.04386e-06 2.3913e-06 5.46798e-06 1.24809e-05 2.86408e-05 6.92607e-05 0.000194071 0.000617971 0.00182872 0.00419255 0.00679165 0.00748715 0.00553914 0.00273422 0.000897103 0.000195099 2.82016e-05 2.77366e-06 2.0463e-07 1.48856e-08 1.36283e-09 1.24068e-10 6.61859e-12 0 
0 1.54504e-15 1.87143e-14 1.23674e-13 6.24889e-13 2.68084e-12 1.02311e-11 3.56284e-11 1.15064e-10 3.48742e-10 1.00166e-09 2.74997e-09 7.27459e-09 1.86824e-08 4.69098e-08 1.15907e-07 2.83426e-07 6.89121e-07 1.67146e-06 4.05022e-06 9.82377e-06 2.43645e-05 6.7601e-05 0.000232936 0.000881074 0.00285164 0.00679165 0.0111658 0.0123749 0.00916701 0.00452082 0.00147941 0.000320054 4.56979e-05 4.34705e-06 2.91425e-07 1.71292e-08 1.27305e-09 1.0748e-10 5.61496e-12 0 
0 6.66661e-16 8.01215e-15 5.26481e-14 2.65265e-13 1.13885e-12 4.36775e-12 1.53573e-11 5.03317e-11 1.55621e-10 4.5835e-10 1.29673e-09 3.55038e-09 9.47195e-09 2.47762e-08 6.38936e-08 1.63216e-07 4.14532e-07 1.04921e-06 2.64889e-06 6.69839e-06 1.76154e-05 5.47825e-05 0.000219286 0.000915973 0.00309487 0.00748715 0.0123749 0.0137389 0.0101807 0.00501794 0.00163978 0.000353847 5.02575e-05 4.71512e-06 3.03063e-07 1.58831e-08 1.01524e-09 8.06285e-11 4.16489e-12 0 
0 2.73715e-16 3.26834e-15 2.1384e-14 1.07582e-13 4.62766e-13 1.78518e-12 6.34043e-12 2.10837e-11 6.64329e-11 2.00226e-10 5.81801e-10 1.641e-09 4.51987e-09 1.22211e-08 3.25841e-08 8.59783e-08 2.25096e-07 5.85405e-07 1.51232e-06 3.90188e-06 1.05594e-05 3.49583e-05 0.000151312 0.000662235 0.00227792 0.00553914 0.00916701 0.0101807 0.00754411 0.00371729 0.00121385 0.000261609 3.70786e-05 3.46174e-06 2.19343e-07 1.10421e-08 6.66668e-10 5.19465e-11 2.6924e-12 0 
0 1.0703e-16 1.27148e-15 8.29426e-15 4.17156e-14 1.79951e-13 6.98581e-13 2.50596e-12 8.447e-12 2.70726e-11 8.32469e-11 2.47388e-10 7.14812e-10 2.01849e-09 5.59407e-09 1.52675e-08 4.1134e-08 1.09544e-07 2.88308e-07 7.48914e-07 1.92842e-06 5.17382e-06 1.70122e-05 7.39681e-05 0.000326082 0.00112486 0.00273422 0.00452082 0.00501794 0.00371729 0.00183115 0.000597688 0.00012876 1.82485e-05 1.70537e-06 1.08614e-07 5.58966e-09 3.54162e-10 2.86451e-11 1.51514e-12 0 
0 3.98434e-17 4.71514e-16 3.07028e-15 1.54515e-14 6.68791e-14 2.61263e-13 9.4587e-13 3.22669e-12 1.04914e-11 3.27906e-11 9.91698e-11 2.91748e-10 8.3841e-10 2.36118e-09 6.53157e-09 1.77686e-08 4.75366e-08 1.24877e-07 3.21179e-07 8.09643e-07 2.07951e-06 6.31771e-06 2.54925e-05 0.000108704 0.000370829 0.000897103 0.00147941 0.00163978 0.00121385 0.000597688 0.000195054 4.20429e-05 5.97237e-06 5.6256e-07 3.68792e-08 2.08784e-09 1.54275e-10 1.35728e-11 7.4277e-13 0 
0 1.409e-17 1.66289e-16 1.08182e-15 5.45082e-15 2.36741e-14 9.30121e-14 3.39396e-13 1.16912e-12 3.84408e-12 1.21604e-11 3.7231e-11 1.10815e-10 3.2171e-10 9.13033e-10 2.53624e-09 6.89624e-09 1.83325e-08 4.75119e-08 1.19514e-07 2.9092e-07 6.99714e-07 1.85816e-06 6.36763e-06 2.47646e-05 8.16502e-05 0.000195099 0.000320054 0.000353847 0.000261609 0.00012876 4.20429e-05 9.08322e-06 1.29928e-06 1.25083e-07 8.83185e-09 6.11799e-10 5.71832e-11 5.5706e-12 3.17715e-13 0 
0 4.71136e-18 5.54974e-17 3.60917e-16 1.82091e-15 7.93253e-15 3.13103e-14 1.14938e-13 3.98725e-13 1.32101e-12 4.2107e-12 1.29808e-11 3.88475e-11 1.13139e-10 3.21099e-10 8.88297e-10 2.39314e-09 6.26447e-09 1.5872e-08 3.87035e-08 9.02661e-08 2.02223e-07 4.6161e-07 1.24259e-06 4.01142e-06 1.2176e-05 2.82016e-05 4.56979e-05 5.02575e-05 3.70786e-05 1.82485e-05 5.97237e-06 1.29928e-06 1.89467e-07 1.93329e-08 1.62205e-09 1.5612e-10 1.86739e-11 1.99228e-12 1.18676e-13 0 
0 1.47713e-18 1.73753e-17 1.12974e-16 5.70557e-16 2.49088e-15 9.8622e-15 3.63398e-14 1.26574e-13 4.20957e-13 1.34592e-12 4.15625e-12 1.24336e-11 3.60963e-11 1.01754e-10 2.78371e-10 7.37765e-10 1.8884e-09 4.64666e-09 1.0921e-08 2.43205e-08 5.10292e-08 1.02577e-07 2.14293e-07 5.14354e-07 1.29877e-06 2.77366e-06 4.34705e-06 4.71512e-06 3.46174e-06 1.70537e-06 5.6256e-07 1.25083e-07 1.93329e-08 2.30681e-09 2.70825e-10 3.78264e-11 5.42601e-12 6.2098e-13 3.86413e-14 0 
0 4.28039e-19 5.02847e-18 3.26798e-17 1.65091e-16 7.2137e-16 2.85963e-15 1.05502e-14 3.67795e-14 1.22329e-13 3.90625e-13 1.20246e-12 3.57698e-12 1.0294e-11 2.86582e-11 7.70882e-11 1.99879e-10 4.97734e-10 1.18427e-09 2.67407e-09 5.68117e-09 1.12496e-08 2.06747e-08 3.59935e-08 6.32417e-08 1.16602e-07 2.0463e-07 2.91425e-07 3.03063e-07 2.19343e-07 1.08614e-07 3.68792e-08 8.83185e-09 1.62205e-09 2.70825e-10 4.80221e-11 8.6818e-12 1.38456e-12 1.6754e-13 1.08911e-14 0 
0 1.11793e-19 1.31127e-18 8.51249e-18 4.29687e-17 1.87619e-16 7.43097e-16 2.73776e-15 9.52271e-15 3.15604e-14 1.00249e-13 3.06291e-13 9.01882e-13 2.5609e-12 7.00846e-12 1.84548e-11 4.66264e-11 1.12575e-10 2.58352e-10 5.59724e-10 1.13515e-09 2.13356e-09 3.67869e-09 5.7875e-09 8.38836e-09 1.14857e-08 1.48856e-08 1.71292e-08 1.58831e-08 1.10421e-08 5.58966e-09 2.08784e-09 6.11799e-10 1.5612e-10 3.78264e-11 8.6818e-12 1.7768e-12 3.02565e-13 3.84609e-14 2.61162e-15 0 
0 2.5087e-20 2.93625e-19 1.90221e-18 9.58098e-18 4.17301e-17 1.64766e-16 6.0461e-16 2.09196e-15 6.8857e-15 2.16787e-14 6.54941e-14 1.90164e-13 5.30778e-13 1.42284e-12 3.65588e-12 8.97602e-12 2.09707e-11 4.63706e-11 9.64016e-11 1.8692e-10 3.34878e-10 5.4855e-10 8.12922e-10 1.08091e-09 1.28497e-09 1.36283e-09 1.27305e-09 1.01524e-09 6.66668e-10 3.54162e-10 1.54275e-10 5.71832e-11 1.86739e-11 5.42601e-12 1.38456e-12 3.02565e-13 5.42453e-14 7.22271e-15 5.12011e-16 0 
0 4.3452e-21 5.0703e-20 3.27395e-19 1.64288e-18 7.12414e-18 2.79793e-17 1.02001e-16 3.50097e-16 1.14105e-15 3.54973e-15 1.05711e-14 3.01732e-14 8.25442e-14 2.16178e-13 5.40813e-13 1.28828e-12 2.90987e-12 6.19965e-12 1.23806e-11 2.30026e-11 3.9426e-11 6.17537e-11 8.7509e-11 1.11069e-10 1.25109e-10 1.24068e-10 1.0748e-10 8.06285e-11 5.19465e-11 2.86451e-11 1.35728e-11 5.5706e-12 1.99228e-12 6.2098e-13 1.6754e-13 3.84609e-14 7.22271e-15 1.00515e-15 7.43013e-17 0 
0 4.13122e-22 4.80065e-21 3.08541e-20 1.53996e-19 6.63587e-19 2.58677e-18 9.34694e-18 3.17457e-17 1.02191e-16 3.13318e-16 9.1742e-16 2.56814e-15 6.87135e-15 1.755e-14 4.26915e-14 9.85943e-14 2.15294e-13 4.42296e-13 8.49835e-13 1.5169e-12 2.49621e-12 3.75601e-12 5.12285e-12 6.27801e-12 6.85492e-12 6.61859e-12 5.61496e-12 4.16489e-12 2.6924e-12 1.51514e-12 7.4277e-13 3.17715e-13 1.18676e-13 3.86413e-14 1.08911e-14 2.61162e-15 5.12011e-16 7.43013e-17 5.71813e-18 0 
0 0 0 0 0 0 0 0 0 0 0 0 0 0 0 0 0 0 0 0 0 0 0 0 0 0 0 0 0 0 0 0 0 0 0 0 0 0 0 0 0 
