0 0 0 0 0 0 0 0 0 0 0 0 0 0 0 0 0 0 0 0 0 0 0 0 0 0 0 0 0 0 0 0 0 0 0 0 0 0 0 0 0 
0 2.1596e-07 1.94913e-06 8.80985e-06 2.76722e-05 6.71062e-05 0.00013297 0.000224435 0.000333728 0.000449066 0.000558125 0.000650363 0.000718072 0.000756612 0.000764266 0.00074194 0.000692795 0.000621829 0.000535426 0.000440813 0.000345433 0.000256191 0.000178646 0.000116289 7.01566e-05 3.8966e-05 1.98162e-05 9.19252e-06 3.8822e-06 1.49206e-06 5.22181e-07 1.6655e-07 4.84208e-08 1.28123e-08 3.07126e-09 6.6021e-10 1.24663e-10 1.98026e-11 2.38806e-12 1.56173e-13 0 
0 1.94913e-06 1.81181e-05 8.20705e-05 0.000249173 0.000564891 0.00102572 0.00158083 0.00216503 0.00272288 0.00321386 0.00360956 0.00389109 0.00404784 0.00407711 0.00398363 0.00377861 0.00347838 0.00310296 0.00267466 0.00221731 0.00175588 0.00131617 0.000923431 0.00059884 0.000354508 0.000189585 9.09641e-05 3.90618e-05 1.50332e-05 5.20453e-06 1.62781e-06 4.61445e-07 1.18664e-07 2.76023e-08 5.75575e-09 1.05477e-09 1.62773e-10 1.90954e-11 1.21667e-12 0 
0 8.80985e-06 8.20705e-05 0.000355568 0.000982547 0.00197478 0.00319745 0.00450428 0.00579505 0.00699792 0.0080516 0.00890291 0.00951054 0.00984905 0.00991074 0.00970556 0.00925901 0.00860869 0.0077998 0.0068805 0.00589737 0.00489239 0.00390218 0.00296074 0.00210443 0.00137413 0.000807127 0.000418927 0.000190224 7.55265e-05 2.63988e-05 8.20251e-06 2.28553e-06 5.74102e-07 1.30022e-07 2.6365e-08 4.69823e-09 7.0557e-10 8.0648e-11 5.01391e-12 0 
0 2.76722e-05 0.000249173 0.000982547 0.00238311 0.00425992 0.00637742 0.00859556 0.0108037 0.0128853 0.0147239 0.0162167 0.017285 0.0178805 0.0179883 0.0176256 0.0168382 0.0156942 0.0142764 0.0126738 0.0109737 0.0092548 0.00758077 0.00599772 0.00453644 0.0032235 0.00209746 0.00121189 0.000605007 0.000257339 9.35214e-05 2.945e-05 8.1685e-06 2.0203e-06 4.47866e-07 8.86495e-08 1.54075e-08 2.25737e-09 2.51952e-10 1.53147e-11 0 
0 6.71062e-05 0.000564891 0.00197478 0.00425992 0.00708314 0.010247 0.0136035 0.0169753 0.0201678 0.0229934 0.0252897 0.0269337 0.0278502 0.0280155 0.0274565 0.0262438 0.0244829 0.0223021 0.0198402 0.0172344 0.0146097 0.0120711 0.00969712 0.00753613 0.00560832 0.00392 0.00249349 0.00138629 0.000649991 0.000253244 8.27927e-05 2.32317e-05 5.71591e-06 1.24868e-06 2.42423e-07 4.12461e-08 5.91353e-09 6.46208e-10 3.84944e-11 0 
0 0.00013297 0.00102572 0.00319745 0.00637742 0.010247 0.0146318 0.0193153 0.0240322 0.0285028 0.0324614 0.0356792 0.0379831 0.0392675 0.0394991 0.0387153 0.0370155 0.0345476 0.0314921 0.0280439 0.0243962 0.0207261 0.0171833 0.0138834 0.0109029 0.00827773 0.00600634 0.00406935 0.00247451 0.00128461 0.000547381 0.000189979 5.48639e-05 1.35827e-05 2.94609e-06 5.63975e-07 9.43182e-08 1.32775e-08 1.42468e-09 8.33878e-11 0 
0 0.000224435 0.00158083 0.00450428 0.00859556 0.0136035 0.0193153 0.0254291 0.0315907 0.0374322 0.0426054 0.0468121 0.0498278 0.0515131 0.0518177 0.0507883 0.048561 0.0453334 0.04134 0.0368346 0.0320696 0.0272771 0.0226541 0.0183535 0.0144802 0.0110895 0.00818852 0.0057429 0.00370889 0.00209617 0.000978971 0.000365711 0.000110299 2.7778e-05 6.02684e-06 1.14367e-06 1.88781e-07 2.61839e-08 2.76707e-09 1.59563e-10 0 
0 0.000333728 0.00216503 0.00579505 0.0108037 0.0169753 0.0240322 0.0315907 0.0392099 0.0464344 0.0528385 0.0580802 0.0619108 0.0641105 0.0645156 0.06316 0.0602918 0.0562328 0.0512738 0.0456995 0.0398075 0.0338827 0.028169 0.0228567 0.0180775 0.0139041 0.010354 0.00739244 0.00494894 0.00297259 0.00150295 0.000605611 0.000192447 4.97268e-05 1.08619e-05 2.0531e-06 3.35792e-07 4.60413e-08 4.80621e-09 2.7378e-10 0 
0 0.000449066 0.00272288 0.00699792 0.0128853 0.0201678 0.0285028 0.0374322 0.0464344 0.0549788 0.0626228 0.0690822 0.073985 0.0768049 0.0773248 0.0756071 0.0719063 0.0667706 0.0607415 0.0541135 0.0471479 0.0401487 0.0334 0.0271271 0.0214865 0.0165664 0.0123922 0.0089316 0.00610353 0.00381544 0.00205057 0.000884482 0.00029662 7.9015e-05 1.74565e-05 3.29948e-06 5.36508e-07 7.29418e-08 7.54245e-09 4.25516e-10 0 
0 0.000558125 0.00321386 0.0080516 0.0147239 0.0229934 0.0324614 0.0426054 0.0528385 0.0626228 0.0716264 0.0793054 0.0845685 0.0872393 0.0877225 0.0861722 0.0824537 0.076571 0.0693409 0.0616127 0.0536571 0.0457021 0.0380361 0.0309116 0.0245068 0.0189232 0.0141923 0.0102832 0.00711037 0.00455755 0.002558 0.00116592 0.000410704 0.000112845 2.52728e-05 4.78946e-06 7.76363e-07 1.0494e-07 1.07762e-08 6.03564e-10 0 
0 0.000650363 0.00360956 0.00890291 0.0162167 0.0252897 0.0356792 0.0468121 0.0580802 0.0690822 0.0793054 0.0869866 0.0914979 0.0936988 0.0941105 0.0928611 0.0897788 0.0844088 0.0766628 0.0678546 0.0589762 0.0502233 0.0418097 0.0339921 0.0269652 0.020841 0.0156556 0.0113785 0.00792161 0.00515576 0.00297886 0.00141436 0.000518644 0.000146489 3.32546e-05 6.32729e-06 1.02448e-06 1.37982e-07 1.41036e-08 7.85988e-10 0 
0 0.000718072 0.00389109 0.00951054 0.017285 0.0269337 0.0379831 0.0498278 0.0619108 0.073985 0.0845685 0.0914979 0.0954396 0.0973876 0.0977637 0.0966711 0.093976 0.0892597 0.0819091 0.07251 0.0628384 0.0534714 0.0445182 0.0362035 0.0287303 0.0222182 0.0167062 0.012164 0.00850155 0.00558295 0.00328429 0.00160263 0.000604981 0.000174565 4.00807e-05 7.65785e-06 1.24015e-06 1.66737e-07 1.69984e-08 9.4456e-10 0 
0 0.000756612 0.00404784 0.00984905 0.0178805 0.0278502 0.0392675 0.0515131 0.0641105 0.0768049 0.0872393 0.0936988 0.0973876 0.0992271 0.0995884 0.0985646 0.0960402 0.0916418 0.0846856 0.0751913 0.0650397 0.0552963 0.0460375 0.0374448 0.0297219 0.0229926 0.0172976 0.0126066 0.00882868 0.00582462 0.0034595 0.0017142 0.000658324 0.000192532 4.45504e-05 8.54123e-06 1.3846e-06 1.86122e-07 1.89609e-08 1.05265e-09 0 
0 0.000764266 0.00407711 0.00991074 0.0179883 0.0280155 0.0394991 0.0518177 0.0645156 0.0773248 0.0877225 0.0941105 0.0977637 0.0995884 0.0999486 0.0989358 0.0964374 0.0920882 0.085201 0.0757034 0.0654605 0.0556438 0.0463283 0.0376842 0.0299149 0.023145 0.0174158 0.0126969 0.00889747 0.00587794 0.00350094 0.00174282 0.000673107 0.000197841 4.59412e-05 8.82833e-06 1.43344e-06 1.9293e-07 1.96767e-08 1.09363e-09 0 
0 0.00074194 0.00398363 0.00970556 0.0176256 0.0274565 0.0387153 0.0507883 0.06316 0.0756071 0.0861722 0.0928611 0.0966711 0.0985646 0.0989358 0.0978826 0.0952824 0.090742 0.0835943 0.0740992 0.0641448 0.0545635 0.0454339 0.0369574 0.029338 0.0226982 0.0170783 0.0124484 0.00871859 0.00575135 0.00341459 0.00169135 0.000649928 0.000190455 4.4206e-05 8.50633e-06 1.38441e-06 1.86871e-07 1.912e-08 1.06634e-09 0 
0 0.000692795 0.00377861 0.00925901 0.0168382 0.0262438 0.0370155 0.048561 0.0602918 0.0719063 0.0824537 0.0897788 0.093976 0.0960402 0.0964374 0.0952824 0.0924272 0.0874287 0.0798369 0.0706337 0.0613051 0.0521999 0.0434704 0.0353594 0.0280676 0.0217121 0.0163313 0.0118958 0.00831758 0.00546374 0.00321506 0.00157073 0.000595007 0.000172721 3.99596e-05 7.69866e-06 1.25769e-06 1.70639e-07 1.75622e-08 9.85685e-10 0 
0 0.000621829 0.00347838 0.00860869 0.0156942 0.0244829 0.0345476 0.0453334 0.0562328 0.0667706 0.076571 0.0844088 0.0892597 0.0916418 0.0920882 0.090742 0.0874287 0.0817954 0.0741591 0.065763 0.0572333 0.0487647 0.0406112 0.0330321 0.0262173 0.0202761 0.0152436 0.0110909 0.00773251 0.00504348 0.00292532 0.00139922 0.000519087 0.000148742 3.42865e-05 6.62478e-06 1.08941e-06 1.49078e-07 1.54913e-08 8.78358e-10 0 
0 0.000535426 0.00310296 0.0077998 0.0142764 0.0223021 0.0314921 0.04134 0.0512738 0.0607415 0.0693409 0.0766628 0.0819091 0.0846856 0.085201 0.0835943 0.0798369 0.0741591 0.067325 0.0599242 0.0522271 0.0445095 0.0370677 0.0301488 0.0239264 0.0184997 0.0138999 0.0100978 0.00701152 0.00452826 0.00257748 0.00120186 0.000435929 0.000123488 2.84625e-05 5.54084e-06 9.21807e-07 1.27876e-07 1.34829e-08 7.75885e-10 0 
0 0.000440813 0.00267466 0.0068805 0.0126738 0.0198402 0.0280439 0.0368346 0.0456995 0.0541135 0.0616127 0.0678546 0.07251 0.0751913 0.0757034 0.0740992 0.0706337 0.065763 0.0599242 0.0534321 0.0465883 0.0397065 0.0330689 0.0268974 0.0213462 0.0165029 0.0123936 0.00898878 0.00621161 0.00396681 0.00221458 0.00100959 0.000360572 0.000101904 2.36995e-05 4.68608e-06 7.9419e-07 1.12327e-07 1.20712e-08 7.07312e-10 0 
0 0.000345433 0.00221731 0.00589737 0.0109737 0.0172344 0.0243962 0.0320696 0.0398075 0.0471479 0.0536571 0.0589762 0.0628384 0.0650397 0.0654605 0.0641448 0.0613051 0.0572333 0.0522271 0.0465883 0.0406248 0.0346267 0.0288422 0.0234645 0.0186274 0.014406 0.0108206 0.00784171 0.00540088 0.0034237 0.00189255 0.000857556 0.000307635 8.82988e-05 2.09915e-05 4.25069e-06 7.37095e-07 1.06436e-07 1.16468e-08 6.92983e-10 0 
0 0.000256191 0.00175588 0.00489239 0.0092548 0.0146097 0.0207261 0.0272771 0.0338827 0.0401487 0.0457021 0.0502233 0.0534714 0.0552963 0.0556438 0.0545635 0.0521999 0.0487647 0.0445095 0.0397065 0.0346267 0.0295193 0.0245961 0.0200218 0.0159099 0.0123236 0.00927856 0.00674709 0.00466995 0.00298613 0.00167815 0.0007811 0.000289879 8.60806e-05 2.10649e-05 4.3619e-06 7.68795e-07 1.12275e-07 1.23761e-08 7.39455e-10 0 
0 0.000178646 0.00131617 0.00390218 0.00758077 0.0120711 0.0171833 0.0226541 0.028169 0.0334 0.0380361 0.0418097 0.0445182 0.0460375 0.0463283 0.0454339 0.0434704 0.0406112 0.0370677 0.0330689 0.0288422 0.0245961 0.0205081 0.0167163 0.0133189 0.0103772 0.00791076 0.00588014 0.00419704 0.00278805 0.00164413 0.000810002 0.00031689 9.75897e-05 2.43265e-05 5.06535e-06 8.90852e-07 1.2926e-07 1.41228e-08 8.35311e-10 0 
0 0.000116289 0.000923431 0.00296074 0.00599772 0.00969712 0.0138834 0.0183535 0.0228567 0.0271271 0.0309116 0.0339921 0.0362035 0.0374448 0.0376842 0.0369574 0.0353594 0.0330321 0.0301488 0.0268974 0.0234645 0.0200218 0.0167163 0.013669 0.0109928 0.00881383 0.00720092 0.00597477 0.00473944 0.00332912 0.00199215 0.000996308 0.000399066 0.000124222 3.07176e-05 6.27844e-06 1.08008e-06 1.53231e-07 1.63828e-08 9.49426e-10 0 
0 7.01566e-05 0.00059884 0.00210443 0.00453644 0.00753613 0.0109029 0.0144802 0.0180775 0.0214865 0.0245068 0.0269652 0.0287303 0.0297219 0.0299149 0.029338 0.0280676 0.0262173 0.0239264 0.0213462 0.0186274 0.0159099 0.0133189 0.0109928 0.00919417 0.00843104 0.0090731 0.0102354 0.00985158 0.00718304 0.00389128 0.00165438 0.000586817 0.000170135 3.97537e-05 7.74322e-06 1.28158e-06 1.76103e-07 1.83143e-08 1.03573e-09 0 
0 3.8966e-05 0.000354508 0.00137413 0.0032235 0.00560832 0.00827773 0.0110895 0.0139041 0.0165664 0.0189232 0.020841 0.0222182 0.0229926 0.023145 0.0226982 0.0217121 0.0202761 0.0184997 0.0165029 0.014406 0.0123236 0.0103772 0.00881383 0.00843104 0.0110879 0.018243 0.0268133 0.0299543 0.0209724 0.0106149 0.00379849 0.0010569 0.000251102 5.10913e-05 9.06302e-06 1.41657e-06 1.87601e-07 1.8971e-08 1.04799e-09 0 
0 1.98162e-05 0.000189585 0.000807127 0.00209746 0.00392 0.00600634 0.00818852 0.010354 0.0123922 0.0141923 0.0156556 0.0167062 0.0172976 0.0174158 0.0170783 0.0163313 0.0152436 0.0138999 0.0123936 0.0108206 0.00927856 0.00791076 0.00720092 0.0090731 0.018243 0.0386779 0.0706329 0.0778946 0.0545862 0.0247033 0.00831285 0.00199072 0.000381499 6.37572e-05 9.7934e-06 1.41264e-06 1.79726e-07 1.77334e-08 9.61248e-10 0 
0 9.19252e-06 9.09641e-05 0.000418927 0.00121189 0.00249349 0.00406935 0.0057429 0.00739244 0.0089316 0.0102832 0.0113785 0.012164 0.0126066 0.0126969 0.0124484 0.0118958 0.0110909 0.0100978 0.00898878 0.00784171 0.00674709 0.00588014 0.00597477 0.0102354 0.0268133 0.0706329 0.0876584 0.0897465 0.0830953 0.0456925 0.0133948 0.00303292 0.000511666 7.20781e-05 9.45326e-06 1.24056e-06 1.51665e-07 1.46953e-08 7.87104e-10 0 
0 3.8822e-06 3.90618e-05 0.000190224 0.000605007 0.00138629 0.00247451 0.00370889 0.00494894 0.00610353 0.00711037 0.00792161 0.00850155 0.00882868 0.00889747 0.00871859 0.00831758 0.00773251 0.00701152 0.00621161 0.00540088 0.00466995 0.00419704 0.00473944 0.00985158 0.0299543 0.0778946 0.0897465 0.0912971 0.0858072 0.0547415 0.0147671 0.00328355 0.00052421 6.65751e-05 7.73504e-06 9.36017e-07 1.11043e-07 1.0669e-08 5.69601e-10 0 
0 1.49206e-06 1.50332e-05 7.55265e-05 0.000257339 0.000649991 0.00128461 0.00209617 0.00297259 0.00381544 0.00455755 0.00515576 0.00558295 0.00582462 0.00587794 0.00575135 0.00546374 0.00504348 0.00452826 0.00396681 0.0034237 0.00298613 0.00278805 0.00332912 0.00718304 0.0209724 0.0545862 0.0830953 0.0858072 0.0753516 0.0339513 0.0109368 0.00242601 0.000381432 4.63483e-05 5.08099e-06 5.92539e-07 6.97946e-08 6.73751e-09 3.6204e-10 0 
0 5.22181e-07 5.20453e-06 2.63988e-05 9.35214e-05 0.000253244 0.000547381 0.000978971 0.00150295 0.00205057 0.002558 0.00297886 0.00328429 0.0034595 0.00350094 0.00341459 0.00321506 0.00292532 0.00257748 0.00221458 0.00189255 0.00167815 0.00164413 0.00199215 0.00389128 0.0106149 0.0247033 0.0456925 0.0547415 0.0339513 0.0164335 0.0054203 0.00121305 0.00019241 2.34343e-05 2.59975e-06 3.10675e-07 3.74807e-08 3.68891e-09 2.01465e-10 0 
0 1.6655e-07 1.62781e-06 8.20251e-06 2.945e-05 8.27927e-05 0.000189979 0.000365711 0.000605611 0.000884482 0.00116592 0.00141436 0.00160263 0.0017142 0.00174282 0.00169135 0.00157073 0.00139922 0.00120186 0.00100959 0.000857556 0.0007811 0.000810002 0.000996308 0.00165438 0.00379849 0.00831285 0.0133948 0.0147671 0.0109368 0.0054203 0.00180668 0.000413184 6.74623e-05 8.63454e-06 1.0434e-06 1.35635e-07 1.72292e-08 1.75112e-09 9.80512e-11 0 
0 4.84208e-08 4.61445e-07 2.28553e-06 8.1685e-06 2.32317e-05 5.48639e-05 0.000110299 0.000192447 0.00029662 0.000410704 0.000518644 0.000604981 0.000658324 0.000673107 0.000649928 0.000595007 0.000519087 0.000435929 0.000360572 0.000307635 0.000289879 0.00031689 0.000399066 0.000586817 0.0010569 0.00199072 0.00303292 0.00328355 0.00242601 0.00121305 0.000413184 9.78243e-05 1.69409e-05 2.42695e-06 3.42623e-07 5.02815e-08 6.82148e-09 7.22012e-10 4.17403e-11 0 
0 1.28123e-08 1.18664e-07 5.74102e-07 2.0203e-06 5.71591e-06 1.35827e-05 2.7778e-05 4.97268e-05 7.9015e-05 0.000112845 0.000146489 0.000174565 0.000192532 0.000197841 0.000190455 0.000172721 0.000148742 0.000123488 0.000101904 8.82988e-05 8.60806e-05 9.75897e-05 0.000124222 0.000170135 0.000251102 0.000381499 0.000511666 0.00052421 0.000381432 0.00019241 6.74623e-05 1.69409e-05 3.29539e-06 5.68925e-07 9.73645e-08 1.61455e-08 2.34006e-09 2.59029e-10 1.55396e-11 0 
0 3.07126e-09 2.76023e-08 1.30022e-07 4.47866e-07 1.24868e-06 2.94609e-06 6.02684e-06 1.08619e-05 1.74565e-05 2.52728e-05 3.32546e-05 4.00807e-05 4.45504e-05 4.59412e-05 4.4206e-05 3.99596e-05 3.42865e-05 2.84625e-05 2.36995e-05 2.09915e-05 2.10649e-05 2.43265e-05 3.07176e-05 3.97537e-05 5.10913e-05 6.37572e-05 7.20781e-05 6.65751e-05 4.63483e-05 2.34343e-05 8.63454e-06 2.42695e-06 5.68925e-07 1.22266e-07 2.47701e-08 4.52812e-09 6.96903e-10 8.08164e-11 5.04801e-12 0 
0 6.6021e-10 5.75575e-09 2.6365e-08 8.86495e-08 2.42423e-07 5.63975e-07 1.14367e-06 2.0531e-06 3.29948e-06 4.78946e-06 6.32729e-06 7.65785e-06 8.54123e-06 8.82833e-06 8.50633e-06 7.69866e-06 6.62478e-06 5.54084e-06 4.68608e-06 4.25069e-06 4.3619e-06 5.06535e-06 6.27844e-06 7.74322e-06 9.06302e-06 9.7934e-06 9.45326e-06 7.73504e-06 5.08099e-06 2.59975e-06 1.0434e-06 3.42623e-07 9.73645e-08 2.47701e-08 5.61687e-09 1.10368e-09 1.79376e-10 2.18025e-11 1.4206e-12 0 
0 1.24663e-10 1.05477e-09 4.69823e-09 1.54075e-08 4.12461e-08 9.43182e-08 1.88781e-07 3.35792e-07 5.36508e-07 7.76363e-07 1.02448e-06 1.24015e-06 1.3846e-06 1.43344e-06 1.38441e-06 1.25769e-06 1.08941e-06 9.21807e-07 7.9419e-07 7.37095e-07 7.68795e-07 8.90852e-07 1.08008e-06 1.28158e-06 1.41657e-06 1.41264e-06 1.24056e-06 9.36017e-07 5.92539e-07 3.10675e-07 1.35635e-07 5.02815e-08 1.61455e-08 4.52812e-09 1.10368e-09 2.29772e-10 3.92949e-11 5.00416e-12 3.40341e-13 0 
0 1.98026e-11 1.62773e-10 7.0557e-10 2.25737e-09 5.91353e-09 1.32775e-08 2.61839e-08 4.60413e-08 7.29418e-08 1.0494e-07 1.37982e-07 1.66737e-07 1.86122e-07 1.9293e-07 1.86871e-07 1.70639e-07 1.49078e-07 1.27876e-07 1.12327e-07 1.06436e-07 1.12275e-07 1.2926e-07 1.53231e-07 1.76103e-07 1.87601e-07 1.79726e-07 1.51665e-07 1.11043e-07 6.97946e-08 3.74807e-08 1.72292e-08 6.82148e-09 2.34006e-09 6.96903e-10 1.79376e-10 3.92949e-11 7.05205e-12 9.39847e-13 6.66977e-14 0 
0 2.38806e-12 1.90954e-11 8.0648e-11 2.51952e-10 6.46208e-10 1.42468e-09 2.76707e-09 4.80621e-09 7.54245e-09 1.07762e-08 1.41036e-08 1.69984e-08 1.89609e-08 1.96767e-08 1.912e-08 1.75622e-08 1.54913e-08 1.34829e-08 1.20712e-08 1.16468e-08 1.23761e-08 1.41228e-08 1.63828e-08 1.83143e-08 1.8971e-08 1.77334e-08 1.46953e-08 1.0669e-08 6.73751e-09 3.68891e-09 1.75112e-09 7.22012e-10 2.59029e-10 8.08164e-11 2.18025e-11 5.00416e-12 9.39847e-13 1.30848e-13 9.6789e-15 0 
0 1.56173e-13 1.21667e-12 5.01391e-12 1.53147e-11 3.84944e-11 8.33878e-11 1.59563e-10 2.7378e-10 4.25516e-10 6.03564e-10 7.85988e-10 9.4456e-10 1.05265e-09 1.09363e-09 1.06634e-09 9.85685e-10 8.78358e-10 7.75885e-10 7.07312e-10 6.92983e-10 7.39455e-10 8.35311e-10 9.49426e-10 1.03573e-09 1.04799e-09 9.61248e-10 7.87104e-10 5.69601e-10 3.6204e-10 2.01465e-10 9.80512e-11 4.17403e-11 1.55396e-11 5.04801e-12 1.4206e-12 3.40341e-13 6.66977e-14 9.6789e-15 7.45103e-16 0 
0 0 0 0 0 0 0 0 0 0 0 0 0 0 0 0 0 0 0 0 0 0 0 0 0 0 0 0 0 0 0 0 0 0 0 0 0 0 0 0 0 
