0 0 0 0 0 0 0 0 0 0 0 0 0 0 0 0 0 0 0 0 0 0 0 0 0 0 0 0 0 0 0 0 0 0 0 0 0 0 0 0 0 
0 5.34614e-07 4.72181e-06 2.0465e-05 6.0465e-05 0.000136283 0.000250467 0.000394505 0.000553237 0.000710445 0.000852224 0.000968127 0.00105119 0.00109757 0.00110623 0.00107855 0.00101799 0.000929742 0.000820364 0.000697389 0.000568915 0.000443075 0.000327352 0.000227754 0.000148017 8.91054e-05 4.92897e-05 2.48803e-05 1.14013e-05 4.72823e-06 1.77238e-06 6.00489e-07 1.83896e-07 5.08499e-08 1.26462e-08 2.80238e-09 5.42491e-10 8.79365e-11 1.07799e-11 7.14388e-13 0 
0 4.72181e-06 4.23938e-05 0.000179106 0.000492152 0.000999002 0.00164044 0.00233474 0.00301832 0.00364838 0.00419389 0.00463051 0.00494003 0.00511145 0.00514194 0.00503689 0.00480893 0.00447629 0.00406067 0.00358511 0.00307237 0.00254423 0.00202194 0.00152731 0.00108309 0.000710749 0.000425182 0.000228791 0.000109691 4.66501e-05 1.76066e-05 5.91791e-06 1.779e-06 4.79584e-07 1.15831e-07 2.48842e-08 4.66861e-09 7.33907e-10 8.73571e-11 5.63011e-12 0 
0 2.0465e-05 0.000179106 0.000691803 0.00165935 0.00294202 0.00436278 0.00582245 0.00725664 0.00859926 0.00978097 0.0107384 0.0114223 0.0118024 0.0118696 0.0116353 0.0111289 0.0103941 0.00948388 0.00845471 0.00736151 0.00625259 0.00516606 0.00412895 0.00316073 0.00228139 0.00151952 0.000910733 0.000479864 0.000218925 8.61703e-05 2.94417e-05 8.82352e-06 2.34123e-06 5.52424e-07 1.15507e-07 2.10621e-08 3.21824e-09 3.72689e-10 2.34021e-11 0 
0 6.0465e-05 0.000492152 0.00165935 0.00346782 0.00562565 0.00799741 0.0104946 0.0129963 0.0153617 0.0174528 0.0191503 0.0203638 0.0210385 0.0211576 0.0207414 0.0198424 0.0185387 0.0169252 0.0151046 0.0131783 0.0112389 0.00936364 0.00760918 0.00600809 0.00457031 0.00329467 0.00219105 0.00129719 0.000659943 0.00028226 0.000101355 3.09866e-05 8.21129e-06 1.91019e-06 3.91074e-07 6.96071e-08 1.03725e-08 1.17191e-09 7.18715e-11 0 
0 0.000136283 0.000999002 0.00294202 0.00562565 0.0088133 0.012403 0.01623 0.0200789 0.023722 0.0269439 0.0295597 0.0314298 0.0324695 0.0326531 0.0320115 0.0306259 0.0286167 0.0261305 0.0233255 0.0203588 0.0173744 0.0144947 0.0118145 0.00939706 0.00727088 0.00542979 0.00384512 0.00249953 0.00142414 0.0006792 0.000264621 8.47281e-05 2.28283e-05 5.29571e-06 1.06951e-06 1.86793e-07 2.72558e-08 3.01437e-09 1.81077e-10 0 
0 0.000250467 0.00164044 0.00436278 0.00799741 0.012403 0.0174171 0.022775 0.0281662 0.03327 0.0377839 0.0414497 0.0440764 0.0455492 0.0458118 0.0448982 0.0429456 0.0401277 0.0366441 0.0327145 0.0285586 0.0243785 0.0203462 0.0165962 0.0132217 0.010274 0.00776136 0.0056497 0.00387838 0.00240906 0.00127763 0.000549431 0.000188427 5.25606e-05 1.23081e-05 2.47187e-06 4.26029e-07 6.11361e-08 6.64231e-09 3.92039e-10 0 
0 0.000394505 0.00233474 0.00582245 0.0104946 0.01623 0.022775 0.0297716 0.0368123 0.0434786 0.0493983 0.054546 0.0593061 0.0626053 0.0632625 0.0611562 0.0571078 0.0525832 0.047895 0.0427531 0.0373253 0.0318664 0.0266011 0.0217052 0.0173017 0.013461 0.0102041 0.00750405 0.00528786 0.00346447 0.00199675 0.000945238 0.000351347 0.000102935 2.46033e-05 4.95145e-06 8.46799e-07 1.20023e-07 1.28567e-08 7.47889e-10 0 
0 0.000553237 0.00301832 0.00725664 0.0129963 0.0200789 0.0281662 0.0368123 0.0455142 0.0538204 0.0626981 0.0728733 0.0794642 0.0822869 0.0827891 0.0812668 0.0770281 0.0690324 0.0599466 0.0528909 0.0461489 0.0394021 0.0328956 0.0268462 0.0214058 0.0166627 0.0126466 0.00933482 0.00665389 0.00448864 0.00273721 0.00140321 0.000564888 0.00017514 4.3078e-05 8.7429e-06 1.49085e-06 2.09531e-07 2.22034e-08 1.27681e-09 0 
0 0.000710445 0.00364838 0.00859926 0.0153617 0.023722 0.03327 0.0434786 0.0538204 0.0658615 0.079603 0.0862642 0.089505 0.0910453 0.0913607 0.0905472 0.0884293 0.0843783 0.0760721 0.063585 0.0545448 0.0465377 0.0388552 0.0317134 0.0252911 0.0196927 0.0149546 0.011055 0.0079197 0.00542426 0.00342636 0.00186372 0.000804401 0.00026394 6.70722e-05 1.37863e-05 2.35277e-06 3.28972e-07 3.45892e-08 1.97168e-09 0 
0 0.000852224 0.00419389 0.00978097 0.0174528 0.0269439 0.0377839 0.0493983 0.0626981 0.079603 0.0879668 0.0921262 0.0944594 0.0956387 0.0958999 0.0952986 0.0937545 0.0909908 0.0862263 0.0767587 0.0627517 0.0528726 0.0441268 0.0360184 0.0287275 0.0223723 0.0169948 0.0125722 0.00902743 0.00623157 0.00402016 0.00227813 0.00103906 0.000358605 9.4111e-05 1.96256e-05 3.36011e-06 4.68606e-07 4.90117e-08 2.77616e-09 0 
0 0.000968127 0.00463051 0.0107384 0.0191503 0.0295597 0.0414497 0.054546 0.0728733 0.0862642 0.0921262 0.0954559 0.0974321 0.0984592 0.0986979 0.0981896 0.0968833 0.0946052 0.0909253 0.0846216 0.071796 0.0582436 0.0484117 0.0395143 0.0315179 0.0245482 0.0186511 0.0138028 0.00992244 0.00687746 0.00449168 0.00261431 0.00124124 0.000446101 0.000120402 2.54581e-05 4.37733e-06 6.09969e-07 6.3592e-08 3.58684e-09 0 
0 0.00105119 0.00494003 0.0114223 0.0203638 0.0314298 0.0440764 0.0593061 0.0794642 0.089505 0.0944594 0.0974321 0.09924 0.100193 0.100421 0.0999595 0.0987691 0.0967161 0.0934864 0.0882726 0.0783164 0.0627822 0.051493 0.0420146 0.0335137 0.0261044 0.0198357 0.0146827 0.0105612 0.00733575 0.004824 0.00285367 0.00139114 0.000514533 0.000141848 3.03315e-05 5.23688e-06 7.29934e-07 7.5977e-08 4.27508e-09 0 
0 0.00109757 0.00511145 0.0118024 0.0210385 0.0324695 0.0455492 0.0626053 0.0822869 0.0910453 0.0956387 0.0984592 0.100193 0.101113 0.101337 0.100897 0.0997581 0.0978039 0.094763 0.0899711 0.0813054 0.0657762 0.0532325 0.0434062 0.0346244 0.0269706 0.0204952 0.0151725 0.0109166 0.00759023 0.00500809 0.00298737 0.00147733 0.000555482 0.000155116 3.34111e-05 5.78669e-06 8.07222e-07 8.39942e-08 4.72224e-09 0 
0 0.00110623 0.00514194 0.0118696 0.0211576 0.0326531 0.0458118 0.0632625 0.0827891 0.0913607 0.0958999 0.0986979 0.100421 0.101337 0.10156 0.101123 0.0999922 0.0980527 0.0950403 0.0903118 0.0818382 0.0663632 0.0535464 0.0436541 0.0348224 0.0271253 0.0206132 0.0152605 0.0109808 0.00763667 0.00504265 0.00301396 0.00149587 0.000564993 0.000158396 3.42102e-05 5.93505e-06 8.28802e-07 8.63045e-08 4.85506e-09 0 
0 0.00107855 0.00503689 0.0116353 0.0207414 0.0320115 0.0448982 0.0611562 0.0812668 0.0905472 0.0952986 0.0981896 0.0999595 0.100897 0.101123 0.100673 0.0995095 0.0975091 0.0943826 0.0894079 0.0801994 0.0644642 0.0524698 0.0427996 0.0341411 0.0265944 0.0202096 0.0149613 0.0107645 0.00748321 0.004934 0.00293805 0.0014491 0.000543637 0.000151707 3.27077e-05 5.67571e-06 7.93623e-07 8.27919e-08 4.66704e-09 0 
0 0.00101799 0.00480893 0.0111289 0.0198424 0.0306259 0.0429456 0.0571078 0.0770281 0.0884293 0.0937545 0.0968833 0.0987691 0.0997581 0.0999922 0.0995095 0.098266 0.0961122 0.0926896 0.0870391 0.0758041 0.0607404 0.0501775 0.0409518 0.0326669 0.0254457 0.019336 0.0143133 0.0102954 0.00714907 0.00469542 0.00276961 0.00134481 0.000496022 0.000136768 2.93274e-05 5.0855e-06 7.12416e-07 7.45521e-08 4.21813e-09 0 
0 0.000929742 0.00447629 0.0103941 0.0185387 0.0286167 0.0401277 0.0525832 0.0690324 0.0843783 0.0909908 0.0946052 0.0967161 0.0978039 0.0980527 0.0975091 0.0961122 0.0936553 0.0896098 0.0823563 0.0682923 0.0562599 0.0468841 0.0382716 0.0305286 0.0237794 0.0180687 0.0133732 0.00961429 0.00666224 0.00434608 0.00252378 0.00119579 0.000430008 0.000116535 2.48035e-05 4.29836e-06 6.04016e-07 6.35204e-08 3.61474e-09 0 
0 0.000820364 0.00406067 0.00948388 0.0169252 0.0261305 0.0366441 0.047895 0.0599466 0.0760721 0.0862263 0.0909253 0.0934864 0.094763 0.0950403 0.0943826 0.0926896 0.0896098 0.0841334 0.0729551 0.060419 0.0512893 0.0428195 0.0349549 0.0278826 0.0217177 0.0165009 0.0122102 0.00877062 0.00605678 0.00391039 0.00222148 0.00101965 0.000355666 9.45625e-05 1.99875e-05 3.46768e-06 4.89944e-07 5.19125e-08 2.9791e-09 0 
0 0.000697389 0.00358511 0.00845471 0.0151046 0.0233255 0.0327145 0.0427531 0.0528909 0.063585 0.0767587 0.0846216 0.0882726 0.0899711 0.0903118 0.0894079 0.0870391 0.0823563 0.0729551 0.0619288 0.053643 0.0457895 0.038236 0.0312135 0.0248982 0.0193929 0.0147337 0.0108993 0.00781821 0.00537113 0.00341942 0.00189155 0.000838707 0.000284007 7.43223e-05 1.56618e-05 2.73064e-06 3.89273e-07 4.16881e-08 2.41925e-09 0 
0 0.000568915 0.00307237 0.00736151 0.0131783 0.0203588 0.0285586 0.0373253 0.0461489 0.0545448 0.0627517 0.071796 0.0783164 0.0813054 0.0818382 0.0801994 0.0758041 0.0682923 0.060419 0.053643 0.0468223 0.0399841 0.0333892 0.0272576 0.0217435 0.0169366 0.0128676 0.00951586 0.00681316 0.00465088 0.00291697 0.00157438 0.000679077 0.00022552 5.86442e-05 1.2408e-05 2.18444e-06 3.15184e-07 3.41802e-08 2.00773e-09 0 
0 0.000443075 0.00254423 0.00625259 0.0112389 0.0173744 0.0243785 0.0318664 0.0394021 0.0465377 0.0528726 0.0582436 0.0627822 0.0657762 0.0663632 0.0644642 0.0607404 0.0562599 0.0512893 0.0457895 0.0399841 0.0341458 0.0285151 0.0232804 0.0185737 0.014472 0.0110016 0.00814101 0.00582634 0.00396541 0.00247191 0.00132382 0.000567821 0.000188636 4.93623e-05 1.05453e-05 1.87624e-06 2.73462e-07 2.99233e-08 1.77112e-09 0 
0 0.000327352 0.00202194 0.00516606 0.00936364 0.0144947 0.0203462 0.0266011 0.0328956 0.0388552 0.0441268 0.0484117 0.051493 0.0532325 0.0535464 0.0524698 0.0501775 0.0468841 0.0428195 0.038236 0.0333892 0.0285151 0.0238151 0.0194476 0.0155275 0.01213 0.00928497 0.00695619 0.0050498 0.0034777 0.00219563 0.00119893 0.000526213 0.000178108 4.71244e-05 1.01158e-05 1.80163e-06 2.62282e-07 2.86292e-08 1.68887e-09 0 
0 0.000227754 0.00152731 0.00412895 0.00760918 0.0118145 0.0165962 0.0217052 0.0268462 0.0317134 0.0360184 0.0395143 0.0420146 0.0434062 0.0436541 0.0427996 0.0409518 0.0382716 0.0349549 0.0312135 0.0272576 0.0232804 0.0194476 0.0158974 0.0127613 0.0101908 0.0082791 0.00683813 0.00542484 0.00384813 0.00237702 0.00127588 0.000565975 0.00019402 5.12575e-05 1.08693e-05 1.90429e-06 2.72525e-07 2.92625e-08 1.69991e-09 0 
0 0.000148017 0.00108309 0.00316073 0.00600809 0.00939706 0.0132217 0.0173017 0.0214058 0.0252911 0.0287275 0.0315179 0.0335137 0.0346244 0.0348224 0.0341411 0.0326669 0.0305286 0.0278826 0.0248982 0.0217435 0.0185737 0.0155275 0.0127613 0.0105808 0.00958593 0.0102156 0.0114713 0.0110267 0.00804648 0.00438287 0.00191195 0.000731842 0.000235965 5.99711e-05 1.226e-05 2.07827e-06 2.88974e-07 3.02535e-08 1.7187e-09 0 
0 8.91054e-05 0.000710749 0.00228139 0.00457031 0.00727088 0.010274 0.013461 0.0166627 0.0196927 0.0223723 0.0245482 0.0261044 0.0269706 0.0271253 0.0265944 0.0254457 0.0237794 0.0217177 0.0193929 0.0169366 0.014472 0.01213 0.0101908 0.00958593 0.0124443 0.0203818 0.0374471 0.0452537 0.0245251 0.0118514 0.00425663 0.00121791 0.000316235 7.1401e-05 1.35518e-05 2.18804e-06 2.93957e-07 2.99478e-08 1.66261e-09 0 
0 4.92897e-05 0.000425182 0.00151952 0.00329467 0.00542979 0.00776136 0.0102041 0.0126466 0.0149546 0.0169948 0.0186511 0.0198357 0.0204952 0.0206132 0.0202096 0.019336 0.0180687 0.0165009 0.0147337 0.0128676 0.0110016 0.00928497 0.0082791 0.0102156 0.0203818 0.0532863 0.0766701 0.0784698 0.0712488 0.0286376 0.00927879 0.00223708 0.000450671 8.35331e-05 1.40195e-05 2.11646e-06 2.7418e-07 2.72659e-08 1.48503e-09 0 
0 2.48803e-05 0.000228791 0.000910733 0.00219105 0.00384512 0.0056497 0.00750405 0.00933482 0.011055 0.0125722 0.0138028 0.0146827 0.0151725 0.0152605 0.0149613 0.0143133 0.0133732 0.0122102 0.0108993 0.00951586 0.00814101 0.00695619 0.00683813 0.0114713 0.0374471 0.0766701 0.0836356 0.0844588 0.0809734 0.0631936 0.0150236 0.0033909 0.000587308 9.01478e-05 1.30601e-05 1.81961e-06 2.27643e-07 2.22419e-08 1.19657e-09 0 
0 1.14013e-05 0.000109691 0.000479864 0.00129719 0.00249953 0.00387838 0.00528786 0.00665389 0.0079197 0.00902743 0.00992244 0.0105612 0.0109166 0.0109808 0.0107645 0.0102954 0.00961429 0.00877062 0.00781821 0.00681316 0.00582634 0.0050498 0.00542484 0.0110267 0.0452537 0.0784698 0.0844588 0.0852996 0.08245 0.0710479 0.0177357 0.00366765 0.000596313 8.12689e-05 1.04294e-05 1.35322e-06 1.65002e-07 1.59926e-08 8.57235e-10 0 
0 4.72823e-06 4.66501e-05 0.000218925 0.000659943 0.00142414 0.00240906 0.00346447 0.00448864 0.00542426 0.00623157 0.00687746 0.00733575 0.00759023 0.00763667 0.00748321 0.00714907 0.00666224 0.00605678 0.00537113 0.00465088 0.00396541 0.0034777 0.00384813 0.00804648 0.0245251 0.0712488 0.0809734 0.08245 0.077411 0.0470733 0.0122001 0.00271079 0.000434258 5.62694e-05 6.78501e-06 8.50604e-07 1.03116e-07 1.00389e-08 5.41334e-10 0 
0 1.77238e-06 1.76066e-05 8.61703e-05 0.00028226 0.0006792 0.00127763 0.00199675 0.00273721 0.00342636 0.00402016 0.00449168 0.004824 0.00500809 0.00504265 0.004934 0.00469542 0.00434608 0.00391039 0.00341942 0.00291697 0.00247191 0.00219563 0.00237702 0.00438287 0.0118514 0.0286376 0.0631936 0.0710479 0.0470733 0.01833 0.00604793 0.00135885 0.000221087 2.8736e-05 3.49095e-06 4.46223e-07 5.52384e-08 5.47621e-09 2.99953e-10 0 
0 6.00489e-07 5.91791e-06 2.94417e-05 0.000101355 0.000264621 0.000549431 0.000945238 0.00140321 0.00186372 0.00227813 0.00261431 0.00285367 0.00298737 0.00301396 0.00293805 0.00276961 0.00252378 0.00222148 0.00189155 0.00157438 0.00132382 0.00119893 0.00127588 0.00191195 0.00425663 0.00927879 0.0150236 0.0177357 0.0122001 0.00604793 0.00201959 0.000467199 7.91283e-05 1.08558e-05 1.42741e-06 1.96026e-07 2.53833e-08 2.59372e-09 1.45569e-10 0 
0 1.83896e-07 1.779e-06 8.82352e-06 3.09866e-05 8.47281e-05 0.000188427 0.000351347 0.000564888 0.000804401 0.00103906 0.00124124 0.00139114 0.00147733 0.00149587 0.0014491 0.00134481 0.00119579 0.00101965 0.000838707 0.000679077 0.000567821 0.000526213 0.000565975 0.000731842 0.00121791 0.00223708 0.0033909 0.00366765 0.00271079 0.00135885 0.000467199 0.000113399 2.06145e-05 3.17572e-06 4.81051e-07 7.32561e-08 1.00551e-08 1.06797e-09 6.18496e-11 0 
0 5.08499e-08 4.79584e-07 2.34123e-06 8.21129e-06 2.28283e-05 5.25606e-05 0.000102935 0.00017514 0.00026394 0.000358605 0.000446101 0.000514533 0.000555482 0.000564993 0.000543637 0.000496022 0.000430008 0.000355666 0.000284007 0.00022552 0.000188636 0.000178108 0.00019402 0.000235965 0.000316235 0.000450671 0.000587308 0.000596313 0.000434258 0.000221087 7.91283e-05 2.06145e-05 4.24179e-06 7.81316e-07 1.40027e-07 2.3673e-08 3.45113e-09 3.82815e-10 2.29964e-11 0 
0 1.26462e-08 1.15831e-07 5.52424e-07 1.91019e-06 5.29571e-06 1.23081e-05 2.46033e-05 4.3078e-05 6.70722e-05 9.4111e-05 0.000120402 0.000141848 0.000155116 0.000158396 0.000151707 0.000136768 0.000116535 9.45625e-05 7.43223e-05 5.86442e-05 4.93623e-05 4.71244e-05 5.12575e-05 5.99711e-05 7.1401e-05 8.35331e-05 9.01478e-05 8.12689e-05 5.62694e-05 2.8736e-05 1.08558e-05 3.17572e-06 7.81316e-07 1.74776e-07 3.61679e-08 6.6629e-09 1.02809e-09 1.19374e-10 7.46399e-12 0 
0 2.80238e-09 2.48842e-08 1.15507e-07 3.91074e-07 1.06951e-06 2.47187e-06 4.95145e-06 8.7429e-06 1.37863e-05 1.96256e-05 2.54581e-05 3.03315e-05 3.34111e-05 3.42102e-05 3.27077e-05 2.93274e-05 2.48035e-05 1.99875e-05 1.56618e-05 1.2408e-05 1.05453e-05 1.01158e-05 1.08693e-05 1.226e-05 1.35518e-05 1.40195e-05 1.30601e-05 1.04294e-05 6.78501e-06 3.49095e-06 1.42741e-06 4.81051e-07 1.40027e-07 3.61679e-08 8.25724e-09 1.62659e-09 2.64662e-10 3.21952e-11 2.09938e-12 0 
0 5.42491e-10 4.66861e-09 2.10621e-08 6.96071e-08 1.86793e-07 4.26029e-07 8.46799e-07 1.49085e-06 2.35277e-06 3.36011e-06 4.37733e-06 5.23688e-06 5.78669e-06 5.93505e-06 5.67571e-06 5.0855e-06 4.29836e-06 3.46768e-06 2.73064e-06 2.18444e-06 1.87624e-06 1.80163e-06 1.90429e-06 2.07827e-06 2.18804e-06 2.11646e-06 1.81961e-06 1.35322e-06 8.50604e-07 4.46223e-07 1.96026e-07 7.32561e-08 2.3673e-08 6.6629e-09 1.62659e-09 3.38894e-10 5.79885e-11 7.38879e-12 5.02812e-13 0 
0 8.79365e-11 7.33907e-10 3.21824e-09 1.03725e-08 2.72558e-08 6.11361e-08 1.20023e-07 2.09531e-07 3.28972e-07 4.68606e-07 6.09969e-07 7.29934e-07 8.07222e-07 8.28802e-07 7.93623e-07 7.12416e-07 6.04016e-07 4.89944e-07 3.89273e-07 3.15184e-07 2.73462e-07 2.62282e-07 2.72525e-07 2.88974e-07 2.93957e-07 2.7418e-07 2.27643e-07 1.65002e-07 1.03116e-07 5.52384e-08 2.53833e-08 1.00551e-08 3.45113e-09 1.02809e-09 2.64662e-10 5.79885e-11 1.04096e-11 1.38778e-12 9.8526e-14 0 
0 1.07799e-11 8.73571e-11 3.72689e-10 1.17191e-09 3.01437e-09 6.64231e-09 1.28567e-08 2.22034e-08 3.45892e-08 4.90117e-08 6.3592e-08 7.5977e-08 8.39942e-08 8.63045e-08 8.27919e-08 7.45521e-08 6.35204e-08 5.19125e-08 4.16881e-08 3.41802e-08 2.99233e-08 2.86292e-08 2.92625e-08 3.02535e-08 2.99478e-08 2.72659e-08 2.22419e-08 1.59926e-08 1.00389e-08 5.47621e-09 2.59372e-09 1.06797e-09 3.82815e-10 1.19374e-10 3.21952e-11 7.38879e-12 1.38778e-12 1.93242e-13 1.4298e-14 0 
0 7.14388e-13 5.63011e-12 2.34021e-11 7.18715e-11 1.81077e-10 3.92039e-10 7.47889e-10 1.27681e-09 1.97168e-09 2.77616e-09 3.58684e-09 4.27508e-09 4.72224e-09 4.85506e-09 4.66704e-09 4.21813e-09 3.61474e-09 2.9791e-09 2.41925e-09 2.00773e-09 1.77112e-09 1.68887e-09 1.69991e-09 1.7187e-09 1.66261e-09 1.48503e-09 1.19657e-09 8.57235e-10 5.41334e-10 2.99953e-10 1.45569e-10 6.18496e-11 2.29964e-11 7.46399e-12 2.09938e-12 5.02812e-13 9.8526e-14 1.4298e-14 1.10083e-15 0 
0 0 0 0 0 0 0 0 0 0 0 0 0 0 0 0 0 0 0 0 0 0 0 0 0 0 0 0 0 0 0 0 0 0 0 0 0 0 0 0 0 
