0 0 0 0 0 0 0 0 0 0 0 0 0 0 0 0 0 0 0 0 0 0 0 0 0 0 0 0 0 0 0 0 0 0 0 0 0 0 0 0 0 
0 1.82419e-07 1.65121e-06 7.50634e-06 2.3783e-05 5.83023e-05 0.000116885 0.000199529 0.000299676 0.000406599 0.000508623 0.0005955 0.000659588 0.000696209 0.000703562 0.000682459 0.00063596 0.000568951 0.000487669 0.00039914 0.000310517 0.000228319 0.000157636 0.000101482 6.0494e-05 3.31819e-05 1.6664e-05 7.63663e-06 3.18853e-06 1.21281e-06 4.20566e-07 1.33071e-07 3.84229e-08 1.01079e-08 2.41124e-09 5.16241e-10 9.71542e-11 1.53907e-11 1.85188e-12 1.20886e-13 0 
0 1.65121e-06 1.54188e-05 7.05084e-05 0.000217167 0.000500856 0.000925025 0.00144654 0.00200364 0.00254075 0.00301613 0.0034005 0.00367449 0.00382732 0.00385616 0.00376554 0.00356638 0.00327474 0.0029104 0.00249566 0.00205454 0.00161235 0.00119499 0.000827084 0.000528052 0.000307341 0.000161523 7.62076e-05 3.22265e-05 1.22378e-05 4.18939e-06 1.29824e-06 3.65266e-07 9.33628e-08 2.16114e-08 4.48894e-09 8.20059e-10 1.26238e-10 1.47801e-11 9.4023e-13 0 
0 7.50634e-06 7.05084e-05 0.00031046 0.000877026 0.00180213 0.00296946 0.00423333 0.00548784 0.00665826 0.00768347 0.00851163 0.00910278 0.00943231 0.00949281 0.0092939 0.00886025 0.00822819 0.00744147 0.00654667 0.0055891 0.00461013 0.00364697 0.00273562 0.001915 0.00122685 0.000705017 0.000357649 0.000158914 6.19193e-05 2.13154e-05 6.54524e-06 1.80746e-06 4.50942e-07 1.01604e-07 2.05219e-08 3.64605e-09 5.46297e-10 6.23321e-11 3.86986e-12 0 
0 2.3783e-05 0.000217167 0.000877026 0.00218394 0.00398318 0.00603623 0.00819133 0.0103359 0.0123567 0.0141414 0.0155904 0.0166277 0.0172063 0.0173117 0.0169604 0.0161968 0.015087 0.0137109 0.0121549 0.0105033 0.00883195 0.00720236 0.00565972 0.00423656 0.00296468 0.001889 0.00106363 0.000516453 0.000214041 7.61354e-05 2.35899e-05 6.46744e-06 1.58649e-06 3.49655e-07 6.89215e-08 1.19425e-08 1.74584e-09 1.9454e-10 1.18104e-11 0 
0 5.83023e-05 0.000500856 0.00180213 0.00398318 0.0067171 0.00978714 0.0130428 0.0163127 0.019409 0.02215 0.0243781 0.0259738 0.0268639 0.0270255 0.026484 0.0253083 0.0236004 0.0214848 0.0190962 0.0165673 0.0140195 0.0115539 0.00924577 0.00714169 0.00526264 0.00362139 0.00225145 0.00121553 0.00055213 0.000209034 6.6832e-05 1.84613e-05 4.4947e-06 9.75053e-07 1.8841e-07 3.19533e-08 4.57095e-09 4.98707e-10 2.96739e-11 0 
0 0.000116885 0.000925025 0.00296946 0.00603623 0.00978714 0.0140372 0.0185767 0.0231496 0.027485 0.031325 0.0344474 0.0366839 0.0379314 0.0381576 0.0373984 0.0357501 0.0333564 0.0303922 0.0270467 0.0235076 0.0199463 0.0165081 0.0133043 0.0104082 0.00785353 0.00563974 0.00375591 0.00222548 0.00111765 0.000460123 0.000155119 4.38698e-05 1.07129e-05 2.30352e-06 4.38532e-07 7.30762e-08 1.02628e-08 1.09943e-09 6.4279e-11 0 
0 0.000199529 0.00144654 0.00423333 0.00819133 0.0130428 0.0185767 0.024502 0.0304759 0.0361415 0.0411605 0.0452424 0.0481677 0.0498014 0.0500979 0.0491035 0.0469467 0.043817 0.0399427 0.0355711 0.0309476 0.0262973 0.0218114 0.017638 0.0138779 0.0105836 0.00776043 0.0053768 0.00340184 0.00186484 0.000839446 0.000302842 8.89372e-05 2.20075e-05 4.72321e-06 8.90362e-07 1.46364e-07 2.02477e-08 2.1361e-09 1.23038e-10 0 
0 0.000299676 0.00200364 0.00548784 0.0103359 0.0163127 0.0231496 0.0304759 0.0378642 0.0448721 0.0510831 0.0561496 0.0598148 0.0618907 0.0622716 0.0610023 0.0582817 0.0543802 0.0495796 0.0441717 0.0384539 0.0327043 0.0271599 0.022005 0.0173669 0.0133152 0.00986508 0.0069815 0.00460079 0.00269227 0.00131307 0.00050909 0.000156692 3.9616e-05 8.53856e-06 1.6012e-06 2.60638e-07 3.56325e-08 3.71279e-09 2.11239e-10 0 
0 0.000406599 0.00254075 0.00665826 0.0123567 0.019409 0.027485 0.0361415 0.0448721 0.0531571 0.0605317 0.0666503 0.0711999 0.07382 0.0743059 0.0727049 0.0692883 0.0644987 0.0587446 0.0523358 0.0455779 0.0387848 0.0322354 0.026148 0.0206742 0.0158989 0.0118452 0.00847968 0.00572397 0.00350103 0.00181977 0.000754166 0.000243951 6.33325e-05 1.37709e-05 2.57875e-06 4.17036e-07 5.65139e-08 5.83195e-09 3.2859e-10 0 
0 0.000508623 0.00301613 0.00768347 0.0141414 0.02215 0.031325 0.0411605 0.0510831 0.0605317 0.0690707 0.0762721 0.0814391 0.0842001 0.0847023 0.0830727 0.0793259 0.0737304 0.0669716 0.0595932 0.051896 0.0441765 0.0367358 0.0298213 0.0236057 0.0181868 0.013594 0.00979508 0.00670552 0.00421975 0.00229753 0.00100633 0.000340958 9.09918e-05 2.00092e-05 3.75187e-06 6.04461e-07 8.141e-08 8.34161e-09 4.66556e-10 0 
0 0.0005955 0.0034005 0.00851163 0.0155904 0.0243781 0.0344474 0.0452424 0.0561496 0.0666503 0.0762721 0.0839452 0.0888045 0.0912201 0.0916647 0.0902776 0.0869125 0.0813204 0.0738614 0.0655705 0.0570504 0.0485679 0.0404012 0.0328132 0.0259932 0.0200496 0.0150161 0.0108612 0.0074971 0.00480212 0.00269866 0.00123247 0.000433996 0.000118756 2.64181e-05 4.96777e-06 7.98982e-07 1.07192e-07 1.09308e-08 6.08279e-10 0 
0 0.000659588 0.00367449 0.00910278 0.0166277 0.0259738 0.0366839 0.0481677 0.0598148 0.0711999 0.0814391 0.0888045 0.0931532 0.0953035 0.0957097 0.0944903 0.091507 0.0863803 0.0788882 0.0699602 0.0607731 0.0517232 0.0430343 0.0349629 0.0277091 0.0213885 0.0160381 0.0116264 0.00806365 0.00521953 0.00299234 0.00140599 0.000509295 0.000142131 3.1934e-05 6.02497e-06 9.68781e-07 1.29719e-07 1.31923e-08 7.3197e-10 0 
0 0.000696209 0.00382732 0.00943231 0.0172063 0.0268639 0.0379314 0.0498014 0.0618907 0.07382 0.0842001 0.0912201 0.0953035 0.0973329 0.0977227 0.0965802 0.0937815 0.0889534 0.0816582 0.0724769 0.062881 0.0534969 0.0445142 0.0361721 0.0286753 0.0221433 0.016615 0.0120589 0.00838438 0.00545692 0.00316232 0.00151005 0.000556374 0.000157243 3.55773e-05 6.73244e-06 1.08339e-06 1.45025e-07 1.47382e-08 8.17026e-10 0 
0 0.000703562 0.00385616 0.00949281 0.0173117 0.0270255 0.0381576 0.0500979 0.0622716 0.0743059 0.0847023 0.0916647 0.0957097 0.0977227 0.0981113 0.0969816 0.0942121 0.0894336 0.0821813 0.0729625 0.0632876 0.0538398 0.0448023 0.0364098 0.0288672 0.0222953 0.0167331 0.0121497 0.00845407 0.00551131 0.00320418 0.00153784 0.000569928 0.000161873 3.67514e-05 6.97057e-06 1.12355e-06 1.50603e-07 1.53241e-08 8.50597e-10 0 
0 0.000682459 0.00376554 0.0092939 0.0169604 0.026484 0.0373984 0.0491035 0.0610023 0.0727049 0.0830727 0.0902776 0.0944903 0.0965802 0.0969816 0.0958074 0.0929283 0.0879658 0.0805619 0.0714661 0.0620424 0.0528004 0.0439405 0.0357101 0.0283126 0.0218664 0.0164098 0.011912 0.00828331 0.00539101 0.00312356 0.00149177 0.000550349 0.000155955 3.54131e-05 6.72868e-06 1.08748e-06 1.46233e-07 1.49319e-08 8.31951e-10 0 
0 0.00063596 0.00356638 0.00886025 0.0161968 0.0253083 0.0357501 0.0469467 0.0582817 0.0692883 0.0793259 0.0869125 0.091507 0.0937815 0.0942121 0.0929283 0.0897873 0.0844416 0.0769056 0.0682289 0.0593281 0.0505158 0.0420411 0.0341654 0.0270856 0.020915 0.0156899 0.0113799 0.00789724 0.00511485 0.00293511 0.00138244 0.000503276 0.000141489 3.20657e-05 6.10583e-06 9.91238e-07 1.34059e-07 1.37777e-08 7.72997e-10 0 
0 0.000568951 0.00327474 0.00822819 0.015087 0.0236004 0.0333564 0.043817 0.0543802 0.0644987 0.0737304 0.0813204 0.0863803 0.0889534 0.0894336 0.0879658 0.0844416 0.0787897 0.0715662 0.0636222 0.0554035 0.0471889 0.0392724 0.0319135 0.0252969 0.0195281 0.0146405 0.0106039 0.00733347 0.00471145 0.00266228 0.00122777 0.000438497 0.000121985 2.76017e-05 5.2791e-06 8.63728e-07 1.17943e-07 1.2251e-08 6.95092e-10 0 
0 0.000487669 0.0029104 0.00744147 0.0137109 0.0214848 0.0303922 0.0399427 0.0495796 0.0587446 0.0669716 0.0738614 0.0788882 0.0816582 0.0821813 0.0805619 0.0769056 0.0715662 0.0651219 0.0580134 0.0505557 0.0430645 0.0358397 0.0291227 0.0230818 0.0178127 0.0133446 0.00964738 0.00664005 0.00421929 0.00233784 0.00105202 0.000368433 0.000101681 2.30734e-05 4.45634e-06 7.38996e-07 1.02464e-07 1.08153e-08 6.23646e-10 0 
0 0.00039914 0.00249566 0.00654667 0.0121549 0.0190962 0.0270467 0.0355711 0.0441717 0.0523358 0.0595932 0.0655705 0.0699602 0.0724769 0.0729625 0.0714661 0.0682289 0.0636222 0.0580134 0.0517274 0.045087 0.0384079 0.0319657 0.0259759 0.0205879 0.0158859 0.0118941 0.00858201 0.00587479 0.00368868 0.00200528 0.000884582 0.000306445 8.47801e-05 1.94871e-05 3.83415e-06 6.49222e-07 9.19485e-08 9.90686e-09 5.82364e-10 0 
0 0.000310517 0.00205454 0.0055891 0.0105033 0.0165673 0.0235076 0.0309476 0.0384539 0.0455779 0.051896 0.0570504 0.0607731 0.062881 0.0632876 0.0620424 0.0593281 0.0554035 0.0505557 0.045087 0.0393018 0.0334829 0.0278714 0.0226547 0.0179622 0.0138658 0.0103838 0.00748631 0.00510794 0.00318611 0.00171965 0.000757859 0.000265359 7.49674e-05 1.7685e-05 3.57311e-06 6.20116e-07 8.97573e-08 9.85184e-09 5.88104e-10 0 
0 0.000228319 0.00161235 0.00461013 0.00883195 0.0140195 0.0199463 0.0262973 0.0327043 0.0387848 0.0441765 0.0485679 0.0517232 0.0534969 0.0538398 0.0528004 0.0505158 0.0471889 0.0430645 0.0384079 0.0334829 0.0285316 0.0237595 0.0193261 0.0153412 0.011865 0.00891137 0.00645242 0.00443228 0.00279847 0.00154412 0.000703719 0.000256426 7.52512e-05 1.83121e-05 3.78638e-06 6.67863e-07 9.77068e-08 1.07931e-08 6.46253e-10 0 
0 0.000157636 0.00119499 0.00364697 0.00720236 0.0115539 0.0165081 0.0218114 0.0271599 0.0322354 0.0367358 0.0404012 0.0430343 0.0445142 0.0448023 0.0439405 0.0420411 0.0392724 0.0358397 0.0319657 0.0278714 0.0237595 0.019802 0.0161332 0.0128475 0.0100033 0.00761826 0.00565276 0.00402037 0.00265195 0.00154522 0.000749225 0.000288564 8.78656e-05 2.17661e-05 4.52051e-06 7.94583e-07 1.15336e-07 1.26111e-08 7.46534e-10 0 
0 0.000101482 0.000827084 0.00273562 0.00565972 0.00924577 0.0133043 0.017638 0.022005 0.026148 0.0298213 0.0328132 0.0349629 0.0361721 0.0364098 0.0357101 0.0341654 0.0319135 0.0291227 0.0259759 0.0226547 0.0193261 0.0161332 0.0131933 0.0106154 0.00852015 0.00697113 0.00579092 0.00459387 0.00322018 0.00191495 0.000945881 0.00037282 0.00011445 2.8053e-05 5.7083e-06 9.80134e-07 1.38956e-07 1.48542e-08 8.60864e-10 0 
0 6.0494e-05 0.000528052 0.001915 0.00423656 0.00714169 0.0104082 0.0138779 0.0173669 0.0206742 0.0236057 0.0259932 0.0277091 0.0286753 0.0288672 0.0283126 0.0270856 0.0252969 0.0230818 0.0205879 0.0179622 0.0153412 0.0128475 0.0106154 0.00889832 0.00818456 0.0088292 0.0099715 0.0096007 0.00699872 0.0037866 0.0016014 0.000560391 0.000159683 3.68257e-05 7.12169e-06 1.17492e-06 1.61226e-07 1.67565e-08 9.47294e-10 0 
0 3.31819e-05 0.000307341 0.00122685 0.00296468 0.00526264 0.00785353 0.0105836 0.0133152 0.0158989 0.0181868 0.0200496 0.0213885 0.0221433 0.0222953 0.0218664 0.020915 0.0195281 0.0178127 0.0158859 0.0138658 0.011865 0.0100033 0.00852015 0.00818456 0.0107983 0.0177865 0.0260143 0.0284751 0.0204534 0.0103509 0.0037008 0.00102403 0.000239589 4.791e-05 8.40371e-06 1.30676e-06 1.7271e-07 1.74498e-08 9.63468e-10 0 
0 1.6664e-05 0.000161523 0.000705017 0.001889 0.00362139 0.00563974 0.00776043 0.00986508 0.0118452 0.013594 0.0150161 0.0160381 0.016615 0.0167331 0.0164098 0.0156899 0.0146405 0.0133446 0.0118941 0.0103838 0.00891137 0.00761826 0.00697113 0.0088292 0.0177865 0.0375266 0.0675853 0.0758244 0.0517145 0.0240939 0.00810663 0.00193845 0.000368151 6.04607e-05 9.14566e-06 1.30876e-06 1.66022e-07 1.63636e-08 8.865e-10 0 
0 7.63663e-06 7.62076e-05 0.000357649 0.00106363 0.00225145 0.00375591 0.0053768 0.0069815 0.00847968 0.00979508 0.0108612 0.0116264 0.0120589 0.0121497 0.011912 0.0113799 0.0106039 0.00964738 0.00858201 0.00748631 0.00645242 0.00565276 0.00579092 0.0099715 0.0260143 0.0675853 0.0875584 0.0898914 0.0825044 0.0430651 0.0130643 0.00295657 0.000496345 6.89164e-05 8.88364e-06 1.15318e-06 1.40408e-07 1.35872e-08 7.27333e-10 0 
0 3.18853e-06 3.22265e-05 0.000158914 0.000516453 0.00121553 0.00222548 0.00340184 0.00460079 0.00572397 0.00670552 0.0074971 0.00806365 0.00838438 0.00845407 0.00828331 0.00789724 0.00733347 0.00664005 0.00587479 0.00510794 0.00443228 0.00402037 0.00459387 0.0096007 0.0284751 0.0758244 0.0898914 0.0916754 0.0856593 0.051516 0.0144027 0.00320159 0.000509381 6.39322e-05 7.3013e-06 8.72214e-07 1.02948e-07 9.87689e-09 5.27019e-10 0 
0 1.21281e-06 1.22378e-05 6.19193e-05 0.000214041 0.00055213 0.00111765 0.00186484 0.00269227 0.00350103 0.00421975 0.00480212 0.00521953 0.00545692 0.00551131 0.00539101 0.00511485 0.00471145 0.00421929 0.00368868 0.00318611 0.00279847 0.00265195 0.00322018 0.00699872 0.0204534 0.0517145 0.0825044 0.0856593 0.0726897 0.0327409 0.0106671 0.00236529 0.000370622 4.45576e-05 4.80476e-06 5.52811e-07 6.47594e-08 6.24224e-09 3.35256e-10 0 
0 4.20566e-07 4.18939e-06 2.13154e-05 7.61354e-05 0.000209034 0.000460123 0.000839446 0.00131307 0.00181977 0.00229753 0.00269866 0.00299234 0.00316232 0.00320418 0.00312356 0.00293511 0.00266228 0.00233784 0.00200528 0.00171965 0.00154412 0.00154522 0.00191495 0.0037866 0.0103509 0.0240939 0.0430651 0.051516 0.0327409 0.0160286 0.00528631 0.0011821 0.000186683 2.24942e-05 2.45602e-06 2.89783e-07 3.47869e-08 3.4194e-09 1.86666e-10 0 
0 1.33071e-07 1.29824e-06 6.54524e-06 2.35899e-05 6.6832e-05 0.000155119 0.000302842 0.00050909 0.000754166 0.00100633 0.00123247 0.00140599 0.00151005 0.00153784 0.00149177 0.00138244 0.00122777 0.00105202 0.000884582 0.000757859 0.000703719 0.000749225 0.000945881 0.0016014 0.0037008 0.00810663 0.0130643 0.0144027 0.0106671 0.00528631 0.00176133 0.00040198 6.52388e-05 8.25367e-06 9.8231e-07 1.26349e-07 1.599e-08 1.62364e-09 9.08827e-11 0 
0 3.84229e-08 3.65266e-07 1.80746e-06 6.46744e-06 1.84613e-05 4.38698e-05 8.89372e-05 0.000156692 0.000243951 0.000340958 0.000433996 0.000509295 0.000556374 0.000569928 0.000550349 0.000503276 0.000438497 0.000368433 0.000306445 0.000265359 0.000256426 0.000288564 0.00037282 0.000560391 0.00102403 0.00193845 0.00295657 0.00320159 0.00236529 0.0011821 0.00040198 9.47839e-05 1.62844e-05 2.30367e-06 3.20959e-07 4.67615e-08 6.32968e-09 6.69565e-10 3.86985e-11 0 
0 1.01079e-08 9.33628e-08 4.50942e-07 1.58649e-06 4.4947e-06 1.07129e-05 2.20075e-05 3.9616e-05 6.33325e-05 9.09918e-05 0.000118756 0.000142131 0.000157243 0.000161873 0.000155955 0.000141489 0.000121985 0.000101681 8.47801e-05 7.49674e-05 7.52512e-05 8.78656e-05 0.00011445 0.000159683 0.000239589 0.000368151 0.000496345 0.000509381 0.000370622 0.000186683 6.52388e-05 1.62844e-05 3.13724e-06 5.35212e-07 9.07759e-08 1.49955e-08 2.17102e-09 2.40239e-10 1.44096e-11 0 
0 2.41124e-09 2.16114e-08 1.01604e-07 3.49655e-07 9.75053e-07 2.30352e-06 4.72321e-06 8.53856e-06 1.37709e-05 2.00092e-05 2.64181e-05 3.1934e-05 3.55773e-05 3.67514e-05 3.54131e-05 3.20657e-05 2.76017e-05 2.30734e-05 1.94871e-05 1.7685e-05 1.83121e-05 2.17661e-05 2.8053e-05 3.68257e-05 4.791e-05 6.04607e-05 6.89164e-05 6.39322e-05 4.45576e-05 2.24942e-05 8.25367e-06 2.30367e-06 5.35212e-07 1.14127e-07 2.30238e-08 4.20257e-09 6.4651e-10 7.49586e-11 4.68147e-12 0 
0 5.16241e-10 4.48894e-09 2.05219e-08 6.89215e-08 1.8841e-07 4.38532e-07 8.90362e-07 1.6012e-06 2.57875e-06 3.75187e-06 4.96777e-06 6.02497e-06 6.73244e-06 6.97057e-06 6.72868e-06 6.10583e-06 5.2791e-06 4.45634e-06 3.83415e-06 3.57311e-06 3.78638e-06 4.52051e-06 5.7083e-06 7.12169e-06 8.40371e-06 9.14566e-06 8.88364e-06 7.3013e-06 4.80476e-06 2.45602e-06 9.8231e-07 3.20959e-07 9.07759e-08 2.30238e-08 5.21387e-09 1.02402e-09 1.66399e-10 2.0223e-11 1.31754e-12 0 
0 9.71542e-11 8.20059e-10 3.64605e-09 1.19425e-08 3.19533e-08 7.30762e-08 1.46364e-07 2.60638e-07 4.17036e-07 6.04461e-07 7.98982e-07 9.68781e-07 1.08339e-06 1.12355e-06 1.08748e-06 9.91238e-07 8.63728e-07 7.38996e-07 6.49222e-07 6.20116e-07 6.67863e-07 7.94583e-07 9.80134e-07 1.17492e-06 1.30676e-06 1.30876e-06 1.15318e-06 8.72214e-07 5.52811e-07 2.89783e-07 1.26349e-07 4.67615e-08 1.49955e-08 4.20257e-09 1.02402e-09 2.13161e-10 3.64511e-11 4.64167e-12 3.15663e-13 0 
0 1.53907e-11 1.26238e-10 5.46297e-10 1.74584e-09 4.57095e-09 1.02628e-08 2.02477e-08 3.56325e-08 5.65139e-08 8.141e-08 1.07192e-07 1.29719e-07 1.45025e-07 1.50603e-07 1.46233e-07 1.34059e-07 1.17943e-07 1.02464e-07 9.19485e-08 8.97573e-08 9.77068e-08 1.15336e-07 1.38956e-07 1.61226e-07 1.7271e-07 1.66022e-07 1.40408e-07 1.02948e-07 6.47594e-08 3.47869e-08 1.599e-08 6.32968e-09 2.17102e-09 6.4651e-10 1.66399e-10 3.64511e-11 6.54146e-12 8.7176e-13 6.18624e-14 0 
0 1.85188e-12 1.47801e-11 6.23321e-11 1.9454e-10 4.98707e-10 1.09943e-09 2.1361e-09 3.71279e-09 5.83195e-09 8.34161e-09 1.09308e-08 1.31923e-08 1.47382e-08 1.53241e-08 1.49319e-08 1.37777e-08 1.2251e-08 1.08153e-08 9.90686e-09 9.85184e-09 1.07931e-08 1.26111e-08 1.48542e-08 1.67565e-08 1.74498e-08 1.63636e-08 1.35872e-08 9.87689e-09 6.24224e-09 3.4194e-09 1.62364e-09 6.69565e-10 2.40239e-10 7.49586e-11 2.0223e-11 4.64167e-12 8.7176e-13 1.21366e-13 8.9772e-15 0 
0 1.20886e-13 9.4023e-13 3.86986e-12 1.18104e-11 2.96739e-11 6.4279e-11 1.23038e-10 2.11239e-10 3.2859e-10 4.66556e-10 6.08279e-10 7.3197e-10 8.17026e-10 8.50597e-10 8.31951e-10 7.72997e-10 6.95092e-10 6.23646e-10 5.82364e-10 5.88104e-10 6.46253e-10 7.46534e-10 8.60864e-10 9.47294e-10 9.63468e-10 8.865e-10 7.27333e-10 5.27019e-10 3.35256e-10 1.86666e-10 9.08827e-11 3.86985e-11 1.44096e-11 4.68147e-12 1.31754e-12 3.15663e-13 6.18624e-14 8.9772e-15 6.91073e-16 0 
0 0 0 0 0 0 0 0 0 0 0 0 0 0 0 0 0 0 0 0 0 0 0 0 0 0 0 0 0 0 0 0 0 0 0 0 0 0 0 0 0 
