0 0 0 0 0 0 0 0 0 0 0 0 0 0 0 0 0 0 0 0 0 0 0 0 0 0 0 0 0 0 0 0 0 0 0 0 0 0 0 0 0 
0 4.37962e-07 3.89137e-06 1.70607e-05 5.12408e-05 0.000117709 0.000220448 0.000353069 0.000501944 0.000651443 0.000787606 0.000899681 0.000980375 0.00102561 0.00103417 0.00100736 0.000948605 0.000863131 0.000757548 0.000639457 0.000516978 0.000398159 0.000290224 0.000198732 0.000126812 7.47982e-05 4.04775e-05 1.9974e-05 8.94958e-06 3.633e-06 1.33541e-06 4.44634e-07 1.34129e-07 3.6617e-08 9.00968e-09 1.97902e-09 3.80358e-10 6.12975e-11 7.47917e-12 4.93788e-13 0 
0 3.89137e-06 3.52767e-05 0.000151897 0.000428469 0.000894011 0.00150301 0.00217694 0.00284825 0.00346992 0.00400883 0.00444012 0.00474578 0.00491514 0.00494555 0.00484229 0.00461773 0.00428965 0.00387929 0.00340941 0.00290287 0.00238217 0.00186997 0.0013898 0.000965555 0.000618136 0.000359507 0.000187715 8.73317e-05 3.61105e-05 1.32937e-05 4.37515e-06 1.29269e-06 3.43673e-07 8.20928e-08 1.74831e-08 3.25775e-09 5.09399e-10 6.03828e-11 3.87904e-12 0 
0 1.70607e-05 0.000151897 0.000604839 0.0015025 0.00274036 0.00413737 0.00557766 0.00699006 0.00830924 0.00946858 0.0104072 0.0110775 0.0114501 0.0115163 0.0112872 0.0107915 0.0100719 0.00917958 0.00816955 0.00709482 0.00600195 0.00492796 0.00390035 0.00294183 0.00207843 0.00134505 0.000778186 0.000394363 0.000173136 6.58556e-05 2.18775e-05 6.41501e-06 1.67436e-06 3.90262e-07 8.08614e-08 1.46456e-08 2.22662e-09 2.56892e-10 1.60856e-11 0 
0 5.12408e-05 0.000428469 0.0015025 0.0032469 0.00536916 0.00770246 0.0101516 0.0126009 0.0149152 0.0169609 0.0186214 0.0198088 0.0204692 0.0205863 0.0201797 0.0193008 0.0180259 0.0164477 0.0146663 0.0127807 0.0108808 0.00904093 0.0073149 0.00573319 0.00430675 0.00304164 0.00196141 0.00111463 0.000541123 0.000221109 7.63866e-05 2.26752e-05 5.88338e-06 1.34868e-06 2.73318e-07 4.83041e-08 7.16239e-09 8.06387e-10 4.933e-11 0 
0 0.000117709 0.000894011 0.00274036 0.00536916 0.00849939 0.0120141 0.0157565 0.0195194 0.0230813 0.0262318 0.0287899 0.0306193 0.0316368 0.031817 0.0311903 0.0298359 0.0278715 0.0254403 0.0226972 0.0197956 0.016876 0.0140577 0.0114324 0.00905994 0.00696534 0.00514134 0.00356616 0.00224165 0.00121893 0.000551024 0.00020417 6.28261e-05 1.64595e-05 3.74784e-06 7.47777e-07 1.2957e-07 1.88076e-08 2.07278e-09 1.24218e-10 0 
0 0.000220448 0.00150301 0.00413737 0.00770246 0.0120141 0.016915 0.0221513 0.027421 0.0324106 0.0368244 0.0404088 0.0429734 0.044402 0.0446554 0.0437747 0.0418747 0.0391216 0.0357153 0.0318725 0.0278082 0.02372 0.019776 0.0161071 0.0128035 0.00991301 0.00744004 0.00534867 0.00358697 0.00214294 0.00107711 0.000436894 0.000142438 3.83e-05 8.75632e-06 1.73244e-06 2.95834e-07 4.22075e-08 4.5689e-09 2.69016e-10 0 
0 0.000353069 0.00217694 0.00557766 0.0101516 0.0157565 0.0221513 0.0289888 0.035871 0.0423882 0.0481599 0.0529093 0.0565422 0.05882 0.0592585 0.0577963 0.0549383 0.051186 0.0467079 0.041686 0.0363778 0.0310391 0.0258895 0.021101 0.016793 0.0130333 0.00983954 0.0071805 0.00498263 0.00317027 0.00174229 0.000776095 0.00027183 7.60647e-05 1.76382e-05 3.48464e-06 5.89397e-07 8.29877e-08 8.85361e-09 5.13714e-10 0 
0 0.000501944 0.00284825 0.00699006 0.0126009 0.0195194 0.027421 0.035871 0.0443772 0.0524498 0.0598975 0.0674137 0.0738502 0.0773836 0.0780206 0.0759517 0.0711062 0.0644361 0.0579237 0.0515758 0.0450052 0.0384071 0.0320435 0.026127 0.0208058 0.0161654 0.012233 0.00898254 0.00633647 0.00418413 0.00245297 0.00118641 0.000447751 0.000131503 3.11719e-05 6.18594e-06 1.0411e-06 1.45207e-07 1.53175e-08 8.78379e-10 0 
0 0.000651443 0.00346992 0.00830924 0.0149152 0.0230813 0.0324106 0.0423882 0.0524498 0.0624316 0.0738859 0.0830216 0.0875694 0.0896234 0.0900137 0.0888904 0.0859452 0.0800516 0.0704037 0.0611654 0.0531887 0.0453854 0.0378718 0.0308866 0.0246052 0.0191291 0.0144926 0.0106715 0.00758739 0.00511457 0.00312907 0.00161408 0.000652096 0.000201409 4.90217e-05 9.81299e-06 1.64933e-06 2.28612e-07 2.3915e-08 1.35902e-09 0 
0 0.000787606 0.00400883 0.00946858 0.0169609 0.0262318 0.0368244 0.0481599 0.0598975 0.0738859 0.0854858 0.0910975 0.0941121 0.0955942 0.0959011 0.0951116 0.0930991 0.0894224 0.0827936 0.071317 0.0605961 0.0515671 0.0430287 0.0350978 0.0279666 0.0217505 0.0164896 0.0121593 0.0086793 0.00591712 0.0037181 0.00200902 0.000858442 0.000277732 6.94514e-05 1.40538e-05 2.36493e-06 3.26611e-07 3.39689e-08 1.9176e-09 0 
0 0.000899681 0.00444012 0.0104072 0.0186214 0.0287899 0.0404088 0.0529093 0.0674137 0.0830216 0.0910975 0.0953884 0.0978577 0.0991155 0.0993899 0.0987366 0.0970803 0.0941632 0.0893132 0.0805599 0.0674564 0.0566426 0.0472191 0.0385188 0.0306972 0.0238799 0.0181111 0.0133656 0.00956027 0.00655835 0.00418825 0.00233504 0.00104059 0.000349777 8.96091e-05 1.83311e-05 3.0926e-06 4.26377e-07 4.4182e-08 2.483e-09 0 
0 0.000980375 0.00474578 0.0110775 0.0198088 0.0306193 0.0429734 0.0565422 0.0738502 0.0875694 0.0941121 0.0978577 0.100083 0.101237 0.101496 0.100909 0.0994171 0.0968301 0.0926785 0.0856927 0.073254 0.0604389 0.0502226 0.0409669 0.0326514 0.0254038 0.0192716 0.0142285 0.0101889 0.00701314 0.00452063 0.00256996 0.00117818 0.000407145 0.000106276 2.19403e-05 3.71223e-06 5.11606e-07 5.2911e-08 2.96587e-09 0 
0 0.00102561 0.00491514 0.0114501 0.0204692 0.0316368 0.044402 0.05882 0.0773836 0.0896234 0.0955942 0.0991155 0.101237 0.102345 0.102598 0.10204 0.10062 0.0981739 0.0943051 0.0879948 0.0765672 0.0627214 0.0519022 0.0423313 0.0337406 0.0262534 0.0199187 0.0147099 0.0105394 0.00726631 0.00470572 0.00270273 0.00125866 0.000442081 0.000116744 2.42506e-05 4.11324e-06 5.67138e-07 5.86256e-08 3.28323e-09 0 
0 0.00103417 0.00494555 0.0115163 0.0205863 0.031817 0.0446554 0.0592585 0.0780206 0.0900137 0.0959011 0.0993899 0.101496 0.102598 0.102851 0.102297 0.100888 0.0984624 0.0946356 0.0884243 0.077178 0.063155 0.0522057 0.0425776 0.0339377 0.0264077 0.0200368 0.0147983 0.0106045 0.00731423 0.00474226 0.00273084 0.00127717 0.000450735 0.000119496 2.48868e-05 4.22802e-06 5.83592e-07 6.03752e-08 3.38354e-09 0 
0 0.00100736 0.00484229 0.0112872 0.0201797 0.0311903 0.0437747 0.0577963 0.0759517 0.0888904 0.0951116 0.0987366 0.100909 0.10204 0.102297 0.101724 0.100271 0.0977589 0.0937628 0.0871605 0.0752114 0.0617217 0.0511791 0.0417463 0.0332752 0.0258921 0.0196451 0.0145082 0.0103948 0.00716523 0.00463676 0.00265874 0.0012356 0.000433448 0.000114509 2.38273e-05 4.05133e-06 5.60154e-07 5.80736e-08 3.26214e-09 0 
0 0.000948605 0.00461773 0.0107915 0.0193008 0.0298359 0.0418747 0.0549383 0.0711062 0.0859452 0.0930991 0.0970803 0.0994171 0.10062 0.100888 0.100271 0.0987049 0.0959725 0.0915281 0.0838293 0.0707753 0.0588108 0.0489619 0.0399436 0.0318378 0.0247726 0.0187943 0.0138774 0.0099378 0.00683841 0.00440282 0.00249701 0.00114184 0.000394361 0.000103172 2.1392e-05 3.63912e-06 5.04504e-07 5.24992e-08 2.96152e-09 0 
0 0.000863131 0.00428965 0.0100719 0.0180259 0.0278715 0.0391216 0.051186 0.0644361 0.0800516 0.0894224 0.0941632 0.0968301 0.0981739 0.0984624 0.0977589 0.0959725 0.0927912 0.0873734 0.0773735 0.0648515 0.0548456 0.0457522 0.037327 0.0297514 0.0231478 0.0175594 0.0129616 0.0092735 0.00636168 0.00406044 0.00226218 0.00100902 0.000340583 8.7884e-05 1.81385e-05 3.08958e-06 4.30205e-07 4.50338e-08 2.55733e-09 0 
0 0.000757548 0.00387929 0.00917958 0.0164477 0.0254403 0.0357153 0.0467079 0.0579237 0.0704037 0.0827936 0.0893132 0.0926785 0.0943051 0.0946356 0.0937628 0.0915281 0.0873734 0.0796464 0.0683378 0.0587306 0.0500614 0.0417825 0.0340885 0.0271694 0.0211376 0.016032 0.0118291 0.00845106 0.00576962 0.00363593 0.0019774 0.000854961 0.000281053 7.14996e-05 1.47112e-05 2.51525e-06 3.52805e-07 3.72655e-08 2.13683e-09 0 
0 0.000639457 0.00340941 0.00816955 0.0146663 0.0226972 0.0318725 0.041686 0.0515758 0.0611654 0.071317 0.0805599 0.0856927 0.0879948 0.0884243 0.0871605 0.0838293 0.0773735 0.0683378 0.0600941 0.0523596 0.0446926 0.0373045 0.0304354 0.0242579 0.0188719 0.0143117 0.0105543 0.00752469 0.00510276 0.00316408 0.00167411 0.000701286 0.00022521 5.67562e-05 1.16992e-05 2.01697e-06 2.86153e-07 3.06074e-08 1.77755e-09 0 
0 0.000516978 0.00290287 0.00709482 0.0127807 0.0197956 0.0278082 0.0363778 0.0450052 0.0531887 0.0605961 0.0674564 0.073254 0.0765672 0.077178 0.0752114 0.0707753 0.0648515 0.0587306 0.0523596 0.0457046 0.0390183 0.0325695 0.0265738 0.0211818 0.0164804 0.0124984 0.00921283 0.00655283 0.0044116 0.00269406 0.0013941 0.000571826 0.00018167 4.58448e-05 9.54011e-06 1.66681e-06 2.39917e-07 2.60282e-08 1.53168e-09 0 
0 0.000398159 0.00238217 0.00600195 0.0108808 0.016876 0.02372 0.0310391 0.0384071 0.0453854 0.0515671 0.0566426 0.0604389 0.0627214 0.063155 0.0617217 0.0588108 0.0548456 0.0500614 0.0446926 0.0390183 0.0333118 0.0278086 0.0226929 0.0180935 0.0140847 0.0106906 0.00788783 0.00561134 0.00377222 0.0022981 0.00118842 0.000489534 0.000157088 4.01783e-05 8.47923e-06 1.50072e-06 2.18426e-07 2.39147e-08 1.41757e-09 0 
0 0.000290224 0.00186997 0.00492796 0.00904093 0.0140577 0.019776 0.0258895 0.0320435 0.0378718 0.0430287 0.0472191 0.0502226 0.0519022 0.0522057 0.0511791 0.0489619 0.0457522 0.0417825 0.0373045 0.0325695 0.0278086 0.0232189 0.0189552 0.0151294 0.0118139 0.00903668 0.0067606 0.0048921 0.00334451 0.0020798 0.00110739 0.00047119 0.000155127 4.02772e-05 8.55531e-06 1.51595e-06 2.20225e-07 2.40231e-08 1.41717e-09 0 
0 0.000198732 0.0013898 0.00390035 0.0073149 0.0114324 0.0161071 0.021101 0.026127 0.0308866 0.0350978 0.0385188 0.0409669 0.0423313 0.0425776 0.0417463 0.0399436 0.037327 0.0340885 0.0304354 0.0265738 0.0226929 0.0189552 0.0154957 0.0124424 0.00994236 0.00808448 0.00668217 0.00530074 0.00375314 0.00230351 0.00121705 0.000526571 0.000175989 4.56418e-05 9.57297e-06 1.66731e-06 2.3786e-07 2.5494e-08 1.47922e-09 0 
0 0.000126812 0.000965555 0.00294183 0.00573319 0.00905994 0.0128035 0.016793 0.0208058 0.0246052 0.0279666 0.0306972 0.0326514 0.0337406 0.0339377 0.0332752 0.0318378 0.0297514 0.0271694 0.0242579 0.0211818 0.0180935 0.0151294 0.0124424 0.0103307 0.00937769 0.0100096 0.0112485 0.0108149 0.00789081 0.00429404 0.00186384 0.000701519 0.000220528 5.48822e-05 1.10782e-05 1.86534e-06 2.58423e-07 2.6994e-08 1.531e-09 0 
0 7.47982e-05 0.000618136 0.00207843 0.00430675 0.00696534 0.00991301 0.0130333 0.0161654 0.0191291 0.0217505 0.0238799 0.0254038 0.0262534 0.0264077 0.0258921 0.0247726 0.0231478 0.0211376 0.0188719 0.0164804 0.0140847 0.0118139 0.00994236 0.00937769 0.0121998 0.0199958 0.0338601 0.0409429 0.0232533 0.0116285 0.00417395 0.00118759 0.000302244 6.65956e-05 1.2437e-05 1.99178e-06 2.66539e-07 2.70933e-08 1.50169e-09 0 
0 4.04775e-05 0.000359507 0.00134505 0.00304164 0.00514134 0.00744004 0.00983954 0.012233 0.0144926 0.0164896 0.0181111 0.0192716 0.0199187 0.0200368 0.0196451 0.0187943 0.0175594 0.016032 0.0143117 0.0124984 0.0106906 0.00903668 0.00808448 0.0100096 0.0199958 0.0486598 0.0774719 0.0796274 0.0686401 0.027312 0.00910466 0.0021924 0.000436912 7.9077e-05 1.30051e-05 1.94274e-06 2.5055e-07 2.48618e-08 1.35212e-09 0 
0 1.9974e-05 0.000187715 0.000778186 0.00196141 0.00356616 0.00534867 0.0071805 0.00898254 0.0106715 0.0121593 0.0133656 0.0142285 0.0147099 0.0147983 0.0145082 0.0138774 0.0129616 0.0118291 0.0105543 0.00921283 0.00788783 0.0067606 0.00668217 0.0112485 0.0338601 0.0774719 0.085571 0.0865129 0.0821702 0.0590487 0.0146737 0.00332631 0.000572935 8.623e-05 1.22141e-05 1.67925e-06 2.08972e-07 2.03738e-08 1.09468e-09 0 
0 8.94958e-06 8.73317e-05 0.000394363 0.00111463 0.00224165 0.00358697 0.00498263 0.00633647 0.00758739 0.0086793 0.00956027 0.0101889 0.0105394 0.0106045 0.0103948 0.0099378 0.0092735 0.00845106 0.00752469 0.00655283 0.00561134 0.0048921 0.00530074 0.0108149 0.0409429 0.0796274 0.0865129 0.0874509 0.0840217 0.0685896 0.0165076 0.00359837 0.000582814 7.81534e-05 9.80646e-06 1.25317e-06 1.51882e-07 1.46897e-08 7.86531e-10 0 
0 3.633e-06 3.61105e-05 0.000173136 0.000541123 0.00121893 0.00214294 0.00317027 0.00418413 0.00511457 0.00591712 0.00655835 0.00701314 0.00726631 0.00731423 0.00716523 0.00683841 0.00636168 0.00576962 0.00510276 0.0044116 0.00377222 0.00334451 0.00375314 0.00789081 0.0232533 0.0686401 0.0821702 0.0840217 0.0785093 0.0431298 0.0119724 0.0026594 0.000424314 5.4171e-05 6.3931e-06 7.89055e-07 9.50634e-08 9.23656e-09 4.97604e-10 0 
0 1.33541e-06 1.32937e-05 6.58556e-05 0.000221109 0.000551024 0.00107711 0.00174229 0.00245297 0.00312907 0.0037181 0.00418825 0.00452063 0.00470572 0.00474226 0.00463676 0.00440282 0.00406044 0.00363593 0.00316408 0.00269406 0.0022981 0.0020798 0.00230351 0.00429404 0.0116285 0.027312 0.0590487 0.0685896 0.0431298 0.0179881 0.00593478 0.00133241 0.000215554 2.75976e-05 3.28527e-06 4.13939e-07 5.09615e-08 5.04376e-09 2.76053e-10 0 
0 4.44634e-07 4.37515e-06 2.18775e-05 7.63866e-05 0.00020417 0.000436894 0.000776095 0.00118641 0.00161408 0.00200902 0.00233504 0.00256996 0.00270273 0.00273084 0.00265874 0.00249701 0.00226218 0.0019774 0.00167411 0.0013941 0.00118842 0.00110739 0.00121705 0.00186384 0.00417395 0.00910466 0.0146737 0.0165076 0.0119724 0.00593478 0.00198113 0.000457168 7.67747e-05 1.03659e-05 1.33794e-06 1.81625e-07 2.34228e-08 2.39042e-09 1.34077e-10 0 
0 1.34129e-07 1.29269e-06 6.41501e-06 2.26752e-05 6.28261e-05 0.000142438 0.00027183 0.000447751 0.000652096 0.000858442 0.00104059 0.00117818 0.00125866 0.00127717 0.0012356 0.00114184 0.00100902 0.000854961 0.000701286 0.000571826 0.000489534 0.00047119 0.000526571 0.000701519 0.00118759 0.0021924 0.00332631 0.00359837 0.0026594 0.00133241 0.000457168 0.000110327 1.98306e-05 3.00547e-06 4.48443e-07 6.77657e-08 9.27826e-09 9.84642e-10 5.69972e-11 0 
0 3.6617e-08 3.43673e-07 1.67436e-06 5.88338e-06 1.64595e-05 3.83e-05 7.60647e-05 0.000131503 0.000201409 0.000277732 0.000349777 0.000407145 0.000442081 0.000450735 0.000433448 0.000394361 0.000340583 0.000281053 0.00022521 0.00018167 0.000157088 0.000155127 0.000175989 0.000220528 0.000302244 0.000436912 0.000572935 0.000582814 0.000424314 0.000215554 7.67747e-05 1.98306e-05 4.02895e-06 7.31771e-07 1.29888e-07 2.18708e-08 3.18431e-09 3.53035e-10 2.11997e-11 0 
0 9.00968e-09 8.20928e-08 3.90262e-07 1.34868e-06 3.74784e-06 8.75632e-06 1.76382e-05 3.11719e-05 4.90217e-05 6.94514e-05 8.96091e-05 0.000106276 0.000116744 0.000119496 0.000114509 0.000103172 8.7884e-05 7.14996e-05 5.67562e-05 4.58448e-05 4.01783e-05 4.02772e-05 4.56418e-05 5.48822e-05 6.65956e-05 7.9077e-05 8.623e-05 7.81534e-05 5.4171e-05 2.75976e-05 1.03659e-05 3.00547e-06 7.31771e-07 1.62328e-07 3.3445e-08 6.15121e-09 9.48567e-10 1.10104e-10 6.88248e-12 0 
0 1.97902e-09 1.74831e-08 8.08614e-08 2.73318e-07 7.47777e-07 1.73244e-06 3.48464e-06 6.18594e-06 9.81299e-06 1.40538e-05 1.83311e-05 2.19403e-05 2.42506e-05 2.48868e-05 2.38273e-05 2.1392e-05 1.81385e-05 1.47112e-05 1.16992e-05 9.54011e-06 8.47923e-06 8.55531e-06 9.57297e-06 1.10782e-05 1.2437e-05 1.30051e-05 1.22141e-05 9.80646e-06 6.3931e-06 3.28527e-06 1.33794e-06 4.48443e-07 1.29888e-07 3.3445e-08 7.62479e-09 1.50117e-09 2.44184e-10 2.96976e-11 1.9361e-12 0 
0 3.80358e-10 3.25775e-09 1.46456e-08 4.83041e-08 1.2957e-07 2.95834e-07 5.89397e-07 1.0411e-06 1.64933e-06 2.36493e-06 3.0926e-06 3.71223e-06 4.11324e-06 4.22802e-06 4.05133e-06 3.63912e-06 3.08958e-06 2.51525e-06 2.01697e-06 1.66681e-06 1.50072e-06 1.51595e-06 1.66731e-06 1.86534e-06 1.99178e-06 1.94274e-06 1.67925e-06 1.25317e-06 7.89055e-07 4.13939e-07 1.81625e-07 6.77657e-08 2.18708e-08 6.15121e-09 1.50117e-09 3.12704e-10 5.34993e-11 6.81577e-12 4.63744e-13 0 
0 6.12975e-11 5.09399e-10 2.22662e-09 7.16239e-09 1.88076e-08 4.22075e-08 8.29877e-08 1.45207e-07 2.28612e-07 3.26611e-07 4.26377e-07 5.11606e-07 5.67138e-07 5.83592e-07 5.60154e-07 5.04504e-07 4.30205e-07 3.52805e-07 2.86153e-07 2.39917e-07 2.18426e-07 2.20225e-07 2.3786e-07 2.58423e-07 2.66539e-07 2.5055e-07 2.08972e-07 1.51882e-07 9.50634e-08 5.09615e-08 2.34228e-08 9.27826e-09 3.18431e-09 9.48567e-10 2.44184e-10 5.34993e-11 9.60303e-12 1.28014e-12 9.08736e-14 0 
0 7.47917e-12 6.03828e-11 2.56892e-10 8.06387e-10 2.07278e-09 4.5689e-09 8.85361e-09 1.53175e-08 2.3915e-08 3.39689e-08 4.4182e-08 5.2911e-08 5.86256e-08 6.03752e-08 5.80736e-08 5.24992e-08 4.50338e-08 3.72655e-08 3.06074e-08 2.60282e-08 2.39147e-08 2.40231e-08 2.5494e-08 2.6994e-08 2.70933e-08 2.48618e-08 2.03738e-08 1.46897e-08 9.23656e-09 5.04376e-09 2.39042e-09 9.84642e-10 3.53035e-10 1.10104e-10 2.96976e-11 6.81577e-12 1.28014e-12 1.78245e-13 1.31874e-14 0 
0 4.93788e-13 3.87904e-12 1.60856e-11 4.933e-11 1.24218e-10 2.69016e-10 5.13714e-10 8.78379e-10 1.35902e-09 1.9176e-09 2.483e-09 2.96587e-09 3.28323e-09 3.38354e-09 3.26214e-09 2.96152e-09 2.55733e-09 2.13683e-09 1.77755e-09 1.53168e-09 1.41757e-09 1.41717e-09 1.47922e-09 1.531e-09 1.50169e-09 1.35212e-09 1.09468e-09 7.86531e-10 4.97604e-10 2.76053e-10 1.34077e-10 5.69972e-11 2.11997e-11 6.88248e-12 1.9361e-12 4.63744e-13 9.08736e-14 1.31874e-14 1.01529e-15 0 
0 0 0 0 0 0 0 0 0 0 0 0 0 0 0 0 0 0 0 0 0 0 0 0 0 0 0 0 0 0 0 0 0 0 0 0 0 0 0 0 0 
