0 0 0 0 0 0 0 0 0 0 0 0 0 0 0 0 0 0 0 0 0 0 0 0 0 0 0 0 0 0 0 0 0 0 0 0 0 0 0 0 0 
0 4.96347e-08 4.56734e-07 2.14597e-06 7.15437e-06 1.87318e-05 4.04466e-05 7.44135e-05 0.000119763 0.00017243 0.000226251 0.000274582 0.000311675 0.000333539 0.000338293 0.000326169 0.000299265 0.000261136 0.000216257 0.000169397 0.000124957 8.63564e-05 5.56059e-05 3.31827e-05 1.82652e-05 9.24057e-06 4.28711e-06 1.82241e-06 7.09984e-07 2.53738e-07 8.32797e-08 2.51206e-08 6.96186e-09 1.76878e-09 4.09761e-10 8.56094e-11 1.57877e-11 2.45943e-12 2.91865e-13 1.88364e-14 0 
0 4.56734e-07 4.36886e-06 2.10517e-05 7.04708e-05 0.000180742 0.000373898 0.000649559 0.000982362 0.00133348 0.00166393 0.00194203 0.00214559 0.00226163 0.00228545 0.0022197 0.00207325 0.00186022 0.00159882 0.00131021 0.00101717 0.00074205 0.000503995 0.000315661 0.000180749 9.40145e-05 4.42674e-05 1.88618e-05 7.28738e-06 2.56148e-06 8.21993e-07 2.41501e-07 6.50449e-08 1.60445e-08 3.6082e-09 7.32155e-10 1.31256e-10 1.99008e-11 2.30167e-12 1.44979e-13 0 
0 2.14597e-06 2.10517e-05 0.000101472 0.000327945 0.000784245 0.00148116 0.00234417 0.00326806 0.00416142 0.00495604 0.0056024 0.00606605 0.00632668 0.00637792 0.00622675 0.00589187 0.00540122 0.00478913 0.00409367 0.00335484 0.00261415 0.00191464 0.00129917 0.000803874 0.0004471 0.000221355 9.72486e-05 3.80281e-05 1.33263e-05 4.2177e-06 1.21357e-06 3.18797e-07 7.65372e-08 1.67403e-08 3.30424e-09 5.76642e-10 8.52037e-11 9.6162e-12 5.91905e-13 0 
0 7.15437e-06 7.04708e-05 0.000327945 0.00097758 0.00209764 0.00356611 0.00519837 0.00684916 0.00840983 0.00978953 0.0109115 0.0117168 0.0121691 0.0122563 0.0119904 0.0114051 0.0105503 0.00948703 0.00828073 0.00699577 0.00569135 0.00442065 0.00323454 0.00218738 0.00133589 0.00072057 0.000338322 0.000137934 4.92294e-05 1.55839e-05 4.43099e-06 1.14195e-06 2.67928e-07 5.71695e-08 1.10038e-08 1.87334e-09 2.70266e-10 2.98172e-11 1.79645e-12 0 
0 1.87318e-05 0.000180742 0.000784245 0.00209764 0.00404451 0.00636538 0.00885607 0.0113625 0.0137396 0.0158483 0.0175669 0.0188019 0.0194954 0.019628 0.0192183 0.0183183 0.0170064 0.0153781 0.0135367 0.0115837 0.00961092 0.0076944 0.00589308 0.00425443 0.00282897 0.00168062 0.000865315 0.000379104 0.000141413 4.56059e-05 1.29685e-05 3.30447e-06 7.61713e-07 1.59185e-07 2.99722e-08 4.99102e-09 7.04707e-10 7.61619e-11 4.50024e-12 0 
0 4.04466e-05 0.000373898 0.00148116 0.00356611 0.00636538 0.00959591 0.0130581 0.0165553 0.0198807 0.0228349 0.0252444 0.0269765 0.027949 0.0281345 0.0275591 0.026296 0.0244559 0.0221739 0.0195964 0.016868 0.0141203 0.0114633 0.00897971 0.00672402 0.00473142 0.0030414 0.00171887 0.00082329 0.000328403 0.00011004 3.17268e-05 8.0652e-06 1.83767e-06 3.7782e-07 6.98379e-08 1.14097e-08 1.58086e-09 1.6777e-10 9.74345e-12 0 
0 7.44135e-05 0.000649559 0.00234417 0.00519837 0.00885607 0.0130581 0.0175751 0.0221466 0.0264977 0.0303648 0.03352 0.0357886 0.0370626 0.0373059 0.0365525 0.0348987 0.0324896 0.0295028 0.0261308 0.0225641 0.0189767 0.0155154 0.0122918 0.00937938 0.00681515 0.00461508 0.0028097 0.00146791 0.000633567 0.00022412 6.63918e-05 1.6993e-05 3.85144e-06 7.82648e-07 1.42555e-07 2.29226e-08 3.12542e-09 3.26538e-10 1.86829e-11 0 
0 0.000119763 0.000982362 0.00326806 0.00684916 0.0113625 0.0165553 0.0221466 0.0278095 0.0332012 0.0379943 0.0419057 0.0447188 0.0462993 0.0466021 0.0456693 0.0436203 0.0406352 0.0369345 0.0327572 0.0283402 0.0239001 0.0196202 0.0156413 0.012058 0.00891802 0.00623032 0.00399232 0.00223936 0.00104383 0.000392974 0.000120811 3.13844e-05 7.11697e-06 1.43577e-06 2.58641e-07 4.10637e-08 5.52556e-09 5.69825e-10 3.21967e-11 0 
0 0.00017243 0.00133348 0.00416142 0.00840983 0.0137396 0.0198807 0.0264977 0.0332012 0.0395847 0.0452606 0.0498935 0.053227 0.0551016 0.0554626 0.0543594 0.0519342 0.0484008 0.0440203 0.0390759 0.0338484 0.028595 0.0235336 0.0188323 0.0146054 0.0109127 0.00776501 0.00514128 0.00303724 0.00151143 0.000605022 0.000193961 5.14265e-05 1.17225e-05 2.35683e-06 4.21294e-07 6.6244e-08 8.82176e-09 9.00314e-10 5.03591e-11 0 
0 0.000226251 0.00166393 0.00495604 0.00978953 0.0158483 0.0228349 0.0303648 0.0379943 0.0452606 0.0517228 0.0569997 0.0607999 0.06294 0.063355 0.0621003 0.0593391 0.055317 0.0503317 0.0447049 0.0387561 0.0327785 0.0270208 0.0216752 0.0168731 0.0126852 0.00912618 0.00616703 0.00377413 0.00197501 0.000834105 0.000278619 7.55685e-05 1.73666e-05 3.49005e-06 6.20854e-07 9.69532e-08 1.28123e-08 1.29732e-09 7.20108e-11 0 
0 0.000274582 0.00194203 0.0056024 0.0109115 0.0175669 0.0252444 0.03352 0.0419057 0.0498935 0.0569997 0.0628058 0.0669882 0.0693429 0.0698028 0.0684299 0.0653985 0.0609774 0.0554973 0.0493129 0.0427748 0.0362052 0.0298777 0.0240045 0.0187309 0.0141363 0.0102389 0.00700658 0.00438759 0.00237962 0.00104827 0.000362859 0.000100569 2.33266e-05 4.695e-06 8.33144e-07 1.29537e-07 1.703e-08 1.71516e-09 9.47058e-11 0 
0 0.000311675 0.00214559 0.00606605 0.0117168 0.0188019 0.0269765 0.0357886 0.0447188 0.053227 0.0607999 0.0669882 0.0714363 0.0739308 0.074421 0.0729779 0.0697693 0.0650683 0.059232 0.0526456 0.0456829 0.0386865 0.0319479 0.0256936 0.020079 0.0151896 0.0110466 0.00761664 0.00483765 0.00268577 0.00121885 0.000433523 0.000122316 2.86155e-05 5.77448e-06 1.0241e-06 1.58895e-07 2.0833e-08 2.09218e-09 1.15207e-10 0 
0 0.000333539 0.00226163 0.00632668 0.0121691 0.0194954 0.027949 0.0370626 0.0462993 0.0551016 0.06294 0.0693429 0.0739308 0.0764925 0.0769993 0.0755302 0.0722393 0.0673909 0.0613566 0.0545438 0.0473422 0.040105 0.0331339 0.0266635 0.0208551 0.015798 0.0115149 0.00797205 0.00510269 0.00287059 0.00132605 0.000479871 0.000137062 3.22819e-05 6.53392e-06 1.15996e-06 1.79994e-07 2.35944e-08 2.36905e-09 1.30458e-10 0 
0 0.000338293 0.00228545 0.00637792 0.0122563 0.019628 0.0281345 0.0373059 0.0466021 0.0554626 0.063355 0.0698028 0.074421 0.0769993 0.0775145 0.0760469 0.072747 0.0678758 0.0618065 0.0549519 0.0477046 0.0404203 0.0334025 0.0268878 0.021039 0.0159463 0.0116331 0.00806602 0.00517698 0.0029262 0.00136089 0.000496069 0.000142551 3.37232e-05 6.84786e-06 1.21897e-06 1.89633e-07 2.49247e-08 2.5101e-09 1.38698e-10 0 
0 0.000326169 0.0022197 0.00622675 0.0119904 0.0192183 0.0275591 0.0365525 0.0456693 0.0543594 0.0621003 0.0684299 0.0729779 0.0755302 0.0760469 0.0746031 0.0713583 0.0665801 0.0606334 0.0539159 0.0468108 0.0396672 0.0327833 0.0263913 0.0206511 0.0156515 0.0114154 0.00790988 0.00506929 0.00285797 0.00132517 0.000482195 0.00013864 3.28855e-05 6.70518e-06 1.19963e-06 1.87714e-07 2.48342e-08 2.51918e-09 1.40318e-10 0 
0 0.000299265 0.00207325 0.00589187 0.0114051 0.0183183 0.026296 0.0348987 0.0436203 0.0519342 0.0593391 0.0653985 0.0697693 0.0722393 0.072747 0.0713583 0.0682432 0.0636728 0.0579923 0.0515733 0.0447802 0.037948 0.0313622 0.0252449 0.0197491 0.0149594 0.0108977 0.00753196 0.00480194 0.00268324 0.00123056 0.000443963 0.000127298 3.02817e-05 6.21602e-06 1.12241e-06 1.77561e-07 2.37811e-08 2.44495e-09 1.38158e-10 0 
0 0.000261136 0.00186022 0.00540122 0.0105503 0.0170064 0.0244559 0.0324896 0.0406352 0.0484008 0.055317 0.0609774 0.0650683 0.0673909 0.0678758 0.0665801 0.0636728 0.0594131 0.0541188 0.0481325 0.0417945 0.0354179 0.0292694 0.0235558 0.0184198 0.0139399 0.0101353 0.00697571 0.00441006 0.0024307 0.00109723 0.000391554 0.000112097 2.68553e-05 5.58473e-06 1.0254e-06 1.6534e-07 2.26072e-08 2.37524e-09 1.37229e-10 0 
0 0.000216257 0.00159882 0.00478913 0.00948703 0.0153781 0.0221739 0.0295028 0.0369345 0.0440203 0.0503317 0.0554973 0.059232 0.0613566 0.0618065 0.0606334 0.0579923 0.0541188 0.0493005 0.0438497 0.038077 0.0322679 0.026665 0.0214564 0.0167713 0.0126798 0.00919797 0.00629802 0.00394171 0.00214019 0.000952238 0.000337985 9.74851e-05 2.37808e-05 5.06925e-06 9.5749e-07 1.59075e-07 2.24145e-08 2.42476e-09 1.43998e-10 0 
0 0.000169397 0.00131021 0.00409367 0.00828073 0.0135367 0.0195964 0.0261308 0.0327572 0.0390759 0.0447049 0.0493129 0.0526456 0.0545438 0.0549519 0.0539159 0.0515733 0.0481325 0.0438497 0.0390035 0.0338708 0.0287056 0.0237234 0.0190911 0.0149219 0.0112764 0.00816644 0.00556835 0.00345868 0.00186235 0.000827533 0.000297566 8.82147e-05 2.23209e-05 4.95253e-06 9.73291e-07 1.67786e-07 2.44336e-08 2.71909e-09 1.65318e-10 0 
0 0.000124957 0.00101717 0.00335484 0.00699577 0.0115837 0.016868 0.0225641 0.0283402 0.0338484 0.0387561 0.0427748 0.0456829 0.0473422 0.0477046 0.0468108 0.0447802 0.0417945 0.038077 0.0338708 0.0294171 0.0249372 0.0206182 0.0166041 0.0129917 0.00983061 0.00712912 0.00486888 0.00303697 0.00165676 0.000757829 0.000285162 8.92377e-05 2.38197e-05 5.53905e-06 1.13092e-06 2.00764e-07 2.98662e-08 3.3721e-09 2.06835e-10 0 
0 8.63564e-05 0.00074205 0.00261415 0.00569135 0.00961092 0.0141203 0.0189767 0.0239001 0.028595 0.0327785 0.0362052 0.0386865 0.040105 0.0404203 0.0396672 0.037948 0.0354179 0.0322679 0.0287056 0.0249372 0.0211516 0.0175081 0.0141283 0.0110928 0.00844184 0.00618162 0.00429557 0.00276411 0.00158695 0.000778695 0.000316571 0.000106102 2.97996e-05 7.15956e-06 1.48828e-06 2.66145e-07 3.95907e-08 4.4476e-09 2.70531e-10 0 
0 5.56059e-05 0.000503995 0.00191464 0.00442065 0.0076944 0.0114633 0.0155154 0.0196202 0.0235336 0.0270208 0.0298777 0.0319479 0.0331339 0.0334025 0.0327833 0.0313622 0.0292694 0.026665 0.0237234 0.0206182 0.0175081 0.0145269 0.0117766 0.0093263 0.00721481 0.00544766 0.00398512 0.002758 0.00172984 0.000932124 0.000411518 0.000145824 4.20232e-05 1.01322e-05 2.08669e-06 3.67246e-07 5.35939e-08 5.89921e-09 3.51536e-10 0 
0 3.31827e-05 0.000315661 0.00129917 0.00323454 0.00589308 0.00897971 0.0122918 0.0156413 0.0188323 0.0216752 0.0240045 0.0256936 0.0266635 0.0268878 0.0263913 0.0252449 0.0235558 0.0214564 0.0190911 0.0166041 0.0141283 0.0117766 0.00964002 0.00779856 0.00633124 0.00526037 0.00442381 0.00351545 0.00242447 0.00137632 0.000625059 0.000222769 6.29566e-05 1.46737e-05 2.91508e-06 4.96073e-07 7.01807e-08 7.50628e-09 4.3564e-10 0 
0 1.82652e-05 0.000180749 0.000803874 0.00218738 0.00425443 0.00672402 0.00937938 0.012058 0.0146054 0.0168731 0.0187309 0.020079 0.0208551 0.021039 0.0206511 0.0197491 0.0184198 0.0167713 0.0149219 0.0129917 0.0110928 0.0093263 0.00779856 0.00669122 0.00634452 0.00700723 0.00800008 0.0077263 0.00562192 0.00300754 0.00122063 0.000389288 9.91085e-05 2.09976e-05 3.87868e-06 6.27578e-07 8.54997e-08 8.86217e-09 5.00429e-10 0 
0 9.24057e-06 9.40145e-05 0.0004471 0.00133589 0.00282897 0.00473142 0.00681515 0.00891802 0.0109127 0.0126852 0.0141363 0.0151896 0.015798 0.0159463 0.0156515 0.0149594 0.0139399 0.0126798 0.0112764 0.00983061 0.00844184 0.00721481 0.00633124 0.00634452 0.00863482 0.0143756 0.0210155 0.0224615 0.0165785 0.00837856 0.00297225 0.000788795 0.000166581 2.96744e-05 4.8157e-06 7.22742e-07 9.43159e-08 9.48438e-09 5.22432e-10 0 
0 4.28711e-06 4.42674e-05 0.000221355 0.00072057 0.00168062 0.0030414 0.00461508 0.00623032 0.00776501 0.00912618 0.0102389 0.0110466 0.0115149 0.0116331 0.0114154 0.0108977 0.0101353 0.00919797 0.00816644 0.00712912 0.00618162 0.00544766 0.00526037 0.00700723 0.0143756 0.0303367 0.0489123 0.05501 0.0393691 0.0195424 0.00656589 0.00155068 0.000276816 4.05266e-05 5.50735e-06 7.43496e-07 9.2387e-08 9.04606e-09 4.88627e-10 0 
0 1.82241e-06 1.88618e-05 9.72486e-05 0.000338322 0.000865315 0.00171887 0.0028097 0.00399232 0.00514128 0.00616703 0.00700658 0.00761664 0.00797205 0.00806602 0.00790988 0.00753196 0.00697571 0.00629802 0.00556835 0.00486888 0.00429557 0.00398512 0.00442381 0.00800008 0.0210155 0.0489123 0.079062 0.0850879 0.066095 0.032084 0.0105947 0.0023869 0.000387035 4.89326e-05 5.60112e-06 6.70359e-07 7.91531e-08 7.5933e-09 4.05158e-10 0 
0 7.09984e-07 7.28738e-06 3.80281e-05 0.000137934 0.000379104 0.00082329 0.00146791 0.00223936 0.00303724 0.00377413 0.00438759 0.00483765 0.00510269 0.00517698 0.00506929 0.00480194 0.00441006 0.00394171 0.00345868 0.00303697 0.00276411 0.002758 0.00351545 0.0077263 0.0224615 0.05501 0.0850879 0.0893844 0.0742679 0.0357559 0.0116827 0.00258966 0.000402145 4.67938e-05 4.75681e-06 5.16105e-07 5.85528e-08 5.55899e-09 2.95632e-10 0 
0 2.53738e-07 2.56148e-06 1.33263e-05 4.92294e-05 0.000141413 0.000328403 0.000633567 0.00104383 0.00151143 0.00197501 0.00237962 0.00268577 0.00287059 0.0029262 0.00285797 0.00268324 0.0024307 0.00214019 0.00186235 0.00165676 0.00158695 0.00172984 0.00242447 0.00562192 0.0165785 0.0393691 0.066095 0.0742679 0.0535932 0.0263278 0.00865209 0.00191219 0.000292709 3.28922e-05 3.17331e-06 3.29974e-07 3.70182e-08 3.52917e-09 1.88944e-10 0 
0 8.32797e-08 8.21993e-07 4.2177e-06 1.55839e-05 4.56059e-05 0.00011004 0.00022412 0.000392974 0.000605022 0.000834105 0.00104827 0.00121885 0.00132605 0.00136089 0.00132517 0.00123056 0.00109723 0.000952238 0.000827533 0.000757829 0.000778695 0.000932124 0.00137632 0.00300754 0.00837856 0.0195424 0.032084 0.0357559 0.0263278 0.0130034 0.00428526 0.000952218 0.000146156 1.64571e-05 1.61149e-06 1.72603e-07 1.99127e-08 1.93844e-09 1.05531e-10 0 
0 2.51206e-08 2.41501e-07 1.21357e-06 4.43099e-06 1.29685e-05 3.17268e-05 6.63918e-05 0.000120811 0.000193961 0.000278619 0.000362859 0.000433523 0.000479871 0.000496069 0.000482195 0.000443963 0.000391554 0.000337985 0.000297566 0.000285162 0.000316571 0.000411518 0.000625059 0.00122063 0.00297225 0.00656589 0.0105947 0.0116827 0.00865209 0.00428526 0.00142322 0.000320288 5.00601e-05 5.87886e-06 6.28455e-07 7.44456e-08 9.14255e-09 9.21816e-10 5.14892e-11 0 
0 6.96186e-09 6.50449e-08 3.18797e-07 1.14195e-06 3.30447e-06 8.0652e-06 1.6993e-05 3.13844e-05 5.14265e-05 7.55685e-05 0.000100569 0.000122316 0.000137062 0.000142551 0.00013864 0.000127298 0.000112097 9.74851e-05 8.82147e-05 8.92377e-05 0.000106102 0.000145824 0.000222769 0.000389288 0.000788795 0.00155068 0.0023869 0.00258966 0.00191219 0.000952218 0.000320288 7.36268e-05 1.20342e-05 1.56435e-06 1.97665e-07 2.71731e-08 3.61206e-09 3.80462e-10 2.19557e-11 0 
0 1.76878e-09 1.60445e-08 7.65372e-08 2.67928e-07 7.61713e-07 1.83767e-06 3.85144e-06 7.11697e-06 1.17225e-05 1.73666e-05 2.33266e-05 2.86155e-05 3.22819e-05 3.37232e-05 3.28855e-05 3.02817e-05 2.68553e-05 2.37808e-05 2.23209e-05 2.38197e-05 2.97996e-05 4.20232e-05 6.29566e-05 9.91085e-05 0.000166581 0.000276816 0.000387035 0.000402145 0.000292709 0.000146156 5.00601e-05 1.20342e-05 2.17473e-06 3.40491e-07 5.38254e-08 8.61847e-09 1.23706e-09 1.36579e-10 8.18316e-12 0 
0 4.09761e-10 3.6082e-09 1.67403e-08 5.71695e-08 1.59185e-07 3.7782e-07 7.82648e-07 1.43577e-06 2.35683e-06 3.49005e-06 4.695e-06 5.77448e-06 6.53392e-06 6.84786e-06 6.70518e-06 6.21602e-06 5.58473e-06 5.06925e-06 4.95253e-06 5.53905e-06 7.15956e-06 1.01322e-05 1.46737e-05 2.09976e-05 2.96744e-05 4.05266e-05 4.89326e-05 4.67938e-05 3.28922e-05 1.64571e-05 5.87886e-06 1.56435e-06 3.40491e-07 6.83164e-08 1.33147e-08 2.40084e-09 3.68105e-10 4.26293e-11 2.66027e-12 0 
0 8.56094e-11 7.32155e-10 3.30424e-09 1.10038e-08 2.99722e-08 6.98379e-08 1.42555e-07 2.58641e-07 4.21294e-07 6.20854e-07 8.33144e-07 1.0241e-06 1.15996e-06 1.21897e-06 1.19963e-06 1.12241e-06 1.0254e-06 9.5749e-07 9.73291e-07 1.13092e-06 1.48828e-06 2.08669e-06 2.91508e-06 3.87868e-06 4.8157e-06 5.50735e-06 5.60112e-06 4.75681e-06 3.17331e-06 1.61149e-06 6.28455e-07 1.97665e-07 5.38254e-08 1.33147e-08 2.98206e-09 5.83568e-10 9.47131e-11 1.15031e-11 7.48994e-13 0 
0 1.57877e-11 1.31256e-10 5.76642e-10 1.87334e-09 4.99102e-09 1.14097e-08 2.29226e-08 4.10637e-08 6.6244e-08 9.69532e-08 1.29537e-07 1.58895e-07 1.79994e-07 1.89633e-07 1.87714e-07 1.77561e-07 1.6534e-07 1.59075e-07 1.67786e-07 2.00764e-07 2.66145e-07 3.67246e-07 4.96073e-07 6.27578e-07 7.22742e-07 7.43496e-07 6.70359e-07 5.16105e-07 3.29974e-07 1.72603e-07 7.44456e-08 2.71731e-08 8.61847e-09 2.40084e-09 5.83568e-10 1.21365e-10 2.07438e-11 2.64041e-12 1.79488e-13 0 
0 2.45943e-12 1.99008e-11 8.52037e-11 2.70266e-10 7.04707e-10 1.58086e-09 3.12542e-09 5.52556e-09 8.82176e-09 1.28123e-08 1.703e-08 2.0833e-08 2.35944e-08 2.49247e-08 2.48342e-08 2.37811e-08 2.26072e-08 2.24145e-08 2.44336e-08 2.98662e-08 3.95907e-08 5.35939e-08 7.01807e-08 8.54997e-08 9.43159e-08 9.2387e-08 7.91531e-08 5.85528e-08 3.70182e-08 1.99127e-08 9.14255e-09 3.61206e-09 1.23706e-09 3.68105e-10 9.47131e-11 2.07438e-11 3.7219e-12 4.9588e-13 3.51783e-14 0 
0 2.91865e-13 2.30167e-12 9.6162e-12 2.98172e-11 7.61619e-11 1.6777e-10 3.26538e-10 5.69825e-10 9.00314e-10 1.29732e-09 1.71516e-09 2.09218e-09 2.36905e-09 2.5101e-09 2.51918e-09 2.44495e-09 2.37524e-09 2.42476e-09 2.71909e-09 3.3721e-09 4.4476e-09 5.89921e-09 7.50628e-09 8.86217e-09 9.48438e-09 9.04606e-09 7.5933e-09 5.55899e-09 3.52917e-09 1.93844e-09 9.21816e-10 3.80462e-10 1.36579e-10 4.26293e-11 1.15031e-11 2.64041e-12 4.9588e-13 6.90273e-14 5.10485e-15 0 
0 1.88364e-14 1.44979e-13 5.91905e-13 1.79645e-12 4.50024e-12 9.74345e-12 1.86829e-11 3.21967e-11 5.03591e-11 7.20108e-11 9.47058e-11 1.15207e-10 1.30458e-10 1.38698e-10 1.40318e-10 1.38158e-10 1.37229e-10 1.43998e-10 1.65318e-10 2.06835e-10 2.70531e-10 3.51536e-10 4.3564e-10 5.00429e-10 5.22432e-10 4.88627e-10 4.05158e-10 2.95632e-10 1.88944e-10 1.05531e-10 5.14892e-11 2.19557e-11 8.18316e-12 2.66027e-12 7.48994e-13 1.79488e-13 3.51783e-14 5.10485e-15 3.92939e-16 0 
0 0 0 0 0 0 0 0 0 0 0 0 0 0 0 0 0 0 0 0 0 0 0 0 0 0 0 0 0 0 0 0 0 0 0 0 0 0 0 0 0 
