0 0 0 0 0 0 0 0 0 0 0 0 0 0 0 0 0 0 0 0 0 0 0 0 0 0 0 0 0 0 0 0 0 0 0 0 0 0 0 0 0 
0 2.94597e-07 2.64275e-06 1.18036e-05 3.64244e-05 8.64259e-05 0.000167335 0.00027631 0.000403093 0.000534019 0.00065577 0.000757488 0.000831499 0.000873335 0.000881474 0.000856997 0.000803221 0.000725295 0.000629785 0.000524187 0.000416367 0.000313854 0.000223026 0.000148307 9.15827e-05 5.2135e-05 2.7187e-05 1.29259e-05 5.5874e-06 2.19366e-06 7.82434e-07 2.53723e-07 7.48187e-08 2.00363e-08 4.85141e-09 1.05159e-09 1.99928e-10 3.19366e-11 3.86894e-12 2.5396e-13 0 
0 2.64275e-06 2.433e-05 0.000108052 0.000318578 0.000698055 0.00122683 0.00184019 0.00246913 0.0030604 0.00357638 0.0039904 0.00428421 0.00444735 0.00447727 0.00437898 0.00416421 0.0038499 0.00345652 0.0030065 0.0025232 0.00203066 0.0015538 0.001118 0.00074676 0.000456836 0.000252864 0.000125512 5.56223e-05 2.20093e-05 7.80099e-06 2.48766e-06 7.16379e-07 1.8657e-07 4.38401e-08 9.2159e-09 1.69974e-09 2.63645e-10 3.10543e-11 1.98501e-12 0 
0 1.18036e-05 0.000108052 0.000452768 0.00119755 0.00230826 0.00362129 0.00499723 0.00634833 0.00760702 0.00871061 0.00960285 0.0102398 0.0105942 0.010658 0.0104417 0.0099722 0.00928944 0.00844141 0.00747921 0.00645212 0.00540374 0.00437021 0.00338211 0.00246996 0.00167014 0.00102263 0.000555197 0.000263437 0.000108768 3.92618e-05 1.251e-05 3.553e-06 9.05406e-07 2.0729e-07 4.23789e-08 7.59902e-09 1.14662e-09 1.31537e-10 8.20062e-12 0 
0 3.64244e-05 0.000318578 0.00119755 0.00276346 0.00476671 0.00699136 0.00931922 0.0116402 0.0138303 0.0157653 0.0173362 0.0184599 0.0190857 0.0191978 0.0188146 0.0179846 0.0167797 0.0152872 0.0136013 0.0118148 0.0100113 0.00825918 0.00660714 0.00508441 0.00370894 0.00250524 0.00151877 0.000800437 0.000358957 0.000136476 4.44968e-05 1.26561e-05 3.18613e-06 7.15158e-07 1.42812e-07 2.49788e-08 3.67651e-09 4.11727e-10 2.50892e-11 0 
0 8.64259e-05 0.000698055 0.00230826 0.00476671 0.00774041 0.0110693 0.0146058 0.0181596 0.0215242 0.024501 0.0269192 0.0286495 0.029613 0.0297853 0.0291947 0.0279161 0.0260604 0.0237631 0.0211703 0.0184267 0.0156647 0.0129959 0.0105046 0.00824379 0.00623427 0.00447326 0.00296183 0.00173842 0.000867239 0.000358416 0.000122886 3.56784e-05 8.98228e-06 1.99226e-06 3.90712e-07 6.69316e-08 9.64117e-09 1.057e-09 6.31123e-11 0 
0 0.000167335 0.00122683 0.00362129 0.00699136 0.0110693 0.0156947 0.0206356 0.0256098 0.030322 0.0344925 0.0378809 0.0403056 0.041656 0.0418974 0.0410695 0.0392773 0.0366769 0.0334582 0.0298263 0.0259846 0.0221199 0.0183903 0.0149186 0.0117875 0.00903782 0.00666878 0.00464954 0.00295861 0.00163366 0.000745275 0.000274874 8.30596e-05 2.11925e-05 4.68533e-06 9.0779e-07 1.52992e-07 2.16457e-08 2.33039e-09 1.36713e-10 0 
0 0.00027631 0.00184019 0.00499723 0.00931922 0.0146058 0.0206356 0.0270863 0.0335833 0.0397394 0.0451887 0.0496224 0.0528144 0.0546133 0.054938 0.0538294 0.0514573 0.048046 0.0438378 0.039093 0.0340752 0.0290284 0.0241603 0.0196326 0.0155569 0.0119942 0.0089558 0.00640602 0.00428246 0.00255526 0.00127998 0.000513282 0.000163874 4.28975e-05 9.53376e-06 1.83574e-06 3.05734e-07 4.26428e-08 4.52258e-09 2.61413e-10 0 
0 0.000403093 0.00246913 0.00634833 0.0116402 0.0181596 0.0256098 0.0335833 0.0416154 0.049228 0.0559969 0.0616592 0.0660386 0.0686917 0.06919 0.0675283 0.0641334 0.059612 0.0543128 0.0484311 0.0422271 0.0359889 0.0299727 0.0243792 0.0193476 0.0149568 0.0112284 0.00813044 0.00558492 0.00350813 0.00189471 0.000823727 0.000279887 7.58402e-05 1.70636e-05 3.28242e-06 5.42463e-07 7.48482e-08 7.84401e-09 4.47957e-10 0 
0 0.000534019 0.0030604 0.00760702 0.0138303 0.0215242 0.030322 0.0397394 0.049228 0.0582637 0.0666057 0.074222 0.0799444 0.0829421 0.0834796 0.0817251 0.0775692 0.0713812 0.064443 0.0573076 0.0499552 0.0425865 0.0354818 0.0288773 0.0229384 0.0177594 0.0133699 0.00974074 0.00678929 0.00440154 0.00251025 0.00116891 0.000422195 0.000118901 2.72101e-05 5.25037e-06 8.64015e-07 1.18303e-07 1.22859e-08 6.95023e-10 0 
0 0.00065577 0.00357638 0.00871061 0.0157653 0.024501 0.0344925 0.0451887 0.0559969 0.0666057 0.0771128 0.0853339 0.0899457 0.0921277 0.0925357 0.0913095 0.0882109 0.0825532 0.0742143 0.0653555 0.0568183 0.0484296 0.0403603 0.0328604 0.0261175 0.0202394 0.0152617 0.0111562 0.00783809 0.00517807 0.00306375 0.00150437 0.000573195 0.00016761 3.90832e-05 7.58368e-06 1.24601e-06 1.69748e-07 1.75136e-08 9.83824e-10 0 
0 0.000757488 0.0039904 0.00960285 0.0173362 0.0269192 0.0378809 0.0496224 0.0616592 0.074222 0.0853339 0.0918856 0.0954763 0.0972407 0.097589 0.0966152 0.0941793 0.0898164 0.0825013 0.072424 0.0624938 0.0531873 0.0443274 0.0360995 0.0287026 0.0222557 0.0167987 0.0123034 0.00868289 0.0058 0.0035138 0.00179187 0.000712152 0.000215102 5.10528e-05 9.97095e-06 1.63854e-06 2.22573e-07 2.28651e-08 1.27826e-09 0 
0 0.000831499 0.00428421 0.0102398 0.0184599 0.0286495 0.0403056 0.0528144 0.0660386 0.0799444 0.0899457 0.0954763 0.0986193 0.100198 0.10052 0.0996613 0.0975208 0.0937593 0.0875621 0.0778353 0.0667462 0.0566149 0.0471711 0.038421 0.0305557 0.0237012 0.0179005 0.013125 0.009286 0.00624207 0.0038359 0.00200481 0.000820717 0.000254017 6.11568e-05 1.20162e-05 1.97692e-06 2.68195e-07 2.74864e-08 1.5323e-09 0 
0 0.000873335 0.00444735 0.0105942 0.0190857 0.029613 0.041656 0.0546133 0.0686917 0.0829421 0.0921277 0.0972407 0.100198 0.101698 0.10201 0.101201 0.0991853 0.0956746 0.0899762 0.0808098 0.0692523 0.0585489 0.0487615 0.0397196 0.0315927 0.0245106 0.0185179 0.0135857 0.00962425 0.00649006 0.00401797 0.00212831 0.000886273 0.000278424 6.7662e-05 1.33538e-05 2.20031e-06 2.98508e-07 3.05727e-08 1.70275e-09 0 
0 0.000881474 0.00447727 0.010658 0.0191978 0.0297853 0.0418974 0.054938 0.06919 0.0834796 0.0925357 0.097589 0.10052 0.10201 0.10232 0.101519 0.0995222 0.0960486 0.0904249 0.0813591 0.0697298 0.0589094 0.0490573 0.0399622 0.0317877 0.0246639 0.018636 0.0136751 0.00969134 0.00654112 0.00405782 0.00215759 0.000903119 0.000285141 6.95521e-05 1.376e-05 2.27084e-06 3.0843e-07 3.16192e-08 1.76263e-09 0 
0 0.000856997 0.00437898 0.0104417 0.0188146 0.0291947 0.0410695 0.0538294 0.0675283 0.0817251 0.0913095 0.0966152 0.0996613 0.101201 0.101519 0.100688 0.0986148 0.0949903 0.0890688 0.0796099 0.0681958 0.0577424 0.0481041 0.0391868 0.0311709 0.0241851 0.0182733 0.0134073 0.00949806 0.00640373 0.00396186 0.00209631 0.000872353 0.000274231 6.67791e-05 1.32177e-05 2.18512e-06 2.97493e-07 3.05807e-08 1.70969e-09 0 
0 0.000803221 0.00416421 0.0099722 0.0179846 0.0279161 0.0392773 0.0514573 0.0641334 0.0775692 0.0882109 0.0941793 0.0975208 0.0991853 0.0995222 0.0986148 0.0963476 0.0923325 0.0856528 0.0756139 0.0649819 0.0552212 0.0460254 0.0374935 0.0298228 0.0231369 0.0174779 0.0128182 0.00907071 0.00609687 0.00374438 0.0019556 0.000801156 0.000248784 6.02277e-05 1.19133e-05 1.9743e-06 2.69884e-07 2.78786e-08 1.56696e-09 0 
0 0.000725295 0.0038499 0.00928944 0.0167797 0.0260604 0.0366769 0.048046 0.059612 0.0713812 0.0825532 0.0898164 0.0937593 0.0956746 0.0960486 0.0949903 0.0923325 0.0875272 0.079654 0.0699043 0.0605461 0.0515839 0.0430043 0.0350316 0.0278626 0.021613 0.0163217 0.0119616 0.00844827 0.00564859 0.00342717 0.00175366 0.000701791 0.00021416 5.1445e-05 1.0175e-05 1.69362e-06 2.33075e-07 2.42673e-08 1.37563e-09 0 
0 0.000629785 0.00345652 0.00844141 0.0152872 0.0237631 0.0334582 0.0438378 0.0543128 0.064443 0.0742143 0.0825013 0.0875621 0.0899762 0.0904249 0.0890688 0.0856528 0.079654 0.0716596 0.0634131 0.0552218 0.0470928 0.0392626 0.0319829 0.0254362 0.0197278 0.0148924 0.0109035 0.00767917 0.00509506 0.00304025 0.00151579 0.000590318 0.000176921 4.22515e-05 8.38315e-06 1.40694e-06 1.95728e-07 2.06248e-08 1.18378e-09 0 
0 0.000524187 0.0030065 0.00747921 0.0136013 0.0211703 0.0298263 0.039093 0.0484311 0.0573076 0.0653555 0.072424 0.0778353 0.0808098 0.0813591 0.0796099 0.0756139 0.0699043 0.0634131 0.0564887 0.0492722 0.0420277 0.0350407 0.0285445 0.0227017 0.0176058 0.0132865 0.0097169 0.00681903 0.00448153 0.00262422 0.0012747 0.00048497 0.000143708 3.43697e-05 6.88728e-06 1.17241e-06 1.65715e-07 1.77477e-08 1.03484e-09 0 
0 0.000416367 0.0025232 0.00645212 0.0118148 0.0184267 0.0259846 0.0340752 0.0422271 0.0499552 0.0568183 0.0624938 0.0667462 0.0692523 0.0697298 0.0681958 0.0649819 0.0605461 0.0552218 0.0492722 0.0429895 0.0366711 0.0305774 0.024912 0.0198166 0.0153717 0.0116015 0.00847877 0.00593167 0.00386747 0.00223436 0.00106983 0.000404193 0.000120332 2.91786e-05 5.95439e-06 1.03323e-06 1.48749e-07 1.61992e-08 9.58572e-10 0 
0 0.000313854 0.00203066 0.00540374 0.0100113 0.0156647 0.0221199 0.0290284 0.0359889 0.0425865 0.0484296 0.0531873 0.0566149 0.0585489 0.0589094 0.0577424 0.0552212 0.0515839 0.0470928 0.0420277 0.0366711 0.0312849 0.0260917 0.0212653 0.0169264 0.0131434 0.00993552 0.0072763 0.0051022 0.00333772 0.00194234 0.000943604 0.000364369 0.000111224 2.76136e-05 5.74765e-06 1.01303e-06 1.47572e-07 1.62095e-08 9.6483e-10 0 
0 0.000223026 0.0015538 0.00437021 0.00825918 0.0129959 0.0183903 0.0241603 0.0299727 0.0354818 0.0403603 0.0443274 0.0471711 0.0487615 0.0490573 0.0481041 0.0460254 0.0430043 0.0392626 0.0350407 0.0305774 0.0260917 0.0217701 0.0177586 0.0141617 0.0110459 0.00843437 0.00628851 0.00451706 0.00303959 0.00183396 0.00093281 0.000377098 0.00011905 3.01058e-05 6.30965e-06 1.11189e-06 1.61298e-07 1.76033e-08 1.0397e-09 0 
0 0.000148307 0.001118 0.00338211 0.00660714 0.0105046 0.0149186 0.0196326 0.0243792 0.0288773 0.0328604 0.0360995 0.038421 0.0397196 0.0399622 0.0391868 0.0374935 0.0350316 0.0319829 0.0285445 0.024912 0.0212653 0.0177586 0.0145194 0.0116676 0.00933903 0.00761201 0.00630379 0.00500024 0.00352527 0.00213371 0.00109263 0.000451799 0.000144677 3.64399e-05 7.51997e-06 1.29929e-06 1.84654e-07 1.97548e-08 1.14504e-09 0 
0 9.15827e-05 0.00074676 0.00246996 0.00508441 0.00824379 0.0117875 0.0155569 0.0193476 0.0229384 0.0261175 0.0287026 0.0305557 0.0315927 0.0317877 0.0311709 0.0298228 0.0278626 0.0254362 0.0227017 0.0198166 0.0169264 0.0141617 0.0116676 0.00972316 0.00887169 0.00950908 0.010707 0.0103 0.00751252 0.00407859 0.00175052 0.000637046 0.000191049 4.58105e-05 9.05183e-06 1.50818e-06 2.0786e-07 2.16493e-08 1.22545e-09 0 
0 5.2135e-05 0.000456836 0.00167014 0.00370894 0.00623427 0.00903782 0.0119942 0.0149568 0.0177594 0.0202394 0.0222557 0.0237012 0.0245106 0.0246639 0.0241851 0.0231369 0.021613 0.0197278 0.0176058 0.0153717 0.0131434 0.0110459 0.00933903 0.00887169 0.0116055 0.019059 0.0288889 0.0338599 0.0219086 0.0110867 0.0039732 0.0011167 0.00027323 5.74913e-05 1.04213e-05 1.64531e-06 2.18789e-07 2.21671e-08 1.22598e-09 0 
0 2.7187e-05 0.000252864 0.00102263 0.00250524 0.00447326 0.00666878 0.0089558 0.0112284 0.0133699 0.0152617 0.0167987 0.0179005 0.0185179 0.018636 0.0182733 0.0174779 0.0163217 0.0148924 0.0132865 0.0116015 0.00993552 0.00843437 0.00761201 0.00950908 0.019059 0.0416811 0.0754099 0.0799147 0.0607152 0.0258005 0.00868147 0.00208438 0.000406304 7.02353e-05 1.1108e-05 1.62648e-06 2.08104e-07 2.05789e-08 1.11685e-09 0 
0 1.29259e-05 0.000125512 0.000555197 0.00151877 0.00296183 0.00464954 0.00640602 0.00813044 0.00974074 0.0111562 0.0123034 0.013125 0.0135857 0.0136751 0.0134073 0.0128182 0.0119616 0.0109035 0.0097169 0.00847877 0.0072763 0.00628851 0.00630379 0.010707 0.0288889 0.0754099 0.0873784 0.0889122 0.0832247 0.0512002 0.0139858 0.00316945 0.000539613 7.81756e-05 1.05965e-05 1.41906e-06 1.74818e-07 1.69815e-08 9.10645e-10 0 
0 5.5874e-06 5.56223e-05 0.000263437 0.000800437 0.00173842 0.00295861 0.00428246 0.00558492 0.00678929 0.00783809 0.00868289 0.009286 0.00962425 0.00969134 0.00949806 0.00907071 0.00844827 0.00767917 0.00681903 0.00593167 0.0051022 0.00451706 0.00500024 0.0103 0.0338599 0.0799147 0.0889122 0.09012 0.0855384 0.0610136 0.01543 0.00343008 0.0005511 7.16169e-05 8.59918e-06 1.06574e-06 1.27624e-07 1.22962e-08 6.57218e-10 0 
0 2.19366e-06 2.20093e-05 0.000108768 0.000358957 0.000867239 0.00163366 0.00255526 0.00350813 0.00440154 0.00517807 0.0058 0.00624207 0.00649006 0.00654112 0.00640373 0.00609687 0.00564859 0.00509506 0.00448153 0.00386747 0.00333772 0.00303959 0.00352527 0.00751252 0.0219086 0.0607152 0.0832247 0.0855384 0.0784141 0.0371052 0.0114189 0.00253462 0.000401068 4.97591e-05 5.62982e-06 6.73128e-07 8.00831e-08 7.75217e-09 4.16988e-10 0 
0 7.82434e-07 7.80099e-06 3.92618e-05 0.000136476 0.000358416 0.000745275 0.00127998 0.00189471 0.00251025 0.00306375 0.0035138 0.0038359 0.00401797 0.00405782 0.00396186 0.00374438 0.00342717 0.00304025 0.00262422 0.00223436 0.00194234 0.00183396 0.00213371 0.00407859 0.0110867 0.0258005 0.0512002 0.0610136 0.0371052 0.0171572 0.00565981 0.00126849 0.000202907 2.5237e-05 2.88593e-06 3.53043e-07 4.29781e-08 4.24013e-09 2.31769e-10 0 
0 2.53723e-07 2.48766e-06 1.251e-05 4.44968e-05 0.000122886 0.000274874 0.000513282 0.000823727 0.00116891 0.00150437 0.00179187 0.00200481 0.00212831 0.00215759 0.00209631 0.0019556 0.00175366 0.00151579 0.0012747 0.00106983 0.000943604 0.00093281 0.00109263 0.00175052 0.0039732 0.00868147 0.0139858 0.01543 0.0114189 0.00565981 0.00188783 0.000433432 7.16095e-05 9.37452e-06 1.16572e-06 1.54487e-07 1.97568e-08 2.01155e-09 1.1271e-10 0 
0 7.48187e-08 7.16379e-07 3.553e-06 1.26561e-05 3.56784e-05 8.30596e-05 0.000163874 0.000279887 0.000422195 0.000573195 0.000712152 0.000820717 0.000886273 0.000903119 0.000872353 0.000801156 0.000701791 0.000590318 0.00048497 0.000404193 0.000364369 0.000377098 0.000451799 0.000637046 0.0011167 0.00208438 0.00316945 0.00343008 0.00253462 0.00126849 0.000433432 0.000103444 1.8196e-05 2.67037e-06 3.86295e-07 5.74391e-08 7.82439e-09 8.29088e-10 4.79551e-11 0 
0 2.00363e-08 1.8657e-07 9.05406e-07 3.18613e-06 8.98228e-06 2.11925e-05 4.28975e-05 7.58402e-05 0.000118901 0.00016761 0.000215102 0.000254017 0.000278424 0.000285141 0.000274231 0.000248784 0.00021416 0.000176921 0.000143708 0.000120332 0.000111224 0.00011905 0.000144677 0.000191049 0.00027323 0.000406304 0.000539613 0.0005511 0.000401068 0.000202907 7.16095e-05 1.8196e-05 3.60582e-06 6.36496e-07 1.1072e-07 1.84868e-08 2.68475e-09 2.97376e-10 1.78468e-11 0 
0 4.85141e-09 4.38401e-08 2.0729e-07 7.15158e-07 1.99226e-06 4.68533e-06 9.53376e-06 1.70636e-05 2.72101e-05 3.90832e-05 5.10528e-05 6.11568e-05 6.7662e-05 6.95521e-05 6.67791e-05 6.02277e-05 5.1445e-05 4.22515e-05 3.43697e-05 2.91786e-05 2.76136e-05 3.01058e-05 3.64399e-05 4.58105e-05 5.74913e-05 7.02353e-05 7.81756e-05 7.16169e-05 4.97591e-05 2.5237e-05 9.37452e-06 2.67037e-06 6.36496e-07 1.38739e-07 2.83215e-08 5.19141e-09 7.99657e-10 9.27673e-11 5.79616e-12 0 
0 1.05159e-09 9.2159e-09 4.23789e-08 1.42812e-07 3.90712e-07 9.0779e-07 1.83574e-06 3.28242e-06 5.25037e-06 7.58368e-06 9.97095e-06 1.20162e-05 1.33538e-05 1.376e-05 1.32177e-05 1.19133e-05 1.0175e-05 8.38315e-06 6.88728e-06 5.95439e-06 5.74765e-06 6.30965e-06 7.51997e-06 9.05183e-06 1.04213e-05 1.1108e-05 1.05965e-05 8.59918e-06 5.62982e-06 2.88593e-06 1.16572e-06 3.86295e-07 1.1072e-07 2.83215e-08 6.43769e-09 1.26605e-09 2.05837e-10 2.50247e-11 1.63089e-12 0 
0 1.99928e-10 1.69974e-09 7.59902e-09 2.49788e-08 6.69316e-08 1.52992e-07 3.05734e-07 5.42463e-07 8.64015e-07 1.24601e-06 1.63854e-06 1.97692e-06 2.20031e-06 2.27084e-06 2.18512e-06 1.9743e-06 1.69362e-06 1.40694e-06 1.17241e-06 1.03323e-06 1.01303e-06 1.11189e-06 1.29929e-06 1.50818e-06 1.64531e-06 1.62648e-06 1.41906e-06 1.06574e-06 6.73128e-07 3.53043e-07 1.54487e-07 5.74391e-08 1.84868e-08 5.19141e-09 1.26605e-09 2.6364e-10 4.5094e-11 5.74356e-12 3.90691e-13 0 
0 3.19366e-11 2.63645e-10 1.14662e-09 3.67651e-09 9.64117e-09 2.16457e-08 4.26428e-08 7.48482e-08 1.18303e-07 1.69748e-07 2.22573e-07 2.68195e-07 2.98508e-07 3.0843e-07 2.97493e-07 2.69884e-07 2.33075e-07 1.95728e-07 1.65715e-07 1.48749e-07 1.47572e-07 1.61298e-07 1.84654e-07 2.0786e-07 2.18789e-07 2.08104e-07 1.74818e-07 1.27624e-07 8.00831e-08 4.29781e-08 1.97568e-08 7.82439e-09 2.68475e-09 7.99657e-10 2.05837e-10 4.5094e-11 8.09338e-12 1.07873e-12 7.65624e-14 0 
0 3.86894e-12 3.10543e-11 1.31537e-10 4.11727e-10 1.057e-09 2.33039e-09 4.52258e-09 7.84401e-09 1.22859e-08 1.75136e-08 2.28651e-08 2.74864e-08 3.05727e-08 3.16192e-08 3.05807e-08 2.78786e-08 2.42673e-08 2.06248e-08 1.77477e-08 1.61992e-08 1.62095e-08 1.76033e-08 1.97548e-08 2.16493e-08 2.21671e-08 2.05789e-08 1.69815e-08 1.22962e-08 7.75217e-09 4.24013e-09 2.01155e-09 8.29088e-10 2.97376e-10 9.27673e-11 2.50247e-11 5.74356e-12 1.07873e-12 1.5019e-13 1.11105e-14 0 
0 2.5396e-13 1.98501e-12 8.20062e-12 2.50892e-11 6.31123e-11 1.36713e-10 2.61413e-10 4.47957e-10 6.95023e-10 9.83824e-10 1.27826e-09 1.5323e-09 1.70275e-09 1.76263e-09 1.70969e-09 1.56696e-09 1.37563e-09 1.18378e-09 1.03484e-09 9.58572e-10 9.6483e-10 1.0397e-09 1.14504e-09 1.22545e-09 1.22598e-09 1.11685e-09 9.10645e-10 6.57218e-10 4.16988e-10 2.31769e-10 1.1271e-10 4.79551e-11 1.78468e-11 5.79616e-12 1.63089e-12 3.90691e-13 7.65624e-14 1.11105e-14 8.55341e-16 0 
0 0 0 0 0 0 0 0 0 0 0 0 0 0 0 0 0 0 0 0 0 0 0 0 0 0 0 0 0 0 0 0 0 0 0 0 0 0 0 0 0 
