0 0 0 0 0 0 0 0 0 0 0 0 0 0 0 0 0 0 0 0 0 0 0 0 0 0 0 0 0 0 0 0 0 0 0 0 0 0 0 0 0 
0 3.85846e-07 3.43978e-06 1.51783e-05 4.6014e-05 0.000106872 0.000202399 0.000327453 0.000469472 0.000613365 0.000745281 0.000854363 0.000933157 0.000977441 0.000985898 0.000959758 0.000902432 0.000819132 0.000716479 0.000602074 0.000483995 0.000370169 0.000267589 0.00018147 0.000114539 6.6757e-05 3.56733e-05 1.73796e-05 7.69071e-06 3.08572e-06 1.1223e-06 3.70208e-07 1.10783e-07 3.00385e-08 7.34914e-09 1.60672e-09 3.07623e-10 4.94217e-11 6.01502e-12 3.96318e-13 0 
0 3.43978e-06 3.13514e-05 0.000136451 0.000390762 0.000828804 0.00141378 0.00207074 0.00273078 0.00334453 0.0038774 0.00430405 0.00460647 0.00477412 0.00480441 0.00470257 0.00448075 0.00415646 0.00375067 0.003286 0.00278546 0.00227204 0.00176921 0.00130137 0.000892644 0.000562953 0.000322017 0.00016526 7.56014e-05 3.0782e-05 1.11812e-05 3.63887e-06 1.06537e-06 2.81166e-07 6.67709e-08 1.41546e-08 2.62798e-09 4.09758e-10 4.84635e-11 3.1079e-12 0 
0 1.51783e-05 0.000136451 0.000552925 0.00140264 0.00260427 0.00397917 0.00540229 0.00679741 0.00809895 0.00924182 0.0101666 0.010827 0.0111942 0.0112597 0.0110344 0.0105465 0.00983785 0.00895871 0.0079628 0.00690197 0.00582172 0.00475859 0.00374083 0.00279354 0.00194646 0.00123723 0.000700815 0.000347272 0.000149237 5.5724e-05 1.8238e-05 5.28692e-06 1.36811e-06 3.16844e-07 6.53366e-08 1.17917e-08 1.78795e-09 2.05869e-10 1.28711e-11 0 
0 4.6014e-05 0.000390762 0.00140264 0.00309593 0.00518642 0.00748912 0.00990255 0.0123136 0.0145909 0.0166034 0.0182372 0.0194055 0.0200556 0.0201712 0.0197716 0.0189073 0.0176533 0.0161007 0.0143479 0.0124919 0.0106208 0.00880688 0.00710233 0.00553677 0.00412273 0.00287184 0.00181577 0.00100651 0.000475597 0.000189493 6.41262e-05 1.87447e-05 4.81073e-06 1.09444e-06 2.20624e-07 3.88469e-08 5.74501e-09 6.45598e-10 3.94401e-11 0 
0 0.000106872 0.000828804 0.00260427 0.00518642 0.00827196 0.0117316 0.0154124 0.0191129 0.0226158 0.0257143 0.0282306 0.0300304 0.0310317 0.0312096 0.0305937 0.0292619 0.0273301 0.0249389 0.0222407 0.0193863 0.0165139 0.0137403 0.0111549 0.00881551 0.00674528 0.00493745 0.00337651 0.00207683 0.00109766 0.000481191 0.000173476 5.22758e-05 1.34988e-05 3.04447e-06 6.0366e-07 1.04169e-07 1.50793e-08 1.6588e-09 9.92809e-11 0 
0 0.000202399 0.00141378 0.00397917 0.00748912 0.0117316 0.0165501 0.0216981 0.0268795 0.0317862 0.0361272 0.039653 0.0421754 0.0435797 0.0438293 0.0429651 0.0410979 0.0383907 0.0350405 0.0312608 0.027263 0.0232416 0.0193617 0.0157518 0.0124997 0.00965108 0.00720819 0.00513552 0.00338935 0.00197477 0.00096108 0.000377195 0.000119685 3.15748e-05 7.13089e-06 1.40012e-06 2.37951e-07 3.38471e-08 3.65681e-09 2.15035e-10 0 
0 0.000327453 0.00207074 0.00540229 0.00990255 0.0154124 0.0216981 0.02842 0.0351871 0.0415963 0.0472699 0.0519057 0.0553172 0.0573281 0.0577016 0.056435 0.0538406 0.0502388 0.0458491 0.0409107 0.0356894 0.030438 0.0253726 0.020662 0.0164235 0.0127226 0.00957501 0.0069474 0.00476803 0.00297433 0.00158641 0.00068195 0.000231189 6.31524e-05 1.44185e-05 2.82189e-06 4.74617e-07 6.65987e-08 7.09012e-09 4.10834e-10 0 
0 0.000469472 0.00273078 0.00679741 0.0123136 0.0191129 0.0268795 0.0351871 0.0435514 0.0514821 0.0586323 0.0651632 0.0707807 0.0741499 0.0747752 0.0727184 0.0683075 0.0626624 0.0568029 0.0506331 0.0441745 0.0376841 0.0314244 0.0256044 0.0203698 0.015804 0.0119326 0.00872724 0.0061092 0.00397405 0.00227051 0.00106009 0.000385777 0.000110078 2.56014e-05 5.02284e-06 8.39736e-07 1.16665e-07 1.22777e-08 7.03025e-10 0 
0 0.000613365 0.00334453 0.00809895 0.0145909 0.0226158 0.0317862 0.0415963 0.0514821 0.0610404 0.0709407 0.0801225 0.0855063 0.0879434 0.088389 0.0870323 0.0834858 0.0768476 0.068055 0.0599474 0.0522188 0.0445485 0.0371572 0.0302859 0.0241069 0.0187196 0.0141569 0.010393 0.00734753 0.00489636 0.00293155 0.00146284 0.000568832 0.000170027 4.0467e-05 7.99216e-06 1.33294e-06 1.83935e-07 1.91909e-08 1.08881e-09 0 
0 0.000745281 0.0038774 0.00924182 0.0166034 0.0257143 0.0361272 0.0472699 0.0586323 0.0709407 0.0830188 0.0897251 0.0932175 0.0949075 0.0952449 0.0943253 0.0919879 0.087674 0.0798631 0.0689916 0.0594174 0.0506272 0.0422309 0.0344289 0.0274138 0.0212988 0.0161225 0.0118593 0.00842715 0.00569292 0.00351267 0.00184097 0.000756875 0.000236315 5.76185e-05 1.14815e-05 1.91522e-06 2.63189e-07 2.72935e-08 1.53805e-09 0 
0 0.000854363 0.00430405 0.0101666 0.0182372 0.0282306 0.039653 0.0519057 0.0651632 0.0801225 0.0897251 0.094693 0.0974956 0.0989058 0.0992028 0.0984529 0.0965619 0.0932078 0.0875479 0.0776044 0.065662 0.0555931 0.0463542 0.0377955 0.0301009 0.0233943 0.0177188 0.013048 0.00929759 0.00632939 0.00397877 0.0021568 0.000925231 0.00029961 7.46726e-05 1.50189e-05 2.50951e-06 3.44114e-07 3.55462e-08 1.9939e-09 0 
0 0.000933157 0.00460647 0.010827 0.0194055 0.0300304 0.0421754 0.0553172 0.0707807 0.0855063 0.0932175 0.0974956 0.0999981 0.101281 0.10156 0.10089 0.0992005 0.0962573 0.0914771 0.0833029 0.0707541 0.0592231 0.0493085 0.0402058 0.0320248 0.0248948 0.0188616 0.0138986 0.0099187 0.00678092 0.00430932 0.00238631 0.00105384 0.000350514 8.88767e-05 1.80197e-05 3.01771e-06 4.13504e-07 4.26244e-08 2.38454e-09 0 
0 0.000977441 0.00477412 0.0111942 0.0200556 0.0310317 0.0435797 0.0573281 0.0741499 0.0879434 0.0949075 0.0989058 0.101281 0.10251 0.102782 0.102146 0.100544 0.0977732 0.0933451 0.0859851 0.0738191 0.0613255 0.0509591 0.0415504 0.0330984 0.0257324 0.0194999 0.0143738 0.0102656 0.00703279 0.00449417 0.00251706 0.00112987 0.000381827 9.78739e-05 1.99546e-05 3.34881e-06 4.5901e-07 4.72888e-08 2.64304e-09 0 
0 0.000985898 0.00480441 0.0112597 0.0201712 0.0312096 0.0438293 0.0577016 0.0747752 0.088389 0.0952449 0.0992028 0.10156 0.102782 0.103053 0.102422 0.100833 0.0980877 0.0937115 0.086473 0.0743976 0.0617179 0.0512597 0.0417956 0.0332949 0.0258864 0.019618 0.0144625 0.0103313 0.00708172 0.00453189 0.0025458 0.00114803 0.000389868 0.000100321 2.05055e-05 3.44679e-06 4.72956e-07 4.87668e-08 2.72769e-09 0 
0 0.000959758 0.00470257 0.0110344 0.0197716 0.0305937 0.0429651 0.056435 0.0727184 0.0870323 0.0943253 0.0984529 0.10089 0.102146 0.102422 0.101771 0.100127 0.0972769 0.0926909 0.0849712 0.0725263 0.0604197 0.0502569 0.040981 0.0326461 0.0253817 0.019235 0.0141791 0.0101265 0.00693609 0.00442902 0.0024768 0.00110995 0.000374868 9.61834e-05 1.96518e-05 3.30703e-06 4.54652e-07 4.69878e-08 2.63478e-09 0 
0 0.000902432 0.00448075 0.0105465 0.0189073 0.0292619 0.0410979 0.0538406 0.0683075 0.0834858 0.0919879 0.0965619 0.0992005 0.100544 0.100833 0.100127 0.098348 0.0952265 0.0900811 0.0811131 0.068561 0.0576978 0.0480831 0.0392111 0.0312354 0.0242836 0.0184008 0.0135607 0.00967829 0.00661496 0.00419939 0.00232091 0.00102339 0.000340632 8.66648e-05 1.76622e-05 2.97572e-06 4.10385e-07 4.25869e-08 2.39893e-09 0 
0 0.000819132 0.00415646 0.00983785 0.0176533 0.0273301 0.0383907 0.0502388 0.0626624 0.0768476 0.087674 0.0932078 0.0962573 0.0977732 0.0980877 0.0972769 0.0952265 0.0915424 0.0851703 0.0744645 0.0633909 0.0538629 0.0449305 0.0366408 0.0291867 0.022689 0.0171894 0.0126626 0.00902639 0.00614625 0.00386358 0.00209536 0.000901392 0.000293718 7.38574e-05 1.50063e-05 2.53416e-06 3.51293e-07 3.66942e-08 2.08197e-09 0 
0 0.000716479 0.00375067 0.00895871 0.0161007 0.0249389 0.0350405 0.0458491 0.0568029 0.068055 0.0798631 0.0875479 0.0914771 0.0933451 0.0937115 0.0926909 0.0900811 0.0851703 0.0766063 0.066546 0.0576596 0.049173 0.0410291 0.033459 0.0266512 0.0207161 0.0156913 0.0115523 0.00821966 0.00556498 0.00344915 0.00182434 0.000761459 0.00024229 6.02362e-05 1.2227e-05 2.07571e-06 2.90182e-07 3.06136e-08 1.75538e-09 0 
0 0.000602074 0.003286 0.0079628 0.0143479 0.0222407 0.0312608 0.0409107 0.0506331 0.0599474 0.0689916 0.0776044 0.0833029 0.0859851 0.086473 0.0849712 0.0811131 0.0744645 0.066546 0.0589861 0.0514348 0.0438959 0.0366277 0.0298701 0.0237926 0.0184934 0.0140052 0.0103038 0.00731272 0.00491315 0.00299302 0.0015402 0.000624316 0.000194823 4.81586e-05 9.82033e-06 1.68435e-06 2.38516e-07 2.5511e-08 1.483e-09 0 
0 0.000483995 0.00278546 0.00690197 0.0124919 0.0193863 0.027263 0.0356894 0.0441745 0.0522188 0.0594174 0.065662 0.0707541 0.0738191 0.0743976 0.0725263 0.068561 0.0633909 0.0576596 0.0514348 0.0448928 0.0383166 0.0319739 0.026077 0.0207736 0.0161489 0.0122302 0.00899305 0.00636566 0.00424432 0.00254699 0.00128458 0.000512095 0.000158911 3.95032e-05 8.15673e-06 1.42065e-06 2.04381e-07 2.2192e-08 1.30795e-09 0 
0 0.000370169 0.00227204 0.00582172 0.0106208 0.0165139 0.0232416 0.030438 0.0376841 0.0445485 0.0506272 0.0555931 0.0592231 0.0613255 0.0617179 0.0604197 0.0576978 0.0538629 0.049173 0.0438959 0.0383166 0.0327058 0.0272953 0.0222661 0.0177446 0.0138033 0.0104648 0.00770451 0.00545746 0.00363809 0.00218405 0.00110602 0.000445398 0.000140344 3.54922e-05 7.44853e-06 1.31563e-06 1.91463e-07 2.09795e-08 1.24507e-09 0 
0 0.000267589 0.00176921 0.00475859 0.00880688 0.0137403 0.0193617 0.0253726 0.0314244 0.0371572 0.0422309 0.0463542 0.0493085 0.0509591 0.0512597 0.0502569 0.0480831 0.0449305 0.0410291 0.0366277 0.0319739 0.0272953 0.0227858 0.0185975 0.0148401 0.0115843 0.00885646 0.00661905 0.00477897 0.00325111 0.0020022 0.00104993 0.000438909 0.000142352 3.66035e-05 7.7352e-06 1.36753e-06 1.98515e-07 2.16542e-08 1.27776e-09 0 
0 0.00018147 0.00130137 0.00374083 0.00710233 0.0111549 0.0157518 0.020662 0.0256044 0.0302859 0.0344289 0.0377955 0.0402058 0.0415504 0.0417956 0.040981 0.0392111 0.0366408 0.033459 0.0298701 0.026077 0.0222661 0.0185975 0.0152038 0.0122108 0.00976194 0.00794316 0.00656897 0.00521076 0.00368465 0.0022517 0.00117776 0.000501942 0.000165322 4.24387e-05 8.84949e-06 1.53673e-06 2.18906e-07 2.34444e-08 1.35966e-09 0 
0 0.000114539 0.000892644 0.00279354 0.00553677 0.00881551 0.0124997 0.0164235 0.0203698 0.0241069 0.0274138 0.0301009 0.0320248 0.0330984 0.0332949 0.0326461 0.0312354 0.0291867 0.0266512 0.0237926 0.0207736 0.0177446 0.0148401 0.0122108 0.010149 0.0092264 0.00985999 0.0110866 0.010661 0.00777771 0.00422958 0.00182954 0.000681204 0.000210841 5.1821e-05 1.03844e-05 1.74208e-06 2.40891e-07 2.5135e-08 1.42447e-09 0 
0 6.6757e-05 0.000562953 0.00194646 0.00412273 0.00674528 0.00965108 0.0127226 0.015804 0.0187196 0.0212988 0.0233943 0.0248948 0.0257324 0.0258864 0.0253817 0.0242836 0.022689 0.0207161 0.0184934 0.0161489 0.0138033 0.0115843 0.00976194 0.0092264 0.0120221 0.0197157 0.0319464 0.0384603 0.0227526 0.0114665 0.0041139 0.00116607 0.000293011 6.35929e-05 1.176e-05 1.87437e-06 2.50278e-07 2.54103e-08 1.40727e-09 0 
0 3.56733e-05 0.000322017 0.00123723 0.00287184 0.00493745 0.00720819 0.00957501 0.0119326 0.0141569 0.0161225 0.0177188 0.0188616 0.0194999 0.019618 0.019235 0.0184008 0.0171894 0.0156913 0.0140052 0.0122302 0.0104648 0.00885646 0.00794316 0.00985999 0.0197157 0.0460354 0.0773881 0.0800046 0.0662889 0.026767 0.00897814 0.00216004 0.000427438 7.62131e-05 1.23758e-05 1.83673e-06 2.36252e-07 2.34148e-08 1.27246e-09 0 
0 1.73796e-05 0.00016526 0.000700815 0.00181577 0.00337651 0.00513552 0.0069474 0.00872724 0.010393 0.0118593 0.013048 0.0138986 0.0143738 0.0144625 0.0141791 0.0135607 0.0126626 0.0115523 0.0103038 0.00899305 0.00770451 0.00661905 0.00656897 0.0110866 0.0319464 0.0773881 0.0863917 0.0874752 0.0826541 0.0564669 0.0144635 0.00327939 0.000562788 8.36579e-05 1.16821e-05 1.59262e-06 1.97541e-07 1.92354e-08 1.03281e-09 0 
0 7.69071e-06 7.56014e-05 0.000347272 0.00100651 0.00207683 0.00338935 0.00476803 0.0061092 0.00734753 0.00842715 0.00929759 0.0099187 0.0102656 0.0103313 0.0101265 0.00967829 0.00902639 0.00821966 0.00731272 0.00636566 0.00545746 0.00477897 0.00521076 0.010661 0.0384603 0.0800046 0.0874752 0.0884836 0.0846865 0.0663757 0.0160736 0.00354805 0.000573207 7.60831e-05 9.41156e-06 1.19101e-06 1.43794e-07 1.38898e-08 7.43247e-10 0 
0 3.08572e-06 3.0782e-05 0.000149237 0.000475597 0.00109766 0.00197477 0.00297433 0.00397405 0.00489636 0.00569292 0.00632939 0.00678092 0.00703279 0.00708172 0.00693609 0.00661496 0.00614625 0.00556498 0.00491315 0.00424432 0.00363809 0.00325111 0.00368465 0.00777771 0.0227526 0.0662889 0.0826541 0.0846865 0.0788499 0.0409734 0.0118069 0.00262208 0.000417259 5.27749e-05 6.14392e-06 7.50684e-07 9.00802e-08 8.74174e-09 4.70695e-10 0 
0 1.1223e-06 1.11812e-05 5.5724e-05 0.000189493 0.000481191 0.00096108 0.00158641 0.00227051 0.00293155 0.00351267 0.00397877 0.00430932 0.00449417 0.00453189 0.00442902 0.00419939 0.00386358 0.00344915 0.00299302 0.00254699 0.00218405 0.0020022 0.0022517 0.00422958 0.0114665 0.026767 0.0564669 0.0663757 0.0409734 0.0177397 0.00585257 0.00131326 0.000211682 2.68464e-05 3.15472e-06 3.93791e-07 4.8309e-08 4.7763e-09 2.61299e-10 0 
0 3.70208e-07 3.63887e-06 1.8238e-05 6.41262e-05 0.000173476 0.000377195 0.00068195 0.00106009 0.00146284 0.00184097 0.0021568 0.00238631 0.00251706 0.0025458 0.0024768 0.00232091 0.00209536 0.00182434 0.0015402 0.00128458 0.00110602 0.00104993 0.00117776 0.00182954 0.0041139 0.00897814 0.0144635 0.0160736 0.0118069 0.00585257 0.00195322 0.000449999 7.51681e-05 1.00473e-05 1.28144e-06 1.72642e-07 2.22055e-08 2.26445e-09 1.26967e-10 0 
0 1.10783e-07 1.06537e-06 5.28692e-06 1.87447e-05 5.22758e-05 0.000119685 0.000231189 0.000385777 0.000568832 0.000756875 0.000925231 0.00105384 0.00112987 0.00114803 0.00110995 0.00102339 0.000901392 0.000761459 0.000624316 0.000512095 0.000445398 0.000438909 0.000501942 0.000681204 0.00116607 0.00216004 0.00327939 0.00354805 0.00262208 0.00131326 0.000449999 0.000108203 1.93117e-05 2.89654e-06 4.27966e-07 6.43446e-08 8.79565e-09 9.32957e-10 5.39908e-11 0 
0 3.00385e-08 2.81166e-07 1.36811e-06 4.81073e-06 1.34988e-05 3.15748e-05 6.31524e-05 0.000110078 0.000170027 0.000236315 0.00029961 0.000350514 0.000381827 0.000389868 0.000374868 0.000340632 0.000293718 0.00024229 0.000194823 0.000158911 0.000140344 0.000142352 0.000165322 0.000210841 0.000293011 0.000427438 0.000562788 0.000573207 0.000417259 0.000211682 7.51681e-05 1.93117e-05 3.89196e-06 7.00497e-07 1.23551e-07 2.07489e-08 3.01851e-09 3.34549e-10 2.00856e-11 0 
0 7.34914e-09 6.67709e-08 3.16844e-07 1.09444e-06 3.04447e-06 7.13089e-06 1.44185e-05 2.56014e-05 4.0467e-05 5.76185e-05 7.46726e-05 8.88767e-05 9.78739e-05 0.000100321 9.61834e-05 8.66648e-05 7.38574e-05 6.02362e-05 4.81586e-05 3.95032e-05 3.54922e-05 3.66035e-05 4.24387e-05 5.1821e-05 6.35929e-05 7.62131e-05 8.36579e-05 7.60831e-05 5.27749e-05 2.68464e-05 1.00473e-05 2.89654e-06 7.00497e-07 1.54537e-07 3.17478e-08 5.83287e-09 8.99146e-10 1.04347e-10 6.52162e-12 0 
0 1.60672e-09 1.41546e-08 6.53366e-08 2.20624e-07 6.0366e-07 1.40012e-06 2.82189e-06 5.02284e-06 7.99216e-06 1.14815e-05 1.50189e-05 1.80197e-05 1.99546e-05 2.05055e-05 1.96518e-05 1.76622e-05 1.50063e-05 1.2227e-05 9.82033e-06 8.15673e-06 7.44853e-06 7.7352e-06 8.84949e-06 1.03844e-05 1.176e-05 1.23758e-05 1.16821e-05 9.41156e-06 6.14392e-06 3.15472e-06 1.28144e-06 4.27966e-07 1.23551e-07 3.17478e-08 7.23116e-09 1.42316e-09 2.31457e-10 2.81462e-11 1.83474e-12 0 
0 3.07623e-10 2.62798e-09 1.17917e-08 3.88469e-08 1.04169e-07 2.37951e-07 4.74617e-07 8.39736e-07 1.33294e-06 1.91522e-06 2.50951e-06 3.01771e-06 3.34881e-06 3.44679e-06 3.30703e-06 2.97572e-06 2.53416e-06 2.07571e-06 1.68435e-06 1.42065e-06 1.31563e-06 1.36753e-06 1.53673e-06 1.74208e-06 1.87437e-06 1.83673e-06 1.59262e-06 1.19101e-06 7.50684e-07 3.93791e-07 1.72642e-07 6.43446e-08 2.07489e-08 5.83287e-09 1.42316e-09 2.96423e-10 5.07095e-11 6.45981e-12 4.39486e-13 0 
0 4.94217e-11 4.09758e-10 1.78795e-09 5.74501e-09 1.50793e-08 3.38471e-08 6.65987e-08 1.16665e-07 1.83935e-07 2.63189e-07 3.44114e-07 4.13504e-07 4.5901e-07 4.72956e-07 4.54652e-07 4.10385e-07 3.51293e-07 2.90182e-07 2.38516e-07 2.04381e-07 1.91463e-07 1.98515e-07 2.18906e-07 2.40891e-07 2.50278e-07 2.36252e-07 1.97541e-07 1.43794e-07 9.00802e-08 4.8309e-08 2.22055e-08 8.79565e-09 3.01851e-09 8.99146e-10 2.31457e-10 5.07095e-11 9.10191e-12 1.21327e-12 8.61216e-14 0 
0 6.01502e-12 4.84635e-11 2.05869e-10 6.45598e-10 1.6588e-09 3.65681e-09 7.09012e-09 1.22777e-08 1.91909e-08 2.72935e-08 3.55462e-08 4.26244e-08 4.72888e-08 4.87668e-08 4.69878e-08 4.25869e-08 3.66942e-08 3.06136e-08 2.5511e-08 2.2192e-08 2.09795e-08 2.16542e-08 2.34444e-08 2.5135e-08 2.54103e-08 2.34148e-08 1.92354e-08 1.38898e-08 8.74174e-09 4.7763e-09 2.26445e-09 9.32957e-10 3.34549e-10 1.04347e-10 2.81462e-11 6.45981e-12 1.21327e-12 1.68931e-13 1.24978e-14 0 
0 3.96318e-13 3.1079e-12 1.28711e-11 3.94401e-11 9.92809e-11 2.15035e-10 4.10834e-10 7.03025e-10 1.08881e-09 1.53805e-09 1.9939e-09 2.38454e-09 2.64304e-09 2.72769e-09 2.63478e-09 2.39893e-09 2.08197e-09 1.75538e-09 1.483e-09 1.30795e-09 1.24507e-09 1.27776e-09 1.35966e-09 1.42447e-09 1.40727e-09 1.27246e-09 1.03281e-09 7.43247e-10 4.70695e-10 2.61299e-10 1.26967e-10 5.39908e-11 2.00856e-11 6.52162e-12 1.83474e-12 4.39486e-13 8.61216e-14 1.24978e-14 9.62173e-16 0 
0 0 0 0 0 0 0 0 0 0 0 0 0 0 0 0 0 0 0 0 0 0 0 0 0 0 0 0 0 0 0 0 0 0 0 0 0 0 0 0 0 
