0 0 0 0 0 0 0 0 0 0 0 0 0 0 0 0 0 0 0 0 0 0 0 0 0 0 0 0 0 0 0 0 0 0 0 0 0 0 0 0 0 
0 2.74234e-07 2.46376e-06 1.10363e-05 3.42039e-05 8.15859e-05 0.000158841 0.000263652 0.000386357 0.00051371 0.000632593 0.000732194 0.00080481 0.000845921 0.000853958 0.000829961 0.000777213 0.000700838 0.000607369 0.000504254 0.000399276 0.000299832 0.000212121 0.000140347 8.6189e-05 4.87763e-05 2.52823e-05 1.19489e-05 5.13587e-06 2.0059e-06 7.12142e-07 2.29992e-07 6.75848e-08 1.80458e-08 4.35869e-09 9.42863e-10 1.78957e-10 2.85475e-11 3.45452e-12 2.26552e-13 0 
0 2.46376e-06 2.27363e-05 0.000101466 0.000301298 0.0006656 0.00117882 0.00177933 0.00239867 0.00298286 0.00349355 0.00390368 0.00419486 0.00435663 0.00438641 0.00428918 0.00407652 0.00376524 0.00337568 0.00293025 0.00245242 0.00196647 0.00149761 0.0010713 0.000710636 0.000431371 0.00023681 0.000116583 5.12697e-05 2.0149e-05 7.10031e-06 2.2534e-06 6.46398e-07 1.67819e-07 3.93356e-08 8.25257e-09 1.51967e-09 2.35421e-10 2.77025e-11 1.76937e-12 0 
0 1.10363e-05 0.000101466 0.000428648 0.00114571 0.00223003 0.00352379 0.00488506 0.00622307 0.00746942 0.00856185 0.0094449 0.0100752 0.0104261 0.0104894 0.0102756 0.00981128 0.00913581 0.00829656 0.00734394 0.00632658 0.00528764 0.00426329 0.00328485 0.00238428 0.0015993 0.000969776 0.000520888 0.000244538 9.99994e-05 3.58098e-05 1.13388e-05 3.20509e-06 8.13834e-07 1.85824e-07 3.79136e-08 6.78795e-09 1.02305e-09 1.17257e-10 7.30539e-12 0 
0 3.42039e-05 0.000301298 0.00114571 0.00267476 0.00465103 0.00685243 0.00915587 0.0114515 0.0136171 0.0155304 0.0170837 0.0181949 0.0188138 0.0189249 0.0185464 0.017726 0.0165348 0.0150592 0.0133921 0.0116251 0.00984061 0.00810594 0.0064691 0.00495947 0.00359681 0.00240903 0.00144428 0.000751448 0.000332691 0.000125087 4.04311e-05 1.14275e-05 2.86409e-06 6.40877e-07 1.27698e-07 2.23003e-08 3.27857e-09 3.66861e-10 2.23415e-11 0 
0 8.15859e-05 0.0006656 0.00223003 0.00465103 0.00759183 0.0108838 0.0143797 0.0178925 0.0212182 0.0241609 0.0265516 0.0282624 0.0292153 0.0293861 0.0288026 0.0275388 0.0257046 0.0234335 0.0208703 0.0181577 0.0154267 0.0127873 0.0103224 0.00808389 0.0060922 0.00434627 0.00285197 0.00165314 0.000812644 0.000331058 0.000112171 3.22896e-05 8.08219e-06 1.78579e-06 3.49335e-07 5.97419e-08 8.59557e-09 9.4161e-10 5.61904e-11 0 
0 0.000158841 0.00117882 0.00352379 0.00685243 0.0108838 0.0154549 0.0203377 0.0252539 0.0299117 0.0340343 0.0373843 0.0397817 0.0411171 0.0413563 0.0405384 0.0387671 0.0361966 0.0330147 0.0294242 0.0256263 0.0218055 0.018118 0.0146851 0.0115879 0.00886618 0.00651859 0.00451645 0.00284481 0.00154857 0.000695023 0.000252537 7.54489e-05 1.91045e-05 4.20335e-06 8.11939e-07 1.36574e-07 1.92988e-08 2.076e-09 1.21721e-10 0 
0 0.000263652 0.00177933 0.00488506 0.00915587 0.0143797 0.0203377 0.0267124 0.0331339 0.0392189 0.0446059 0.0489874 0.0521363 0.0539046 0.0542235 0.0531367 0.0508015 0.0474336 0.0432743 0.0385836 0.0336228 0.0286334 0.0238205 0.0193441 0.015314 0.0117901 0.00878251 0.00625551 0.0041503 0.00244624 0.00120544 0.000475166 0.000149573 3.87737e-05 8.56487e-06 1.6431e-06 2.73037e-07 3.80293e-08 4.02971e-09 2.32789e-10 0 
0 0.000386357 0.00239867 0.00622307 0.0114515 0.0178925 0.0252539 0.0331339 0.0410728 0.0485975 0.0552799 0.0608231 0.0650246 0.0675332 0.0680023 0.0664349 0.0632114 0.0588348 0.0536249 0.0478148 0.0416813 0.0355138 0.0295659 0.0240357 0.0190611 0.0147193 0.0110311 0.00796361 0.00543998 0.00338335 0.00179986 0.000768454 0.000256838 6.87683e-05 1.53567e-05 2.94096e-06 4.84757e-07 6.67806e-08 6.99171e-09 3.99034e-10 0 
0 0.00051371 0.00298286 0.00746942 0.0136171 0.0212182 0.0299117 0.0392189 0.0485975 0.0575164 0.0656521 0.0729096 0.0784639 0.0814803 0.0820248 0.0802356 0.0761286 0.0702252 0.063579 0.0565835 0.0493217 0.0420365 0.0350122 0.0284825 0.0226108 0.0174903 0.0131493 0.00955808 0.00663383 0.00426664 0.0024009 0.00109808 0.000389511 0.000108181 2.45369e-05 4.70977e-06 7.72708e-07 1.05613e-07 1.09562e-08 6.1938e-10 0 
0 0.000632593 0.00349355 0.00856185 0.0155304 0.0241609 0.0340343 0.0446059 0.0552799 0.0656521 0.075709 0.0839453 0.088815 0.0911317 0.0915592 0.0902479 0.0869529 0.0810932 0.0729841 0.0644821 0.0561024 0.0478142 0.039836 0.0324208 0.0257541 0.0199425 0.0150205 0.0109592 0.00767351 0.00503627 0.00294496 0.00142129 0.000531386 0.000152998 3.5314e-05 6.81131e-06 1.11528e-06 1.51639e-07 1.56268e-08 8.77186e-10 0 
0 0.000732194 0.00390368 0.0094449 0.0170837 0.0265516 0.0373843 0.0489874 0.0608231 0.0729096 0.0839453 0.0908863 0.0946969 0.0965611 0.0969238 0.0958869 0.0932991 0.0886666 0.0810801 0.0712922 0.0616841 0.0525176 0.0437595 0.0356241 0.0283107 0.0219366 0.0165409 0.0120948 0.00851091 0.00565337 0.00338921 0.0017002 0.00066283 0.000196911 4.62135e-05 8.96608e-06 1.46788e-06 1.98963e-07 2.04138e-08 1.14033e-09 0 
0 0.00080481 0.00419486 0.0100752 0.0181949 0.0282624 0.0397817 0.0521363 0.0650246 0.0784639 0.088815 0.0946969 0.0980213 0.0996828 0.100017 0.0991057 0.0968389 0.092851 0.0863023 0.0765042 0.0658182 0.0559018 0.0465725 0.0379208 0.0301439 0.0233667 0.0176311 0.0129082 0.00910887 0.00609237 0.00370808 0.00190785 0.000766106 0.000233054 5.54436e-05 1.08166e-05 1.77244e-06 2.39909e-07 2.45549e-08 1.36777e-09 0 
0 0.000845921 0.00435663 0.0104261 0.0188138 0.0292153 0.0411171 0.0539046 0.0675332 0.0814803 0.0911317 0.0965611 0.0996828 0.101259 0.101582 0.100724 0.0985938 0.0948775 0.0888431 0.0794361 0.0682285 0.0578074 0.0481468 0.0392064 0.0311707 0.0241682 0.0182426 0.0133648 0.00944465 0.00633908 0.00388891 0.00202889 0.000828807 0.000255833 6.14103e-05 1.20311e-05 1.97418e-06 2.67207e-07 2.73301e-08 1.52092e-09 0 
0 0.000853958 0.00438641 0.0104894 0.0189249 0.0293861 0.0413563 0.0542235 0.0680023 0.0820248 0.0915592 0.0969238 0.100017 0.101582 0.101904 0.101054 0.0989442 0.0952683 0.0893122 0.0799828 0.0686875 0.0581639 0.0484414 0.0394483 0.0313652 0.0243213 0.0183607 0.0134544 0.00951213 0.00639069 0.00392921 0.00205812 0.000845215 0.000262209 6.31726e-05 1.24059e-05 2.03891e-06 2.76292e-07 2.82874e-08 1.5757e-09 0 
0 0.000829961 0.00428918 0.0102756 0.0185464 0.0288026 0.0405384 0.0531367 0.0664349 0.0802356 0.0902479 0.0958869 0.0991057 0.100724 0.101054 0.100173 0.0979804 0.0941415 0.0878751 0.0782436 0.0672198 0.0570194 0.0475016 0.0386839 0.0307575 0.0238497 0.0180037 0.0131909 0.00932209 0.00625569 0.00383534 0.00199906 0.000816297 0.000252217 6.06816e-05 1.1925e-05 1.96355e-06 2.66742e-07 2.73868e-08 1.53014e-09 0 
0 0.000777213 0.00407652 0.00981128 0.017726 0.0275388 0.0387671 0.0508015 0.0632114 0.0761286 0.0869529 0.0932991 0.0968389 0.0985938 0.0989442 0.0979804 0.0955773 0.091319 0.0843014 0.0743616 0.0641216 0.0545373 0.045449 0.0370121 0.0294268 0.0228155 0.0172193 0.0126101 0.00890064 0.00595302 0.00362166 0.00186282 0.000749036 0.000228764 5.47513e-05 1.07575e-05 1.77622e-06 2.42334e-07 2.50082e-08 1.40502e-09 0 
0 0.000700838 0.00376524 0.00913581 0.0165348 0.0257046 0.0361966 0.0474336 0.0588348 0.0702252 0.0810932 0.0886666 0.092851 0.0948775 0.0952683 0.0941415 0.091319 0.0862404 0.0782716 0.0689022 0.0597899 0.0509474 0.0424645 0.0345805 0.0274914 0.0213114 0.0160785 0.0117652 0.00828655 0.00551082 0.00331029 0.00166771 0.000655384 0.000196903 4.68079e-05 9.20249e-06 1.52691e-06 2.09811e-07 2.18319e-08 1.2375e-09 0 
0 0.000607369 0.00337568 0.00829656 0.0150592 0.0234335 0.0330147 0.0432743 0.0536249 0.063579 0.0729841 0.0810801 0.0863023 0.0888431 0.0893122 0.0878751 0.0843014 0.0782716 0.0705965 0.0626105 0.0545447 0.04651 0.0387675 0.0315691 0.0250956 0.0194507 0.0146685 0.0107217 0.00752818 0.00496559 0.0029318 0.00143913 0.000550911 0.000162803 3.85288e-05 7.60657e-06 1.27356e-06 1.77015e-07 1.86524e-08 1.07107e-09 0 
0 0.000504254 0.00293025 0.00734394 0.0133921 0.0208703 0.0294242 0.0385836 0.0478148 0.0565835 0.0644821 0.0712922 0.0765042 0.0794361 0.0799828 0.0782436 0.0743616 0.0689022 0.0626105 0.0557972 0.0486667 0.0415041 0.0345959 0.0281729 0.0223959 0.017357 0.0130851 0.00955255 0.00668143 0.00436343 0.00252753 0.00120953 0.000453119 0.000132673 3.15004e-05 6.28939e-06 1.06917e-06 1.51109e-07 1.61934e-08 9.45163e-10 0 
0 0.000399276 0.00245242 0.00632658 0.0116251 0.0181577 0.0256263 0.0336228 0.0416813 0.0493217 0.0561024 0.0616841 0.0658182 0.0682285 0.0686875 0.0672198 0.0641216 0.0597899 0.0545447 0.0486667 0.0424561 0.03621 0.030186 0.0245855 0.0195483 0.0151539 0.0114253 0.00833487 0.00581114 0.00376515 0.00215322 0.00101749 0.000379517 0.000111931 2.69982e-05 5.49702e-06 9.53436e-07 1.37332e-07 1.49706e-08 8.86932e-10 0 
0 0.000299832 0.00196647 0.00528764 0.00984061 0.0154267 0.0218055 0.0286334 0.0355138 0.0420365 0.0478142 0.0525176 0.0559018 0.0578074 0.0581639 0.0570194 0.0545373 0.0509474 0.04651 0.0415041 0.03621 0.0308866 0.0257543 0.0209848 0.0166971 0.0129585 0.00978727 0.00715665 0.00500385 0.00325649 0.00187967 0.000903765 0.000345544 0.00010473 2.59007e-05 5.38282e-06 9.48547e-07 1.38244e-07 1.51965e-08 9.05298e-10 0 
0 0.000212121 0.00149761 0.00426329 0.00810594 0.0127873 0.018118 0.0238205 0.0295659 0.0350122 0.039836 0.0437595 0.0465725 0.0481468 0.0484414 0.0475016 0.045449 0.0424645 0.0387675 0.0345959 0.030186 0.0257543 0.0214854 0.0175235 0.0139716 0.0108951 0.00831617 0.00619617 0.00444438 0.00298186 0.00178951 0.000903257 0.000362218 0.00011364 2.86315e-05 5.99023e-06 1.05498e-06 1.53038e-07 1.67056e-08 9.86972e-10 0 
0 0.000140347 0.0010713 0.00328485 0.0064691 0.0103224 0.0146851 0.0193441 0.0240357 0.0284825 0.0324208 0.0356241 0.0379208 0.0392064 0.0394483 0.0386839 0.0370121 0.0345805 0.0315691 0.0281729 0.0245855 0.0209848 0.0175235 0.0143276 0.0115154 0.00922053 0.00751924 0.00622953 0.00494134 0.00348085 0.00210134 0.00107011 0.000439135 0.000139657 3.50165e-05 7.20884e-06 1.24415e-06 1.76733e-07 1.89037e-08 1.09563e-09 0 
0 8.6189e-05 0.000710636 0.00238428 0.00495947 0.00808389 0.0115879 0.015314 0.0190611 0.0226108 0.0257541 0.0283107 0.0301439 0.0311707 0.0313652 0.0307575 0.0294268 0.0274914 0.0250956 0.0223959 0.0195483 0.0166971 0.0139716 0.0115154 0.00960382 0.00877228 0.00941074 0.0106006 0.0101989 0.00743819 0.00403631 0.00172866 0.000625331 0.000186036 4.43331e-05 8.72965e-06 1.45213e-06 1.99984e-07 2.08208e-08 1.17827e-09 0 
0 4.87763e-05 0.000431371 0.0015993 0.00359681 0.0060922 0.00886618 0.0117901 0.0147193 0.0174903 0.0199425 0.0219366 0.0233667 0.0241682 0.0243213 0.0238497 0.0228155 0.0213114 0.0194507 0.017357 0.0151539 0.0129585 0.0108951 0.00922053 0.00877228 0.0114888 0.0188749 0.0283011 0.032818 0.0216947 0.0109803 0.00393377 0.00110308 0.000268037 5.59529e-05 1.00908e-05 1.58932e-06 2.11132e-07 2.13811e-08 1.18216e-09 0 
0 2.52823e-05 0.00023681 0.000969776 0.00240903 0.00434627 0.00651859 0.00878251 0.0110311 0.0131493 0.0150205 0.0165409 0.0176311 0.0182426 0.0183607 0.0180037 0.0172193 0.0160785 0.0146685 0.0130851 0.0114253 0.00978727 0.00831617 0.00751924 0.00941074 0.0188749 0.0408305 0.0744872 0.0796528 0.059234 0.0255505 0.00859832 0.00206323 0.000400587 6.8697e-05 1.07906e-05 1.57447e-06 2.0118e-07 1.98835e-08 1.07878e-09 0 
0 1.19489e-05 0.000116583 0.000520888 0.00144428 0.00285197 0.00451645 0.00625551 0.00796361 0.00955808 0.0109592 0.0120948 0.0129082 0.0133648 0.0134544 0.0131909 0.0126101 0.0117652 0.0107217 0.00955255 0.00833487 0.00715665 0.00619617 0.00622953 0.0106006 0.0283011 0.0744872 0.0875077 0.0891761 0.0832794 0.0498675 0.0138524 0.00313864 0.000533238 7.67418e-05 1.03221e-05 1.37582e-06 1.6919e-07 1.64249e-08 8.80535e-10 0 
0 5.13587e-06 5.12697e-05 0.000244538 0.000751448 0.00165314 0.00284481 0.0041503 0.00543998 0.00663383 0.00767351 0.00851091 0.00910887 0.00944465 0.00951213 0.00932209 0.00890064 0.00828655 0.00752818 0.00668143 0.00581114 0.00500385 0.00444438 0.00494134 0.0101989 0.032818 0.0796528 0.0891761 0.0904514 0.085662 0.0595481 0.0152769 0.00339702 0.000544986 7.04381e-05 8.39251e-06 1.0344e-06 1.23602e-07 1.19009e-08 6.35916e-10 0 
0 2.0059e-06 2.0149e-05 9.99994e-05 0.000332691 0.000812644 0.00154857 0.00244624 0.00338335 0.00426664 0.00503627 0.00565337 0.00609237 0.00633908 0.00639069 0.00625569 0.00595302 0.00551082 0.00496559 0.00436343 0.00376515 0.00325649 0.00298186 0.00348085 0.00743819 0.0216947 0.059234 0.0832794 0.085662 0.0779629 0.0362524 0.0113102 0.00251011 0.000396598 4.89622e-05 5.49874e-06 6.53679e-07 7.7591e-08 7.50606e-09 4.0365e-10 0 
0 7.12142e-07 7.10031e-06 3.58098e-05 0.000125087 0.000331058 0.000695023 0.00120544 0.00179986 0.0024009 0.00294496 0.00338921 0.00370808 0.00388891 0.00392921 0.00383534 0.00362166 0.00331029 0.0029318 0.00252753 0.00215322 0.00187967 0.00178951 0.00210134 0.00403631 0.0109803 0.0255505 0.0498675 0.0595481 0.0362524 0.016994 0.00560578 0.00125597 0.000200505 2.48143e-05 2.81751e-06 3.4282e-07 4.16474e-08 4.10655e-09 2.24421e-10 0 
0 2.29992e-07 2.2534e-06 1.13388e-05 4.04311e-05 0.000112171 0.000252537 0.000475166 0.000768454 0.00109808 0.00142129 0.0017002 0.00190785 0.00202889 0.00205812 0.00199906 0.00186282 0.00166771 0.00143913 0.00120953 0.00101749 0.000903765 0.000903257 0.00107011 0.00172866 0.00393377 0.00859832 0.0138524 0.0152769 0.0113102 0.00560578 0.00186952 0.000428836 7.06515e-05 9.19982e-06 1.13639e-06 1.49936e-07 1.91452e-08 1.94848e-09 1.09158e-10 0 
0 6.75848e-08 6.46398e-07 3.20509e-06 1.14275e-05 3.22896e-05 7.54489e-05 0.000149573 0.000256838 0.000389511 0.000531386 0.00066283 0.000766106 0.000828807 0.000845215 0.000816297 0.000749036 0.000655384 0.000550911 0.000453119 0.000379517 0.000345544 0.000362218 0.000439135 0.000625331 0.00110308 0.00206323 0.00313864 0.00339702 0.00251011 0.00125597 0.000428836 0.000102153 1.79022e-05 2.61242e-06 3.75789e-07 5.57099e-08 7.58174e-09 8.03165e-10 4.64499e-11 0 
0 1.80458e-08 1.67819e-07 8.13834e-07 2.86409e-06 8.08219e-06 1.91045e-05 3.87737e-05 6.87683e-05 0.000108181 0.000152998 0.000196911 0.000233054 0.000255833 0.000262209 0.000252217 0.000228764 0.000196903 0.000162803 0.000132673 0.000111931 0.00010473 0.00011364 0.000139657 0.000186036 0.000268037 0.000400587 0.000533238 0.000544986 0.000396598 0.000200505 7.06515e-05 1.79022e-05 3.53214e-06 6.20288e-07 1.07498e-07 1.79208e-08 2.60136e-09 2.88095e-10 1.72882e-11 0 
0 4.35869e-09 3.93356e-08 1.85824e-07 6.40877e-07 1.78579e-06 4.20335e-06 8.56487e-06 1.53567e-05 2.45369e-05 3.5314e-05 4.62135e-05 5.54436e-05 6.14103e-05 6.31726e-05 6.06816e-05 5.47513e-05 4.68079e-05 3.85288e-05 3.15004e-05 2.69982e-05 2.59007e-05 2.86315e-05 3.50165e-05 4.43331e-05 5.59529e-05 6.8697e-05 7.67418e-05 7.04381e-05 4.89622e-05 2.48143e-05 9.19982e-06 2.61242e-06 6.20288e-07 1.34768e-07 2.74635e-08 5.031e-09 7.74798e-10 8.98752e-11 5.61506e-12 0 
0 9.42863e-10 8.25257e-09 3.79136e-08 1.27698e-07 3.49335e-07 8.11939e-07 1.6431e-06 2.94096e-06 4.70977e-06 6.81131e-06 8.96608e-06 1.08166e-05 1.20311e-05 1.24059e-05 1.1925e-05 1.07575e-05 9.20249e-06 7.60657e-06 6.28939e-06 5.49702e-06 5.38282e-06 5.99023e-06 7.20884e-06 8.72965e-06 1.00908e-05 1.07906e-05 1.03221e-05 8.39251e-06 5.49874e-06 2.81751e-06 1.13639e-06 3.75789e-07 1.07498e-07 2.74635e-08 6.23922e-09 1.22678e-09 1.99435e-10 2.4245e-11 1.58e-12 0 
0 1.78957e-10 1.51967e-09 6.78795e-09 2.23003e-08 5.97419e-08 1.36574e-07 2.73037e-07 4.84757e-07 7.72708e-07 1.11528e-06 1.46788e-06 1.77244e-06 1.97418e-06 2.03891e-06 1.96355e-06 1.77622e-06 1.52691e-06 1.27356e-06 1.06917e-06 9.53436e-07 9.48547e-07 1.05498e-06 1.24415e-06 1.45213e-06 1.58932e-06 1.57447e-06 1.37582e-06 1.0344e-06 6.53679e-07 3.4282e-07 1.49936e-07 5.57099e-08 1.79208e-08 5.031e-09 1.22678e-09 2.55447e-10 4.3691e-11 5.56464e-12 3.78506e-13 0 
0 2.85475e-11 2.35421e-10 1.02305e-09 3.27857e-09 8.59557e-09 1.92988e-08 3.80293e-08 6.67806e-08 1.05613e-07 1.51639e-07 1.98963e-07 2.39909e-07 2.67207e-07 2.76292e-07 2.66742e-07 2.42334e-07 2.09811e-07 1.77015e-07 1.51109e-07 1.37332e-07 1.38244e-07 1.53038e-07 1.76733e-07 1.99984e-07 2.11132e-07 2.0118e-07 1.6919e-07 1.23602e-07 7.7591e-08 4.16474e-08 1.91452e-08 7.58174e-09 2.60136e-09 7.74798e-10 1.99435e-10 4.3691e-11 7.84142e-12 1.04512e-12 7.41751e-14 0 
0 3.45452e-12 2.77025e-11 1.17257e-10 3.66861e-10 9.4161e-10 2.076e-09 4.02971e-09 6.99171e-09 1.09562e-08 1.56268e-08 2.04138e-08 2.45549e-08 2.73301e-08 2.82874e-08 2.73868e-08 2.50082e-08 2.18319e-08 1.86524e-08 1.61934e-08 1.49706e-08 1.51965e-08 1.67056e-08 1.89037e-08 2.08208e-08 2.13811e-08 1.98835e-08 1.64249e-08 1.19009e-08 7.50606e-09 4.10655e-09 1.94848e-09 8.03165e-10 2.88095e-10 8.98752e-11 2.4245e-11 5.56464e-12 1.04512e-12 1.4551e-13 1.0764e-14 0 
0 2.26552e-13 1.76937e-12 7.30539e-12 2.23415e-11 5.61904e-11 1.21721e-10 2.32789e-10 3.99034e-10 6.1938e-10 8.77186e-10 1.14033e-09 1.36777e-09 1.52092e-09 1.5757e-09 1.53014e-09 1.40502e-09 1.2375e-09 1.07107e-09 9.45163e-10 8.86932e-10 9.05298e-10 9.86972e-10 1.09563e-09 1.17827e-09 1.18216e-09 1.07878e-09 8.80535e-10 6.35916e-10 4.0365e-10 2.24421e-10 1.09158e-10 4.64499e-11 1.72882e-11 5.61506e-12 1.58e-12 3.78506e-13 7.41751e-14 1.0764e-14 8.28662e-16 0 
0 0 0 0 0 0 0 0 0 0 0 0 0 0 0 0 0 0 0 0 0 0 0 0 0 0 0 0 0 0 0 0 0 0 0 0 0 0 0 0 0 
