0 0 0 0 0 0 0 0 0 0 0 0 0 0 0 0 0 0 0 0 0 0 0 0 0 0 0 0 0 0 0 0 0 0 0 0 0 0 0 0 0 
0 1.61192e-07 1.46198e-06 6.67236e-06 2.12673e-05 5.25294e-05 0.000106182 0.000182718 0.000276403 0.000377273 0.000474165 0.000557085 0.00061848 0.000653662 0.000660782 0.000640585 0.000596051 0.000531971 0.000454456 0.000370365 0.000286618 0.000209436 0.000143571 9.1697e-05 5.41984e-05 2.94679e-05 1.46691e-05 6.66568e-06 2.76121e-06 1.04278e-06 3.59319e-07 1.13066e-07 3.2493e-08 8.51381e-09 2.02416e-09 4.32161e-10 8.11436e-11 1.28301e-11 1.54138e-12 1.0049e-13 0 
0 1.46198e-06 1.36938e-05 6.30257e-05 0.000196052 0.000457631 0.000855491 0.00135202 0.00188841 0.00240941 0.00287263 0.00324817 0.00351631 0.0036661 0.00369459 0.00360614 0.00341149 0.00312649 0.00277077 0.00236661 0.00193814 0.00151081 0.00111046 0.000760999 0.000480433 0.00027627 0.000143428 6.68837e-05 2.79858e-05 1.05305e-05 3.57734e-06 1.10159e-06 3.08348e-07 7.84874e-08 1.81073e-08 3.751e-09 6.83776e-10 1.05078e-10 1.22858e-11 7.80693e-13 0 
0 6.67236e-06 6.30257e-05 0.000280605 0.000805011 0.00168067 0.00280543 0.00403581 0.00526243 0.00640833 0.00741228 0.00822324 0.00880217 0.00912506 0.00918468 0.00899041 0.0085663 0.00794778 0.00717753 0.00630105 0.00536279 0.00440381 0.00346186 0.00257435 0.00178175 0.00112568 0.000636798 0.000317879 0.000139139 5.35213e-05 1.8235e-05 5.55479e-06 1.52465e-06 3.78633e-07 8.50123e-08 1.71246e-08 3.03619e-09 4.54198e-10 5.176e-11 3.21041e-12 0 
0 2.12673e-05 0.000196052 0.000805011 0.00204292 0.00378228 0.00578577 0.00789355 0.00999101 0.0119669 0.0137117 0.0151286 0.016143 0.0167091 0.0168127 0.0164698 0.0157239 0.0146391 0.0132939 0.0117722 0.0101565 0.00852033 0.0069239 0.00541194 0.00401862 0.00277959 0.00174364 0.000963599 0.000458799 0.000186772 6.5476e-05 2.00675e-05 5.45898e-06 1.33173e-06 2.92353e-07 5.7463e-08 9.93643e-09 1.45037e-09 1.61432e-10 9.79207e-12 0 
0 5.25294e-05 0.000457631 0.00168067 0.00378228 0.00644802 0.00944818 0.0126294 0.0158241 0.0188494 0.0215279 0.0237058 0.0252659 0.0261366 0.0262953 0.0257669 0.0246183 0.0229495 0.0208821 0.0185474 0.0160754 0.0135842 0.0111724 0.00891313 0.00685157 0.00500998 0.00340631 0.00208169 0.00110014 0.000488668 0.000181405 5.7135e-05 1.56184e-05 3.77598e-06 8.15307e-07 1.57043e-07 2.65752e-08 3.79579e-09 4.13683e-10 2.45953e-11 0 
0 0.000106182 0.000855491 0.00280543 0.00578577 0.00944818 0.0135986 0.018032 0.0224987 0.0267345 0.030487 0.0335391 0.0357257 0.0369461 0.0371683 0.0364272 0.034817 0.0324779 0.029581 0.0263114 0.0228522 0.0193712 0.0160101 0.0128772 0.0100435 0.00754127 0.00537142 0.00353005 0.00205136 0.00100576 0.000404216 0.000133609 3.72626e-05 9.01707e-06 1.92769e-06 3.65624e-07 6.07795e-08 8.52202e-09 9.11946e-10 5.32764e-11 0 
0 0.000182718 0.00135202 0.00403581 0.00789355 0.0126294 0.018032 0.0238183 0.0296538 0.0351896 0.0400949 0.0440852 0.046945 0.0485421 0.0488331 0.0478633 0.0457571 0.0426989 0.0389122 0.0346393 0.0301201 0.0255747 0.0211899 0.0171103 0.0134337 0.0102106 0.00744536 0.0051093 0.00318188 0.00170511 0.000747602 0.000263305 7.59561e-05 1.85774e-05 3.95846e-06 7.42912e-07 1.21788e-07 1.68181e-08 1.77224e-09 1.01999e-10 0 
0 0.000276403 0.00188841 0.00526243 0.00999101 0.0158241 0.0224987 0.0296538 0.0368718 0.0437201 0.0497902 0.0547362 0.0583007 0.0603086 0.0606772 0.059455 0.0568195 0.0530196 0.048331 0.043045 0.0374556 0.0318353 0.0264157 0.0213769 0.0168429 0.012881 0.00950472 0.00667947 0.00434784 0.00249427 0.00118491 0.000447157 0.000134685 3.35629e-05 7.17041e-06 1.33759e-06 2.17038e-07 2.96135e-08 3.08176e-09 1.75192e-10 0 
0 0.000377273 0.00240941 0.00640833 0.0119669 0.0188494 0.0267345 0.0351896 0.0437201 0.051816 0.0590095 0.0649332 0.0692867 0.0717798 0.0722428 0.0707226 0.0674723 0.0628711 0.057283 0.0510261 0.0444201 0.0377791 0.0313765 0.0254259 0.0200752 0.0154067 0.0114419 0.00814683 0.00544617 0.00327554 0.00166077 0.000668953 0.000211104 5.38714e-05 1.15912e-05 2.15728e-06 3.47614e-07 4.70031e-08 4.84387e-09 2.72677e-10 0 
0 0.000474165 0.00287263 0.00741228 0.0137117 0.0215279 0.030487 0.0400949 0.0497902 0.0590095 0.0672797 0.0741869 0.0792009 0.0819502 0.0824543 0.0808173 0.0771431 0.0717745 0.0652819 0.0581152 0.0505984 0.0430515 0.0357769 0.0290173 0.0229411 0.0176438 0.0131528 0.00943531 0.00640817 0.00397521 0.00211537 0.000900288 0.000296931 7.77085e-05 1.68828e-05 3.14353e-06 5.04398e-07 6.77697e-08 6.93371e-09 3.87445e-10 0 
0 0.000557085 0.00324817 0.00822324 0.0151286 0.0237058 0.0335391 0.0440852 0.0547362 0.0649332 0.0741869 0.0817047 0.0866909 0.089229 0.0896942 0.0882253 0.0847252 0.0791259 0.0719218 0.0639297 0.0556366 0.0473474 0.0393625 0.0319437 0.0252764 0.0194659 0.0145445 0.0104798 0.00718478 0.00454472 0.00250066 0.00111012 0.000380015 0.000101787 2.23414e-05 4.1687e-06 6.67495e-07 8.93191e-08 9.0939e-09 5.05559e-10 0 
0 0.00061848 0.00351631 0.00880217 0.016143 0.0252659 0.0357257 0.046945 0.0583007 0.0692867 0.0792009 0.0866909 0.091287 0.0935762 0.094004 0.0926973 0.0895286 0.0842026 0.076772 0.068169 0.0592688 0.0504354 0.04194 0.034048 0.026956 0.0207767 0.0155453 0.01123 0.00774125 0.00495421 0.00278471 0.0012726 0.000447815 0.000122182 2.706e-05 5.06317e-06 8.10299e-07 1.08202e-07 1.09862e-08 6.08951e-10 0 
0 0.000653662 0.0036661 0.00912506 0.0167091 0.0261366 0.0369461 0.0485421 0.0603086 0.0717798 0.0819502 0.089229 0.0935762 0.0957412 0.0961519 0.0949253 0.0919394 0.0868604 0.0794865 0.0705883 0.061321 0.052173 0.0433909 0.0352336 0.0279034 0.021517 0.0161115 0.0116551 0.00805714 0.0051881 0.00295024 0.00137089 0.000490566 0.000135463 3.01962e-05 5.66518e-06 9.07235e-07 1.21108e-07 1.22876e-08 6.80516e-10 0 
0 0.000660782 0.00369459 0.00918468 0.0168127 0.0262953 0.0371683 0.0488331 0.0606772 0.0722428 0.0824543 0.0896942 0.094004 0.0961519 0.0965616 0.0953488 0.0923933 0.087359 0.0800058 0.0710585 0.0617204 0.0525128 0.0436771 0.0354699 0.0280945 0.0216686 0.0162297 0.0117462 0.00812748 0.00524317 0.00299221 0.00139789 0.00050321 0.000139637 3.12325e-05 5.87297e-06 9.42086e-07 1.25938e-07 1.27948e-08 7.09605e-10 0 
0 0.000640585 0.00360614 0.00899041 0.0164698 0.0257669 0.0364272 0.0478633 0.059455 0.0707226 0.0808173 0.0882253 0.0926973 0.0949253 0.0953488 0.0940904 0.0910259 0.0858338 0.0784149 0.0696298 0.060518 0.0515025 0.0428392 0.0347903 0.0275564 0.021253 0.0159168 0.0115165 0.00796275 0.00512762 0.00291592 0.0013557 0.000486015 0.000134628 3.0129e-05 5.67728e-06 9.13365e-07 1.22517e-07 1.24941e-08 6.95725e-10 0 
0 0.000596051 0.00341149 0.0085663 0.0157239 0.0246183 0.034817 0.0457571 0.0568195 0.0674723 0.0771431 0.0847252 0.0895286 0.0919394 0.0923933 0.0910259 0.0877177 0.082249 0.074876 0.0665245 0.0578825 0.0492748 0.040987 0.0332849 0.0263615 0.0203272 0.0152168 0.0109995 0.0075878 0.00486023 0.00273605 0.0012546 0.000444189 0.000122204 2.73204e-05 5.1626e-06 8.34719e-07 1.12664e-07 1.15694e-08 6.49046e-10 0 
0 0.000531971 0.00312649 0.00794778 0.0146391 0.0229495 0.0324779 0.0426989 0.0530196 0.0628711 0.0717745 0.0791259 0.0842026 0.0868604 0.087359 0.0858338 0.082249 0.0767 0.0697533 0.0620709 0.0540576 0.0460269 0.038285 0.0310886 0.0246181 0.0189765 0.0141957 0.0102449 0.00703993 0.00446979 0.00247622 0.00111206 0.000386808 0.000105488 2.35801e-05 4.48049e-06 7.30754e-07 9.96663e-08 1.03524e-08 5.87792e-10 0 
0 0.000454456 0.00277077 0.00717753 0.0132939 0.0208821 0.029581 0.0389122 0.048331 0.057283 0.0652819 0.0719218 0.076772 0.0794865 0.0800058 0.0784149 0.074876 0.0697533 0.0635319 0.0566106 0.0493237 0.0419988 0.0349341 0.028366 0.0224589 0.0173061 0.0129351 0.00931539 0.00636716 0.00399531 0.00216951 0.000951619 0.000325316 8.82389e-05 1.98228e-05 3.80982e-06 6.30664e-07 8.74472e-08 9.24061e-09 5.33788e-10 0 
0 0.000370365 0.00236661 0.00630105 0.0117722 0.0185474 0.0263114 0.0346393 0.043045 0.0510261 0.0581152 0.0639297 0.068169 0.0705883 0.0710585 0.0696298 0.0665245 0.0620709 0.0566106 0.050471 0.0439799 0.0374503 0.0311522 0.0252963 0.0200286 0.0154309 0.0115258 0.00828233 0.00562791 0.00348814 0.00185935 0.000801295 0.000271909 7.41873e-05 1.69284e-05 3.32158e-06 5.62385e-07 7.97614e-08 8.61264e-09 5.07594e-10 0 
0 0.000286618 0.00193814 0.00536279 0.0101565 0.0160754 0.0228522 0.0301201 0.0374556 0.0444201 0.0505984 0.0556366 0.0592688 0.061321 0.0617204 0.060518 0.0578825 0.0540576 0.0493237 0.0439799 0.0383261 0.0326394 0.0271555 0.0220575 0.0174715 0.0134674 0.0100618 0.00722474 0.00489384 0.00301567 0.00159967 0.000691475 0.000238236 6.66309e-05 1.56473e-05 3.15848e-06 5.48732e-07 7.95847e-08 8.75629e-09 5.24007e-10 0 
0 0.000209436 0.00151081 0.00440381 0.00852033 0.0135842 0.0193712 0.0255747 0.0318353 0.0377791 0.0430515 0.0473474 0.0504354 0.052173 0.0525128 0.0515025 0.0492748 0.0460269 0.0419988 0.0374503 0.0326394 0.0278031 0.0231424 0.0188131 0.0149219 0.0115269 0.00864074 0.00623579 0.00425893 0.00266399 0.00145082 0.000651678 0.000234608 6.83348e-05 1.65744e-05 3.42504e-06 6.04616e-07 8.85789e-08 9.80047e-09 5.87748e-10 0 
0 0.000143571 0.00111046 0.00346186 0.0069239 0.0111724 0.0160101 0.0211899 0.0264157 0.0313765 0.0357769 0.0393625 0.04194 0.0433909 0.0436771 0.0428392 0.040987 0.038285 0.0349341 0.0311522 0.0271555 0.0231424 0.0192814 0.0157031 0.0124998 0.00972758 0.00740276 0.00548559 0.00389116 0.00255355 0.00147521 0.000707385 0.000269576 8.14715e-05 2.01012e-05 4.16817e-06 7.32476e-07 1.0636e-07 1.16366e-08 6.89289e-10 0 
0 9.1697e-05 0.000760999 0.00257435 0.00541194 0.00891313 0.0128772 0.0171103 0.0213769 0.0254259 0.0290173 0.0319437 0.034048 0.0352336 0.0354699 0.0347903 0.0332849 0.0310886 0.028366 0.0252963 0.0220575 0.0188131 0.0157031 0.0128425 0.0103371 0.00830365 0.00680175 0.00565543 0.00448668 0.0031402 0.00185886 0.000910042 0.000354667 0.000107836 2.62733e-05 5.33017e-06 9.14077e-07 1.29538e-07 1.38465e-08 8.02514e-10 0 
0 5.41984e-05 0.000480433 0.00178175 0.00401862 0.00685157 0.0100435 0.0134337 0.0168429 0.0200752 0.0229411 0.0252764 0.026956 0.0279034 0.0280945 0.0275564 0.0263615 0.0246181 0.0224589 0.0200286 0.0174715 0.0149219 0.0124998 0.0103371 0.00868018 0.0080028 0.00864933 0.00977691 0.00941568 0.00686279 0.00370947 0.00156265 0.000541548 0.000152434 3.48311e-05 6.70225e-06 1.10327e-06 1.51256e-07 1.57139e-08 8.88164e-10 0 
0 2.94679e-05 0.00027627 0.00112568 0.00277959 0.00500998 0.00754127 0.0102106 0.012881 0.0154067 0.0176438 0.0194659 0.0207767 0.021517 0.0216686 0.021253 0.0203272 0.0189765 0.0173061 0.0154309 0.0134674 0.0115269 0.00972758 0.00830365 0.0080028 0.0105848 0.0174498 0.0254856 0.0276187 0.0200709 0.0101562 0.00362878 0.00100003 0.000231426 4.57104e-05 7.95372e-06 1.23226e-06 1.62634e-07 1.64222e-08 9.06427e-10 0 
0 1.46691e-05 0.000143428 0.000636798 0.00174364 0.00340631 0.00537142 0.00744536 0.00950472 0.0114419 0.0131528 0.0145445 0.0155453 0.0161115 0.0162297 0.0159168 0.0152168 0.0141957 0.0129351 0.0115258 0.0100618 0.00864074 0.00740276 0.00680175 0.00864933 0.0174498 0.036766 0.0653444 0.0739603 0.0498677 0.0236446 0.00795455 0.00189997 0.000358512 5.81516e-05 8.7e-06 1.23783e-06 1.56696e-07 1.5433e-08 8.35769e-10 0 
0 6.66568e-06 6.68837e-05 0.000317879 0.000963599 0.00208169 0.00353005 0.0051093 0.00667947 0.00814683 0.00943531 0.0104798 0.01123 0.0116551 0.0117462 0.0115165 0.0109995 0.0102449 0.00931539 0.00828233 0.00722474 0.00623579 0.00548559 0.00565543 0.00977691 0.0254856 0.0653444 0.087387 0.0898782 0.0817529 0.0413504 0.0128205 0.00290028 0.000485169 6.66782e-05 8.48928e-06 1.09328e-06 1.32721e-07 1.28316e-08 6.86622e-10 0 
0 2.76121e-06 2.79858e-05 0.000139139 0.000458799 0.00110014 0.00205136 0.00318188 0.00434784 0.00544617 0.00640817 0.00718478 0.00774125 0.00805714 0.00812748 0.00796275 0.0075878 0.00703993 0.00636716 0.00562791 0.00489384 0.00425893 0.00389116 0.00448668 0.00941568 0.0276187 0.0739603 0.0898782 0.0918451 0.085402 0.049286 0.0141342 0.00314115 0.00049853 6.205e-05 6.99975e-06 8.28372e-07 9.74089e-08 9.33567e-09 4.9795e-10 0 
0 1.04278e-06 1.05305e-05 5.35213e-05 0.000186772 0.000488668 0.00100576 0.00170511 0.00249427 0.00327554 0.00397521 0.00454472 0.00495421 0.0051881 0.00524317 0.00512762 0.00486023 0.00446979 0.00399531 0.00348814 0.00301567 0.00266399 0.00255355 0.0031402 0.00686279 0.0200709 0.0498677 0.0817529 0.085402 0.0705104 0.031992 0.0104683 0.00232052 0.000362719 4.3281e-05 4.61242e-06 5.25477e-07 6.13096e-08 5.90339e-09 3.16946e-10 0 
0 3.59319e-07 3.57734e-06 1.8235e-05 6.5476e-05 0.000181405 0.000404216 0.000747602 0.00118491 0.00166077 0.00211537 0.00250066 0.00278471 0.00295024 0.00299221 0.00291592 0.00273605 0.00247622 0.00216951 0.00185935 0.00159967 0.00145082 0.00147521 0.00185886 0.00370947 0.0101562 0.0236446 0.0413504 0.049286 0.031992 0.01573 0.0051875 0.00115931 0.000182516 2.18265e-05 2.35607e-06 2.75408e-07 3.29401e-08 3.23485e-09 1.76538e-10 0 
0 1.13066e-07 1.10159e-06 5.55479e-06 2.00675e-05 5.7135e-05 0.000133609 0.000263305 0.000447157 0.000668953 0.000900288 0.00111012 0.0012726 0.00137089 0.00139789 0.0013557 0.0012546 0.00111206 0.000951619 0.000801295 0.000691475 0.000651678 0.000707385 0.000910042 0.00156265 0.00362878 0.00795455 0.0128205 0.0141342 0.0104683 0.0051875 0.00172789 0.000393766 6.36356e-05 7.98508e-06 9.39966e-07 1.19965e-07 1.51402e-08 1.5363e-09 8.59738e-11 0 
0 3.2493e-08 3.08348e-07 1.52465e-06 5.45898e-06 1.56184e-05 3.72626e-05 7.59561e-05 0.000134685 0.000211104 0.000296931 0.000380015 0.000447815 0.000490566 0.00050321 0.000486015 0.000444189 0.000386808 0.000325316 0.000271909 0.000238236 0.000234608 0.000269576 0.000354667 0.000541548 0.00100003 0.00189997 0.00290028 0.00314115 0.00232052 0.00115931 0.000393766 9.25811e-05 1.58172e-05 2.21753e-06 3.06002e-07 4.43435e-08 5.9924e-09 6.33619e-10 3.66146e-11 0 
0 8.51381e-09 7.84874e-08 3.78633e-07 1.33173e-06 3.77598e-06 9.01707e-06 1.85774e-05 3.35629e-05 5.38714e-05 7.77085e-05 0.000101787 0.000122182 0.000135463 0.000139637 0.000134628 0.000122204 0.000105488 8.82389e-05 7.41873e-05 6.66309e-05 6.83348e-05 8.14715e-05 0.000107836 0.000152434 0.000231426 0.000358512 0.000485169 0.00049853 0.000362719 0.000182516 6.36356e-05 1.58172e-05 3.02635e-06 5.11858e-07 8.62419e-08 1.42062e-08 2.0551e-09 2.27357e-10 1.36352e-11 0 
0 2.02416e-09 1.81073e-08 8.50123e-08 2.92353e-07 8.15307e-07 1.92769e-06 3.95846e-06 7.17041e-06 1.15912e-05 1.68828e-05 2.23414e-05 2.706e-05 3.01962e-05 3.12325e-05 3.0129e-05 2.73204e-05 2.35801e-05 1.98228e-05 1.69284e-05 1.56473e-05 1.65744e-05 2.01012e-05 2.62733e-05 3.48311e-05 4.57104e-05 5.81516e-05 6.66782e-05 6.205e-05 4.3281e-05 2.18265e-05 7.98508e-06 2.21753e-06 5.11858e-07 1.08522e-07 2.18244e-08 3.97921e-09 6.11951e-10 7.09425e-11 4.43023e-12 0 
0 4.32161e-10 3.751e-09 1.71246e-08 5.7463e-08 1.57043e-07 3.65624e-07 7.42912e-07 1.33759e-06 2.15728e-06 3.14353e-06 4.1687e-06 5.06317e-06 5.66518e-06 5.87297e-06 5.67728e-06 5.1626e-06 4.48049e-06 3.80982e-06 3.32158e-06 3.15848e-06 3.42504e-06 4.16817e-06 5.33017e-06 6.70225e-06 7.95372e-06 8.7e-06 8.48928e-06 6.99975e-06 4.61242e-06 2.35607e-06 9.39966e-07 3.06002e-07 8.62419e-08 2.18244e-08 4.93732e-09 9.69377e-10 1.575e-10 1.91399e-11 1.24689e-12 0 
0 8.11436e-11 6.83776e-10 3.03619e-09 9.93643e-09 2.65752e-08 6.07795e-08 1.21788e-07 2.17038e-07 3.47614e-07 5.04398e-07 6.67495e-07 8.10299e-07 9.07235e-07 9.42086e-07 9.13365e-07 8.34719e-07 7.30754e-07 6.30664e-07 5.62385e-07 5.48732e-07 6.04616e-07 7.32476e-07 9.14077e-07 1.10327e-06 1.23226e-06 1.23783e-06 1.09328e-06 8.28372e-07 5.25477e-07 2.75408e-07 1.19965e-07 4.43435e-08 1.42062e-08 3.97921e-09 9.69377e-10 2.01767e-10 3.4501e-11 4.39312e-12 2.98745e-13 0 
0 1.28301e-11 1.05078e-10 4.54198e-10 1.45037e-09 3.79579e-09 8.52202e-09 1.68181e-08 2.96135e-08 4.70031e-08 6.77697e-08 8.93191e-08 1.08202e-07 1.21108e-07 1.25938e-07 1.22517e-07 1.12664e-07 9.96663e-08 8.74472e-08 7.97614e-08 7.95847e-08 8.85789e-08 1.0636e-07 1.29538e-07 1.51256e-07 1.62634e-07 1.56696e-07 1.32721e-07 9.74089e-08 6.13096e-08 3.29401e-08 1.51402e-08 5.9924e-09 2.0551e-09 6.11951e-10 1.575e-10 3.4501e-11 6.19134e-12 8.25075e-13 5.85474e-14 0 
0 1.54138e-12 1.22858e-11 5.176e-11 1.61432e-10 4.13683e-10 9.11946e-10 1.77224e-09 3.08176e-09 4.84387e-09 6.93371e-09 9.0939e-09 1.09862e-08 1.22876e-08 1.27948e-08 1.24941e-08 1.15694e-08 1.03524e-08 9.24061e-09 8.61264e-09 8.75629e-09 9.80047e-09 1.16366e-08 1.38465e-08 1.57139e-08 1.64222e-08 1.5433e-08 1.28316e-08 9.33567e-09 5.90339e-09 3.23485e-09 1.5363e-09 6.33619e-10 2.27357e-10 7.09425e-11 1.91399e-11 4.39312e-12 8.25075e-13 1.14864e-13 8.49612e-15 0 
0 1.0049e-13 7.80693e-13 3.21041e-12 9.79207e-12 2.45953e-11 5.32764e-11 1.01999e-10 1.75192e-10 2.72677e-10 3.87445e-10 5.05559e-10 6.08951e-10 6.80516e-10 7.09605e-10 6.95725e-10 6.49046e-10 5.87792e-10 5.33788e-10 5.07594e-10 5.24007e-10 5.87748e-10 6.89289e-10 8.02514e-10 8.88164e-10 9.06427e-10 8.35769e-10 6.86622e-10 4.9795e-10 3.16946e-10 1.76538e-10 8.59738e-11 3.66146e-11 1.36352e-11 4.43023e-12 1.24689e-12 2.98745e-13 5.85474e-14 8.49612e-15 6.54032e-16 0 
0 0 0 0 0 0 0 0 0 0 0 0 0 0 0 0 0 0 0 0 0 0 0 0 0 0 0 0 0 0 0 0 0 0 0 0 0 0 0 0 0 
