0 0 0 0 0 0 0 0 0 0 0 0 0 0 0 0 0 0 0 0 0 0 0 0 0 0 0 0 0 0 0 0 0 0 0 0 0 0 0 0 0 
0 5.03351e-07 4.45423e-06 1.93765e-05 5.75487e-05 0.00013049 0.000241237 0.000381932 0.00053785 0.00069291 0.000833158 0.000948039 0.00103048 0.00107656 0.00108521 0.00105776 0.000997676 0.00091017 0.000801813 0.000680171 0.000553358 0.000429499 0.000316012 0.000218785 0.000141379 8.45657e-05 4.64541e-05 2.32793e-05 1.05905e-05 4.36159e-06 1.62451e-06 5.47251e-07 1.66763e-07 4.59181e-08 1.13794e-08 2.51435e-09 4.85581e-10 7.8561e-11 9.61575e-12 6.36455e-13 0 
0 4.45423e-06 4.01152e-05 0.00017051 0.000472426 0.000967212 0.00159972 0.00228881 0.00296946 0.00359755 0.00414147 0.00457676 0.00488529 0.00505617 0.00508665 0.00498208 0.00475502 0.00442356 0.00400926 0.00353506 0.00302375 0.00249729 0.00197738 0.00148638 0.00104749 0.000682154 0.000404493 0.00021559 0.000102369 4.31405e-05 1.615e-05 5.39082e-06 1.61132e-06 4.3239e-07 1.04051e-07 2.22892e-08 4.17234e-09 6.54743e-10 7.7828e-11 5.01064e-12 0 
0 1.93765e-05 0.00017051 0.000664968 0.00161243 0.00288341 0.00429855 0.00575343 0.0071818 0.00851798 0.00969348 0.0106457 0.0113257 0.0117038 0.0117707 0.0115378 0.0110344 0.0103039 0.00939865 0.00837479 0.00728667 0.00618206 0.00509868 0.00406362 0.00309723 0.00222131 0.00146659 0.000869418 0.000452484 0.000203897 7.93652e-05 2.68669e-05 7.99388e-06 2.10953e-06 4.95732e-07 1.03341e-07 1.88017e-08 2.8681e-09 3.31733e-10 2.08112e-11 0 
0 5.75487e-05 0.000472426 0.00161243 0.00340401 0.00555313 0.00791465 0.0103985 0.0128856 0.0152367 0.0173151 0.0190022 0.0202084 0.0208791 0.0209977 0.0205841 0.0196907 0.0183951 0.0167915 0.0149819 0.013067 0.0111386 0.00927322 0.00752655 0.00593048 0.00449502 0.00322095 0.00212226 0.00124068 0.000621924 0.000262108 9.29338e-05 2.81361e-05 7.40372e-06 1.71391e-06 3.497e-07 6.20966e-08 9.23814e-09 1.04254e-09 6.38847e-11 0 
0 0.00013049 0.000967212 0.00288341 0.00555313 0.0087253 0.0122941 0.0160974 0.0199222 0.0235427 0.0267446 0.0293442 0.0312029 0.0322364 0.032419 0.0317816 0.0304047 0.0284081 0.0259373 0.0231496 0.0202011 0.0172349 0.0143724 0.0117075 0.00930259 0.00718497 0.00534791 0.00376438 0.00242258 0.00136057 0.000637965 0.000244539 7.72785e-05 2.06277e-05 4.75551e-06 9.56526e-07 1.66619e-07 2.42699e-08 2.68105e-09 1.60928e-10 0 
0 0.000241237 0.00159972 0.00429855 0.00791465 0.0122941 0.0172765 0.0226004 0.0279576 0.0330294 0.0375153 0.0411582 0.0437663 0.0452231 0.0454818 0.0445808 0.0426453 0.039846 0.0363841 0.0324788 0.0283485 0.0241941 0.0201866 0.0164593 0.0131046 0.0101729 0.0076711 0.00556433 0.00379393 0.00232922 0.00121491 0.000512787 0.000172972 4.76646e-05 1.10724e-05 2.21258e-06 3.8016e-07 5.44485e-08 5.90851e-09 3.48454e-10 0 
0 0.000381932 0.00228881 0.00575343 0.0103985 0.0160974 0.0226004 0.0295525 0.0365488 0.0431733 0.0490478 0.0540081 0.0582471 0.0611474 0.0617245 0.0598514 0.0563086 0.0521625 0.0475614 0.0424543 0.03706 0.0316348 0.0264019 0.0215361 0.0171593 0.0133412 0.010102 0.00741309 0.00520099 0.00337845 0.00191928 0.00089137 0.000325015 9.37868e-05 2.21909e-05 4.43831e-06 7.56233e-07 1.06949e-07 1.14408e-08 6.64969e-10 0 
0 0.00053785 0.00296946 0.0071818 0.0128856 0.0199222 0.0279576 0.0365488 0.0451958 0.0534251 0.0616217 0.0709292 0.0777848 0.080959 0.0815174 0.0797697 0.0751008 0.0672865 0.0592333 0.0525181 0.0458286 0.0391235 0.0326571 0.0266448 0.0212378 0.0165235 0.0125308 0.00923607 0.00656437 0.00440115 0.0026526 0.00133563 0.000526704 0.000160426 3.89764e-05 7.85103e-06 1.33289e-06 1.86851e-07 1.97702e-08 1.13583e-09 0 
0 0.00069291 0.00359755 0.00851798 0.0152367 0.0235427 0.0330294 0.0431733 0.0534251 0.0644967 0.077888 0.0855117 0.0891025 0.0907862 0.0911231 0.0902223 0.0878768 0.0833016 0.0741099 0.0626845 0.0541596 0.046215 0.0385799 0.0314819 0.0250991 0.0195349 0.0148253 0.0109476 0.00782637 0.00533622 0.00333934 0.00178731 0.000755495 0.000243063 6.08893e-05 1.24049e-05 2.1062e-06 2.93636e-07 3.08214e-08 1.75511e-09 0 
0 0.000833158 0.00414147 0.00969348 0.0173151 0.0267446 0.0375153 0.0490478 0.0616217 0.077888 0.0874085 0.0919837 0.094513 0.0957809 0.0960557 0.0953993 0.0937187 0.09069 0.0854094 0.0748991 0.0619896 0.0525041 0.0438194 0.0357607 0.0285145 0.0221982 0.0168534 0.0124566 0.00892982 0.00614271 0.00393276 0.00219695 0.000981811 0.000331849 8.57106e-05 1.76948e-05 3.01199e-06 4.18682e-07 4.3708e-08 2.47296e-09 0 
0 0.000948039 0.00457676 0.0106457 0.0190022 0.0293442 0.0411582 0.0540081 0.0709292 0.0855117 0.0919837 0.095591 0.0977132 0.0988096 0.0990592 0.0985076 0.0970968 0.0946292 0.0906096 0.0835895 0.070194 0.057749 0.0480773 0.0392356 0.0312882 0.0243611 0.0185 0.0136804 0.00982096 0.00678757 0.00440453 0.00253094 0.0011783 0.000414476 0.000109963 2.29954e-05 3.92877e-06 5.45509e-07 5.67561e-08 3.1974e-09 0 
0 0.00103048 0.00488529 0.0113257 0.0202084 0.0312029 0.0437663 0.0582471 0.0777848 0.0891025 0.094513 0.0977132 0.0996464 0.10066 0.100898 0.100398 0.0991173 0.0969046 0.0934038 0.0876809 0.0766864 0.0619443 0.0511341 0.0417213 0.0332723 0.0259082 0.0196778 0.0145555 0.0104569 0.00724502 0.00473725 0.00276956 0.00132481 0.000479474 0.000129833 2.74388e-05 4.70539e-06 6.53369e-07 6.78617e-08 3.8136e-09 0 
0 0.00107656 0.00505617 0.0117038 0.0208791 0.0322364 0.0452231 0.0611474 0.080959 0.0907863 0.0957809 0.0988096 0.10066 0.101638 0.10187 0.101394 0.100171 0.098069 0.0947831 0.0895501 0.0799123 0.064646 0.052851 0.0431052 0.034377 0.0267698 0.0203338 0.015043 0.010811 0.00749919 0.00492182 0.0029033 0.0014095 0.000518586 0.000142186 3.02583e-05 5.20402e-06 7.23109e-07 7.50764e-08 4.21541e-09 0 
0 0.00108521 0.00508665 0.0117707 0.0209977 0.032419 0.0454818 0.0617245 0.0815174 0.0911231 0.0960557 0.0990592 0.100898 0.10187 0.102103 0.10163 0.100415 0.0983299 0.0950763 0.089916 0.0804883 0.0651731 0.0531601 0.0433526 0.0345748 0.0269244 0.0204519 0.0151311 0.0108754 0.00754607 0.00495699 0.00293041 0.00142811 0.000527861 0.000145301 3.10041e-05 5.34115e-06 7.42957e-07 7.71962e-08 4.33716e-09 0 
0 0.00105776 0.00498208 0.0115378 0.0205841 0.0317816 0.0445808 0.0598514 0.0797697 0.0902223 0.0953993 0.0985076 0.100398 0.101394 0.10163 0.101143 0.0998923 0.0977387 0.0943556 0.0889106 0.078675 0.0634529 0.0521026 0.0425047 0.0338987 0.0263978 0.0200516 0.0148345 0.010661 0.00739383 0.00484915 0.00285548 0.00138285 0.000507791 0.000139182 2.96545e-05 5.11082e-06 7.11937e-07 7.4115e-08 4.17296e-09 0 
0 0.000997676 0.00475502 0.0110344 0.0196907 0.0304047 0.0426453 0.0563086 0.0751008 0.0878768 0.0937187 0.0970968 0.0991173 0.100171 0.100415 0.0998923 0.0985521 0.0962262 0.0925044 0.0862683 0.0740657 0.060085 0.0498357 0.0406695 0.0324348 0.0252573 0.0191843 0.0141913 0.0101952 0.00706166 0.00461167 0.0026887 0.00128157 0.000462858 0.00012544 2.65984e-05 4.58267e-06 6.39719e-07 6.68174e-08 3.77663e-09 0 
0 0.00091017 0.00442356 0.0103039 0.0183951 0.0284081 0.039846 0.0521625 0.0672865 0.0833016 0.09069 0.0946292 0.0969046 0.098069 0.0983299 0.0977387 0.0962262 0.0935562 0.0891103 0.0809474 0.0669775 0.0558462 0.046567 0.0380072 0.030311 0.0236026 0.0179261 0.013258 0.00951879 0.00657753 0.00426396 0.00244564 0.00113724 0.000400719 0.000106857 2.25108e-05 3.87839e-06 5.43308e-07 5.70453e-08 3.24381e-09 0 
0 0.000801813 0.00400926 0.00939865 0.0167915 0.0259373 0.0363841 0.0475614 0.0592333 0.0741099 0.0854094 0.0906096 0.0934038 0.0947831 0.0950763 0.0943556 0.0925044 0.0891103 0.0829639 0.0712097 0.059881 0.0509443 0.0425292 0.0347123 0.0276829 0.0215553 0.0163696 0.0121035 0.008681 0.0059756 0.00383098 0.00214797 0.000967657 0.000331126 8.67619e-05 1.81734e-05 3.1373e-06 4.42149e-07 4.67953e-08 2.68446e-09 0 
0 0.000680171 0.00353506 0.00837479 0.0149819 0.0231496 0.0324788 0.0424543 0.0525181 0.0626845 0.0748991 0.0835895 0.0876809 0.0895501 0.089916 0.0889106 0.0862683 0.0809474 0.0712097 0.0613195 0.0532812 0.0454824 0.0379753 0.0309957 0.0247189 0.0192471 0.0146155 0.0108027 0.00773579 0.00529493 0.00334495 0.00182547 0.000795031 0.000264614 6.83839e-05 1.43029e-05 2.48401e-06 3.53494e-07 3.78357e-08 2.19594e-09 0 
0 0.000553358 0.00302375 0.00728667 0.013067 0.0202011 0.0283485 0.03706 0.0458286 0.0541596 0.0619896 0.070194 0.0766864 0.0799123 0.0804883 0.078675 0.0740657 0.0669775 0.059881 0.0532812 0.0465093 0.0397137 0.0331597 0.0270662 0.0215863 0.0168089 0.0127643 0.00943095 0.00673989 0.00458256 0.00285145 0.00151921 0.000644878 0.000211075 5.43372e-05 1.14311e-05 2.00697e-06 2.89292e-07 3.13713e-08 1.84359e-09 0 
0 0.000429499 0.00249729 0.00618206 0.0111386 0.0172349 0.0241941 0.0316348 0.0391235 0.046215 0.0525041 0.057749 0.0619443 0.064646 0.0651731 0.0634529 0.060085 0.0558462 0.0509443 0.0454824 0.0397137 0.0339124 0.0283173 0.0231159 0.0184392 0.0143636 0.0109145 0.00807001 0.00576569 0.00391005 0.00242066 0.00128239 0.000542977 0.000178337 4.63089e-05 9.85118e-06 1.74936e-06 2.54812e-07 2.78842e-08 1.65105e-09 0 
0 0.000316012 0.00197738 0.00509868 0.00927322 0.0143724 0.0201866 0.0264019 0.0326571 0.0385799 0.0438194 0.0480773 0.0511341 0.052851 0.0531601 0.0521026 0.0498357 0.046567 0.0425292 0.0379753 0.0331597 0.0283173 0.0236482 0.0193098 0.0154161 0.0120415 0.00921542 0.00690133 0.00500536 0.00343972 0.00216182 0.00117131 0.00050906 0.000170757 4.4897e-05 9.60319e-06 1.70726e-06 2.48345e-07 2.71e-08 1.59856e-09 0 
0 0.000218785 0.00148638 0.00406362 0.00752655 0.0117075 0.0164593 0.0215361 0.0266448 0.0314819 0.0357607 0.0392356 0.0417213 0.0431052 0.0433526 0.0425047 0.0406695 0.0380072 0.0347123 0.0309957 0.0270662 0.0231159 0.0193098 0.015785 0.012672 0.0101212 0.0082246 0.00679445 0.00539006 0.00382143 0.0023561 0.00125867 0.000554057 0.000188419 4.94818e-05 1.0455e-05 1.82809e-06 2.61335e-07 2.80428e-08 1.62834e-09 0 
0 0.000141379 0.00104749 0.00309723 0.00593048 0.00930259 0.0131046 0.0171593 0.0212378 0.0250991 0.0285145 0.0312882 0.0332723 0.034377 0.0345748 0.0338987 0.0324348 0.030311 0.0276829 0.0247189 0.0215863 0.0184392 0.0154161 0.012672 0.0105108 0.00952763 0.0101579 0.011409 0.0109674 0.0080029 0.00435798 0.00189834 0.000722984 0.000231307 5.84032e-05 1.18915e-05 2.01142e-06 2.7934e-07 2.92224e-08 1.65917e-09 0 
0 8.45657e-05 0.000682154 0.00222131 0.00449502 0.00718497 0.0101729 0.0133412 0.0165235 0.0195349 0.0221982 0.0243611 0.0259082 0.0267698 0.0269244 0.0263978 0.0252573 0.0236026 0.0215553 0.0192471 0.0168089 0.0143636 0.0120415 0.0101212 0.00952763 0.0123758 0.0202736 0.036287 0.0438932 0.0240458 0.011789 0.00423348 0.00120931 0.000312117 6.99483e-05 1.32101e-05 2.12744e-06 2.85454e-07 2.90598e-08 1.61243e-09 0 
0 4.64541e-05 0.000404493 0.00146659 0.00322095 0.00534791 0.0076711 0.010102 0.0125308 0.0148253 0.0168534 0.0185 0.0196778 0.0203338 0.0204519 0.0200516 0.0191843 0.0179261 0.0163696 0.0146155 0.0127643 0.0109145 0.00921542 0.0082246 0.0101579 0.0202736 0.0518369 0.0770264 0.0789028 0.0706608 0.0281413 0.00923004 0.00222455 0.000446708 8.22047e-05 1.37119e-05 2.06336e-06 2.66927e-07 2.65259e-08 1.44403e-09 0 
0 2.32793e-05 0.00021559 0.000869418 0.00212226 0.00376438 0.00556433 0.00741309 0.00923607 0.0109476 0.0124566 0.0136804 0.0145555 0.015043 0.0151311 0.0148345 0.0141913 0.013258 0.0121035 0.0108027 0.00943095 0.00807001 0.00690133 0.00679445 0.011409 0.036287 0.0770264 0.0843195 0.0851673 0.0814096 0.0619395 0.0149079 0.00337281 0.000583222 8.8992e-05 1.28053e-05 1.77695e-06 2.21947e-07 2.16706e-08 1.16536e-09 0 
0 1.05905e-05 0.000102369 0.000452484 0.00124068 0.00242258 0.00379393 0.00520099 0.00656437 0.00782637 0.00892982 0.00982096 0.0104569 0.010811 0.0108754 0.010661 0.0101952 0.00951879 0.008681 0.00773579 0.00673989 0.00576569 0.00500536 0.00539006 0.0109674 0.0438932 0.0789028 0.0851673 0.0860371 0.0830118 0.0704866 0.0172594 0.00364825 0.000592492 8.03552e-05 1.02425e-05 1.32292e-06 1.61013e-07 1.55957e-08 8.35664e-10 0 
0 4.36159e-06 4.31405e-05 0.000203897 0.000621924 0.00136057 0.00232922 0.00337845 0.00440115 0.00533622 0.00614271 0.00678757 0.00724502 0.00749919 0.00754607 0.00739383 0.00706166 0.00657753 0.0059756 0.00529493 0.00458256 0.00391005 0.00343972 0.00382143 0.0080029 0.0240458 0.0706608 0.0814096 0.0830118 0.0778175 0.0457941 0.0121364 0.0026964 0.000431439 5.56544e-05 6.66761e-06 8.31996e-07 1.00673e-07 9.79504e-09 5.28028e-10 0 
0 1.62451e-06 1.615e-05 7.93652e-05 0.000262108 0.000637965 0.00121491 0.00191928 0.0026526 0.00333934 0.00393276 0.00440453 0.00473725 0.00492182 0.00495699 0.00484915 0.00461167 0.00426396 0.00383098 0.00334495 0.00285145 0.00242066 0.00216182 0.0023561 0.00435798 0.011789 0.0281413 0.0619395 0.0704866 0.0457941 0.0182343 0.00601626 0.00135144 0.000219506 2.84009e-05 3.42929e-06 4.36468e-07 5.39422e-08 5.34497e-09 2.92693e-10 0 
0 5.47251e-07 5.39082e-06 2.68669e-05 9.29338e-05 0.000244539 0.000512787 0.00089137 0.00133563 0.00178731 0.00219695 0.00253094 0.00276956 0.0029033 0.00293041 0.00285548 0.0026887 0.00244564 0.00214797 0.00182547 0.00151921 0.00128239 0.00117131 0.00125867 0.00189834 0.00423348 0.00923004 0.0149079 0.0172594 0.0121364 0.00601626 0.00200882 0.000464366 7.84473e-05 1.07106e-05 1.40053e-06 1.91674e-07 2.47895e-08 2.53208e-09 1.42082e-10 0 
0 1.66763e-07 1.61132e-06 7.99388e-06 2.81361e-05 7.72785e-05 0.000172972 0.000325015 0.000526704 0.000755495 0.000981811 0.0011783 0.00132481 0.0014095 0.00142811 0.00138285 0.00128157 0.00113724 0.000967657 0.000795031 0.000644878 0.000542977 0.00050906 0.000554057 0.000722984 0.00120931 0.00222455 0.00337281 0.00364825 0.0026964 0.00135144 0.000464366 0.000112516 2.03842e-05 3.12488e-06 4.71227e-07 7.15961e-08 9.81988e-09 1.04272e-09 6.03783e-11 0 
0 4.59181e-08 4.3239e-07 2.10953e-06 7.40372e-06 2.06277e-05 4.76646e-05 9.37868e-05 0.000160426 0.000243063 0.000331849 0.000414476 0.000479474 0.000518586 0.000527861 0.000507791 0.000462858 0.000400719 0.000331126 0.000264614 0.000211075 0.000178337 0.000170757 0.000188419 0.000231307 0.000312117 0.000446708 0.000583222 0.000592492 0.000431439 0.000219506 7.84473e-05 2.03842e-05 4.1784e-06 7.66426e-07 1.36966e-07 2.31279e-08 3.37035e-09 3.73794e-10 2.24519e-11 0 
0 1.13794e-08 1.04051e-07 4.95732e-07 1.71391e-06 4.75551e-06 1.10724e-05 2.21909e-05 3.89764e-05 6.08893e-05 8.57106e-05 0.000109963 0.000129833 0.000142186 0.000145301 0.000139182 0.00012544 0.000106857 8.67619e-05 6.83839e-05 5.43372e-05 4.63089e-05 4.4897e-05 4.94818e-05 5.84032e-05 6.99483e-05 8.22047e-05 8.8992e-05 8.03552e-05 5.56544e-05 2.84009e-05 1.07106e-05 3.12488e-06 7.66426e-07 1.71021e-07 3.53448e-08 6.50808e-09 1.00401e-09 1.16567e-10 7.28782e-12 0 
0 2.51435e-09 2.22892e-08 1.03341e-07 3.497e-07 9.56526e-07 2.21258e-06 4.43831e-06 7.85103e-06 1.24049e-05 1.76948e-05 2.29954e-05 2.74388e-05 3.02583e-05 3.10041e-05 2.96545e-05 2.65984e-05 2.25108e-05 1.81734e-05 1.43029e-05 1.14311e-05 9.85118e-06 9.60319e-06 1.0455e-05 1.18915e-05 1.32101e-05 1.37119e-05 1.28053e-05 1.02425e-05 6.66761e-06 3.42929e-06 1.40053e-06 4.71227e-07 1.36966e-07 3.53448e-08 8.06592e-09 1.58864e-09 2.58463e-10 3.14389e-11 2.04992e-12 0 
0 4.85581e-10 4.17234e-09 1.88017e-08 6.20966e-08 1.66619e-07 3.8016e-07 7.56233e-07 1.33289e-06 2.1062e-06 3.01199e-06 3.92877e-06 4.70539e-06 5.20402e-06 5.34115e-06 5.11082e-06 4.58267e-06 3.87839e-06 3.1373e-06 2.48401e-06 2.00697e-06 1.74936e-06 1.70726e-06 1.82809e-06 2.01142e-06 2.12744e-06 2.06336e-06 1.77695e-06 1.32292e-06 8.31996e-07 4.36468e-07 1.91674e-07 7.15961e-08 2.31279e-08 6.50808e-09 1.58864e-09 3.30967e-10 5.66295e-11 7.21528e-12 4.9098e-13 0 
0 7.8561e-11 6.54743e-10 2.8681e-09 9.23814e-09 2.42699e-08 5.44485e-08 1.06949e-07 1.86851e-07 2.93636e-07 4.18682e-07 5.45509e-07 6.53369e-07 7.23109e-07 7.42957e-07 7.11937e-07 6.39719e-07 5.43308e-07 4.42149e-07 3.53494e-07 2.89292e-07 2.54812e-07 2.48345e-07 2.61335e-07 2.7934e-07 2.85454e-07 2.66927e-07 2.21947e-07 1.61013e-07 1.00673e-07 5.39422e-08 2.47895e-08 9.81988e-09 3.37035e-09 1.00401e-09 2.58463e-10 5.66295e-11 1.01654e-11 1.35519e-12 9.62085e-14 0 
0 9.61575e-12 7.7828e-11 3.31733e-10 1.04254e-09 2.68105e-09 5.90851e-09 1.14408e-08 1.97702e-08 3.08214e-08 4.3708e-08 5.67561e-08 6.78617e-08 7.50764e-08 7.71962e-08 7.4115e-08 6.68174e-08 5.70453e-08 4.67953e-08 3.78357e-08 3.13713e-08 2.78842e-08 2.71e-08 2.80428e-08 2.92224e-08 2.90598e-08 2.65259e-08 2.16706e-08 1.55957e-08 9.79504e-09 5.34497e-09 2.53208e-09 1.04272e-09 3.73794e-10 1.16567e-10 3.14389e-11 7.21528e-12 1.35519e-12 1.88701e-13 1.39616e-14 0 
0 6.36455e-13 5.01064e-12 2.08112e-11 6.38847e-11 1.60928e-10 3.48454e-10 6.64969e-10 1.13583e-09 1.75511e-09 2.47296e-09 3.1974e-09 3.8136e-09 4.21541e-09 4.33716e-09 4.17296e-09 3.77663e-09 3.24381e-09 2.68446e-09 2.19594e-09 1.84359e-09 1.65105e-09 1.59856e-09 1.62834e-09 1.65917e-09 1.61243e-09 1.44403e-09 1.16536e-09 8.35664e-10 5.28028e-10 2.92693e-10 1.42082e-10 6.03783e-11 2.24519e-11 7.28782e-12 2.04992e-12 4.9098e-13 9.62085e-14 1.39616e-14 1.07492e-15 0 
0 0 0 0 0 0 0 0 0 0 0 0 0 0 0 0 0 0 0 0 0 0 0 0 0 0 0 0 0 0 0 0 0 0 0 0 0 0 0 0 0 
