0 0 0 0 0 0 0 0 0 0 0 0 0 0 0 0 0 0 0 0 0 0 0 0 0 0 0 0 0 0 0 0 0 0 0 0 0 0 0 0 0 
0 3.38665e-07 3.02869e-06 1.34461e-05 4.11272e-05 9.65447e-05 0.000184852 0.000302084 0.000436796 0.000574548 0.000701703 0.000807366 0.000883955 0.000927118 0.000935435 0.000910067 0.000854383 0.000773575 0.000674247 0.00056397 0.000450736 0.000342302 0.000245382 0.000164813 0.00010291 5.92834e-05 3.12963e-05 1.50621e-05 6.58711e-06 2.61413e-06 9.41446e-07 3.07873e-07 9.14467e-08 2.46397e-08 5.99667e-09 1.30535e-09 2.49036e-10 3.98937e-11 4.84402e-12 3.18558e-13 0 
0 3.02869e-06 2.7745e-05 0.000121989 0.000354467 0.00076403 0.00132247 0.00195944 0.00260553 0.00320929 0.00373463 0.00415562 0.00445414 0.00461975 0.00464988 0.00454967 0.00433107 0.00401131 0.0036111 0.00315295 0.00266003 0.00215587 0.00166469 0.0012115 0.000820309 0.00050966 0.000286824 0.000144769 6.51785e-05 2.61578e-05 9.38412e-06 3.0226e-06 8.77528e-07 2.30035e-07 5.43355e-08 1.14695e-08 2.12232e-09 3.30042e-10 3.89543e-11 2.494e-12 0 
0 1.34461e-05 0.000121989 0.000502688 0.00130181 0.00246144 0.00380872 0.00521072 0.00658568 0.00786731 0.00899179 0.00990132 0.0105507 0.0109119 0.0109766 0.0107555 0.0102763 0.00957977 0.00871522 0.00773507 0.00668993 0.0056243 0.00457445 0.00356963 0.00263755 0.00181143 0.00113061 0.000627161 0.00030412 0.000128083 4.70108e-05 1.51772e-05 4.35392e-06 1.11788e-06 2.57379e-07 5.28423e-08 9.50546e-09 1.43774e-09 1.65236e-10 1.0316e-11 0 
0 4.11272e-05 0.000354467 0.00130181 0.00293616 0.00498753 0.00725451 0.00962799 0.0119968 0.014233 0.0162091 0.0178133 0.0189606 0.0195992 0.0197132 0.0193213 0.0184732 0.0172423 0.015718 0.0139967 0.0121733 0.010334 0.008549 0.00686881 0.0053226 0.00392522 0.00269447 0.00166934 0.00090267 0.000415545 0.000161693 5.36893e-05 1.54757e-05 3.93269e-06 8.88544e-07 1.78257e-07 3.12806e-08 4.61486e-09 5.17693e-10 3.15859e-11 0 
0 9.65447e-05 0.00076403 0.00246144 0.00498753 0.00802158 0.01142 0.0150329 0.0186644 0.0221022 0.0251434 0.0276136 0.0293806 0.0303642 0.0305395 0.0299355 0.0286287 0.0267327 0.0243857 0.0217371 0.0189348 0.0161143 0.01339 0.0108489 0.00854628 0.00650403 0.0047168 0.00317669 0.00191033 0.000981412 0.000417726 0.000146806 4.3404e-05 1.10627e-05 2.4737e-06 4.87731e-07 8.38507e-08 1.21075e-08 1.32962e-09 7.94833e-11 0 
0 0.000184852 0.00132247 0.00380872 0.00725451 0.01142 0.0161476 0.0211982 0.0262821 0.0310973 0.0353581 0.0388192 0.0412955 0.0426742 0.0429199 0.0420729 0.0402412 0.0375844 0.034296 0.0305858 0.0266616 0.0227139 0.0189047 0.0153598 0.0121646 0.00936238 0.00695369 0.00490463 0.00318156 0.00180626 0.000851457 0.000323883 0.000100238 2.5994e-05 5.80644e-06 1.13229e-06 1.91608e-07 2.71805e-08 2.93132e-09 1.72168e-10 0 
0 0.000302084 0.00195944 0.00521072 0.00962799 0.0150329 0.0211982 0.0277925 0.0344325 0.0407226 0.0462902 0.0508261 0.0541134 0.055992 0.0563338 0.0551667 0.0527057 0.0492048 0.0449026 0.0400555 0.0349299 0.0297748 0.0248022 0.0201776 0.0160157 0.0123799 0.00928349 0.00669181 0.00453673 0.00277088 0.00143346 0.000595254 0.000195749 5.23151e-05 1.17794e-05 2.28609e-06 3.8256e-07 5.35154e-08 5.68627e-09 3.29076e-10 0 
0 0.000436796 0.00260553 0.00658568 0.0119968 0.0186644 0.0262821 0.0344325 0.0426405 0.0504202 0.0573685 0.0633564 0.0682468 0.0712585 0.0718252 0.0699467 0.0660898 0.061141 0.0556206 0.0495962 0.0432582 0.0368865 0.0307414 0.0250279 0.0198889 0.0154054 0.0116012 0.00844614 0.0058611 0.00375059 0.00208576 0.00094024 0.000330548 9.18587e-05 2.10021e-05 4.07875e-06 6.7785e-07 9.3842e-08 9.85473e-09 5.63522e-10 0 
0 0.000574548 0.00320929 0.00786731 0.014233 0.0221022 0.0310973 0.0407226 0.0504202 0.0596998 0.0686282 0.0770966 0.0829028 0.0856965 0.0861964 0.0846067 0.0805959 0.0739425 0.0661931 0.0586887 0.0511528 0.0436253 0.0363689 0.0296232 0.0235571 0.0182678 0.0137866 0.010086 0.00708418 0.00466082 0.00272682 0.00131559 0.000493055 0.000142976 3.33485e-05 6.50757e-06 1.07786e-06 1.48143e-07 1.54197e-08 8.73552e-10 0 
0 0.000701703 0.00373463 0.00899179 0.0162091 0.0251434 0.0353581 0.0462902 0.0573685 0.0686282 0.0801108 0.0878218 0.0918492 0.0937691 0.0941396 0.0930768 0.0903803 0.0853603 0.0769242 0.0671223 0.0581815 0.0495926 0.0413507 0.0336909 0.0268038 0.0208003 0.0157175 0.0115285 0.00814963 0.0054489 0.00329628 0.00167398 0.000662734 0.000200159 4.76969e-05 9.37486e-06 1.55162e-06 2.12274e-07 2.19559e-08 1.23527e-09 0 
0 0.000807366 0.00415562 0.00990132 0.0178133 0.0276136 0.0388192 0.0508261 0.0633564 0.0770966 0.0878218 0.0935411 0.0967131 0.0982895 0.0986108 0.0977558 0.0956085 0.0917743 0.0852488 0.0748845 0.0640863 0.0544565 0.0454005 0.0369975 0.029443 0.0228586 0.0172859 0.0126977 0.00900816 0.00607907 0.00375582 0.00197705 0.000816745 0.000255343 6.20648e-05 1.22952e-05 2.03682e-06 2.77942e-07 2.86298e-08 1.60317e-09 0 
0 0.000883955 0.00445414 0.0105507 0.0189606 0.0293806 0.0412955 0.0541134 0.0682468 0.0829028 0.0918492 0.0967131 0.099516 0.100938 0.101238 0.100479 0.0985764 0.0952469 0.0897852 0.0806131 0.0686708 0.0579768 0.0483023 0.0393661 0.0313336 0.0243332 0.0184094 0.0135346 0.00962087 0.00652644 0.00408304 0.00219929 0.000935713 0.000300144 7.41131e-05 1.4785e-05 2.4534e-06 3.34451e-07 3.43733e-08 1.91951e-09 0 
0 0.000927118 0.00461975 0.0109119 0.0195992 0.0303642 0.0426742 0.055992 0.0712585 0.0856965 0.0937691 0.0982895 0.100938 0.102295 0.102586 0.101869 0.100071 0.0969509 0.0919185 0.0835425 0.0714301 0.0599795 0.0499239 0.040689 0.03239 0.0251576 0.0190379 0.014003 0.00996374 0.00677663 0.00426692 0.00232698 0.00100678 0.00032797 8.1807e-05 1.64016e-05 2.72658e-06 3.71749e-07 3.8183e-08 2.13025e-09 0 
0 0.000935435 0.00464988 0.0109766 0.0197132 0.0305395 0.0429199 0.0563338 0.0718252 0.0861964 0.0941396 0.0986108 0.101238 0.102586 0.102876 0.102165 0.100383 0.0972933 0.0923242 0.0840747 0.0719558 0.0603514 0.050222 0.040933 0.0325858 0.0253112 0.0191559 0.014092 0.0100301 0.0068266 0.00430574 0.00235612 0.00102438 0.000335367 8.39698e-05 1.68769e-05 2.81005e-06 3.83558e-07 3.94313e-08 2.20169e-09 0 
0 0.000910067 0.00454967 0.0107555 0.0193213 0.0299355 0.0420729 0.0551667 0.0699467 0.0846067 0.0930768 0.0977558 0.100479 0.101869 0.102165 0.101428 0.0995817 0.0963657 0.0911419 0.0823933 0.0702573 0.0591305 0.0492431 0.0401368 0.031952 0.0248187 0.0187825 0.0138159 0.00983071 0.00668479 0.00420602 0.0022907 0.000989888 0.000322474 8.05576e-05 1.61918e-05 2.69984e-06 3.69304e-07 3.80609e-08 2.13091e-09 0 
0 0.000854383 0.00433107 0.0102763 0.0184732 0.0286287 0.0402412 0.0527057 0.0660898 0.0805959 0.0903803 0.0956085 0.0985764 0.100071 0.100383 0.0995817 0.097572 0.0940276 0.0881261 0.0783103 0.0667262 0.0565218 0.0471146 0.0384029 0.0305707 0.0237441 0.0179666 0.0132114 0.00939227 0.00637023 0.0039818 0.00214176 0.000910817 0.000292745 7.26092e-05 1.45712e-05 2.43402e-06 3.34138e-07 3.45911e-08 1.94621e-09 0 
0 0.000773575 0.00401131 0.00957977 0.0172423 0.0267327 0.0375844 0.0492048 0.061141 0.0739425 0.0853603 0.0917743 0.0952469 0.0969509 0.0972933 0.0963657 0.0940276 0.0898021 0.082515 0.0720462 0.0620079 0.0527883 0.0440242 0.0358836 0.0285637 0.0221827 0.0167811 0.0123328 0.00875415 0.00591087 0.00365426 0.00192711 0.000799925 0.000252155 6.19349e-05 1.24096e-05 2.07988e-06 2.87215e-07 2.9948e-08 1.69821e-09 0 
0 0.000674247 0.0036111 0.00871522 0.015718 0.0243857 0.034296 0.0449026 0.0556206 0.0661931 0.0769242 0.0852488 0.0897852 0.0919185 0.0923242 0.0911419 0.0881261 0.082515 0.0739718 0.0649894 0.0565062 0.048194 0.040198 0.0327644 0.0260795 0.0202511 0.0153154 0.011247 0.00796501 0.00534226 0.0032522 0.00167163 0.000674113 0.000208078 5.06692e-05 1.01634e-05 1.71493e-06 2.391e-07 2.52048e-08 1.44569e-09 0 
0 0.00056397 0.00315295 0.00773507 0.0139967 0.0217371 0.0305858 0.0400555 0.0495962 0.0586887 0.0671223 0.0748845 0.0806131 0.0835425 0.0840747 0.0823933 0.0783103 0.0720462 0.0649894 0.0578025 0.0504167 0.0430169 0.035881 0.0292464 0.0232793 0.0180758 0.013667 0.0100275 0.00707989 0.00470799 0.0028145 0.00140812 0.000552974 0.00016806 4.0836e-05 8.25044e-06 1.40922e-06 1.99314e-07 2.1327e-08 1.2414e-09 0 
0 0.000450736 0.00266003 0.00668993 0.0121733 0.0189348 0.0266616 0.0349299 0.0432582 0.0511528 0.0581815 0.0640863 0.0686708 0.0714301 0.0719558 0.0702573 0.0667262 0.0620079 0.0565062 0.0504167 0.0439973 0.0375424 0.0313168 0.0255288 0.0203233 0.0157832 0.0119344 0.00875091 0.00616067 0.00406458 0.00239499 0.00117741 0.000456841 0.00013877 3.40482e-05 6.98556e-06 1.21396e-06 1.74658e-07 1.89886e-08 1.12119e-09 0 
0 0.000342302 0.00215587 0.0056243 0.010334 0.0161143 0.0227139 0.0297748 0.0368865 0.0436253 0.0495926 0.0544565 0.0579768 0.0599795 0.0603514 0.0591305 0.0565218 0.0527883 0.048194 0.0430169 0.0375424 0.0320373 0.026729 0.0217953 0.0173596 0.0134928 0.0102157 0.00750277 0.00528942 0.00349457 0.00206645 0.00102514 0.000404143 0.000125272 3.13732e-05 6.55448e-06 1.15615e-06 1.68305e-07 1.84619e-08 1.09716e-09 0 
0 0.000245382 0.00166469 0.00457445 0.008549 0.01339 0.0189047 0.0248022 0.0307414 0.0363689 0.0413507 0.0454005 0.0483023 0.0499239 0.050222 0.0492431 0.0471146 0.0440242 0.040198 0.035881 0.0313168 0.026729 0.0223079 0.0182028 0.0145209 0.0113309 0.00865779 0.00646331 0.0046552 0.00315043 0.00192098 0.000992263 0.000407872 0.000130476 3.32609e-05 6.99811e-06 1.235e-06 1.79196e-07 1.95501e-08 1.15406e-09 0 
0 0.000164813 0.0012115 0.00356963 0.00686881 0.0108489 0.0153598 0.0201776 0.0250279 0.0296232 0.0336909 0.0369975 0.0393661 0.040689 0.040933 0.0401368 0.0384029 0.0358836 0.0327644 0.0292464 0.0255288 0.0217953 0.0182028 0.0148818 0.0119552 0.00956293 0.00778732 0.00644416 0.00511164 0.00360947 0.00219565 0.00113666 0.000477255 0.000154995 3.94073e-05 8.17378e-06 1.41568e-06 2.01412e-07 2.15579e-08 1.24984e-09 0 
0 0.00010291 0.000820309 0.00263755 0.0053226 0.00854628 0.0121646 0.0160157 0.0198889 0.0235571 0.0268038 0.029443 0.0313336 0.03239 0.0325858 0.031952 0.0305707 0.0285637 0.0260795 0.0232793 0.0203233 0.0173596 0.0145209 0.0119552 0.00994864 0.0090595 0.00969488 0.010908 0.0104911 0.00765293 0.00415851 0.00179215 0.000659915 0.000201108 4.88278e-05 9.7162e-06 1.62436e-06 2.24232e-07 2.33745e-08 1.32385e-09 0 
0 5.92834e-05 0.00050966 0.00181143 0.00392522 0.00650403 0.00936238 0.0123799 0.0154054 0.0182678 0.0208003 0.0228586 0.0243332 0.0251576 0.0253112 0.0248187 0.0237441 0.0221827 0.0202511 0.0180758 0.0157832 0.0134928 0.0113309 0.00956293 0.0090595 0.0118261 0.0194067 0.0302928 0.0361115 0.0223292 0.0112878 0.00404769 0.00114268 0.00028343 6.05867e-05 1.10947e-05 1.76005e-06 2.34526e-07 2.37856e-08 1.31636e-09 0 
0 3.12963e-05 0.000286824 0.00113061 0.00269447 0.0047168 0.00695369 0.00928349 0.0116012 0.0137866 0.0157175 0.0172859 0.0184094 0.0190379 0.0191559 0.0187825 0.0179666 0.0167811 0.0153154 0.013667 0.0119344 0.0102157 0.00865779 0.00778732 0.00969488 0.0194067 0.0436996 0.0767461 0.080123 0.0636301 0.0262878 0.00883855 0.00212441 0.000417334 7.32931e-05 1.17494e-05 1.73232e-06 2.22241e-07 2.20013e-08 1.19483e-09 0 
0 1.50621e-05 0.000144769 0.000627161 0.00166934 0.00317669 0.00490463 0.00669181 0.00844614 0.010086 0.0115285 0.0126977 0.0135346 0.014003 0.014092 0.0138159 0.0132114 0.0123328 0.011247 0.0100275 0.00875091 0.00750277 0.00646331 0.00644416 0.010908 0.0302928 0.0767461 0.0869803 0.0882629 0.0830009 0.0538774 0.0142379 0.00322766 0.000551792 8.09981e-05 1.11479e-05 1.5067e-06 1.86264e-07 1.81155e-08 9.72054e-10 0 
0 6.58711e-06 6.51785e-05 0.00030412 0.00090267 0.00191033 0.00318156 0.00453673 0.0058611 0.00708418 0.00814963 0.00900816 0.00962087 0.00996374 0.0100301 0.00983071 0.00939227 0.00875415 0.00796501 0.00707989 0.00616067 0.00528942 0.0046552 0.00511164 0.0104911 0.0361115 0.080123 0.0882629 0.0893577 0.0851813 0.063842 0.0157397 0.00349254 0.000562743 7.39248e-05 9.01282e-06 1.12911e-06 1.35783e-07 1.30994e-08 7.00548e-10 0 
0 2.61413e-06 2.61578e-05 0.000128083 0.000415545 0.000981412 0.00180626 0.00277088 0.00375059 0.00466082 0.0054489 0.00607907 0.00652644 0.00677663 0.0068266 0.00668479 0.00637023 0.00591087 0.00534226 0.00470799 0.00406458 0.00349457 0.00315043 0.00360947 0.00765293 0.0223292 0.0636301 0.0830009 0.0851813 0.0788659 0.0389795 0.0116244 0.00258092 0.000409588 5.13182e-05 5.89182e-06 7.12393e-07 8.51324e-08 8.2515e-09 4.44073e-10 0 
0 9.41446e-07 9.38412e-06 4.70108e-05 0.000161693 0.000417726 0.000851457 0.00143346 0.00208576 0.00272682 0.00329628 0.00375582 0.00408304 0.00426692 0.00430574 0.00420602 0.0039818 0.00365426 0.0032522 0.0028145 0.00239499 0.00206645 0.00192098 0.00219565 0.00415851 0.0112878 0.0262878 0.0538774 0.063842 0.0389795 0.0174656 0.00576188 0.00129218 0.000207508 2.6067e-05 3.02282e-06 3.73677e-07 4.56721e-08 4.51087e-09 2.46673e-10 0 
0 3.07873e-07 3.0226e-06 1.51772e-05 5.36893e-05 0.000146806 0.000323883 0.000595254 0.00094024 0.00131559 0.00167398 0.00197705 0.00219929 0.00232698 0.00235612 0.0022907 0.00214176 0.00192711 0.00167163 0.00140812 0.00117741 0.00102514 0.000992263 0.00113666 0.00179215 0.00404769 0.00883855 0.0142379 0.0157397 0.0116244 0.00576188 0.00192244 0.000442167 7.3463e-05 9.7199e-06 1.22455e-06 1.63678e-07 2.09946e-08 2.13931e-09 1.1991e-10 0 
0 9.14467e-08 8.77528e-07 4.35392e-06 1.54757e-05 4.3404e-05 0.000100238 0.000195749 0.000330548 0.000493055 0.000662734 0.000816745 0.000935713 0.00100678 0.00102438 0.000989888 0.000910817 0.000799925 0.000674113 0.000552974 0.000456841 0.000404143 0.000407872 0.000477255 0.000659915 0.00114268 0.00212441 0.00322766 0.00349254 0.00258092 0.00129218 0.000442167 0.000105931 1.87719e-05 2.78587e-06 4.07438e-07 6.09335e-08 8.31541e-09 8.81577e-10 5.10042e-11 0 
0 2.46397e-08 2.30035e-07 1.11788e-06 3.93269e-06 1.10627e-05 2.5994e-05 5.23151e-05 9.18587e-05 0.000142976 0.000200159 0.000255343 0.000300144 0.00032797 0.000335367 0.000322474 0.000292745 0.000252155 0.000208078 0.00016806 0.00013877 0.000125272 0.000130476 0.000154995 0.000201108 0.00028343 0.000417334 0.000551792 0.000562743 0.000409588 0.000207508 7.3463e-05 1.87719e-05 3.75222e-06 6.69026e-07 1.17219e-07 1.96311e-08 2.85349e-09 3.16164e-10 1.89781e-11 0 
0 5.99667e-09 5.43355e-08 2.57379e-07 8.88544e-07 2.4737e-06 5.80644e-06 1.17794e-05 2.10021e-05 3.33485e-05 4.76969e-05 6.20648e-05 7.41131e-05 8.1807e-05 8.39698e-05 8.05576e-05 7.26092e-05 6.19349e-05 5.06692e-05 4.0836e-05 3.40482e-05 3.13732e-05 3.32609e-05 3.94073e-05 4.88278e-05 6.05867e-05 7.32931e-05 8.09981e-05 7.39248e-05 5.13182e-05 2.6067e-05 9.7199e-06 2.78587e-06 6.69026e-07 1.46745e-07 3.00554e-08 5.51582e-09 8.49958e-10 9.86209e-11 6.16279e-12 0 
0 1.30535e-09 1.14695e-08 5.28423e-08 1.78257e-07 4.87731e-07 1.13229e-06 2.28609e-06 4.07875e-06 6.50757e-06 9.37486e-06 1.22952e-05 1.4785e-05 1.64016e-05 1.68769e-05 1.61918e-05 1.45712e-05 1.24096e-05 1.01634e-05 8.25044e-06 6.98556e-06 6.55448e-06 6.99811e-06 8.17378e-06 9.7162e-06 1.10947e-05 1.17494e-05 1.11479e-05 9.01282e-06 5.89182e-06 3.02282e-06 1.22455e-06 4.07438e-07 1.17219e-07 3.00554e-08 6.83903e-09 1.3455e-09 2.1879e-10 2.66026e-11 1.73392e-12 0 
0 2.49036e-10 2.12232e-09 9.50546e-09 3.12806e-08 8.38507e-08 1.91608e-07 3.8256e-07 6.7785e-07 1.07786e-06 1.55162e-06 2.03682e-06 2.4534e-06 2.72658e-06 2.81005e-06 2.69984e-06 2.43402e-06 2.07988e-06 1.71493e-06 1.40922e-06 1.21396e-06 1.15615e-06 1.235e-06 1.41568e-06 1.62436e-06 1.76005e-06 1.73232e-06 1.5067e-06 1.12911e-06 7.12393e-07 3.73677e-07 1.63678e-07 6.09335e-08 1.96311e-08 5.51582e-09 1.3455e-09 2.80215e-10 4.79331e-11 6.10564e-12 4.15355e-13 0 
0 3.98937e-11 3.30042e-10 1.43774e-09 4.61486e-09 1.21075e-08 2.71805e-08 5.35154e-08 9.3842e-08 1.48143e-07 2.12274e-07 2.77942e-07 3.34451e-07 3.71749e-07 3.83558e-07 3.69304e-07 3.34138e-07 2.87215e-07 2.391e-07 1.99314e-07 1.74658e-07 1.68305e-07 1.79196e-07 2.01412e-07 2.24232e-07 2.34526e-07 2.22241e-07 1.86264e-07 1.35783e-07 8.51324e-08 4.56721e-08 2.09946e-08 8.31541e-09 2.85349e-09 8.49958e-10 2.1879e-10 4.79331e-11 8.60324e-12 1.14674e-12 8.13944e-14 0 
0 4.84402e-12 3.89543e-11 1.65236e-10 5.17693e-10 1.32962e-09 2.93132e-09 5.68627e-09 9.85473e-09 1.54197e-08 2.19559e-08 2.86298e-08 3.43733e-08 3.8183e-08 3.94313e-08 3.80609e-08 3.45911e-08 2.9948e-08 2.52048e-08 2.1327e-08 1.89886e-08 1.84619e-08 1.95501e-08 2.15579e-08 2.33745e-08 2.37856e-08 2.20013e-08 1.81155e-08 1.30994e-08 8.2515e-09 4.51087e-09 2.13931e-09 8.81577e-10 3.16164e-10 9.86209e-11 2.66026e-11 6.10564e-12 1.14674e-12 1.59664e-13 1.18117e-14 0 
0 3.18558e-13 2.494e-12 1.0316e-11 3.15859e-11 7.94833e-11 1.72168e-10 3.29076e-10 5.63522e-10 8.73552e-10 1.23527e-09 1.60317e-09 1.91951e-09 2.13025e-09 2.20169e-09 2.13091e-09 1.94621e-09 1.69821e-09 1.44569e-09 1.2414e-09 1.12119e-09 1.09716e-09 1.15406e-09 1.24984e-09 1.32385e-09 1.31636e-09 1.19483e-09 9.72054e-10 7.00548e-10 4.44073e-10 2.46673e-10 1.1991e-10 5.10042e-11 1.89781e-11 6.16279e-12 1.73392e-12 4.15355e-13 8.13944e-14 1.18117e-14 9.09341e-16 0 
0 0 0 0 0 0 0 0 0 0 0 0 0 0 0 0 0 0 0 0 0 0 0 0 0 0 0 0 0 0 0 0 0 0 0 0 0 0 0 0 0 
