0 0 0 0 0 0 0 0 0 0 0 0 0 0 0 0 0 0 0 0 0 0 0 0 0 0 0 0 0 0 0 0 0 0 0 0 0 0 0 0 0 
0 3.2095e-08 2.96491e-07 1.4042e-06 4.74054e-06 1.26218e-05 2.77967e-05 5.22186e-05 8.57534e-05 0.000125709 0.00016744 0.000205578 0.000235243 0.000252917 0.000256858 0.00024718 0.000225651 0.000195312 0.000159961 0.000123562 8.96435e-05 6.07882e-05 3.8336e-05 2.23783e-05 1.20437e-05 5.95887e-06 2.70623e-06 1.12774e-06 4.31461e-07 1.51719e-07 4.90899e-08 1.46248e-08 4.01e-09 1.00958e-09 2.32088e-10 4.8177e-11 8.8368e-12 1.37045e-12 1.62029e-13 1.04247e-14 0 
0 2.96491e-07 2.85059e-06 1.38981e-05 4.74496e-05 0.000125015 0.000266797 0.000478299 0.000744194 0.00103423 0.00131421 0.00155415 0.00173202 0.00183442 0.00185606 0.00179891 0.00167116 0.00148617 0.00126131 0.00101662 0.000773072 0.000550219 0.000363337 0.000220717 0.00012246 6.17562e-05 2.82504e-05 1.17296e-05 4.43118e-06 1.52811e-06 4.82596e-07 1.39911e-07 3.72699e-08 9.11012e-09 2.03352e-09 4.10121e-10 7.31593e-11 1.10476e-11 1.27353e-12 8.00032e-14 0 
0 1.4042e-06 1.38981e-05 6.8354e-05 0.000228324 0.000569493 0.00112327 0.00184606 0.00264943 0.00344442 0.00416076 0.00474764 0.00517053 0.00540935 0.00545756 0.00532121 0.00501737 0.00457191 0.00401714 0.00338965 0.00272899 0.00207695 0.00147621 0.000966036 0.000573791 0.00030578 0.000145283 6.15238e-05 2.33274e-05 7.9742e-06 2.47488e-06 7.01281e-07 1.82021e-07 4.32887e-08 9.39783e-09 1.84408e-09 3.20329e-10 4.71578e-11 5.30681e-12 3.25891e-13 0 
0 4.74054e-06 4.74496e-05 0.000228324 0.00071505 0.00161847 0.00287713 0.00432788 0.00581942 0.00723835 0.00849581 0.00951976 0.0102559 0.0106704 0.0107522 0.0105118 0.00997965 0.00920107 0.00823154 0.00713094 0.00595883 0.00477173 0.00362367 0.00256986 0.00166825 0.000969945 0.000496121 0.000221362 8.63777e-05 2.97795e-05 9.18538e-06 2.5624e-06 6.51192e-07 1.51205e-07 3.20127e-08 6.12547e-09 1.03817e-09 1.49265e-10 1.64245e-11 9.87541e-13 0 
0 1.26218e-05 0.000125015 0.000569493 0.00161847 0.00328831 0.00535912 0.00761305 0.00989011 0.0120527 0.0139731 0.0155401 0.0166678 0.0173028 0.0174267 0.0170562 0.0162383 0.0150442 0.013561 0.0118825 0.0101013 0.00830078 0.00655156 0.00491183 0.00343588 0.00218588 0.00122784 0.00059429 0.000245576 8.73053e-05 2.71696e-05 7.53493e-06 1.88701e-06 4.29748e-07 8.90424e-08 1.66621e-08 2.76215e-09 3.88717e-10 4.19084e-11 2.47174e-12 0 
0 2.77967e-05 0.000266797 0.00112327 0.00287713 0.00535912 0.00827624 0.0114162 0.0145931 0.0176179 0.0203085 0.0225058 0.0240879 0.0249786 0.025152 0.0246312 0.0234828 0.0218075 0.0197285 0.0173795 0.0148923 0.0123868 0.00996275 0.00769577 0.0056391 0.00383737 0.00234904 0.00124627 0.000557207 0.000208845 6.66982e-05 1.86001e-05 4.62495e-06 1.03852e-06 2.11429e-07 3.88187e-08 6.31222e-09 8.71687e-10 9.22905e-11 5.35071e-12 0 
0 5.22186e-05 0.000478299 0.00184606 0.00432788 0.00761305 0.0114162 0.0155139 0.0196682 0.023628 0.0271524 0.0300319 0.0321056 0.0332734 0.033501 0.0328187 0.0313139 0.029119 0.0263962 0.0233217 0.0200694 0.0167984 0.0136419 0.0107013 0.00804321 0.00570527 0.00371845 0.00213965 0.001041 0.000417641 0.000139003 3.94303e-05 9.8112e-06 2.18418e-06 4.38762e-07 7.93153e-08 1.26892e-08 1.72417e-09 1.79711e-10 1.02651e-11 0 
0 8.57534e-05 0.000744194 0.00264943 0.00581942 0.00989011 0.0145931 0.0196682 0.0248176 0.0297283 0.0341003 0.0376731 0.0402468 0.041697 0.0419808 0.0411356 0.0392699 0.0365482 0.0331721 0.0293607 0.0253307 0.0212803 0.0173766 0.0137478 0.0104787 0.00761289 0.00516531 0.00315834 0.00165692 0.000714323 0.000250265 7.29055e-05 1.82831e-05 4.05631e-06 8.07299e-07 1.44183e-07 2.27643e-08 3.05195e-09 3.13963e-10 1.77104e-11 0 
0 0.000125709 0.00103423 0.00344442 0.00723835 0.0120527 0.0176179 0.023628 0.0297283 0.035547 0.0407285 0.0449639 0.0480162 0.0497373 0.0500762 0.0490769 0.0468679 0.0436443 0.0396454 0.0351308 0.0303581 0.0255628 0.0209442 0.0166555 0.0127996 0.00942999 0.00655765 0.0041786 0.00232546 0.00107055 0.000395862 0.000119115 3.02684e-05 6.7218e-06 1.33028e-06 2.35494e-07 3.68025e-08 4.88174e-09 4.96937e-10 2.77497e-11 0 
0 0.00016744 0.00131421 0.00416076 0.00849581 0.0139731 0.0203085 0.0271524 0.0341003 0.0407285 0.0466321 0.0514593 0.0549398 0.0569046 0.0572945 0.0561594 0.0536456 0.0499757 0.0454223 0.0402813 0.0348466 0.0293869 0.0241299 0.0192512 0.0148697 0.0110484 0.00779966 0.00510472 0.00296401 0.00143953 0.000559472 0.000174085 4.49551e-05 1.00239e-05 1.97858e-06 3.48188e-07 5.40114e-08 7.10766e-09 7.17789e-10 3.97762e-11 0 
0 0.000205578 0.00155415 0.00474764 0.00951976 0.0155401 0.0225058 0.0300319 0.0376731 0.0449639 0.0514593 0.0567722 0.0606052 0.0627713 0.0632052 0.0619613 0.0592001 0.0551663 0.05016 0.044507 0.0385305 0.0325266 0.0267463 0.0213834 0.0165699 0.0123768 0.00881881 0.00587008 0.00350763 0.00177277 0.000717841 0.000230253 6.0436e-05 1.3553e-05 2.67419e-06 4.68993e-07 7.24013e-08 9.47698e-09 9.51926e-10 5.24798e-11 0 
0 0.000235243 0.00173202 0.00517053 0.0102559 0.0166678 0.0240879 0.0321056 0.0402468 0.0480162 0.0549398 0.0606052 0.0646935 0.0670049 0.0674726 0.0661551 0.0632199 0.058926 0.0535942 0.0475724 0.041205 0.0348079 0.028649 0.0229354 0.0178085 0.0133451 0.00956222 0.00643067 0.00391305 0.00203174 0.000847812 0.000278566 7.41549e-05 1.67295e-05 3.30491e-06 5.78893e-07 8.91595e-08 1.16389e-08 1.16593e-09 6.41204e-11 0 
0 0.000252917 0.00183442 0.00540935 0.0106704 0.0173028 0.0249786 0.0332734 0.041697 0.0497373 0.0569046 0.0627713 0.0670049 0.0693988 0.0698886 0.0685356 0.0655086 0.0610717 0.055558 0.0493291 0.0427413 0.0361216 0.0297476 0.0238341 0.0185282 0.0139098 0.00999786 0.00676165 0.00415637 0.00219228 0.000931988 0.000311159 8.36884e-05 1.8981e-05 3.75838e-06 6.58863e-07 1.01498e-07 1.32511e-08 1.32782e-09 7.30739e-11 0 
0 0.000256858 0.00185606 0.00545756 0.0107522 0.0174267 0.025152 0.033501 0.0419808 0.0500762 0.0572945 0.0632052 0.0674726 0.0698886 0.0703892 0.069036 0.0659973 0.0615374 0.0559916 0.0497239 0.0430933 0.0364289 0.0300103 0.0240544 0.0187096 0.014057 0.0101161 0.00685616 0.00423035 0.0022448 0.000961699 0.000323498 8.75251e-05 1.99384e-05 3.96163e-06 6.96678e-07 1.07669e-07 1.41066e-08 1.41932e-09 7.84805e-11 0 
0 0.00024718 0.00179891 0.00532121 0.0105118 0.0170562 0.0246312 0.0328187 0.0411356 0.0490769 0.0561594 0.0619613 0.0661551 0.0685356 0.069036 0.0677153 0.0647406 0.0603731 0.0549403 0.0487975 0.0422965 0.0357604 0.0294634 0.0236184 0.0183714 0.0138021 0.00992983 0.00672468 0.00414259 0.00219311 0.000937742 0.000315427 8.5539e-05 1.95674e-05 3.90925e-06 6.91937e-07 1.07732e-07 1.42335e-08 1.44557e-09 8.07699e-11 0 
0 0.000225651 0.00167116 0.00501737 0.00997965 0.0162383 0.0234828 0.0313139 0.0392699 0.0468679 0.0536456 0.0592001 0.0632199 0.0655086 0.0659973 0.0647406 0.0619017 0.0577322 0.0525434 0.0466737 0.0404591 0.0342087 0.0281846 0.0225904 0.017566 0.0131873 0.00947262 0.00639394 0.00391438 0.00205318 0.000869744 0.000291091 7.90287e-05 1.81911e-05 3.66976e-06 6.57476e-07 1.03813e-07 1.39321e-08 1.43934e-09 8.19052e-11 0 
0 0.000195312 0.00148617 0.00457191 0.00920107 0.0150442 0.0218075 0.029119 0.0365482 0.0436443 0.0499757 0.0551663 0.058926 0.0610717 0.0615374 0.0603731 0.0577322 0.0538495 0.0490147 0.0435426 0.0377468 0.0319154 0.0262928 0.0210689 0.0163735 0.0122772 0.00879607 0.00590552 0.00358004 0.00185211 0.000774725 0.000258013 7.03949e-05 1.6414e-05 3.37225e-06 6.17491e-07 9.989e-08 1.37564e-08 1.45963e-09 8.53182e-11 0 
0 0.000159961 0.00126131 0.00401714 0.00823154 0.013561 0.0197285 0.0263962 0.0331721 0.0396454 0.0454223 0.05016 0.0535942 0.055558 0.0559916 0.0549403 0.0525434 0.0490147 0.0446175 0.0396388 0.034364 0.0290552 0.0239349 0.0191752 0.0148935 0.0111527 0.00796642 0.00531478 0.00318698 0.00162714 0.000675147 0.00022579 6.26785e-05 1.50132e-05 3.18658e-06 6.04492e-07 1.0138e-07 1.44626e-08 1.58637e-09 9.55752e-11 0 
0 0.000123562 0.00101662 0.00338965 0.00713094 0.0118825 0.0173795 0.0233217 0.0293607 0.0351308 0.0402813 0.044507 0.0475724 0.0493291 0.0497239 0.0487975 0.0466737 0.0435426 0.0396388 0.0352177 0.0305332 0.0258185 0.0212708 0.0170424 0.013236 0.00990543 0.00706137 0.00469046 0.00279575 0.00142411 0.000596869 0.000205035 5.92553e-05 1.48762e-05 3.3127e-06 6.57485e-07 1.14801e-07 1.69488e-08 1.91188e-09 1.17737e-10 0 
0 8.96435e-05 0.000773072 0.00272899 0.00595883 0.0101013 0.0148923 0.0200694 0.0253307 0.0303581 0.0348466 0.0385305 0.041205 0.0427413 0.0430933 0.0422965 0.0404591 0.0377468 0.034364 0.0305332 0.0264757 0.0223943 0.0184599 0.0148037 0.0115128 0.00863126 0.00616756 0.00411417 0.00247875 0.00129492 0.000567751 0.000207235 6.39259e-05 1.70385e-05 3.98641e-06 8.21688e-07 1.47402e-07 2.21529e-08 2.52484e-09 1.56172e-10 0 
0 6.07882e-05 0.000550219 0.00207695 0.00477173 0.00830078 0.0123868 0.0167984 0.0212803 0.0255628 0.0293869 0.0325266 0.0348079 0.0361216 0.0364289 0.0357604 0.0342087 0.0319154 0.0290552 0.0258185 0.0223943 0.0189556 0.015648 0.0125817 0.00982915 0.00742598 0.00537897 0.00367843 0.00231512 0.00129358 0.000617579 0.00024577 8.14052e-05 2.27875e-05 5.48609e-06 1.14569e-06 2.06001e-07 3.081e-08 3.47845e-09 2.12517e-10 0 
0 3.8336e-05 0.000363337 0.00147621 0.00362367 0.00655156 0.00996275 0.0136419 0.0173766 0.0209442 0.0241299 0.0267463 0.028649 0.0297476 0.0300103 0.0294634 0.0281846 0.0262928 0.0239349 0.0212708 0.0184599 0.015648 0.0129573 0.0104806 0.00827995 0.0063892 0.00481069 0.00350446 0.00240642 0.00148856 0.000786381 0.000339779 0.000118321 3.37409e-05 8.09952e-06 1.66709e-06 2.93774e-07 4.29555e-08 4.73799e-09 2.82885e-10 0 
0 2.23783e-05 0.000220717 0.000966036 0.00256986 0.00491183 0.00769577 0.0107013 0.0137478 0.0166555 0.0192512 0.0213834 0.0229354 0.0238341 0.0240544 0.0236184 0.0225904 0.0210689 0.0191752 0.0170424 0.0148037 0.0125817 0.0104806 0.00858381 0.00696279 0.00568335 0.00475485 0.00402044 0.0031988 0.00219489 0.00122859 0.00054508 0.000189234 5.23744e-05 1.20562e-05 2.38163e-06 4.04568e-07 5.7228e-08 6.12369e-09 3.55616e-10 0 
0 1.20437e-05 0.00012246 0.000573791 0.00166825 0.00343588 0.0056391 0.00804321 0.0104787 0.0127996 0.0148697 0.0165699 0.0178085 0.0185282 0.0187096 0.0183714 0.017566 0.0163735 0.0148935 0.013236 0.0115128 0.00982915 0.00827995 0.00696279 0.00603675 0.00579802 0.00646532 0.00741353 0.0071686 0.00521244 0.00277701 0.00111228 0.000345493 8.52876e-05 1.76465e-05 3.21766e-06 5.17903e-07 7.04398e-08 7.29789e-09 4.12065e-10 0 
0 5.95887e-06 6.17562e-05 0.00030578 0.000969945 0.00218588 0.00383737 0.00570527 0.00761289 0.00942999 0.0110484 0.0123768 0.0133451 0.0139098 0.014057 0.0138021 0.0131873 0.0122772 0.0111527 0.00990543 0.00863126 0.00742598 0.0063892 0.00568335 0.00579802 0.0079911 0.0133606 0.019551 0.0209005 0.0154254 0.00779167 0.00275602 0.000721972 0.000148203 2.55542e-05 4.05128e-06 6.0147e-07 7.82089e-08 7.85596e-09 4.3254e-10 0 
0 2.70623e-06 2.82504e-05 0.000145283 0.000496121 0.00122784 0.00234904 0.00371845 0.00516531 0.00655765 0.00779966 0.00881881 0.00956222 0.00999786 0.0101161 0.00992983 0.00947262 0.00879607 0.00796642 0.00706137 0.00616756 0.00537897 0.00481069 0.00475485 0.00646532 0.0133606 0.0282302 0.0451548 0.05013 0.0366284 0.0181881 0.00610744 0.00143626 0.000251925 3.57395e-05 4.70411e-06 6.23327e-07 7.69529e-08 7.52123e-09 4.05995e-10 0 
0 1.12774e-06 1.17296e-05 6.15238e-05 0.000221362 0.00059429 0.00124627 0.00213965 0.00315834 0.0041786 0.00510472 0.00587008 0.00643067 0.00676165 0.00685616 0.00672468 0.00639394 0.00590552 0.00531478 0.00469046 0.00411417 0.00367843 0.00350446 0.00402044 0.00741353 0.019551 0.0451548 0.0737072 0.0807864 0.0608165 0.0298441 0.00985978 0.00221768 0.000355973 4.38898e-05 4.85401e-06 5.65969e-07 6.61506e-08 6.32928e-09 3.37442e-10 0 
0 4.31461e-07 4.43118e-06 2.33274e-05 8.63777e-05 0.000245576 0.000557207 0.001041 0.00165692 0.00232546 0.00296401 0.00350763 0.00391305 0.00415637 0.00423035 0.00414259 0.00391438 0.00358004 0.00318698 0.00279575 0.00247875 0.00231512 0.00240642 0.0031988 0.0071686 0.0209005 0.05013 0.0807864 0.0865801 0.0682527 0.0331101 0.0108733 0.00240775 0.000371253 4.23448e-05 4.16494e-06 4.38213e-07 4.90533e-08 4.64145e-09 2.46619e-10 0 
0 1.51719e-07 1.52811e-06 7.9742e-06 2.97795e-05 8.73053e-05 0.000208845 0.000417641 0.000714323 0.00107055 0.00143953 0.00177277 0.00203174 0.00219228 0.0022448 0.00219311 0.00205318 0.00185211 0.00162714 0.00142411 0.00129492 0.00129358 0.00148856 0.00219489 0.00521244 0.0154254 0.0366284 0.0608165 0.0682527 0.0497027 0.0245063 0.00805247 0.00177761 0.000270316 2.98456e-05 2.79057e-06 2.80957e-07 3.10546e-08 2.94986e-09 1.57791e-10 0 
0 4.90899e-08 4.82596e-07 2.47488e-06 9.18538e-06 2.71696e-05 6.66982e-05 0.000139003 0.000250265 0.000395862 0.000559472 0.000717841 0.000847812 0.000931988 0.000961699 0.000937742 0.000869744 0.000774725 0.000675147 0.000596869 0.000567751 0.000617579 0.000786381 0.00122859 0.00277701 0.00779167 0.0181881 0.0298441 0.0331101 0.0245063 0.0121032 0.00398741 0.000884245 0.000134694 1.49016e-05 1.41453e-06 1.46841e-07 1.67087e-08 1.62126e-09 8.81969e-11 0 
0 1.46248e-08 1.39911e-07 7.01281e-07 2.5624e-06 7.53493e-06 1.86001e-05 3.94303e-05 7.29055e-05 0.000119115 0.000174085 0.000230253 0.000278566 0.000311159 0.000323498 0.000315427 0.000291091 0.000258013 0.00022579 0.000205035 0.000207235 0.00024577 0.000339779 0.00054508 0.00111228 0.00275602 0.00610744 0.00985978 0.0108733 0.00805247 0.00398741 0.00132288 0.000296547 4.59049e-05 5.28554e-06 5.47376e-07 6.30921e-08 7.66708e-09 7.71234e-10 4.30532e-11 0 
0 4.01e-09 3.72699e-08 1.82021e-07 6.51192e-07 1.88701e-06 4.62495e-06 9.8112e-06 1.82831e-05 3.02684e-05 4.49551e-05 6.0436e-05 7.41549e-05 8.36884e-05 8.75251e-05 8.5539e-05 7.90287e-05 7.03949e-05 6.26785e-05 5.92553e-05 6.39259e-05 8.14052e-05 0.000118321 0.000189234 0.000345493 0.000721972 0.00143626 0.00221768 0.00240775 0.00177761 0.000884245 0.000296547 6.77303e-05 1.09291e-05 1.38758e-06 1.70053e-07 2.29153e-08 3.02669e-09 3.18363e-10 1.83647e-11 0 
0 1.00958e-09 9.11012e-09 4.32887e-08 1.51205e-07 4.29748e-07 1.03852e-06 2.18418e-06 4.05631e-06 6.7218e-06 1.00239e-05 1.3553e-05 1.67295e-05 1.8981e-05 1.99384e-05 1.95674e-05 1.81911e-05 1.6414e-05 1.50132e-05 1.48762e-05 1.70385e-05 2.27875e-05 3.37409e-05 5.23744e-05 8.52876e-05 0.000148203 0.000251925 0.000355973 0.000371253 0.000270316 0.000134694 4.59049e-05 1.09291e-05 1.94062e-06 2.96044e-07 4.57118e-08 7.23915e-09 1.03596e-09 1.14298e-10 6.84631e-12 0 
0 2.32088e-10 2.03352e-09 9.39783e-09 3.20127e-08 8.90424e-08 2.11429e-07 4.38762e-07 8.07299e-07 1.33028e-06 1.97858e-06 2.67419e-06 3.30491e-06 3.75838e-06 3.96163e-06 3.90925e-06 3.66976e-06 3.37225e-06 3.18658e-06 3.3127e-06 3.98641e-06 5.48609e-06 8.09952e-06 1.20562e-05 1.76465e-05 2.55542e-05 3.57395e-05 4.38898e-05 4.23448e-05 2.98456e-05 1.49016e-05 5.28554e-06 1.38758e-06 2.96044e-07 5.82088e-08 1.12079e-08 2.01221e-09 3.08176e-10 3.56774e-11 2.22601e-12 0 
0 4.8177e-11 4.10121e-10 1.84408e-09 6.12547e-09 1.66621e-08 3.88187e-08 7.93153e-08 1.44183e-07 2.35494e-07 3.48188e-07 4.68993e-07 5.78893e-07 6.58863e-07 6.96678e-07 6.91937e-07 6.57476e-07 6.17491e-07 6.04492e-07 6.57485e-07 8.21688e-07 1.14569e-06 1.66709e-06 2.38163e-06 3.21766e-06 4.05128e-06 4.70411e-06 4.85401e-06 4.16494e-06 2.79057e-06 1.41453e-06 5.47376e-07 1.70053e-07 4.57118e-08 1.12079e-08 2.50031e-09 4.88683e-10 7.92844e-11 9.62759e-12 6.26789e-13 0 
0 8.8368e-12 7.31593e-11 3.20329e-10 1.03817e-09 2.76215e-09 6.31222e-09 1.26892e-08 2.27643e-08 3.68025e-08 5.40114e-08 7.24013e-08 8.91595e-08 1.01498e-07 1.07669e-07 1.07732e-07 1.03813e-07 9.989e-08 1.0138e-07 1.14801e-07 1.47402e-07 2.06001e-07 2.93774e-07 4.04568e-07 5.17903e-07 6.0147e-07 6.23327e-07 5.65969e-07 4.38213e-07 2.80957e-07 1.46841e-07 6.30921e-08 2.29153e-08 7.23915e-09 2.01221e-09 4.88683e-10 1.01602e-10 1.73637e-11 2.20995e-12 1.50211e-13 0 
0 1.37045e-12 1.10476e-11 4.71578e-11 1.49265e-10 3.88717e-10 8.71687e-10 1.72417e-09 3.05195e-09 4.88174e-09 7.10766e-09 9.47698e-09 1.16389e-08 1.32511e-08 1.41066e-08 1.42335e-08 1.39321e-08 1.37564e-08 1.44626e-08 1.69488e-08 2.21529e-08 3.081e-08 4.29555e-08 5.7228e-08 7.04398e-08 7.82089e-08 7.69529e-08 6.61506e-08 4.90533e-08 3.10546e-08 1.67087e-08 7.66708e-09 3.02669e-09 1.03596e-09 3.08176e-10 7.92844e-11 1.73637e-11 3.11528e-12 4.15034e-13 2.94409e-14 0 
0 1.62029e-13 1.27353e-12 5.30681e-12 1.64245e-11 4.19084e-11 9.22905e-11 1.79711e-10 3.13963e-10 4.96937e-10 7.17789e-10 9.51926e-10 1.16593e-09 1.32782e-09 1.41932e-09 1.44557e-09 1.43934e-09 1.45963e-09 1.58637e-09 1.91188e-09 2.52484e-09 3.47845e-09 4.73799e-09 6.12369e-09 7.29789e-09 7.85596e-09 7.52123e-09 6.32928e-09 4.64145e-09 2.94986e-09 1.62126e-09 7.71234e-10 3.18363e-10 1.14298e-10 3.56774e-11 9.62759e-12 2.20995e-12 4.15034e-13 5.77718e-14 4.27226e-15 0 
0 1.04247e-14 8.00032e-14 3.25891e-13 9.87541e-13 2.47174e-12 5.35071e-12 1.02651e-11 1.77104e-11 2.77497e-11 3.97762e-11 5.24798e-11 6.41204e-11 7.30739e-11 7.84805e-11 8.07699e-11 8.19052e-11 8.53182e-11 9.55752e-11 1.17737e-10 1.56172e-10 2.12517e-10 2.82885e-10 3.55616e-10 4.12065e-10 4.3254e-10 4.05995e-10 3.37442e-10 2.46619e-10 1.57791e-10 8.81969e-11 4.30532e-11 1.83647e-11 6.84631e-12 2.22601e-12 6.26789e-13 1.50211e-13 2.94409e-14 4.27226e-15 3.28845e-16 0 
0 0 0 0 0 0 0 0 0 0 0 0 0 0 0 0 0 0 0 0 0 0 0 0 0 0 0 0 0 0 0 0 0 0 0 0 0 0 0 0 0 
