0 0 0 0 0 0 0 0 0 0 0 0 0 0 0 0 0 0 0 0 0 0 0 0 0 0 0 0 0 0 0 0 0 0 0 0 0 0 0 0 0 
0 1.69793e-07 1.53873e-06 7.01118e-06 2.2292e-05 5.48886e-05 0.000110572 0.000189636 0.000286009 0.000389408 0.000488451 0.000573035 0.000635564 0.000671353 0.000678572 0.000657994 0.000612633 0.00054732 0.000468224 0.000382272 0.000296486 0.000217214 0.000149348 9.57029e-05 5.67671e-05 3.09779e-05 1.54773e-05 7.05773e-06 2.93322e-06 1.11103e-06 3.83843e-07 1.21059e-07 3.48582e-08 9.14868e-09 2.17813e-09 4.65571e-10 8.75002e-11 1.38461e-11 1.6645e-12 1.08574e-13 0 
0 1.53873e-06 1.43944e-05 6.60739e-05 0.000204693 0.000475418 0.000884261 0.00139131 0.00193648 0.00246433 0.00293273 0.00331203 0.00358266 0.00373374 0.00376238 0.00367301 0.00347645 0.00318862 0.00282924 0.00242057 0.00198671 0.00155307 0.00114552 0.000788297 0.000500011 0.000288979 0.000150792 7.06594e-05 2.96956e-05 1.12163e-05 3.82242e-06 1.18014e-06 3.31037e-07 8.44078e-08 1.95002e-08 4.04404e-09 7.37853e-10 1.13469e-10 1.32744e-11 8.43902e-13 0 
0 7.01118e-06 6.60739e-05 0.000292832 0.000834722 0.00173115 0.00287398 0.00411862 0.00535709 0.00651336 0.00752628 0.00834449 0.00892856 0.00925424 0.00931423 0.00911801 0.00868988 0.00806567 0.00728848 0.00640426 0.00545784 0.00449037 0.00353937 0.00264167 0.00183713 0.00116748 0.000664794 0.000334087 0.000147146 5.69027e-05 1.94699e-05 5.95053e-06 1.63737e-06 4.07402e-07 9.16045e-08 1.84731e-08 3.27808e-09 4.90706e-10 5.59489e-11 3.47161e-12 0 
0 2.2292e-05 0.000204693 0.000834722 0.00210162 0.00386642 0.00589096 0.00801873 0.010136 0.0121308 0.0138924 0.0153228 0.0163468 0.0169182 0.0170225 0.0166761 0.0159227 0.0148275 0.0134693 0.0119331 0.0103023 0.00865134 0.00704092 0.00551597 0.00410992 0.00285682 0.00180391 0.00100475 0.000482311 0.000197804 6.97609e-05 2.14768e-05 5.86113e-06 1.43309e-06 3.15117e-07 6.201e-08 1.07319e-08 1.56746e-09 1.74547e-10 1.05914e-11 0 
0 5.48886e-05 0.000475418 0.00173115 0.00386642 0.00656107 0.00959069 0.0128032 0.0160295 0.0190847 0.0217895 0.0239885 0.0255636 0.0264425 0.0266023 0.0260684 0.0249084 0.0232232 0.0211355 0.0187781 0.0162822 0.0137672 0.0113328 0.00905298 0.00697347 0.00511597 0.00349621 0.00215218 0.00114762 0.000514521 0.000192561 6.10243e-05 1.67534e-05 4.06208e-06 8.78775e-07 1.6949e-07 2.87075e-08 4.10295e-09 4.4736e-10 2.66063e-11 0 
0 0.000110572 0.000884261 0.00287398 0.00589096 0.00959069 0.013783 0.018261 0.0227724 0.0270501 0.0308394 0.033921 0.0361286 0.0373604 0.0375843 0.0368356 0.0352093 0.0328473 0.0299221 0.0266206 0.0231278 0.0196131 0.0162195 0.0130568 0.0101968 0.00767251 0.00548402 0.00362446 0.0021236 0.0010517 0.000426924 0.000142268 3.99058e-05 9.69279e-06 2.07707e-06 3.94559e-07 6.56551e-08 9.21179e-09 9.86207e-10 5.76332e-11 0 
0 0.000189636 0.00139131 0.00411862 0.00801873 0.0128032 0.018261 0.0241058 0.0299995 0.0355898 0.040543 0.0445718 0.047459 0.0490714 0.0493647 0.0483846 0.0462573 0.043169 0.0393455 0.0350311 0.030468 0.0258786 0.0214513 0.0173321 0.0136205 0.0103674 0.00757777 0.00522151 0.00327369 0.00177118 0.00078515 0.000279292 8.11626e-05 1.9946e-05 4.26264e-06 8.01452e-07 1.31534e-07 1.81773e-08 1.91637e-09 1.10331e-10 0 
0 0.000286009 0.00193648 0.00535709 0.010136 0.0160295 0.0227724 0.0299995 0.0372891 0.0442045 0.0503337 0.0553298 0.0589352 0.0609701 0.0613435 0.0601026 0.057433 0.0535914 0.0488559 0.0435187 0.0378754 0.0322007 0.0267286 0.021641 0.0170632 0.0130636 0.00965623 0.00680635 0.00445379 0.00257663 0.00123763 0.00047232 0.000143538 3.59821e-05 7.71508e-06 1.4423e-06 2.34334e-07 3.19994e-08 3.33177e-09 1.89469e-10 0 
0 0.000389408 0.00246433 0.00651336 0.0121308 0.0190847 0.0270501 0.0355898 0.0442045 0.0523797 0.0596482 0.0656499 0.0700805 0.0726243 0.0730965 0.0715436 0.0682276 0.0635522 0.0578968 0.0515767 0.044907 0.038202 0.0317376 0.0257296 0.0203271 0.0156137 0.0116115 0.00828674 0.00556275 0.00336968 0.00172649 0.000703733 0.000224359 5.76595e-05 1.24599e-05 2.32479e-06 3.75164e-07 5.07742e-08 5.23544e-09 2.94827e-10 0 
0 0.000488451 0.00293273 0.00752628 0.0138924 0.0217895 0.0308394 0.040543 0.0503337 0.0596482 0.0680262 0.0750509 0.0801331 0.0828935 0.083398 0.0817596 0.0780487 0.0725864 0.0659884 0.0587359 0.051144 0.0435245 0.0361801 0.0293553 0.0232206 0.0178721 0.0133383 0.00958657 0.00653307 0.00407754 0.00219095 0.000943735 0.00031475 8.30366e-05 1.813e-05 3.38547e-06 5.44125e-07 7.31798e-08 7.49179e-09 4.18793e-10 0 
0 0.000573035 0.00331203 0.00834449 0.0153228 0.0239885 0.033921 0.0445718 0.0553298 0.0656499 0.0750509 0.0826428 0.0875889 0.0900802 0.0905373 0.0891001 0.0856482 0.0800391 0.0727277 0.0646166 0.0562307 0.0478605 0.0397993 0.0323093 0.0255778 0.0197113 0.0147428 0.0106402 0.00731602 0.00465258 0.00258302 0.0011604 0.000401916 0.000108604 2.39692e-05 4.48668e-06 7.1972e-07 9.64103e-08 9.82225e-09 5.46272e-10 0 
0 0.000635564 0.00358266 0.00892856 0.0163468 0.0255636 0.0361286 0.047459 0.0589352 0.0700805 0.0801331 0.0875889 0.0920882 0.0943205 0.0947394 0.0934684 0.090374 0.0851201 0.0776513 0.0689157 0.0599001 0.0509768 0.0424001 0.0344327 0.0272726 0.021034 0.0157525 0.0113967 0.00787675 0.00506548 0.00287122 0.00132753 0.000472803 0.000130207 2.90077e-05 5.4461e-06 8.73269e-07 1.16742e-07 1.18612e-08 6.57723e-10 0 
0 0.000671353 0.00373374 0.00925424 0.0169182 0.0264425 0.0373604 0.0490714 0.0609701 0.0726243 0.0828935 0.0900802 0.0943205 0.0964293 0.0968312 0.0956395 0.0927301 0.0877484 0.0803923 0.0713736 0.0619747 0.0527295 0.0438632 0.0356282 0.0282279 0.0217804 0.0163232 0.0118249 0.00819469 0.00530088 0.00303868 0.00142826 0.000517343 0.000144231 3.23478e-05 6.09028e-06 9.77253e-07 1.30603e-07 1.32598e-08 7.34653e-10 0 
0 0.000678572 0.00376238 0.00931423 0.0170225 0.0266023 0.0375843 0.0493647 0.0613435 0.0730965 0.083398 0.0905373 0.0947394 0.0968312 0.0972321 0.0960537 0.0931745 0.0882401 0.0809138 0.0718499 0.0623769 0.0530706 0.0441502 0.0358651 0.0284194 0.0219321 0.0164414 0.0119158 0.00826476 0.00535568 0.00308062 0.00145561 0.00053037 0.000148592 3.344e-05 6.3103e-06 1.01424e-06 1.35733e-07 1.37987e-08 7.65539e-10 0 
0 0.000657994 0.00367301 0.00911801 0.0166761 0.0260684 0.0368356 0.0483846 0.0601026 0.0715436 0.0817596 0.0891001 0.0934684 0.0956395 0.0960537 0.09483 0.0918406 0.0867353 0.0793083 0.070394 0.0611572 0.0520481 0.0433023 0.0351771 0.0278744 0.0215109 0.0161241 0.0116828 0.00809749 0.00523812 0.0030025 0.0014118 0.000512199 0.000143217 3.2243e-05 6.09632e-06 9.82616e-07 1.31939e-07 1.3462e-08 7.49794e-10 0 
0 0.000612633 0.00347645 0.00868988 0.0159227 0.0249084 0.0352093 0.0462573 0.057433 0.0682276 0.0780487 0.0856482 0.090374 0.0927301 0.0931745 0.0918406 0.0885972 0.0831669 0.0757183 0.0672363 0.0584895 0.0497965 0.0414302 0.0336552 0.026666 0.0205743 0.0154157 0.0111594 0.00771785 0.00496701 0.00281898 0.00130726 0.000468221 0.000129969 2.9219e-05 5.53865e-06 8.97002e-07 1.21169e-07 1.24467e-08 6.98278e-10 0 
0 0.00054732 0.00318862 0.00806567 0.0148275 0.0232232 0.0328473 0.043169 0.0535914 0.0635522 0.0725864 0.0800391 0.0851201 0.0877484 0.0882401 0.0867353 0.0831669 0.0775673 0.0705084 0.0627213 0.0546233 0.0465155 0.0387002 0.0314354 0.0249035 0.0192085 0.0143827 0.0103959 0.00716328 0.00457106 0.00255363 0.00115966 0.00040781 0.000112128 2.51896e-05 4.79907e-06 7.8371e-07 1.06939e-07 1.11075e-08 6.30462e-10 0 
0 0.000468224 0.00282924 0.00728848 0.0134693 0.0211355 0.0299221 0.0393455 0.0488559 0.0578968 0.0659884 0.0727277 0.0776513 0.0803923 0.0809138 0.0793083 0.0757183 0.0705084 0.064198 0.0572 0.0498417 0.0424469 0.0353149 0.0286842 0.0227209 0.0175191 0.0131073 0.00945497 0.00648179 0.00408908 0.00223943 0.00099285 0.00034282 9.365e-05 2.11247e-05 4.06804e-06 6.73871e-07 9.34326e-08 9.86812e-09 5.69597e-10 0 
0 0.000382272 0.00242057 0.00640426 0.0119331 0.0187781 0.0266206 0.0350311 0.0435187 0.0515767 0.0587359 0.0646166 0.0689157 0.0713736 0.0718499 0.070394 0.0672363 0.0627213 0.0572 0.0509993 0.0444454 0.037853 0.0314943 0.0255821 0.0202638 0.0156222 0.0116807 0.00840831 0.00573155 0.00357198 0.00191986 0.000835453 0.000285928 7.84557e-05 1.79551e-05 3.52679e-06 5.97116e-07 8.46342e-08 9.13011e-09 5.37497e-10 0 
0 0.000296486 0.00198671 0.00545784 0.0103023 0.0162822 0.0231278 0.030468 0.0378754 0.044907 0.051144 0.0562307 0.0599001 0.0619747 0.0623769 0.0611572 0.0584895 0.0546233 0.0498417 0.0444454 0.0387364 0.0329941 0.0274565 0.0223086 0.0176778 0.0136349 0.0101972 0.00733467 0.00498366 0.00308684 0.00164937 0.000718701 0.000249262 6.99997e-05 1.6468e-05 3.3252e-06 5.77418e-07 8.36724e-08 9.19662e-09 5.49779e-10 0 
0 0.000217214 0.00155307 0.00449037 0.00865134 0.0137672 0.0196131 0.0258786 0.0322007 0.038202 0.0435245 0.0478605 0.0509768 0.0527295 0.0530706 0.0520481 0.0497965 0.0465155 0.0424469 0.037853 0.0329941 0.0281094 0.0234019 0.0190288 0.0150982 0.0116691 0.00875452 0.00632681 0.00433162 0.00272014 0.0014895 0.000673078 0.000243515 7.11447e-05 1.72785e-05 3.57127e-06 6.30201e-07 9.22715e-08 1.02021e-08 6.11428e-10 0 
0 0.000149348 0.00114552 0.00353937 0.00704092 0.0113328 0.0162195 0.0214513 0.0267286 0.0317376 0.0361801 0.0397993 0.0424001 0.0438632 0.0441502 0.0433023 0.0414302 0.0387002 0.0353149 0.0314943 0.0274565 0.0234019 0.0195003 0.015884 0.012646 0.0098435 0.00749335 0.00555583 0.00394538 0.00259472 0.00150436 0.00072469 0.00027738 8.40878e-05 2.07807e-05 4.31179e-06 7.57778e-07 1.10016e-07 1.20336e-08 7.1261e-10 0 
0 9.57029e-05 0.000788297 0.00264167 0.00551597 0.00905298 0.0130568 0.0173321 0.021641 0.0257296 0.0293553 0.0323093 0.0344327 0.0356282 0.0358651 0.0351771 0.0336552 0.0314354 0.0286842 0.0255821 0.0223086 0.0190288 0.015884 0.01299 0.0104541 0.00839468 0.00687296 0.00571239 0.00453174 0.00317379 0.00188236 0.00092498 0.000362184 0.000110561 2.70043e-05 5.48522e-06 9.41143e-07 1.33396e-07 1.42591e-08 8.26406e-10 0 
0 5.67671e-05 0.000500011 0.00183713 0.00410992 0.00697347 0.0101968 0.0136205 0.0170632 0.0203271 0.0232206 0.0255778 0.0272726 0.0282279 0.0284194 0.0278744 0.026666 0.0249035 0.0227209 0.0202638 0.0176778 0.0150982 0.012646 0.0104541 0.0087719 0.00807923 0.00872496 0.00985873 0.00949348 0.00691995 0.0037419 0.00157891 0.000549408 0.000155438 3.56542e-05 6.87495e-06 1.13274e-06 1.55355e-07 1.61424e-08 9.12458e-10 0 
0 3.09779e-05 0.000288979 0.00116748 0.00285682 0.00511597 0.00767251 0.0103674 0.0130636 0.0156137 0.0178721 0.0197113 0.021034 0.0217804 0.0219321 0.0215109 0.0205743 0.0192085 0.0175191 0.0156222 0.0136349 0.0116691 0.0098435 0.00839468 0.00807923 0.0106746 0.0175914 0.0257041 0.027959 0.0202318 0.0102381 0.00365906 0.0010101 0.000234826 4.66213e-05 8.1395e-06 1.26298e-06 1.66785e-07 1.68454e-08 9.29914e-10 0 
0 1.54773e-05 0.000150792 0.000664794 0.00180391 0.00349621 0.00548402 0.00757777 0.00965623 0.0116115 0.0133383 0.0147428 0.0157525 0.0163232 0.0164414 0.0161241 0.0154157 0.0143827 0.0131073 0.0116807 0.0101972 0.00875452 0.00749335 0.00687296 0.00872496 0.0175914 0.0370802 0.0662821 0.0747725 0.0506168 0.0238335 0.0080185 0.00191614 0.000362545 5.91108e-05 8.88434e-06 1.26711e-06 1.60543e-07 1.58168e-08 8.56685e-10 0 
0 7.05773e-06 7.06594e-05 0.000334087 0.00100475 0.00215218 0.00362446 0.00522151 0.00680635 0.00828674 0.00958657 0.0106402 0.0113967 0.0118249 0.0119158 0.0116828 0.0111594 0.0103959 0.00945497 0.00840831 0.00733467 0.00632681 0.00555583 0.00571239 0.00985873 0.0257041 0.0662821 0.0874695 0.0898953 0.0821043 0.0420477 0.012923 0.00292395 0.000489856 6.76103e-05 8.65264e-06 1.11803e-06 1.35895e-07 1.31434e-08 7.0342e-10 0 
0 2.93322e-06 2.96956e-05 0.000147146 0.000482311 0.00114762 0.0021236 0.00327369 0.00445379 0.00556275 0.00653307 0.00731602 0.00787675 0.00819469 0.00826476 0.00809749 0.00771785 0.00716328 0.00648179 0.00573155 0.00498366 0.00433162 0.00394538 0.00453174 0.00949348 0.027959 0.0747725 0.0898953 0.0917846 0.0855267 0.0502075 0.0142471 0.00316656 0.000503085 6.2835e-05 7.12479e-06 8.465e-07 9.9697e-08 9.55915e-09 5.09951e-10 0 
0 1.11103e-06 1.12163e-05 5.69027e-05 0.000197804 0.000514521 0.0010517 0.00177118 0.00257663 0.00336968 0.00407754 0.00465258 0.00506548 0.00530088 0.00535568 0.00523812 0.00496701 0.00457106 0.00408908 0.00357198 0.00308684 0.00272014 0.00259472 0.00317379 0.00691995 0.0202318 0.0506168 0.0821043 0.0855267 0.0714399 0.0322962 0.0105519 0.00233934 0.000366036 4.38135e-05 4.6922e-06 5.36783e-07 6.2735e-08 6.04335e-09 3.24508e-10 0 
0 3.83843e-07 3.82242e-06 1.94699e-05 6.97609e-05 0.000192561 0.000426924 0.00078515 0.00123763 0.00172649 0.00219095 0.00258302 0.00287122 0.00303868 0.00308062 0.0030025 0.00281898 0.00255363 0.00223943 0.00191986 0.00164937 0.0014895 0.00150436 0.00188236 0.0037419 0.0102381 0.0238335 0.0420477 0.0502075 0.0322962 0.0158556 0.00522905 0.00116889 0.000184263 2.21048e-05 2.39752e-06 2.81354e-07 3.37033e-08 3.31109e-09 1.80721e-10 0 
0 1.21059e-07 1.18014e-06 5.95053e-06 2.14768e-05 6.10243e-05 0.000142268 0.000279292 0.00047232 0.000703733 0.000943735 0.0011604 0.00132753 0.00142826 0.00145561 0.0014118 0.00130726 0.00115966 0.00099285 0.000835453 0.000718701 0.000673078 0.00072469 0.00092498 0.00157891 0.00365906 0.0080185 0.012923 0.0142471 0.0105519 0.00522905 0.00174195 0.000397215 6.43062e-05 8.09684e-06 9.57512e-07 1.22605e-07 1.54914e-08 1.57239e-09 8.80018e-11 0 
0 3.48582e-08 3.31037e-07 1.63737e-06 5.86113e-06 1.67534e-05 3.99058e-05 8.11626e-05 0.000143538 0.000224359 0.00031475 0.000401916 0.000472803 0.000517343 0.00053037 0.000512199 0.000468221 0.00040781 0.00034282 0.000285928 0.000249262 0.000243515 0.00027738 0.000362184 0.000549408 0.0010101 0.00191614 0.00292395 0.00316656 0.00233934 0.00116889 0.000397215 9.35035e-05 1.6012e-05 2.25329e-06 3.12193e-07 4.53432e-08 6.13179e-09 6.48473e-10 3.74756e-11 0 
0 9.14868e-09 8.44078e-08 4.07402e-07 1.43309e-06 4.06208e-06 9.69279e-06 1.9946e-05 3.59821e-05 5.76595e-05 8.30366e-05 0.000108604 0.000130207 0.000144231 0.000148592 0.000143217 0.000129969 0.000112128 9.365e-05 7.84557e-05 6.99997e-05 7.11447e-05 8.40878e-05 0.000110561 0.000155438 0.000234826 0.000362545 0.000489856 0.000503085 0.000366036 0.000184263 6.43062e-05 1.6012e-05 3.07243e-06 5.21533e-07 8.81173e-08 1.45325e-08 2.10301e-09 2.3268e-10 1.39552e-11 0 
0 2.17813e-09 1.95002e-08 9.16045e-08 3.15117e-07 8.78775e-07 2.07707e-06 4.26264e-06 7.71508e-06 1.24599e-05 1.813e-05 2.39692e-05 2.90077e-05 3.23478e-05 3.344e-05 3.2243e-05 2.9219e-05 2.51896e-05 2.11247e-05 1.79551e-05 1.6468e-05 1.72785e-05 2.07807e-05 2.70043e-05 3.56542e-05 4.66213e-05 5.91108e-05 6.76103e-05 6.2835e-05 4.38135e-05 2.21048e-05 8.09684e-06 2.25329e-06 5.21533e-07 1.10841e-07 2.23203e-08 4.07153e-09 6.26233e-10 7.26022e-11 4.53405e-12 0 
0 4.65571e-10 4.04404e-09 1.84731e-08 6.201e-08 1.6949e-07 3.94559e-07 8.01452e-07 1.4423e-06 2.32479e-06 3.38547e-06 4.48668e-06 5.4461e-06 6.09028e-06 6.3103e-06 6.09632e-06 5.53865e-06 4.79907e-06 4.06804e-06 3.52679e-06 3.3252e-06 3.57127e-06 4.31179e-06 5.48522e-06 6.87495e-06 8.1395e-06 8.88434e-06 8.65264e-06 7.12479e-06 4.6922e-06 2.39752e-06 9.57512e-07 3.12193e-07 8.81173e-08 2.23203e-08 5.05163e-09 9.91962e-10 1.61178e-10 1.95875e-11 1.27608e-12 0 
0 8.75002e-11 7.37853e-10 3.27808e-09 1.07319e-08 2.87075e-08 6.56551e-08 1.31534e-07 2.34334e-07 3.75164e-07 5.44125e-07 7.1972e-07 8.73269e-07 9.77253e-07 1.01424e-06 9.82616e-07 8.97002e-07 7.8371e-07 6.73871e-07 5.97116e-07 5.77418e-07 6.30201e-07 7.57778e-07 9.41143e-07 1.13274e-06 1.26298e-06 1.26711e-06 1.11803e-06 8.465e-07 5.36783e-07 2.81354e-07 1.22605e-07 4.53432e-08 1.45325e-08 4.07153e-09 9.91962e-10 2.06476e-10 3.53069e-11 4.49584e-12 3.05736e-13 0 
0 1.38461e-11 1.13469e-10 4.90706e-10 1.56746e-09 4.10295e-09 9.21179e-09 1.81773e-08 3.19994e-08 5.07742e-08 7.31798e-08 9.64103e-08 1.16742e-07 1.30603e-07 1.35733e-07 1.31939e-07 1.21169e-07 1.06939e-07 9.34326e-08 8.46342e-08 8.36724e-08 9.22715e-08 1.10016e-07 1.33396e-07 1.55355e-07 1.66785e-07 1.60543e-07 1.35895e-07 9.9697e-08 6.2735e-08 3.37033e-08 1.54914e-08 6.13179e-09 2.10301e-09 6.26233e-10 1.61178e-10 3.53069e-11 6.33603e-12 8.44368e-13 5.99173e-14 0 
0 1.6645e-12 1.32744e-11 5.59489e-11 1.74547e-10 4.4736e-10 9.86207e-10 1.91637e-09 3.33177e-09 5.23544e-09 7.49179e-09 9.82225e-09 1.18612e-08 1.32598e-08 1.37987e-08 1.3462e-08 1.24467e-08 1.11075e-08 9.86812e-09 9.13011e-09 9.19662e-09 1.02021e-08 1.20336e-08 1.42591e-08 1.61424e-08 1.68454e-08 1.58168e-08 1.31434e-08 9.55915e-09 6.04335e-09 3.31109e-09 1.57239e-09 6.48473e-10 2.3268e-10 7.26022e-11 1.95875e-11 4.49584e-12 8.44368e-13 1.17551e-13 8.69493e-15 0 
0 1.08574e-13 8.43902e-13 3.47161e-12 1.05914e-11 2.66063e-11 5.76332e-11 1.10331e-10 1.89469e-10 2.94827e-10 4.18793e-10 5.46272e-10 6.57723e-10 7.34653e-10 7.65539e-10 7.49794e-10 6.98278e-10 6.30462e-10 5.69597e-10 5.37497e-10 5.49779e-10 6.11428e-10 7.1261e-10 8.26406e-10 9.12458e-10 9.29914e-10 8.56685e-10 7.0342e-10 5.09951e-10 3.24508e-10 1.80721e-10 8.80018e-11 3.74756e-11 1.39552e-11 4.53405e-12 1.27608e-12 3.05736e-13 5.99173e-14 8.69493e-15 6.69339e-16 0 
0 0 0 0 0 0 0 0 0 0 0 0 0 0 0 0 0 0 0 0 0 0 0 0 0 0 0 0 0 0 0 0 0 0 0 0 0 0 0 0 0 
