0 0 0 0 0 0 0 0 0 0 0 0 0 0 0 0 0 0 0 0 0 0 0 0 0 0 0 0 0 0 0 0 0 0 0 0 0 0 0 0 0 
0 4.35497e-07 3.87007e-06 1.69724e-05 5.09975e-05 0.00011721 0.000219625 0.000351911 0.000500488 0.000649747 0.00078573 0.00089768 0.000978295 0.00102349 0.00103205 0.00100526 0.00094657 0.000861187 0.000755727 0.000637791 0.000515501 0.000396897 0.000289196 0.000197941 0.000126245 7.44229e-05 4.0251e-05 1.98505e-05 8.88908e-06 3.60647e-06 1.325e-06 4.40975e-07 1.32975e-07 3.62903e-08 8.92689e-09 1.9604e-09 3.76712e-10 6.0701e-11 7.40551e-12 4.88878e-13 0 
0 3.87007e-06 3.50924e-05 0.000151179 0.00042674 0.000891068 0.00149905 0.00217228 0.00284314 0.0034645 0.00400316 0.00443427 0.0047398 0.00490909 0.00493949 0.00483629 0.00461184 0.00428392 0.00387374 0.00340407 0.00289776 0.00237735 0.00186552 0.00138585 0.000962263 0.00061561 0.000357766 0.000186658 8.67719e-05 3.58531e-05 1.31907e-05 4.33894e-06 1.28144e-06 3.40563e-07 8.13275e-08 1.73164e-08 3.22613e-09 5.04387e-10 5.97824e-11 3.84016e-12 0 
0 1.69724e-05 0.000151179 0.000602465 0.00149803 0.00273439 0.00413052 0.00557012 0.0069818 0.00830024 0.00945888 0.0103969 0.0110667 0.0114392 0.0115054 0.0112764 0.0107811 0.0100619 0.00917013 0.0081607 0.00708656 0.00599422 0.00492066 0.00389343 0.00293533 0.00207257 0.00134018 0.00077462 0.00039215 0.000171994 6.53641e-05 2.1699e-05 6.3592e-06 1.65912e-06 3.86592e-07 8.00828e-08 1.45021e-08 2.20453e-09 2.5432e-10 1.59234e-11 0 
0 5.09975e-05 0.00042674 0.00149803 0.0032403 0.00536129 0.00769332 0.0101409 0.0125886 0.0149014 0.0169456 0.018605 0.0197915 0.0204515 0.0205685 0.0201622 0.019284 0.0180099 0.0164328 0.0146527 0.0127684 0.0108697 0.00903092 0.00730579 0.00572474 0.00429877 0.00303418 0.00195488 0.00110967 0.000538045 0.000219593 7.57888e-05 2.24813e-05 5.83004e-06 1.33597e-06 2.70674e-07 4.78284e-08 7.09098e-09 7.98276e-10 4.88307e-11 0 
0 0.00011721 0.000891068 0.00273439 0.00536129 0.00848965 0.012002 0.0157417 0.019502 0.0230614 0.0262096 0.028766 0.0305941 0.0316109 0.0317911 0.0311648 0.0298113 0.0278483 0.0254189 0.0226777 0.0197781 0.0168605 0.0140441 0.0114206 0.00904947 0.0069559 0.00513254 0.00355786 0.00223428 0.00121336 0.000547731 0.000202689 6.23086e-05 1.63127e-05 3.71271e-06 7.40548e-07 1.28292e-07 1.86197e-08 2.0519e-09 1.22959e-10 0 
0 0.000219625 0.00149905 0.00413052 0.00769332 0.012002 0.0168994 0.0221319 0.0273978 0.0323839 0.0367946 0.0403765 0.0429393 0.0443668 0.04462 0.0437401 0.0418414 0.0390903 0.0356865 0.0318464 0.0277849 0.0236996 0.0197583 0.0160919 0.0127905 0.0099018 0.0074301 0.00533947 0.00357831 0.00213539 0.00107174 0.000434054 0.000141331 3.79679e-05 8.67531e-06 1.71579e-06 2.92924e-07 4.17863e-08 4.52289e-09 2.66291e-10 0 
0 0.000351911 0.00217228 0.00557012 0.0101409 0.0157417 0.0221319 0.0289644 0.0358418 0.0423544 0.0481217 0.0528654 0.0564843 0.0587453 0.0591799 0.0577295 0.0548884 0.0511451 0.0466712 0.0416528 0.0363484 0.0310134 0.0258674 0.0210822 0.0167772 0.01302 0.00982822 0.0071705 0.00497335 0.00316163 0.00173522 0.000771685 0.000269873 7.54308e-05 1.74782e-05 3.45148e-06 5.83631e-07 8.21625e-08 8.76469e-09 5.08522e-10 0 
0 0.000500488 0.00284314 0.0069818 0.0125886 0.019502 0.0273978 0.0358418 0.0443419 0.0524082 0.0598383 0.0672974 0.0737003 0.0772343 0.0778723 0.0757984 0.0709645 0.0643455 0.0578737 0.0515354 0.0449696 0.0383761 0.0320171 0.0261046 0.0207872 0.0161499 0.0122202 0.00897161 0.0063267 0.00417498 0.00244482 0.00118059 0.000444799 0.000130458 3.08962e-05 6.12786e-06 1.031e-06 1.43771e-07 1.51644e-08 8.69535e-10 0 
0 0.000649747 0.0034645 0.00830024 0.0149014 0.0230614 0.0323839 0.0423544 0.0524082 0.0623645 0.0737375 0.0829012 0.0874903 0.0895607 0.0899534 0.0888202 0.0858483 0.0799072 0.0702812 0.0611101 0.0531471 0.0453496 0.0378412 0.0308609 0.0245839 0.0191116 0.0144782 0.0106596 0.00757711 0.00510514 0.00312036 0.00160719 0.000648173 0.000199889 4.85999e-05 9.72228e-06 1.63348e-06 2.26366e-07 2.36772e-08 1.3454e-09 0 
0 0.00078573 0.00400316 0.00945888 0.0169456 0.0262096 0.0367946 0.0481217 0.0598383 0.0737375 0.0853892 0.0910471 0.0940822 0.0955733 0.0958816 0.0950864 0.0930599 0.0893561 0.0826695 0.0711968 0.0605433 0.0515268 0.0429945 0.0350692 0.027943 0.0217312 0.0164739 0.0121464 0.0086685 0.00590747 0.00370911 0.00200145 0.0008537 0.000275738 6.88702e-05 1.3926e-05 2.34243e-06 3.23427e-07 3.3633e-08 1.89848e-09 0 
0 0.00089768 0.00443427 0.0103969 0.018605 0.028766 0.0403765 0.0528654 0.0672974 0.0829012 0.0910471 0.0953671 0.0978508 0.0991153 0.0993906 0.0987332 0.0970666 0.0941308 0.0892458 0.0804268 0.0673663 0.056597 0.0471821 0.0384879 0.0306717 0.0238591 0.0180943 0.0133521 0.00954903 0.00654852 0.00417913 0.00232706 0.00103524 0.000347376 8.88779e-05 1.81668e-05 3.06347e-06 4.22251e-07 4.37479e-08 2.45838e-09 0 
0 0.000978295 0.0047398 0.0110667 0.0197915 0.0305941 0.0429393 0.0564843 0.0737003 0.0874903 0.0940822 0.0978508 0.100089 0.101248 0.101508 0.100917 0.0994165 0.096814 0.0926352 0.0855959 0.0731299 0.0603835 0.0501834 0.0409344 0.0326246 0.025382 0.019254 0.0142144 0.0101773 0.00700318 0.00451146 0.00256178 0.00117244 0.000404445 0.000105426 2.17461e-05 3.67757e-06 5.0669e-07 5.23943e-08 2.93663e-09 0 
0 0.00102349 0.00490909 0.0114392 0.0204515 0.0316109 0.0443668 0.0587453 0.0772343 0.0895607 0.0955733 0.0991153 0.101248 0.102361 0.102615 0.102053 0.100626 0.0981653 0.0942722 0.087916 0.0764362 0.062655 0.0518617 0.0422979 0.0337131 0.0262312 0.0199008 0.0146955 0.0105277 0.00725629 0.00469655 0.00269448 0.00125274 0.000439215 0.000115824 2.40381e-05 4.07512e-06 5.61723e-07 5.80565e-08 3.25105e-09 0 
0 0.00103205 0.00493949 0.0115054 0.0205685 0.0317911 0.04462 0.0591799 0.0778723 0.0899534 0.0958816 0.0993906 0.101508 0.102615 0.102869 0.102311 0.100895 0.098455 0.0946042 0.0883482 0.0770465 0.063086 0.052165 0.0425441 0.0339102 0.0263854 0.0200189 0.0147839 0.0105928 0.00730426 0.00473315 0.00272263 0.00127124 0.000447843 0.000118562 2.46702e-05 4.18909e-06 5.78055e-07 5.97928e-08 3.35059e-09 0 
0 0.00100526 0.00483629 0.0112764 0.0201622 0.0311648 0.0437401 0.0577295 0.0757984 0.0888202 0.0950864 0.0987332 0.100917 0.102053 0.102311 0.101735 0.100274 0.0977468 0.0937251 0.0870735 0.0750806 0.0616608 0.0511395 0.0417136 0.0332483 0.0258702 0.0196276 0.0144941 0.0103834 0.0071554 0.00462775 0.00265065 0.00122983 0.000430663 0.000113617 2.36209e-05 4.01425e-06 5.54876e-07 5.75178e-08 3.23065e-09 0 
0 0.00094657 0.00461184 0.0107811 0.019284 0.0298113 0.0418414 0.0548884 0.0709645 0.0858483 0.0930599 0.0970666 0.0994165 0.100626 0.100895 0.100274 0.0986983 0.095949 0.0914742 0.0837147 0.0706631 0.0587614 0.0489243 0.0399122 0.031812 0.0247517 0.0187775 0.0138638 0.00992669 0.00682882 0.00439398 0.00248916 0.00113637 0.000391801 0.000102367 2.12077e-05 3.60609e-06 4.99799e-07 5.20026e-08 2.9333e-09 0 
0 0.000861187 0.00428392 0.0100619 0.0180099 0.0278483 0.0390903 0.0511451 0.0643455 0.0799072 0.0893561 0.0941308 0.096814 0.0981653 0.098455 0.0977468 0.095949 0.0927459 0.087287 0.0772326 0.0647808 0.0548032 0.0457171 0.0372977 0.0297272 0.0231282 0.0175436 0.0129488 0.00926293 0.00635243 0.00405186 0.00225471 0.00100403 0.000338345 8.71995e-05 1.79837e-05 3.06195e-06 4.26264e-07 4.46165e-08 2.53352e-09 0 
0 0.000755727 0.00387374 0.00917013 0.0164328 0.0254189 0.0356865 0.0466712 0.0578737 0.0702812 0.0826695 0.0892458 0.0926352 0.0942722 0.0946042 0.0937251 0.0914742 0.087287 0.0795051 0.0682466 0.0586838 0.0500234 0.0417503 0.0340615 0.0271472 0.0211196 0.0160174 0.0118173 0.00844115 0.00576081 0.00362776 0.00197051 0.00085061 0.000279197 7.09497e-05 1.45885e-05 2.49341e-06 3.49684e-07 3.69334e-08 2.11777e-09 0 
0 0.000637791 0.00340407 0.0081607 0.0146527 0.0226777 0.0318464 0.0416528 0.0515354 0.0611101 0.0711968 0.0804268 0.0855959 0.087916 0.0883482 0.0870735 0.0837147 0.0772326 0.0682466 0.0600454 0.05232 0.0446585 0.0372756 0.0304112 0.024238 0.0188558 0.0142986 0.0105435 0.00751561 0.00509457 0.00315655 0.00166805 0.00069769 0.000223752 5.63369e-05 1.16066e-05 2.0005e-06 2.83788e-07 3.0354e-08 1.7629e-09 0 
0 0.000515501 0.00289776 0.00708656 0.0127684 0.0197781 0.0277849 0.0363484 0.0449696 0.0531471 0.0605433 0.0673663 0.0731299 0.0764362 0.0770465 0.0750806 0.0706631 0.0647808 0.0586838 0.05232 0.0456699 0.0389883 0.032544 0.0265525 0.0211643 0.0164662 0.012487 0.00920342 0.0065448 0.00440434 0.00268756 0.00138912 0.000569031 0.000180581 4.55368e-05 9.47237e-06 1.65471e-06 2.38166e-07 2.58389e-08 1.52064e-09 0 
0 0.000396897 0.00237735 0.00599422 0.0108697 0.0168605 0.0236996 0.0310134 0.0383761 0.0453496 0.0515268 0.056597 0.0603835 0.062655 0.063086 0.0616608 0.0587614 0.0548032 0.0500234 0.0446585 0.0389883 0.0332859 0.0277867 0.0226747 0.0180785 0.0140727 0.010681 0.00787998 0.00560473 0.00376639 0.00229305 0.00118467 0.000487478 0.000156293 3.9953e-05 8.42934e-06 1.49173e-06 2.17114e-07 2.37718e-08 1.40917e-09 0 
0 0.000289196 0.00186552 0.00492066 0.00903092 0.0140441 0.0197583 0.0258674 0.0320171 0.0378412 0.0429945 0.0471821 0.0501834 0.0518617 0.052165 0.0511395 0.0489243 0.0457171 0.0417503 0.0372756 0.032544 0.0277867 0.0232004 0.0189399 0.015117 0.0118041 0.00902897 0.00675454 0.00488724 0.00334047 0.00207639 0.00110481 0.000469707 0.00015453 4.01035e-05 8.51629e-06 1.50886e-06 2.19186e-07 2.39097e-08 1.41049e-09 0 
0 0.000197941 0.00138585 0.00389343 0.00730579 0.0114206 0.0160919 0.0210822 0.0261046 0.0308609 0.0350692 0.0384879 0.0409344 0.0422979 0.0425441 0.0417136 0.0399122 0.0372977 0.0340615 0.0304112 0.0265525 0.0226747 0.0189399 0.0154832 0.0124325 0.00993464 0.00807844 0.00667733 0.00529689 0.0037502 0.00230127 0.00121532 0.000525463 0.000175501 4.54934e-05 9.53921e-06 1.66119e-06 2.36969e-07 2.53976e-08 1.47359e-09 0 
0 0.000126245 0.000962263 0.00293533 0.00572474 0.00904947 0.0127905 0.0167772 0.0207872 0.0245839 0.027943 0.0306717 0.0326246 0.0337131 0.0339102 0.0332483 0.031812 0.0297272 0.0271472 0.024238 0.0211643 0.0180785 0.015117 0.0124325 0.0103229 0.00937121 0.0100032 0.0112416 0.0108083 0.00788597 0.00429128 0.00186236 0.000700626 0.000220093 5.47427e-05 1.10463e-05 1.85966e-06 2.57612e-07 2.69079e-08 1.52606e-09 0 
0 7.44229e-05 0.00061561 0.00207257 0.00429877 0.0069559 0.0099018 0.01302 0.0161499 0.0191116 0.0217312 0.0238591 0.025382 0.0262312 0.0263854 0.0258702 0.0247517 0.0231282 0.0211196 0.0188558 0.0164662 0.0140727 0.0118041 0.00993464 0.00937121 0.0121922 0.0199838 0.0337687 0.0408283 0.0232277 0.0116215 0.00417138 0.00118666 0.000301836 6.64604e-05 1.24062e-05 1.98642e-06 2.65795e-07 2.70161e-08 1.49736e-09 0 
0 4.0251e-05 0.000357766 0.00134018 0.00303418 0.00513254 0.0074301 0.00982822 0.0122202 0.0144782 0.0164739 0.0180943 0.019254 0.0199008 0.0200189 0.0196276 0.0187775 0.0175436 0.0160174 0.0142986 0.012487 0.010681 0.00902897 0.00807844 0.0100032 0.0199838 0.0485367 0.0774786 0.0796497 0.0685433 0.0272847 0.00909924 0.00219101 0.000436499 7.89494e-05 1.29767e-05 1.93793e-06 2.499e-07 2.47958e-08 1.34849e-09 0 
0 1.98505e-05 0.000186658 0.00077462 0.00195488 0.00355786 0.00533947 0.0071705 0.00897161 0.0106596 0.0121464 0.0133521 0.0142144 0.0146955 0.0147839 0.0144941 0.0138638 0.0129488 0.0118173 0.0105435 0.00920342 0.00787998 0.00675454 0.00667733 0.0112416 0.0337687 0.0774786 0.0856135 0.0865605 0.0821954 0.0589324 0.0146645 0.0033243 0.000572497 8.61162e-05 1.21902e-05 1.67534e-06 2.08454e-07 2.03221e-08 1.09187e-09 0 
0 8.88908e-06 8.67719e-05 0.00039215 0.00110967 0.00223428 0.00357831 0.00497335 0.0063267 0.00757711 0.0086685 0.00954903 0.0101773 0.0105277 0.0105928 0.0103834 0.00992669 0.00926293 0.00844115 0.00751561 0.0065448 0.00560473 0.00488724 0.00529689 0.0108083 0.0408283 0.0796497 0.0865605 0.0875014 0.0840559 0.0684988 0.0164845 0.00359622 0.000582401 7.80621e-05 9.78877e-06 1.25037e-06 1.51516e-07 1.46534e-08 7.84569e-10 0 
0 3.60647e-06 3.58531e-05 0.000171994 0.000538045 0.00121336 0.00213539 0.00316163 0.00417498 0.00510514 0.00590747 0.00654852 0.00700318 0.00725629 0.00730426 0.0071554 0.00682882 0.00635243 0.00576081 0.00509457 0.00440434 0.00376639 0.00334047 0.0037502 0.00788597 0.0232277 0.0685433 0.0821954 0.0840559 0.0785305 0.0430288 0.0119653 0.0026578 0.00042401 5.41095e-05 6.38195e-06 7.87327e-07 9.48383e-08 9.21418e-09 4.96386e-10 0 
0 1.325e-06 1.31907e-05 6.53641e-05 0.000219593 0.000547731 0.00107174 0.00173522 0.00244482 0.00312036 0.00370911 0.00417913 0.00451146 0.00469655 0.00473315 0.00462775 0.00439398 0.00405186 0.00362776 0.00315655 0.00268756 0.00229305 0.00207639 0.00230127 0.00429128 0.0116215 0.0272847 0.0589324 0.0684988 0.0430288 0.0179775 0.00593127 0.00133159 0.000215386 2.75644e-05 3.27942e-06 4.13031e-07 5.08418e-08 5.03168e-09 2.75386e-10 0 
0 4.40975e-07 4.33894e-06 2.1699e-05 7.57888e-05 0.000202689 0.000434054 0.000771685 0.00118059 0.00160719 0.00200145 0.00232706 0.00256178 0.00269448 0.00272263 0.00265065 0.00248916 0.00225471 0.00197051 0.00166805 0.00138912 0.00118467 0.00110481 0.00121532 0.00186236 0.00417138 0.00909924 0.0146645 0.0164845 0.0119653 0.00593127 0.00197994 0.00045686 7.67046e-05 1.03517e-05 1.33541e-06 1.8122e-07 2.33679e-08 2.38473e-09 1.33755e-10 0 
0 1.32975e-07 1.28144e-06 6.3592e-06 2.24813e-05 6.23086e-05 0.000141331 0.000269873 0.000444799 0.000648173 0.0008537 0.00103524 0.00117244 0.00125274 0.00127124 0.00122983 0.00113637 0.00100403 0.00085061 0.00069769 0.000569031 0.000487478 0.000469707 0.000525463 0.000700626 0.00118666 0.00219101 0.0033243 0.00359622 0.0026578 0.00133159 0.00045686 0.000110234 1.98077e-05 3.00061e-06 4.47522e-07 6.76115e-08 9.25648e-09 9.82309e-10 5.68614e-11 0 
0 3.62903e-08 3.40563e-07 1.65912e-06 5.83004e-06 1.63127e-05 3.79679e-05 7.54308e-05 0.000130458 0.000199889 0.000275738 0.000347376 0.000404445 0.000439215 0.000447843 0.000430663 0.000391801 0.000338345 0.000279197 0.000223752 0.000180581 0.000156293 0.00015453 0.000175501 0.000220093 0.000301836 0.000436499 0.000572497 0.000582401 0.00042401 0.000215386 7.67046e-05 1.98077e-05 4.02284e-06 7.30368e-07 1.29603e-07 2.18202e-08 3.17683e-09 3.52201e-10 2.11495e-11 0 
0 8.92689e-09 8.13275e-08 3.86592e-07 1.33597e-06 3.71271e-06 8.67531e-06 1.74782e-05 3.08962e-05 4.85999e-05 6.88702e-05 8.88779e-05 0.000105426 0.000115824 0.000118562 0.000113617 0.000102367 8.71995e-05 7.09497e-05 5.63369e-05 4.55368e-05 3.9953e-05 4.01035e-05 4.54934e-05 5.47427e-05 6.64604e-05 7.89494e-05 8.61162e-05 7.80621e-05 5.41095e-05 2.75644e-05 1.03517e-05 3.00061e-06 7.30368e-07 1.61978e-07 3.33685e-08 6.13686e-09 9.46338e-10 1.09844e-10 6.86619e-12 0 
0 1.9604e-09 1.73164e-08 8.00828e-08 2.70674e-07 7.40548e-07 1.71579e-06 3.45148e-06 6.12786e-06 9.72228e-06 1.3926e-05 1.81668e-05 2.17461e-05 2.40381e-05 2.46702e-05 2.36209e-05 2.12077e-05 1.79837e-05 1.45885e-05 1.16066e-05 9.47237e-06 8.42934e-06 8.51629e-06 9.53921e-06 1.10463e-05 1.24062e-05 1.29767e-05 1.21902e-05 9.78877e-06 6.38195e-06 3.27942e-06 1.33541e-06 4.47522e-07 1.29603e-07 3.33685e-08 7.60705e-09 1.49765e-09 2.4361e-10 2.96276e-11 1.93152e-12 0 
0 3.76712e-10 3.22613e-09 1.45021e-08 4.78284e-08 1.28292e-07 2.92924e-07 5.83631e-07 1.031e-06 1.63348e-06 2.34243e-06 3.06347e-06 3.67757e-06 4.07512e-06 4.18909e-06 4.01425e-06 3.60609e-06 3.06195e-06 2.49341e-06 2.0005e-06 1.65471e-06 1.49173e-06 1.50886e-06 1.66119e-06 1.85966e-06 1.98642e-06 1.93793e-06 1.67534e-06 1.25037e-06 7.87327e-07 4.13031e-07 1.8122e-07 6.76115e-08 2.18202e-08 6.13686e-09 1.49765e-09 3.1197e-10 5.33734e-11 6.79971e-12 4.6265e-13 0 
0 6.0701e-11 5.04387e-10 2.20453e-09 7.09098e-09 1.86197e-08 4.17863e-08 8.21625e-08 1.43771e-07 2.26366e-07 3.23427e-07 4.22251e-07 5.0669e-07 5.61723e-07 5.78055e-07 5.54876e-07 4.99799e-07 4.26264e-07 3.49684e-07 2.83788e-07 2.38166e-07 2.17114e-07 2.19186e-07 2.36969e-07 2.57612e-07 2.65795e-07 2.499e-07 2.08454e-07 1.51516e-07 9.48383e-08 5.08418e-08 2.33679e-08 9.25648e-09 3.17683e-09 9.46338e-10 2.4361e-10 5.33734e-11 9.58042e-12 1.27712e-12 9.06592e-14 0 
0 7.40551e-12 5.97824e-11 2.5432e-10 7.98276e-10 2.0519e-09 4.52289e-09 8.76469e-09 1.51644e-08 2.36772e-08 3.3633e-08 4.37479e-08 5.23943e-08 5.80565e-08 5.97928e-08 5.75178e-08 5.20026e-08 4.46165e-08 3.69334e-08 3.0354e-08 2.58389e-08 2.37718e-08 2.39097e-08 2.53976e-08 2.69079e-08 2.70161e-08 2.47958e-08 2.03221e-08 1.46534e-08 9.21418e-09 5.03168e-09 2.38473e-09 9.82309e-10 3.52201e-10 1.09844e-10 2.96276e-11 6.79971e-12 1.27712e-12 1.77825e-13 1.31563e-14 0 
0 4.88878e-13 3.84016e-12 1.59234e-11 4.88307e-11 1.22959e-10 2.66291e-10 5.08522e-10 8.69535e-10 1.3454e-09 1.89848e-09 2.45838e-09 2.93663e-09 3.25105e-09 3.35059e-09 3.23065e-09 2.9333e-09 2.53352e-09 2.11777e-09 1.7629e-09 1.52064e-09 1.40917e-09 1.41049e-09 1.47359e-09 1.52606e-09 1.49736e-09 1.34849e-09 1.09187e-09 7.84569e-10 4.96386e-10 2.75386e-10 1.33755e-10 5.68614e-11 2.11495e-11 6.86619e-12 1.93152e-12 4.6265e-13 9.06592e-14 1.31563e-14 1.01289e-15 0 
0 0 0 0 0 0 0 0 0 0 0 0 0 0 0 0 0 0 0 0 0 0 0 0 0 0 0 0 0 0 0 0 0 0 0 0 0 0 0 0 0 
