0 0 0 0 0 0 0 0 0 0 0 0 0 0 0 0 0 0 0 0 0 0 0 0 0 0 0 0 0 0 0 0 0 0 0 0 0 0 0 0 0 
0 3.67681e-07 3.28177e-06 1.45146e-05 4.41503e-05 0.000102956 0.000195784 0.000317943 0.000457281 0.000598939 0.000729135 0.000836989 0.000914994 0.000958878 0.000967287 0.000941425 0.000884687 0.000802282 0.000700826 0.000587913 0.000471594 0.000359738 0.00025924 0.000175176 0.000110122 6.39015e-05 3.39911e-05 1.64838e-05 7.26178e-06 2.90152e-06 1.05135e-06 3.45661e-07 1.03145e-07 2.79002e-08 6.81231e-09 1.48689e-09 2.84295e-10 4.56237e-11 5.54782e-12 3.65271e-13 0 
0 3.28177e-06 2.9969e-05 0.000130937 0.000377038 0.000804543 0.00137988 0.00202972 0.00268487 0.00329513 0.00382536 0.00425001 0.00455106 0.00471799 0.00474822 0.00464696 0.00442629 0.0041036 0.00369978 0.00323739 0.0027395 0.00222931 0.00173057 0.00126794 0.000865538 0.000542821 0.000308609 0.000157387 7.1566e-05 2.89794e-05 1.04767e-05 3.39614e-06 9.91112e-07 2.60896e-07 6.18301e-08 1.3086e-08 2.42646e-09 3.77956e-10 4.46669e-11 2.86265e-12 0 
0 1.45146e-05 0.000130937 0.00053396 0.00136505 0.00255165 0.00391688 0.00533258 0.00672051 0.00801488 0.0091511 0.0100704 0.0107267 0.0110918 0.011157 0.0109332 0.0104485 0.00974422 0.00887036 0.00788015 0.00682497 0.00574994 0.00469148 0.00367819 0.00273611 0.00189632 0.00119723 0.000672868 0.000330713 0.000141037 5.23184e-05 1.7034e-05 4.91818e-06 1.26888e-06 2.93203e-07 6.03605e-08 1.08799e-08 1.64816e-09 1.89637e-10 1.18499e-11 0 
0 4.41503e-05 0.000377038 0.00136505 0.00303722 0.00511396 0.00740392 0.00980293 0.0121987 0.0144611 0.0164604 0.0180834 0.0192441 0.01989 0.020005 0.0196082 0.0187498 0.0175042 0.0159619 0.0142205 0.0123764 0.0105167 0.00871329 0.00701751 0.00545879 0.00405046 0.0028064 0.00176111 0.000967208 0.000452552 0.000178695 6.00347e-05 1.74547e-05 4.46269e-06 1.01258e-06 2.03745e-07 3.58284e-08 5.29372e-09 5.94488e-10 3.63002e-11 0 
0 0.000102956 0.000804543 0.00255165 0.00511396 0.00818107 0.0116185 0.0152747 0.0189502 0.0224295 0.0255072 0.0280068 0.0297947 0.0307896 0.0309665 0.0303549 0.0290322 0.0271134 0.0247382 0.022058 0.0192225 0.0163689 0.0136132 0.0110439 0.0087178 0.00665759 0.00485692 0.00330297 0.00201476 0.00105363 0.000456774 0.000163081 4.87856e-05 1.25345e-05 2.81766e-06 5.5748e-07 9.60629e-08 1.38925e-08 1.52725e-09 9.13655e-11 0 
0 0.000195784 0.00137988 0.00391688 0.00740392 0.0116185 0.0164041 0.0215168 0.0266628 0.0315363 0.0358482 0.0393505 0.0418561 0.0432511 0.0434992 0.0426414 0.0407871 0.0380982 0.0347704 0.0310159 0.0270448 0.0230502 0.0191959 0.0156096 0.0123781 0.00954631 0.00711572 0.00505127 0.00331283 0.0019118 0.000919383 0.000356579 0.000112069 2.93709e-05 6.60519e-06 1.29349e-06 2.19466e-07 3.1185e-08 3.3669e-09 1.97897e-10 0 
0 0.000317943 0.00202972 0.00533258 0.00980293 0.0152747 0.0215168 0.0281923 0.0349134 0.0412793 0.0469143 0.0515122 0.0548711 0.0568224 0.0571814 0.0559596 0.053424 0.049863 0.0455057 0.0406005 0.0354139 0.0301974 0.0251656 0.0204863 0.0162755 0.0125983 0.00946923 0.0068545 0.00468351 0.00289912 0.00152888 0.000648722 0.000217389 5.88864e-05 1.33727e-05 2.60875e-06 4.37915e-07 6.13758e-08 6.52926e-09 3.78155e-10 0 
0 0.000457281 0.00268487 0.00672051 0.0121987 0.0189502 0.0266628 0.0349134 0.043221 0.0510965 0.0581654 0.064455 0.0697766 0.0730215 0.073628 0.0716266 0.0674253 0.0620802 0.0563704 0.0502567 0.0438421 0.0373948 0.0311767 0.0253953 0.0201954 0.0156594 0.0118124 0.0086252 0.0060189 0.00389205 0.00220168 0.00101456 0.000364406 0.000102933 2.37826e-05 4.6477e-06 7.75239e-07 1.07558e-07 1.131e-08 6.47281e-10 0 
0 0.000598939 0.00329513 0.00801488 0.0144611 0.0224295 0.0315363 0.0412793 0.0510965 0.0605419 0.070017 0.0789811 0.0845849 0.0871654 0.0876322 0.086185 0.0824356 0.0757123 0.0673242 0.0594851 0.0518318 0.0442136 0.0368713 0.0300455 0.0239074 0.0185557 0.0140226 0.0102816 0.00725185 0.00481033 0.00285582 0.00140733 0.000539687 0.000159459 3.7658e-05 7.40299e-06 1.23139e-06 1.69661e-07 1.76855e-08 1.00282e-09 0 
0 0.000729135 0.00382536 0.0091511 0.0164604 0.0255072 0.0358482 0.0469143 0.0581654 0.070017 0.0819601 0.0890768 0.0927614 0.0945344 0.0948838 0.0939124 0.0914453 0.0868721 0.0787409 0.0682599 0.0589647 0.0502517 0.0419116 0.0341612 0.0271925 0.021118 0.0159756 0.0117393 0.0083264 0.00560402 0.00343302 0.0017784 0.000720862 0.000222241 5.37118e-05 1.06465e-05 1.77058e-06 2.42896e-07 2.51637e-08 1.41715e-09 0 
0 0.000836989 0.00425001 0.0100704 0.0180834 0.0280068 0.0393505 0.0515122 0.064455 0.0789811 0.0890768 0.0943157 0.0972516 0.0987221 0.099028 0.0982399 0.0962559 0.0927271 0.0867464 0.0765488 0.0650613 0.0551792 0.0460082 0.037506 0.0298622 0.0232 0.0175617 0.0129209 0.00919255 0.00623832 0.00389697 0.00208976 0.000883907 0.000282431 6.97177e-05 1.39406e-05 2.32162e-06 3.17754e-07 3.27877e-08 1.83795e-09 0 
0 0.000914994 0.00455106 0.0107267 0.0192441 0.0297947 0.0418561 0.0548711 0.0697766 0.0845849 0.0927614 0.0972516 0.0998632 0.101197 0.101484 0.100781 0.0990139 0.0959302 0.0909016 0.0823156 0.0699383 0.0587645 0.0489433 0.0399012 0.0317741 0.0246911 0.0186976 0.0137665 0.00981063 0.00668841 0.00422646 0.00231675 0.00100898 0.000331012 8.30832e-05 1.67403e-05 2.79355e-06 3.82029e-07 3.9335e-08 2.19901e-09 0 
0 0.000958878 0.00471799 0.0110918 0.01989 0.0307896 0.0432511 0.0568224 0.0730215 0.0871654 0.0945344 0.0987221 0.101197 0.102473 0.102751 0.102086 0.100412 0.0975144 0.0928661 0.085112 0.0728867 0.0608237 0.0505832 0.0412379 0.0328415 0.0255239 0.0193323 0.0142393 0.0101561 0.0069397 0.00441104 0.00244648 0.00108321 0.000361005 9.15751e-05 1.85503e-05 3.10177e-06 4.24282e-07 4.36601e-08 2.43853e-09 0 
0 0.000967287 0.00474822 0.011157 0.020005 0.0309665 0.0434992 0.0571814 0.073628 0.0876322 0.0948838 0.099028 0.101484 0.102751 0.103029 0.102369 0.10071 0.0978391 0.0932468 0.0856191 0.073446 0.0612068 0.0508828 0.0414827 0.0330377 0.0256778 0.0194504 0.0143281 0.010222 0.00698901 0.00444918 0.00247541 0.00110118 0.000368808 9.39139e-05 1.90719e-05 3.19408e-06 4.3739e-07 4.50479e-08 2.51799e-09 0 
0 0.000941425 0.00464696 0.0109332 0.0196082 0.0303549 0.0426414 0.0559596 0.0716266 0.086185 0.0939124 0.0982399 0.100781 0.102086 0.102369 0.101687 0.0999693 0.0969858 0.0921674 0.0840394 0.0716366 0.0599419 0.0498889 0.0406748 0.0323943 0.0251775 0.0190709 0.0140473 0.0100192 0.00684475 0.00434742 0.00240769 0.00106443 0.000354616 9.00603e-05 1.8285e-05 3.06612e-06 4.2071e-07 4.34331e-08 2.43399e-09 0 
0 0.000884687 0.00442629 0.0104485 0.0187498 0.0290322 0.0407871 0.053424 0.0674253 0.0824356 0.0914453 0.0962559 0.0990139 0.100412 0.10071 0.0999693 0.0981061 0.0948308 0.0894086 0.0800564 0.0678465 0.0572676 0.0477317 0.0389179 0.0309942 0.0240879 0.0182432 0.013434 0.0095745 0.00652597 0.00411969 0.00225427 0.000980644 0.000322104 8.1155e-05 1.64412e-05 2.76086e-06 3.80075e-07 3.94046e-08 2.21863e-09 0 
0 0.000802282 0.0041036 0.00974422 0.0175042 0.0271134 0.0380982 0.049863 0.0620802 0.0757123 0.0868721 0.0927271 0.0959302 0.0975144 0.0978391 0.0969858 0.0948308 0.0909485 0.0842152 0.0735084 0.0628738 0.0534723 0.0446017 0.0363661 0.0289607 0.0225053 0.0170413 0.0125429 0.00892758 0.0060606 0.00378676 0.00203261 0.000862775 0.000277615 6.91817e-05 1.39808e-05 2.35407e-06 3.25839e-07 3.40116e-08 1.92928e-09 0 
0 0.000700826 0.00369978 0.00887036 0.0159619 0.0247382 0.0347704 0.0455057 0.0563704 0.0673242 0.0787409 0.0867464 0.0909016 0.0928661 0.0932468 0.0921674 0.0894086 0.0842152 0.0755681 0.0659525 0.0572392 0.0488177 0.0407276 0.033207 0.0264438 0.0205474 0.015555 0.0114415 0.00812721 0.00548384 0.00337669 0.0017672 0.000728128 0.000229017 5.64838e-05 1.14126e-05 1.93284e-06 2.69919e-07 2.84662e-08 1.63238e-09 0 
0 0.000587913 0.00323739 0.00788015 0.0142205 0.022058 0.0310159 0.0406005 0.0502567 0.0594851 0.0682599 0.0765488 0.0823156 0.085112 0.0856191 0.0840394 0.0800564 0.0735084 0.0659525 0.058554 0.0510653 0.043577 0.0363569 0.0296438 0.0236064 0.0183419 0.0138825 0.0102035 0.00722814 0.00483827 0.00292713 0.00149061 0.000597033 0.000184435 4.52893e-05 9.20187e-06 1.57566e-06 2.23007e-07 2.38547e-08 1.38734e-09 0 
0 0.000471594 0.0027395 0.00682497 0.0123764 0.0192225 0.0270448 0.0354139 0.0438421 0.0518318 0.0589647 0.0650613 0.0699383 0.0728867 0.073446 0.0716366 0.0678465 0.0628738 0.0572392 0.0510653 0.044568 0.0380357 0.0317356 0.0258781 0.0206103 0.0160163 0.0121229 0.00890518 0.00629112 0.00417858 0.00249073 0.00124425 0.000490956 0.000151106 3.73723e-05 7.69719e-06 1.33937e-06 1.92679e-07 2.09304e-08 1.23439e-09 0 
0 0.000359738 0.00222931 0.00574994 0.0105167 0.0163689 0.0230502 0.0301974 0.0373948 0.0442136 0.0502517 0.0551792 0.0587645 0.0608237 0.0612068 0.0599419 0.0572676 0.0534723 0.0488177 0.043577 0.0380357 0.0324633 0.0270899 0.0220953 0.0176049 0.0136906 0.0103744 0.00763127 0.0053963 0.00358553 0.00214049 0.00107562 0.000429668 0.000134535 3.38937e-05 7.10028e-06 1.2534e-06 1.82418e-07 1.99959e-08 1.18728e-09 0 
0 0.00025924 0.00173057 0.00469148 0.00871329 0.0136132 0.0191959 0.0251656 0.0311767 0.0368713 0.0419116 0.0460082 0.0489433 0.0505832 0.0508828 0.0498889 0.0477317 0.0446017 0.0407276 0.0363569 0.0317356 0.0270899 0.0226124 0.0184543 0.0147243 0.0114924 0.00878438 0.00656251 0.00473395 0.00321432 0.00197226 0.00102841 0.000427176 0.000137819 3.53196e-05 7.4511e-06 1.31636e-06 1.91048e-07 2.08406e-08 1.22992e-09 0 
0 0.000175176 0.00126794 0.00367819 0.00701751 0.0110439 0.0156096 0.0204863 0.0253953 0.0300455 0.0341612 0.037506 0.0399012 0.0412379 0.0414827 0.0406748 0.0389179 0.0363661 0.033207 0.0296438 0.0258781 0.0220953 0.0184543 0.015087 0.012118 0.00968974 0.00788662 0.00652368 0.00517479 0.00365734 0.00223125 0.00116261 0.000492725 0.000161427 4.12877e-05 8.59195e-06 1.4905e-06 2.12217e-07 2.27224e-08 1.31761e-09 0 
0 0.000110122 0.000865538 0.00273611 0.00545879 0.0087178 0.0123781 0.0162755 0.0201954 0.0239074 0.0271925 0.0298622 0.0317741 0.0328415 0.0330377 0.0323943 0.0309942 0.0289607 0.0264438 0.0236064 0.0206103 0.0176049 0.0147243 0.012118 0.0100763 0.00916585 0.00980009 0.0110218 0.0105994 0.00773244 0.00420379 0.00181593 0.000673361 0.00020721 5.06953e-05 1.0132e-05 1.6975e-06 2.34574e-07 2.44668e-08 1.38625e-09 0 
0 6.39015e-05 0.000542821 0.00189632 0.00405046 0.00665759 0.00954631 0.0125983 0.0156594 0.0185557 0.021118 0.0232 0.0246911 0.0255239 0.0256778 0.0251775 0.0240879 0.0225053 0.0205474 0.0183419 0.0160163 0.0136906 0.0114924 0.00968974 0.00916585 0.011951 0.0196036 0.0312964 0.0375664 0.0225896 0.0114017 0.00408988 0.00115755 0.000289471 6.24701e-05 1.15101e-05 1.83132e-06 2.44337e-07 2.4797e-08 1.37293e-09 0 
0 3.39911e-05 0.000308609 0.00119723 0.0028064 0.00485692 0.00711572 0.00946923 0.0118124 0.0140226 0.0159756 0.0175617 0.0186976 0.0193323 0.0194504 0.0190709 0.0182432 0.0170413 0.015555 0.0138825 0.0121229 0.0103744 0.00878438 0.00788662 0.00980009 0.0196036 0.0451238 0.0772195 0.0800811 0.0653233 0.0265844 0.0089275 0.00214711 0.000423736 7.51285e-05 1.21415e-05 1.79754e-06 2.30985e-07 2.2883e-08 1.24323e-09 0 
0 1.64838e-05 0.000157387 0.000672868 0.00176111 0.00330297 0.00505127 0.0068545 0.0086252 0.0102816 0.0117393 0.0129209 0.0137665 0.0142393 0.0143281 0.0140473 0.013434 0.0125429 0.0114415 0.0102035 0.00890518 0.00763127 0.00656251 0.00652368 0.0110218 0.0312964 0.0772195 0.0866368 0.0877884 0.0827986 0.0555008 0.0143813 0.00326062 0.000558778 8.26741e-05 1.14828e-05 1.56043e-06 1.9331e-07 1.88149e-08 1.00998e-09 0 
0 7.26178e-06 7.1566e-05 0.000330713 0.000967208 0.00201476 0.00331283 0.00468351 0.0060189 0.00725185 0.0083264 0.00919255 0.00981063 0.0101561 0.010222 0.0100192 0.0095745 0.00892758 0.00812721 0.00722814 0.00629112 0.0053963 0.00473395 0.00517479 0.0105994 0.0375664 0.0800811 0.0877884 0.0888269 0.0848896 0.0654597 0.0159417 0.00352791 0.000569397 7.52867e-05 9.263e-06 1.16785e-06 1.40792e-07 1.35934e-08 7.27226e-10 0 
0 2.90152e-06 2.89794e-05 0.000141037 0.000452552 0.00105363 0.0019118 0.00289912 0.00389205 0.00481033 0.00560402 0.00623832 0.00668841 0.0069397 0.00698901 0.00684475 0.00652597 0.0060606 0.00548384 0.00483827 0.00417858 0.00358553 0.00321432 0.00365734 0.00773244 0.0225896 0.0653233 0.0827986 0.0848896 0.0788993 0.04021 0.0117407 0.00260715 0.000414464 5.22376e-05 6.05005e-06 7.36366e-07 8.82273e-08 8.55803e-09 4.60715e-10 0 
0 1.05135e-06 1.04767e-05 5.23184e-05 0.000178695 0.000456774 0.000919383 0.00152888 0.00220168 0.00285582 0.00343302 0.00389697 0.00422646 0.00441104 0.00444918 0.00434742 0.00411969 0.00378676 0.00337669 0.00292713 0.00249073 0.00214049 0.00197226 0.00223125 0.00420379 0.0114017 0.0265844 0.0555008 0.0654597 0.04021 0.0176403 0.00581967 0.00130561 0.000210158 2.65584e-05 3.10559e-06 3.86271e-07 4.73219e-08 4.67688e-09 2.55819e-10 0 
0 3.45661e-07 3.39614e-06 1.7034e-05 6.00347e-05 0.000163081 0.000356579 0.000648722 0.00101456 0.00140733 0.0017784 0.00208976 0.00231675 0.00244648 0.00247541 0.00240769 0.00225427 0.00203261 0.0017672 0.00149061 0.00124425 0.00107562 0.00102841 0.00116261 0.00181593 0.00408988 0.0089275 0.0143813 0.0159417 0.0117407 0.00581967 0.00194205 0.000447149 7.45423e-05 9.92595e-06 1.26022e-06 1.6929e-07 2.17523e-08 2.21759e-09 1.24324e-10 0 
0 1.03145e-07 9.91112e-07 4.91818e-06 1.74547e-05 4.87856e-05 0.000112069 0.000217389 0.000364406 0.000539687 0.000720862 0.000883907 0.00100898 0.00108321 0.00110118 0.00106443 0.000980644 0.000862775 0.000728128 0.000597033 0.000490956 0.000429668 0.000427176 0.000492725 0.000673361 0.00115755 0.00214711 0.00326062 0.00352791 0.00260715 0.00130561 0.000447149 0.000107371 1.91124e-05 2.85538e-06 4.20301e-07 6.30687e-08 8.61591e-09 9.13722e-10 5.28725e-11 0 
0 2.79002e-08 2.60896e-07 1.26888e-06 4.46269e-06 1.25345e-05 2.93709e-05 5.88864e-05 0.000102933 0.000159459 0.000222241 0.000282431 0.000331012 0.000361005 0.000368808 0.000354616 0.000322104 0.000277615 0.000229017 0.000184435 0.000151106 0.000134535 0.000137819 0.000161427 0.00020721 0.000289471 0.000423736 0.000558778 0.000569397 0.000414464 0.000210158 7.45423e-05 1.91124e-05 3.84006e-06 6.88759e-07 1.21184e-07 2.03307e-08 2.95675e-09 3.27667e-10 1.96709e-11 0 
0 6.81231e-09 6.18301e-08 2.93203e-07 1.01258e-06 2.81766e-06 6.60519e-06 1.33727e-05 2.37826e-05 3.7658e-05 5.37118e-05 6.97177e-05 8.30832e-05 9.15751e-05 9.39139e-05 9.00603e-05 8.1155e-05 6.91817e-05 5.64838e-05 4.52893e-05 3.73723e-05 3.38937e-05 3.53196e-05 4.12877e-05 5.06953e-05 6.24701e-05 7.51285e-05 8.26741e-05 7.52867e-05 5.22376e-05 2.65584e-05 9.92595e-06 2.85538e-06 6.88759e-07 1.51626e-07 3.11148e-08 5.71424e-09 8.80738e-10 1.02204e-10 6.3873e-12 0 
0 1.48689e-09 1.3086e-08 6.03605e-08 2.03745e-07 5.5748e-07 1.29349e-06 2.60875e-06 4.6477e-06 7.40299e-06 1.06465e-05 1.39406e-05 1.67403e-05 1.85503e-05 1.90719e-05 1.8285e-05 1.64412e-05 1.39808e-05 1.14126e-05 9.20187e-06 7.69719e-06 7.10028e-06 7.4511e-06 8.59195e-06 1.0132e-05 1.15101e-05 1.21415e-05 1.14828e-05 9.263e-06 6.05005e-06 3.10559e-06 1.26022e-06 4.20301e-07 1.21184e-07 3.11148e-08 7.08445e-09 1.3941e-09 2.26716e-10 2.75684e-11 1.797e-12 0 
0 2.84295e-10 2.42646e-09 1.08799e-08 3.58284e-08 9.60629e-08 2.19466e-07 4.37915e-07 7.75239e-07 1.23139e-06 1.77058e-06 2.32162e-06 2.79355e-06 3.10177e-06 3.19408e-06 3.06612e-06 2.76086e-06 2.35407e-06 1.93284e-06 1.57566e-06 1.33937e-06 1.2534e-06 1.31636e-06 1.4905e-06 1.6975e-06 1.83132e-06 1.79754e-06 1.56043e-06 1.16785e-06 7.36366e-07 3.86271e-07 1.6929e-07 6.30687e-08 2.03307e-08 5.71424e-09 1.3941e-09 2.90358e-10 4.96705e-11 6.32726e-12 4.30454e-13 0 
0 4.56237e-11 3.77956e-10 1.64816e-09 5.29372e-09 1.38925e-08 3.1185e-08 6.13758e-08 1.07558e-07 1.69661e-07 2.42896e-07 3.17754e-07 3.82029e-07 4.24282e-07 4.3739e-07 4.2071e-07 3.80075e-07 3.25839e-07 2.69919e-07 2.23007e-07 1.92679e-07 1.82418e-07 1.91048e-07 2.12217e-07 2.34574e-07 2.44337e-07 2.30985e-07 1.9331e-07 1.40792e-07 8.82273e-08 4.73219e-08 2.17523e-08 8.61591e-09 2.95675e-09 8.80738e-10 2.26716e-10 4.96705e-11 8.91528e-12 1.18837e-12 8.43522e-14 0 
0 5.54782e-12 4.46669e-11 1.89637e-10 5.94488e-10 1.52725e-09 3.3669e-09 6.52926e-09 1.131e-08 1.76855e-08 2.51637e-08 3.27877e-08 3.9335e-08 4.36601e-08 4.50479e-08 4.34331e-08 3.94046e-08 3.40116e-08 2.84662e-08 2.38547e-08 2.09304e-08 1.99959e-08 2.08406e-08 2.27224e-08 2.44668e-08 2.4797e-08 2.2883e-08 1.88149e-08 1.35934e-08 8.55803e-09 4.67688e-09 2.21759e-09 9.13722e-10 3.27667e-10 1.02204e-10 2.75684e-11 6.32726e-12 1.18837e-12 1.65462e-13 1.2241e-14 0 
0 3.65271e-13 2.86265e-12 1.18499e-11 3.63002e-11 9.13655e-11 1.97897e-10 3.78155e-10 6.47281e-10 1.00282e-09 1.41715e-09 1.83795e-09 2.19901e-09 2.43853e-09 2.51799e-09 2.43399e-09 2.21863e-09 1.92928e-09 1.63238e-09 1.38734e-09 1.23439e-09 1.18728e-09 1.22992e-09 1.31761e-09 1.38625e-09 1.37293e-09 1.24323e-09 1.00998e-09 7.27226e-10 4.60715e-10 2.55819e-10 1.24324e-10 5.28725e-11 1.96709e-11 6.3873e-12 1.797e-12 4.30454e-13 8.43522e-14 1.2241e-14 9.42398e-16 0 
0 0 0 0 0 0 0 0 0 0 0 0 0 0 0 0 0 0 0 0 0 0 0 0 0 0 0 0 0 0 0 0 0 0 0 0 0 0 0 0 0 
