0 0 0 0 0 0 0 0 0 0 0 0 0 0 0 0 0 0 0 0 0 0 0 0 0 0 0 0 0 0 0 0 0 0 0 0 0 0 0 0 0 
0 8.2458e-08 7.54688e-07 3.50735e-06 1.14951e-05 2.94273e-05 6.19139e-05 0.000110895 0.000174013 0.000245041 0.000315745 0.000377936 0.000424926 0.000452284 0.000458056 0.000442661 0.00040859 0.000359983 0.000302087 0.00024063 0.000181115 0.000128108 8.46476e-05 5.19316e-05 2.94172e-05 1.53156e-05 7.30558e-06 3.18753e-06 1.27179e-06 4.64334e-07 1.55296e-07 4.76166e-08 1.33832e-08 3.44114e-09 8.05265e-10 1.69667e-10 3.15099e-11 4.93737e-12 5.88764e-13 3.81498e-14 0 
0 7.54688e-07 7.16487e-06 3.39492e-05 0.000110561 0.000273429 0.000543161 0.000907302 0.00132623 0.00175189 0.00214179 0.0024639 0.00269673 0.00282814 0.00285423 0.00277843 0.00261042 0.00236504 0.00206121 0.00172086 0.00136799 0.00102722 0.000721624 0.000469304 0.000279668 0.00015142 7.40767e-05 3.26794e-05 1.30153e-05 4.69454e-06 1.53938e-06 4.60427e-07 1.25849e-07 3.14197e-08 7.13587e-09 1.45962e-09 2.63379e-10 4.0144e-11 4.6628e-12 2.94724e-13 0 
0 3.50735e-06 3.39492e-05 0.000158946 0.000490816 0.00111117 0.00199086 0.0030188 0.00407946 0.00508486 0.00597043 0.00668727 0.00719986 0.00748682 0.00754163 0.00737234 0.00699979 0.00645484 0.00577494 0.00500067 0.00417321 0.00333337 0.00252245 0.00178342 0.00115848 0.000679579 0.000354988 0.00016389 6.68776e-05 2.42625e-05 7.89113e-06 2.31911e-06 6.19295e-07 1.50593e-07 3.32682e-08 6.61807e-09 1.16205e-09 1.72531e-10 1.95462e-11 1.20675e-12 0 
0 1.14951e-05 0.000110561 0.000490816 0.00137142 0.0027606 0.00446981 0.00631079 0.00815174 0.00988648 0.0114184 0.012663 0.0135552 0.0140548 0.0141488 0.013851 0.0131989 0.0122485 0.0110679 0.00973012 0.00830652 0.00686138 0.00544909 0.00411605 0.00290813 0.00187841 0.00108093 0.000542272 0.000234754 8.79889e-05 2.89079e-05 8.44588e-06 2.21999e-06 5.28416e-07 1.13958e-07 2.21092e-08 3.78652e-09 5.48753e-10 6.07504e-11 3.66987e-12 0 
0 2.94273e-05 0.000273429 0.00111117 0.0027606 0.0050279 0.00764202 0.0104226 0.0132156 0.015862 0.0182074 0.0201168 0.0214869 0.022254 0.0223974 0.0219384 0.0209351 0.019475 0.0176643 0.015618 0.0134493 0.0112609 0.00913743 0.00714212 0.00531824 0.0037014 0.00233976 0.00129779 0.000613678 0.000244742 8.31004e-05 2.45101e-05 6.40397e-06 1.50178e-06 3.17627e-07 6.03138e-08 1.01048e-08 1.43306e-09 1.55382e-10 9.20338e-12 0 
0 6.19139e-05 0.000543161 0.00199086 0.00446981 0.00764202 0.011258 0.015124 0.019024 0.0227275 0.0260133 0.0286897 0.0306106 0.0316861 0.0318869 0.0312426 0.0298354 0.027788 0.0252506 0.0223856 0.0193537 0.0163013 0.0133518 0.0105978 0.00809932 0.00588622 0.00397666 0.00240982 0.00125496 0.00054384 0.000195109 5.90832e-05 1.55184e-05 3.61202e-06 7.53116e-07 1.40529e-07 2.31077e-08 3.21609e-09 3.42397e-10 1.99306e-11 0 
0 0.000110895 0.000907302 0.0030188 0.00631079 0.0104226 0.015124 0.0201683 0.0252649 0.030108 0.0344064 0.0379084 0.0404222 0.0418299 0.0420928 0.04125 0.0394087 0.0367302 0.0334112 0.029665 0.0257026 0.0217173 0.0178724 0.0142932 0.0110628 0.00822203 0.00577681 0.00372646 0.00210957 0.000997876 0.000383852 0.000121139 3.2341e-05 7.52789e-06 1.55562e-06 2.86419e-07 4.63834e-08 6.35434e-09 6.66043e-10 3.81936e-11 0 
0 0.000174013 0.00132623 0.00407946 0.00815174 0.0132156 0.019024 0.0252649 0.0315737 0.0375704 0.0428935 0.0472311 0.0503459 0.0520914 0.0524184 0.0513746 0.0490941 0.0457773 0.0416681 0.0370305 0.0321265 0.0271961 0.0224428 0.0180237 0.0140454 0.0105632 0.00758522 0.00508802 0.0030632 0.00156558 0.000647924 0.000215133 5.89082e-05 1.38046e-05 2.84134e-06 5.18239e-07 8.2932e-08 1.12168e-08 1.16066e-09 6.57313e-11 0 
0 0.000245041 0.00175189 0.00508486 0.00988648 0.015862 0.0227275 0.030108 0.0375704 0.0446645 0.0509629 0.0560989 0.0597943 0.0618713 0.0622626 0.0610221 0.0583154 0.0543867 0.0495247 0.0440393 0.0382395 0.0324098 0.0267913 0.0215711 0.0168774 0.0127792 0.00929038 0.00637934 0.00400283 0.00217321 0.000961307 0.000336616 9.50409e-05 2.25345e-05 4.63871e-06 8.41067e-07 1.33417e-07 1.78666e-08 1.82997e-09 1.02602e-10 0 
0 0.000315745 0.00214179 0.00597043 0.0114184 0.0182074 0.0260133 0.0344064 0.0428935 0.0509629 0.0581319 0.0639897 0.0682168 0.0705971 0.0710481 0.0696309 0.0665349 0.0620489 0.0565107 0.0502705 0.0436747 0.0370456 0.0306578 0.0247248 0.0193936 0.0147448 0.0107979 0.00751916 0.00484497 0.00274702 0.00128298 0.000471812 0.000137487 3.30692e-05 6.82774e-06 1.23417e-06 1.94604e-07 2.58717e-08 2.62964e-09 1.4632e-10 0 
0 0.000377936 0.0024639 0.00668727 0.012663 0.0201168 0.0286897 0.0379084 0.0472311 0.0560989 0.0639897 0.0704443 0.0750773 0.0776565 0.0781455 0.0766242 0.073254 0.0683229 0.0622233 0.0553609 0.0481147 0.0408332 0.0338174 0.0273022 0.0214497 0.01635 0.0120269 0.00844614 0.00553331 0.00323047 0.00157112 0.000601558 0.000180361 4.40123e-05 9.12842e-06 1.64849e-06 2.58992e-07 3.42663e-08 3.46466e-09 1.91772e-10 0 
0 0.000424926 0.00269673 0.00719986 0.0135552 0.0214869 0.0306106 0.0404222 0.0503459 0.0597943 0.0682168 0.0750773 0.0799144 0.0825486 0.0830474 0.0815139 0.0780422 0.0728492 0.0663523 0.0590343 0.0513171 0.0435662 0.0360983 0.0291637 0.0229355 0.0175103 0.0129151 0.00911547 0.00603152 0.00358677 0.00179274 0.000706916 0.000216747 5.35491e-05 1.11599e-05 2.0164e-06 3.16286e-07 4.17395e-08 4.20803e-09 2.32239e-10 0 
0 0.000452284 0.00282814 0.00748682 0.0140548 0.022254 0.0316861 0.0418299 0.0520914 0.0618713 0.0705971 0.0776565 0.0825486 0.085171 0.0856693 0.0841584 0.0806863 0.0753968 0.0686928 0.061116 0.0531318 0.0451166 0.0373943 0.0302233 0.0237828 0.0181735 0.013424 0.00950027 0.00631963 0.00379612 0.00192733 0.000773698 0.000240694 5.99899e-05 1.25546e-05 2.27182e-06 3.56419e-07 4.70179e-08 4.73762e-09 2.61343e-10 0 
0 0.000458056 0.00285423 0.00754163 0.0141488 0.0223974 0.0318869 0.0420928 0.0524184 0.0622626 0.0710481 0.0781455 0.0830474 0.0856693 0.0861709 0.0846694 0.0812049 0.0759053 0.0691667 0.061542 0.0535075 0.0454419 0.0376702 0.0304525 0.0239696 0.0183231 0.0135423 0.00959316 0.00639286 0.00385301 0.00196684 0.000794854 0.000248803 6.22967e-05 1.30792e-05 2.37239e-06 3.72955e-07 4.92968e-08 4.97765e-09 2.75224e-10 0 
0 0.000442661 0.00277843 0.00737234 0.013851 0.0219384 0.0312426 0.04125 0.0513746 0.0610221 0.0696309 0.0766242 0.0815139 0.0841584 0.0846694 0.083158 0.0796918 0.0744461 0.0678316 0.0603647 0.0524911 0.0445825 0.0369602 0.02988 0.0235194 0.0179781 0.013285 0.00940636 0.00626095 0.00376435 0.00191458 0.000771054 0.000240985 6.03906e-05 1.27122e-05 2.31438e-06 3.65438e-07 4.8542e-08 4.92808e-09 2.74097e-10 0 
0 0.00040859 0.00261042 0.00699979 0.0131989 0.0209351 0.0298354 0.0394087 0.0490941 0.0583154 0.0665349 0.073254 0.0780422 0.0806863 0.0812049 0.0796918 0.076271 0.0711934 0.0648676 0.0577414 0.0502168 0.0426525 0.03536 0.0285845 0.0224957 0.017189 0.0126915 0.00897021 0.00594729 0.00354842 0.00178408 0.000710104 0.000220345 5.51554e-05 1.16507e-05 2.13456e-06 3.39768e-07 4.55498e-08 4.67125e-09 2.62641e-10 0 
0 0.000359983 0.00236504 0.00645484 0.0122485 0.019475 0.027788 0.0367302 0.0457773 0.0543867 0.0620489 0.0683229 0.0728492 0.0753968 0.0759053 0.0744461 0.0711934 0.0664369 0.0605472 0.053908 0.0468869 0.0398245 0.0330142 0.0266847 0.0209944 0.016032 0.0118215 0.00833073 0.00548782 0.00323454 0.0015982 0.000625649 0.000192418 4.81844e-05 1.0253e-05 1.90033e-06 3.06773e-07 4.17751e-08 4.35611e-09 2.49185e-10 0 
0 0.000302087 0.00206121 0.00577494 0.0110679 0.0176643 0.0252506 0.0334112 0.0416681 0.0495247 0.0565107 0.0622233 0.0663523 0.0686928 0.0691667 0.0678316 0.0648676 0.0605472 0.0551936 0.0491476 0.0427484 0.0363098 0.0300997 0.0243264 0.0191337 0.0146014 0.0107496 0.00754695 0.00493063 0.00286348 0.00138826 0.000535398 0.000164059 4.14143e-05 8.95549e-06 1.69452e-06 2.79908e-07 3.90391e-08 4.16933e-09 2.44107e-10 0 
0 0.00024063 0.00172086 0.00500067 0.00973012 0.015618 0.0223856 0.029665 0.0370305 0.0440393 0.0502705 0.0553609 0.0590343 0.061116 0.061542 0.0603647 0.0577414 0.053908 0.0491476 0.0437666 0.0380698 0.0323379 0.0268091 0.0216685 0.0170431 0.0130019 0.00956057 0.00668902 0.00433694 0.00248856 0.00119285 0.000459188 0.000142445 3.68221e-05 8.20435e-06 1.60273e-06 2.73176e-07 3.92341e-08 4.30263e-09 2.57832e-10 0 
0 0.000181115 0.00136799 0.00417321 0.00830652 0.0134493 0.0193537 0.0257026 0.0321265 0.0382395 0.0436747 0.0481147 0.0513171 0.0531318 0.0535075 0.0524911 0.0502168 0.0468869 0.0427484 0.0380698 0.0331176 0.0281365 0.0233336 0.0188693 0.0148524 0.0113408 0.00834501 0.00583828 0.00378329 0.00217599 0.00105573 0.000417411 0.000134581 3.63163e-05 8.43013e-06 1.7068e-06 2.99633e-07 4.40508e-08 4.91719e-09 2.98446e-10 0 
0 0.000128108 0.00102722 0.00333337 0.00686138 0.0112609 0.0163013 0.0217173 0.0271961 0.0324098 0.0370456 0.0408332 0.0435662 0.0451166 0.0454419 0.0445825 0.0426525 0.0398245 0.0363098 0.0323379 0.0281365 0.0239145 0.0198484 0.0160742 0.0126831 0.0097224 0.00719959 0.00509146 0.00336361 0.0020009 0.00102176 0.000430114 0.000147425 4.17983e-05 1.00466e-05 2.07938e-06 3.69529e-07 5.46042e-08 6.09527e-09 3.68619e-10 0 
0 8.46476e-05 0.000721624 0.00252245 0.00544909 0.00913743 0.0133518 0.0178724 0.0224428 0.0267913 0.0306578 0.0338174 0.0360983 0.0373943 0.0376702 0.0369602 0.03536 0.0330142 0.0300997 0.0268091 0.0233336 0.0198484 0.0165018 0.0134075 0.010644 0.0082571 0.00625629 0.00460176 0.00321761 0.00205554 0.00113816 0.000518207 0.000188456 5.51974e-05 1.34065e-05 2.76554e-06 4.86139e-07 7.07804e-08 7.77083e-09 4.61917e-10 0 
0 5.19316e-05 0.000469304 0.00178342 0.00411605 0.00714212 0.0105978 0.0142932 0.0180237 0.0215711 0.0247248 0.0273022 0.0291637 0.0302233 0.0304525 0.02988 0.0285845 0.0266847 0.0243264 0.0216685 0.0188693 0.0160742 0.0134075 0.0109699 0.00885216 0.00714922 0.00589921 0.00493397 0.00391701 0.00271838 0.0015704 0.000735066 0.000271267 7.88402e-05 1.86865e-05 3.74111e-06 6.38325e-07 9.03412e-08 9.65834e-09 5.60155e-10 0 
0 2.94172e-05 0.000279668 0.00115848 0.00290813 0.00531824 0.00809932 0.0110628 0.0140454 0.0168774 0.0193936 0.0214497 0.0229355 0.0237828 0.0239696 0.0235194 0.0224957 0.0209944 0.0191337 0.0170431 0.0148524 0.0126831 0.010644 0.00885216 0.00751653 0.00703294 0.00768922 0.0087381 0.00842799 0.00613726 0.00329851 0.00136019 0.000448659 0.000118877 2.59581e-05 4.87398e-06 7.93946e-07 1.08415e-07 1.12456e-08 6.35161e-10 0 
0 1.53156e-05 0.00015142 0.000679579 0.00187841 0.0037014 0.00588622 0.00822203 0.0105632 0.0127792 0.0147448 0.01635 0.0175103 0.0181735 0.0183231 0.0179781 0.017189 0.016032 0.0146014 0.0130019 0.0113408 0.0097224 0.0082571 0.00714922 0.00703294 0.00944475 0.0156525 0.0228581 0.0244334 0.0180291 0.00911694 0.00324469 0.000874885 0.000191663 3.55913e-05 5.94421e-06 9.03911e-07 1.18491e-07 1.19336e-08 6.57793e-10 0 
0 7.30558e-06 7.40767e-05 0.000354988 0.00108093 0.00233976 0.00397666 0.00577681 0.00758522 0.00929038 0.0107979 0.0120269 0.0129151 0.013424 0.0135423 0.013285 0.0126915 0.0118215 0.0107496 0.00956057 0.00834501 0.00719959 0.00625629 0.00589921 0.00768922 0.0156525 0.0329872 0.0546661 0.0624322 0.0429646 0.0212463 0.00714269 0.00169529 0.00030951 4.72021e-05 6.67353e-06 9.21153e-07 1.15355e-07 1.13211e-08 6.12084e-10 0 
0 3.18753e-06 3.26794e-05 0.00016389 0.000542272 0.00129779 0.00240982 0.00372646 0.00508802 0.00637934 0.00751916 0.00844614 0.00911547 0.00950027 0.00959316 0.00940636 0.00897021 0.00833073 0.00754695 0.00668902 0.00583828 0.00509146 0.00460176 0.00493397 0.0087381 0.0228581 0.0546661 0.0843518 0.088293 0.0734221 0.0350832 0.0115192 0.0026 0.000427014 5.57971e-05 6.66987e-06 8.23488e-07 9.83963e-08 9.46957e-09 5.05818e-10 0 
0 1.27179e-06 1.30153e-05 6.68776e-05 0.000234754 0.000613678 0.00125496 0.00210957 0.0030632 0.00400283 0.00484497 0.00553331 0.00603152 0.00631963 0.00639286 0.00626095 0.00594729 0.00548782 0.00493063 0.00433694 0.00378329 0.00336361 0.00321761 0.00391701 0.00842799 0.0244334 0.0624322 0.088293 0.0913064 0.0809344 0.0399329 0.0127009 0.00281865 0.000441639 5.27667e-05 5.59442e-06 6.29737e-07 7.25618e-08 6.91648e-09 3.68249e-10 0 
0 4.64334e-07 4.69454e-06 2.42625e-05 8.79889e-05 0.000244742 0.00054384 0.000997876 0.00156558 0.00217321 0.00274702 0.00323047 0.00358677 0.00379612 0.00385301 0.00376435 0.00354842 0.00323454 0.00286348 0.00248856 0.00217599 0.0020009 0.00205554 0.00271838 0.00613726 0.0180291 0.0429646 0.0734221 0.0809344 0.0593915 0.0286218 0.00940646 0.00208168 0.000321363 3.69692e-05 3.71263e-06 4.0129e-07 4.57944e-08 4.38446e-09 2.34996e-10 0 
0 1.55296e-07 1.53938e-06 7.89113e-06 2.89079e-05 8.31004e-05 0.000195109 0.000383852 0.000647924 0.000961307 0.00128298 0.00157112 0.00179274 0.00192733 0.00196684 0.00191458 0.00178408 0.0015982 0.00138826 0.00119285 0.00105573 0.00102176 0.00113816 0.0015704 0.00329851 0.00911694 0.0212463 0.0350832 0.0399329 0.0286218 0.014136 0.00466001 0.00103802 0.000160931 1.85516e-05 1.88982e-06 2.10098e-07 2.46238e-08 2.4061e-09 1.31119e-10 0 
0 4.76166e-08 4.60427e-07 2.31911e-06 8.44588e-06 2.45101e-05 5.90832e-05 0.000121139 0.000215133 0.000336616 0.000471812 0.000601558 0.000706916 0.000773698 0.000794854 0.000771054 0.000710104 0.000625649 0.000535398 0.000459188 0.000417411 0.000430114 0.000518207 0.000735066 0.00136019 0.00324469 0.00714269 0.0115192 0.0127009 0.00940646 0.00466001 0.00154964 0.000350505 5.54974e-05 6.6895e-06 7.44037e-07 9.10136e-08 1.1312e-08 1.14367e-09 6.3929e-11 0 
0 1.33832e-08 1.25849e-07 6.19295e-07 2.21999e-06 6.40397e-06 1.55184e-05 3.2341e-05 5.89082e-05 9.50409e-05 0.000137487 0.000180361 0.000216747 0.000240694 0.000248803 0.000240985 0.000220345 0.000192418 0.000164059 0.000142445 0.000134581 0.000147425 0.000188456 0.000271267 0.000448659 0.000874885 0.00169529 0.0026 0.00281865 0.00208168 0.00103802 0.000350505 8.12784e-05 1.35154e-05 1.81107e-06 2.37483e-07 3.34067e-08 4.47296e-09 4.71911e-10 2.72475e-11 0 
0 3.44114e-09 3.14197e-08 1.50593e-07 5.28416e-07 1.50178e-06 3.61202e-06 7.52789e-06 1.38046e-05 2.25345e-05 3.30692e-05 4.40123e-05 5.35491e-05 5.99899e-05 6.22967e-05 6.03906e-05 5.51554e-05 4.81844e-05 4.14143e-05 3.68221e-05 3.63163e-05 4.17983e-05 5.51974e-05 7.88402e-05 0.000118877 0.000191663 0.00030951 0.000427014 0.000441639 0.000321363 0.000160931 5.54974e-05 1.35154e-05 2.49875e-06 4.03974e-07 6.56436e-08 1.0643e-08 1.53288e-09 1.69382e-10 1.01523e-11 0 
0 8.05265e-10 7.13587e-09 3.32682e-08 1.13958e-07 3.17627e-07 7.53116e-07 1.55562e-06 2.84134e-06 4.63871e-06 6.82774e-06 9.12842e-06 1.11599e-05 1.25546e-05 1.30792e-05 1.27122e-05 1.16507e-05 1.0253e-05 8.95549e-06 8.20435e-06 8.43013e-06 1.00466e-05 1.34065e-05 1.86865e-05 2.59581e-05 3.55913e-05 4.72021e-05 5.57971e-05 5.27667e-05 3.69692e-05 1.85516e-05 6.6895e-06 1.81107e-06 4.03974e-07 8.30035e-08 1.64021e-08 2.97207e-09 4.56277e-10 5.28622e-11 3.29972e-12 0 
0 1.69667e-10 1.45962e-09 6.61807e-09 2.21092e-08 6.03138e-08 1.40529e-07 2.86419e-07 5.18239e-07 8.41067e-07 1.23417e-06 1.64849e-06 2.0164e-06 2.27182e-06 2.37239e-06 2.31438e-06 2.13456e-06 1.90033e-06 1.69452e-06 1.60273e-06 1.7068e-06 2.07938e-06 2.76554e-06 3.74111e-06 4.87398e-06 5.94421e-06 6.67353e-06 6.66987e-06 5.59442e-06 3.71263e-06 1.88982e-06 7.44037e-07 2.37483e-07 6.56436e-08 1.64021e-08 3.68991e-09 7.23123e-10 1.17415e-10 1.42635e-11 9.28909e-13 0 
0 3.15099e-11 2.63379e-10 1.16205e-09 3.78652e-09 1.01048e-08 2.31077e-08 4.63834e-08 8.2932e-08 1.33417e-07 1.94604e-07 2.58992e-07 3.16286e-07 3.56419e-07 3.72955e-07 3.65438e-07 3.39768e-07 3.06773e-07 2.79908e-07 2.73176e-07 2.99633e-07 3.69529e-07 4.86139e-07 6.38325e-07 7.93946e-07 9.03911e-07 9.21153e-07 8.23488e-07 6.29737e-07 4.0129e-07 2.10098e-07 9.10136e-08 3.34067e-08 1.0643e-08 2.97207e-09 7.23123e-10 1.5044e-10 2.57176e-11 3.27396e-12 2.22586e-13 0 
0 4.93737e-12 4.0144e-11 1.72531e-10 5.48753e-10 1.43306e-09 3.21609e-09 6.35434e-09 1.12168e-08 1.78666e-08 2.58717e-08 3.42663e-08 4.17395e-08 4.70179e-08 4.92968e-08 4.8542e-08 4.55498e-08 4.17751e-08 3.90391e-08 3.92341e-08 4.40508e-08 5.46042e-08 7.07804e-08 9.03412e-08 1.08415e-07 1.18491e-07 1.15355e-07 9.83963e-08 7.25618e-08 4.57944e-08 2.46238e-08 1.1312e-08 4.47296e-09 1.53288e-09 4.56277e-10 1.17415e-10 2.57176e-11 4.61462e-12 6.14871e-13 4.3624e-14 0 
0 5.88764e-13 4.6628e-12 1.95462e-11 6.07504e-11 1.55382e-10 3.42397e-10 6.66043e-10 1.16066e-09 1.82997e-09 2.62964e-09 3.46466e-09 4.20803e-09 4.73762e-09 4.97765e-09 4.92808e-09 4.67125e-09 4.35611e-09 4.16933e-09 4.30263e-09 4.91719e-09 6.09527e-09 7.77083e-09 9.65834e-09 1.12456e-08 1.19336e-08 1.13211e-08 9.46957e-09 6.91648e-09 4.38446e-09 2.4061e-09 1.14367e-09 4.71911e-10 1.69382e-10 5.28622e-11 1.42635e-11 3.27396e-12 6.14871e-13 8.55946e-14 6.33046e-15 0 
0 3.81498e-14 2.94724e-13 1.20675e-12 3.66987e-12 9.20338e-12 1.99306e-11 3.81936e-11 6.57313e-11 1.02602e-10 1.4632e-10 1.91772e-10 2.32239e-10 2.61343e-10 2.75224e-10 2.74097e-10 2.62641e-10 2.49185e-10 2.44107e-10 2.57832e-10 2.98446e-10 3.68619e-10 4.61917e-10 5.60155e-10 6.35161e-10 6.57793e-10 6.12084e-10 5.05818e-10 3.68249e-10 2.34996e-10 1.31119e-10 6.3929e-11 2.72475e-11 1.01523e-11 3.29972e-12 9.28909e-13 2.22586e-13 4.3624e-14 6.33046e-15 4.87294e-16 0 
0 0 0 0 0 0 0 0 0 0 0 0 0 0 0 0 0 0 0 0 0 0 0 0 0 0 0 0 0 0 0 0 0 0 0 0 0 0 0 0 0 
