0 0 0 0 0 0 0 0 0 0 0 0 0 0 0 0 0 0 0 0 0 0 0 0 0 0 0 0 0 0 0 0 0 0 0 0 0 0 0 0 0 
0 5.20891e-07 4.60448e-06 1.99887e-05 5.9193e-05 0.000133766 0.000246472 0.000389083 0.000546622 0.000702925 0.000844063 0.000959541 0.00104234 0.0010886 0.00109726 0.00106967 0.00100931 0.000921374 0.000812422 0.000690004 0.000562229 0.000437226 0.000322453 0.000223867 0.00014513 8.71234e-05 4.80468e-05 2.41758e-05 1.10432e-05 4.56572e-06 1.70663e-06 5.76754e-07 1.7624e-07 4.8642e-08 1.20782e-08 2.67308e-09 5.16918e-10 8.37202e-11 1.0256e-11 6.79302e-13 0 
0 4.60448e-06 4.13964e-05 0.000175357 0.000483596 0.000985299 0.00162299 0.00231515 0.00299756 0.00362683 0.0041717 0.00460778 0.00491689 0.00508809 0.00511858 0.00501373 0.00478614 0.00445399 0.0040389 0.00356389 0.00305172 0.00252424 0.0020029 0.00150975 0.00106775 0.000698357 0.000416167 0.000223007 0.000106466 4.50969e-05 1.69593e-05 5.68291e-06 1.70404e-06 4.58443e-07 1.10546e-07 2.37185e-08 4.44547e-09 6.98287e-10 8.30671e-11 5.35111e-12 0 
0 1.99887e-05 0.000175357 0.000680176 0.00163919 0.00291703 0.00433554 0.00579327 0.00722503 0.00856495 0.00974404 0.0106993 0.0113816 0.0117608 0.0118279 0.0115941 0.011089 0.010356 0.00944791 0.00842097 0.0073299 0.00622278 0.00513754 0.00410123 0.00313368 0.00225566 0.00149669 0.000892783 0.000467879 0.000212301 8.31535e-05 2.8295e-05 8.45276e-06 2.23742e-06 5.26979e-07 1.10039e-07 2.00453e-08 3.06063e-09 3.54244e-10 2.22349e-11 0 
0 5.9193e-05 0.000483596 0.00163919 0.00344066 0.00559496 0.00796247 0.010454 0.0129496 0.015309 0.0173947 0.0190878 0.0202982 0.0209713 0.0210901 0.020675 0.0197784 0.0184781 0.0168688 0.0150528 0.0131313 0.0111966 0.00932547 0.00757429 0.00597526 0.00453837 0.00326322 0.00216149 0.00127269 0.000643305 0.000273368 9.76146e-05 2.97144e-05 7.84965e-06 1.8221e-06 3.72477e-07 6.62279e-08 9.86176e-09 1.11363e-09 6.82728e-11 0 
0 0.000133766 0.000985299 0.00291703 0.00559496 0.00877615 0.0123571 0.016174 0.0200128 0.0236464 0.0268598 0.0294688 0.031334 0.0323712 0.0325543 0.0319144 0.0305325 0.0285287 0.026049 0.0232513 0.0202923 0.0173155 0.0144431 0.0117694 0.00935718 0.00723459 0.00539511 0.00381074 0.0024665 0.00139657 0.000661128 0.00025574 8.14112e-05 2.1844e-05 5.05338e-06 1.01874e-06 1.77716e-07 2.59114e-08 2.86422e-09 1.71997e-10 0 
0 0.000246472 0.00162299 0.00433554 0.00796247 0.0123571 0.0173578 0.0227013 0.0280782 0.0331685 0.0376706 0.0413266 0.0439453 0.0454106 0.0456712 0.0447637 0.0428187 0.0400089 0.0365344 0.032615 0.02847 0.0243007 0.0202788 0.0165384 0.0131723 0.0102313 0.00772323 0.00561355 0.00384241 0.00237473 0.00125035 0.000533317 0.00018157 5.03748e-05 1.17543e-05 2.35539e-06 4.05396e-07 5.81253e-08 6.31178e-09 3.72401e-10 0 
0 0.000389083 0.00231515 0.00579327 0.010454 0.016174 0.0227013 0.0296791 0.0367011 0.0433497 0.0492496 0.0543033 0.0588122 0.0619316 0.0625533 0.0605495 0.0567359 0.0523996 0.047754 0.042627 0.0372133 0.0317687 0.026517 0.0216338 0.0172416 0.0134104 0.010161 0.00746563 0.00525104 0.00342775 0.00196331 0.000921697 0.000339713 9.88606e-05 2.35235e-05 4.7211e-06 8.06075e-07 1.14139e-07 1.22191e-08 7.10534e-10 0 
0 0.000546622 0.00299756 0.00722503 0.0129496 0.0200128 0.0280782 0.0367011 0.0453798 0.0536512 0.0621942 0.0720044 0.0787553 0.08174 0.0822672 0.0806447 0.0761936 0.0682325 0.0596175 0.0527328 0.0460137 0.0392845 0.032795 0.0267612 0.0213349 0.0166039 0.0125977 0.00929313 0.00661604 0.00445146 0.00270091 0.00137385 0.000548092 0.000168605 4.12451e-05 8.34289e-06 1.41986e-06 1.99326e-07 2.11079e-08 1.21331e-09 0 
0 0.000702925 0.00362683 0.00856495 0.015309 0.0236464 0.0331685 0.0433497 0.0536512 0.0652201 0.0788826 0.0859641 0.0893518 0.0909532 0.0912779 0.0904271 0.0882126 0.0839441 0.0752096 0.0631634 0.0543812 0.0464015 0.038739 0.0316157 0.02521 0.0196261 0.0149 0.0110097 0.00788028 0.00538695 0.0033892 0.00183069 0.000782979 0.000254695 6.43138e-05 1.31673e-05 2.24202e-06 3.1308e-07 3.28934e-08 1.87416e-09 0 
0 0.000844063 0.0041717 0.00974404 0.0173947 0.0268598 0.0376706 0.0492496 0.0621942 0.0788826 0.0877465 0.0920845 0.0945016 0.0957188 0.0959859 0.0953609 0.0937584 0.0908819 0.0858982 0.0759441 0.0624004 0.0527166 0.0439971 0.0359097 0.0286376 0.0222989 0.0169351 0.0125234 0.00898623 0.00619398 0.00398295 0.00224318 0.00101407 0.000346787 9.03692e-05 1.87613e-05 3.20384e-06 4.46162e-07 4.66254e-08 2.63968e-09 0 
0 0.000959541 0.00460778 0.0106993 0.0190878 0.0294688 0.0413266 0.0543033 0.0720044 0.0859641 0.0920845 0.0955332 0.0975721 0.0986292 0.0988726 0.0983456 0.0969943 0.0946347 0.0908096 0.0842029 0.0710682 0.0580259 0.0482705 0.0393967 0.031421 0.0244692 0.0185873 0.0137512 0.00987961 0.00683946 0.00445465 0.00257852 0.00121385 0.000432162 0.000115758 2.43566e-05 4.17609e-06 5.81002e-07 6.05173e-08 3.41159e-09 0 
0 0.00104234 0.00491689 0.0113816 0.0202982 0.031334 0.0439453 0.0588122 0.0787553 0.0893518 0.0945016 0.0975721 0.0994342 0.100414 0.100646 0.100168 0.0989382 0.0968163 0.0934701 0.0880388 0.0776112 0.0623973 0.051341 0.0418908 0.0334118 0.0260216 0.0197691 0.014629 0.0105171 0.00729742 0.00478719 0.00281763 0.00136233 0.000499105 0.000136509 2.90385e-05 4.99854e-06 6.95539e-07 7.23279e-08 4.06746e-09 0 
0 0.0010886 0.00508809 0.0117608 0.0209713 0.0323712 0.0454106 0.0619316 0.08174 0.0909532 0.0957188 0.0986292 0.100414 0.101359 0.101586 0.10113 0.0999551 0.0979371 0.0947908 0.0898096 0.0807179 0.0652566 0.0530698 0.0432792 0.03452 0.0268858 0.0204271 0.0151179 0.010872 0.00755177 0.0049715 0.00295138 0.0014479 0.000539261 0.000149374 3.20025e-05 5.52549e-06 7.69447e-07 7.99853e-08 4.49427e-09 0 
0 0.00109726 0.00511858 0.0118279 0.0210901 0.0325543 0.0456712 0.0625533 0.0822672 0.0912779 0.0959859 0.0988726 0.100646 0.101586 0.101813 0.101361 0.100194 0.0981912 0.0950749 0.0901611 0.0812711 0.0658165 0.0533813 0.0435269 0.0347179 0.0270405 0.0205451 0.0152059 0.0109363 0.0075984 0.00500632 0.0029782 0.00146648 0.000548674 0.000152583 3.27781e-05 5.66888e-06 7.90257e-07 8.22108e-08 4.62216e-09 0 
0 0.00106967 0.00501373 0.0115941 0.020675 0.0319144 0.0447637 0.0605495 0.0806447 0.0904271 0.0953609 0.0983456 0.100168 0.10113 0.101361 0.100895 0.0996936 0.0976271 0.0943903 0.0892141 0.0795501 0.0639978 0.0523137 0.0426752 0.0340388 0.0265115 0.020143 0.0149078 0.0107208 0.00744545 0.00489801 0.00290269 0.00142036 0.000527878 0.000146146 3.1344e-05 5.42257e-06 7.56952e-07 7.88928e-08 4.44489e-09 0 
0 0.00100931 0.00478614 0.011089 0.0197784 0.0305325 0.0428187 0.0567359 0.0761936 0.0882126 0.0937584 0.0969943 0.0989382 0.0999551 0.100194 0.0996936 0.0984084 0.0961803 0.0926294 0.0867297 0.0750344 0.0604426 0.050033 0.0408327 0.032569 0.0253662 0.019272 0.0142618 0.0102531 0.00711214 0.00465987 0.00273492 0.00131734 0.000481431 0.000131737 2.81084e-05 4.86018e-06 6.79785e-07 7.10772e-08 4.01968e-09 0 
0 0.000921374 0.00445399 0.010356 0.0184781 0.0285287 0.0400089 0.0523996 0.0682325 0.0839441 0.0908819 0.0946347 0.0968163 0.0979371 0.0981912 0.0976271 0.0961803 0.0936317 0.0894149 0.0817722 0.0676832 0.0560819 0.0467502 0.03816 0.0304368 0.0237048 0.0180085 0.0133246 0.00957398 0.00662643 0.00431118 0.00249022 0.00117031 0.000417106 0.000112234 2.37793e-05 4.1102e-06 5.76774e-07 6.06124e-08 3.44808e-09 0 
0 0.000812422 0.0040389 0.00944791 0.0168688 0.026049 0.0365344 0.047754 0.0596175 0.0752096 0.0858982 0.0908096 0.0934701 0.0947908 0.0950749 0.0943903 0.0926294 0.0894149 0.0836567 0.0721598 0.060179 0.0511435 0.042697 0.0348525 0.0277983 0.0216492 0.0164455 0.0121652 0.00873278 0.00602243 0.00387658 0.00218984 0.000996984 0.000344843 9.10946e-05 1.91772e-05 3.31972e-06 4.68509e-07 4.96159e-08 2.84682e-09 0 
0 0.000690004 0.00356389 0.00842097 0.0150528 0.0232513 0.032615 0.042627 0.0527328 0.0631634 0.0759441 0.0842029 0.0880388 0.0898096 0.0901611 0.0892141 0.0867297 0.0817722 0.0721598 0.0616526 0.0534899 0.0456599 0.038126 0.0311216 0.0248226 0.0193314 0.0146838 0.0108585 0.0077834 0.00533885 0.00338764 0.00186304 0.000819628 0.000275447 7.16825e-05 1.50552e-05 2.6203e-06 3.73246e-07 3.99614e-08 2.31913e-09 0 
0 0.000562229 0.00305172 0.0073299 0.0131313 0.0202923 0.02847 0.0372133 0.0460137 0.0543812 0.0624004 0.0710682 0.0776112 0.0807179 0.0812711 0.0795501 0.0750344 0.0676832 0.060179 0.0534899 0.0466902 0.03987 0.0332924 0.0271768 0.0216772 0.0168827 0.012824 0.00948002 0.0067822 0.0046219 0.00288895 0.00155053 0.000664123 0.000219145 5.67318e-05 1.19727e-05 2.10521e-06 3.03613e-07 3.29243e-08 1.93432e-09 0 
0 0.000437226 0.00252424 0.00622278 0.0111966 0.0173155 0.0243007 0.0317687 0.0392845 0.0464015 0.0527166 0.0580259 0.0623973 0.0652566 0.0658165 0.0639978 0.0604426 0.0560819 0.0511435 0.0456599 0.03987 0.0340473 0.0284317 0.023211 0.0185169 0.0144263 0.0109649 0.00811103 0.00580069 0.0039419 0.00244998 0.00130591 0.00055697 0.000184101 4.80109e-05 1.02372e-05 1.81982e-06 2.65162e-07 2.90153e-08 1.71764e-09 0 
0 0.000322453 0.0020029 0.00513754 0.00932547 0.0144431 0.0202788 0.026517 0.032795 0.038739 0.0439971 0.0482705 0.051341 0.0530698 0.0533813 0.0523137 0.050033 0.0467502 0.042697 0.038126 0.0332924 0.0284317 0.0237447 0.0193895 0.0154805 0.0120927 0.00925561 0.00693303 0.00503102 0.00346159 0.0021812 0.00118703 0.000518757 0.000174889 4.61444e-05 9.88966e-06 1.75993e-06 2.56117e-07 2.79524e-08 1.64888e-09 0 
0 0.000223867 0.00150975 0.00410123 0.00757429 0.0117694 0.0165384 0.0216338 0.0267612 0.0316157 0.0359097 0.0393967 0.0418908 0.0432792 0.0435269 0.0426752 0.0408327 0.03816 0.0348525 0.0311216 0.0271768 0.023211 0.0193895 0.01585 0.0127236 0.0101614 0.0082561 0.0068197 0.00541016 0.00383685 0.00236815 0.00126853 0.000560838 0.000191588 5.04825e-05 1.0688e-05 1.87087e-06 2.67612e-07 2.87266e-08 1.66844e-09 0 
0 0.00014513 0.00106775 0.00313368 0.00597526 0.00935718 0.0131723 0.0172416 0.0213349 0.02521 0.0286376 0.031421 0.0334118 0.03452 0.0347179 0.0340388 0.032569 0.0304368 0.0277983 0.0248226 0.0216772 0.0185169 0.0154805 0.0127236 0.0105512 0.00956133 0.0101913 0.011445 0.0110017 0.00802809 0.00437236 0.00190619 0.00072806 0.000233958 5.92918e-05 1.20998e-05 2.04916e-06 2.84773e-07 2.98034e-08 1.69269e-09 0 
0 8.71234e-05 0.000698357 0.00225566 0.00453837 0.00723459 0.0102313 0.0134104 0.0166039 0.0196261 0.0222989 0.0244692 0.0260216 0.0268858 0.0270405 0.0265115 0.0253662 0.0237048 0.0216492 0.0193314 0.0168827 0.0144263 0.0120927 0.0101614 0.00956133 0.0124154 0.0203361 0.0369375 0.0446595 0.0243054 0.011825 0.00424686 0.00121427 0.000314473 7.0775e-05 1.3404e-05 2.16177e-06 2.90266e-07 2.9562e-08 1.64079e-09 0 
0 4.80468e-05 0.000416167 0.00149669 0.00326322 0.00539511 0.00772323 0.010161 0.0125977 0.0149 0.0169351 0.0185873 0.0197691 0.0204271 0.0205451 0.020143 0.019272 0.0180085 0.0164455 0.0146838 0.012824 0.0109649 0.00925561 0.0082561 0.0101913 0.0203361 0.0526557 0.0768362 0.0786669 0.0710208 0.0284099 0.00925822 0.00223179 0.000448986 8.29628e-05 1.38868e-05 2.09351e-06 2.71041e-07 2.69454e-08 1.46726e-09 0 
0 2.41758e-05 0.000223007 0.000892783 0.00216149 0.00381074 0.00561355 0.00746563 0.00929313 0.0110097 0.0125234 0.0137512 0.014629 0.0151179 0.0152059 0.0149078 0.0142618 0.0133246 0.0121652 0.0108585 0.00948002 0.00811103 0.00693303 0.0068197 0.011445 0.0369375 0.0768362 0.083943 0.0847759 0.0811716 0.0626534 0.0149715 0.00338327 0.000585576 8.9653e-05 1.29504e-05 1.8012e-06 2.25183e-07 2.1995e-08 1.18307e-09 0 
0 1.10432e-05 0.000106466 0.000467879 0.00127269 0.0024665 0.00384241 0.00525104 0.00661604 0.00788028 0.00898623 0.00987961 0.0105171 0.010872 0.0109363 0.0107208 0.0102531 0.00957398 0.00873278 0.0077834 0.0067822 0.00580069 0.00503102 0.00541016 0.0110017 0.0446595 0.0786669 0.0847759 0.0856292 0.0827037 0.0708287 0.0175159 0.00365946 0.000594696 8.08784e-05 1.0349e-05 1.34016e-06 1.63281e-07 1.58212e-08 8.47917e-10 0 
0 4.56572e-06 4.50969e-05 0.000212301 0.000643305 0.00139657 0.00237473 0.00342775 0.00445146 0.00538695 0.00619398 0.00683946 0.00729742 0.00755177 0.0075984 0.00744545 0.00711214 0.00662643 0.00602243 0.00533885 0.0046219 0.0039419 0.00346159 0.00383685 0.00802809 0.0243054 0.0710208 0.0811716 0.0827037 0.0775952 0.0465101 0.0121732 0.00270472 0.000433064 5.60066e-05 6.73455e-06 8.42586e-07 1.02062e-07 9.93367e-09 5.35591e-10 0 
0 1.70663e-06 1.69593e-05 8.31535e-05 0.000273368 0.000661128 0.00125035 0.00196331 0.00270091 0.0033892 0.00398295 0.00445465 0.00478719 0.0049715 0.00500632 0.00489801 0.00465987 0.00431118 0.00387658 0.00338764 0.00288895 0.00244998 0.0021812 0.00236815 0.00437236 0.011825 0.0284099 0.0626534 0.0708287 0.0465101 0.0182896 0.00603457 0.00135572 0.000220416 2.85926e-05 3.46444e-06 4.42021e-07 5.46795e-08 5.41961e-09 2.96821e-10 0 
0 5.76754e-07 5.68291e-06 2.8295e-05 9.76146e-05 0.00025574 0.000533317 0.000921697 0.00137385 0.00183069 0.00224318 0.00257852 0.00281763 0.00295138 0.0029782 0.00290269 0.00273492 0.00249022 0.00218984 0.00186304 0.00155053 0.00130591 0.00118703 0.00126853 0.00190619 0.00424686 0.00925822 0.0149715 0.0175159 0.0121732 0.00603457 0.00201505 0.000466001 7.88383e-05 1.07935e-05 1.41585e-06 1.94151e-07 2.51273e-08 2.56714e-09 1.44065e-10 0 
0 1.7624e-07 1.70404e-06 8.45276e-06 2.97144e-05 8.14112e-05 0.00018157 0.000339713 0.000548092 0.000782979 0.00101407 0.00121385 0.00136233 0.0014479 0.00146648 0.00142036 0.00131734 0.00117031 0.000996984 0.000819628 0.000664123 0.00055697 0.000518757 0.000560838 0.00072806 0.00121427 0.00223179 0.00338327 0.00365946 0.00270472 0.00135572 0.000466001 0.000113024 2.05161e-05 3.15389e-06 4.76823e-07 7.25409e-08 9.9537e-09 1.05708e-09 6.12152e-11 0 
0 4.8642e-08 4.58443e-07 2.23742e-06 7.84965e-06 2.1844e-05 5.03748e-05 9.88606e-05 0.000168605 0.000254695 0.000346787 0.000432162 0.000499105 0.000539261 0.000548674 0.000527878 0.000481431 0.000417106 0.000344843 0.000275447 0.000219145 0.000184101 0.000174889 0.000191588 0.000233958 0.000314473 0.000448986 0.000585576 0.000594696 0.000433064 0.000220416 7.88383e-05 2.05161e-05 4.21459e-06 7.74911e-07 1.38708e-07 2.34381e-08 3.41631e-09 3.78926e-10 2.27616e-11 0 
0 1.20782e-08 1.10546e-07 5.26979e-07 1.8221e-06 5.05338e-06 1.17543e-05 2.35235e-05 4.12451e-05 6.43138e-05 9.03692e-05 0.000115758 0.000136509 0.000149374 0.000152583 0.000146146 0.000131737 0.000112234 9.10946e-05 7.16825e-05 5.67318e-05 4.80109e-05 4.61444e-05 5.04825e-05 5.92918e-05 7.0775e-05 8.29628e-05 8.9653e-05 8.08784e-05 5.60066e-05 2.85926e-05 1.07935e-05 3.15389e-06 7.74911e-07 1.73159e-07 3.58133e-08 6.59618e-09 1.01771e-09 1.18164e-10 7.38804e-12 0 
0 2.67308e-09 2.37185e-08 1.10039e-07 3.72477e-07 1.01874e-06 2.35539e-06 4.7211e-06 8.34289e-06 1.31673e-05 1.87613e-05 2.43566e-05 2.90385e-05 3.20025e-05 3.27781e-05 3.1344e-05 2.81084e-05 2.37793e-05 1.91772e-05 1.50552e-05 1.19727e-05 1.02372e-05 9.88966e-06 1.0688e-05 1.20998e-05 1.3404e-05 1.38868e-05 1.29504e-05 1.0349e-05 6.73455e-06 3.46444e-06 1.41585e-06 4.76823e-07 1.38708e-07 3.58133e-08 8.1748e-09 1.61024e-09 2.6199e-10 3.18692e-11 2.07806e-12 0 
0 5.16918e-10 4.44547e-09 2.00453e-08 6.62279e-08 1.77716e-07 4.05396e-07 8.06075e-07 1.41986e-06 2.24202e-06 3.20384e-06 4.17609e-06 4.99854e-06 5.52549e-06 5.66888e-06 5.42257e-06 4.86018e-06 4.1102e-06 3.31972e-06 2.6203e-06 2.10521e-06 1.81982e-06 1.75993e-06 1.87087e-06 2.04916e-06 2.16177e-06 2.09351e-06 1.8012e-06 1.34016e-06 8.42586e-07 4.42021e-07 1.94151e-07 7.25409e-08 2.34381e-08 6.59618e-09 1.61024e-09 3.35477e-10 5.74028e-11 7.314e-12 4.97712e-13 0 
0 8.37202e-11 6.98287e-10 3.06063e-09 9.86176e-09 2.59114e-08 5.81253e-08 1.14139e-07 1.99326e-07 3.1308e-07 4.46162e-07 5.81002e-07 6.95539e-07 7.69447e-07 7.90257e-07 7.56952e-07 6.79785e-07 5.76774e-07 4.68509e-07 3.73246e-07 3.03613e-07 2.65162e-07 2.56117e-07 2.67612e-07 2.84773e-07 2.90266e-07 2.71041e-07 2.25183e-07 1.63281e-07 1.02062e-07 5.46795e-08 2.51273e-08 9.9537e-09 3.41631e-09 1.01771e-09 2.6199e-10 5.74028e-11 1.03043e-11 1.37373e-12 9.7527e-14 0 
0 1.0256e-11 8.30671e-11 3.54244e-10 1.11363e-09 2.86422e-09 6.31178e-09 1.22191e-08 2.11079e-08 3.28934e-08 4.66254e-08 6.05173e-08 7.23279e-08 7.99853e-08 8.22108e-08 7.88928e-08 7.10772e-08 6.06124e-08 4.96159e-08 3.99614e-08 3.29243e-08 2.90153e-08 2.79524e-08 2.87266e-08 2.98034e-08 2.9562e-08 2.69454e-08 2.1995e-08 1.58212e-08 9.93367e-09 5.41961e-09 2.56714e-09 1.05708e-09 3.78926e-10 1.18164e-10 3.18692e-11 7.314e-12 1.37373e-12 1.91285e-13 1.4153e-14 0 
0 6.79302e-13 5.35111e-12 2.22349e-11 6.82728e-11 1.71997e-10 3.72401e-10 7.10534e-10 1.21331e-09 1.87416e-09 2.63968e-09 3.41159e-09 4.06746e-09 4.49427e-09 4.62216e-09 4.44489e-09 4.01968e-09 3.44808e-09 2.84682e-09 2.31913e-09 1.93432e-09 1.71764e-09 1.64888e-09 1.66844e-09 1.69269e-09 1.64079e-09 1.46726e-09 1.18307e-09 8.47917e-10 5.35591e-10 2.96821e-10 1.44065e-10 6.12152e-11 2.27616e-11 7.38804e-12 2.07806e-12 4.97712e-13 9.7527e-14 1.4153e-14 1.08966e-15 0 
0 0 0 0 0 0 0 0 0 0 0 0 0 0 0 0 0 0 0 0 0 0 0 0 0 0 0 0 0 0 0 0 0 0 0 0 0 0 0 0 0 
