0 0 0 0 0 0 0 0 0 0 0 0 0 0 0 0 0 0 0 0 0 0 0 0 0 0 0 0 0 0 0 0 0 0 0 0 0 0 0 0 0 
0 3.24467e-07 2.90456e-06 1.29196e-05 3.96269e-05 9.33359e-05 0.000179332 0.00029401 0.000426293 0.00056197 0.000687495 0.000791974 0.000867792 0.00091056 0.000918826 0.000893725 0.000838612 0.000758668 0.000660488 0.000551623 0.000440033 0.000333405 0.000238357 0.000159598 9.93109e-05 5.69981e-05 2.99743e-05 1.43707e-05 6.2617e-06 2.47655e-06 8.89179e-07 2.90005e-07 8.59418e-08 2.31115e-08 5.61563e-09 1.22077e-09 2.32643e-10 3.72344e-11 4.51784e-12 2.96933e-13 0 
0 2.90456e-06 2.66497e-05 0.000117545 0.000343121 0.00074338 0.00129282 0.00192275 0.00256381 0.00316392 0.00368652 0.00410546 0.0044026 0.00456748 0.00459754 0.00449791 0.00428044 0.00396229 0.00356409 0.00310832 0.0026182 0.00211743 0.00163046 0.00118244 0.000797273 0.000492971 0.000275998 0.000138575 6.20799e-05 2.4803e-05 8.86406e-06 2.84603e-06 8.24135e-07 2.15591e-07 5.08398e-08 1.07176e-08 1.98112e-09 3.07833e-10 3.63096e-11 2.3235e-12 0 
0 1.29196e-05 0.000117545 0.000486932 0.00126934 0.00241433 0.00375157 0.00514593 0.00651381 0.00778855 0.00890674 0.00981105 0.0104566 0.0108158 0.0108803 0.0106606 0.0101843 0.00949196 0.00863239 0.00765765 0.00661793 0.00555743 0.00451237 0.00351238 0.00258604 0.0017676 0.00109674 0.000604312 0.000291049 0.000121811 4.44729e-05 1.42979e-05 4.0886e-06 1.04724e-06 2.40685e-07 4.93484e-08 8.86801e-09 1.3403e-09 1.53948e-10 9.60706e-12 0 
0 3.96269e-05 0.000343121 0.00126934 0.00288319 0.00492043 0.00717484 0.0095346 0.0118889 0.0141112 0.0160749 0.017669 0.0188092 0.0194439 0.0195573 0.0191681 0.0183254 0.0171024 0.0155877 0.0138771 0.0120649 0.0102364 0.00846131 0.00678956 0.00525026 0.00385918 0.00263616 0.00162235 0.000870291 0.000397358 0.000153486 5.06689e-05 1.4543e-05 3.68461e-06 8.3075e-07 1.66418e-07 2.91726e-08 4.30066e-09 4.82187e-10 2.9408e-11 0 
0 9.33359e-05 0.00074338 0.00241433 0.00492043 0.00793648 0.0113139 0.0149037 0.0185117 0.0219274 0.0249491 0.0274036 0.0291595 0.030137 0.0303114 0.0297115 0.0284132 0.0265294 0.0241974 0.0215657 0.0187812 0.0159784 0.0132708 0.0107447 0.00845475 0.00642226 0.00464264 0.00311066 0.00185675 0.000945218 0.000398611 0.000138992 4.08562e-05 1.03723e-05 2.31331e-06 4.55328e-07 7.81908e-08 1.12816e-08 1.23826e-09 7.39945e-11 0 
0 0.000179332 0.00129282 0.00375157 0.00717484 0.0113139 0.0160106 0.0210281 0.0260788 0.0308629 0.0350963 0.0385355 0.0409961 0.0423663 0.0426106 0.0417694 0.0399497 0.03731 0.0340427 0.0303561 0.0264569 0.0225342 0.0187491 0.0152263 0.0120505 0.0092642 0.00686737 0.00482698 0.00311299 0.00175232 0.000817637 0.000308001 9.45988e-05 2.44043e-05 5.43335e-06 1.05735e-06 1.78693e-07 2.53272e-08 2.72996e-09 1.60282e-10 0 
0 0.00029401 0.00192275 0.00514593 0.0095346 0.0149037 0.0210281 0.0275789 0.0341757 0.0404252 0.045957 0.0504613 0.0537169 0.0555669 0.0559023 0.0547564 0.0523263 0.048854 0.0445806 0.0397644 0.0346715 0.0295491 0.0246081 0.0200128 0.015877 0.0122632 0.00918436 0.00660519 0.00445919 0.00270428 0.00138516 0.000568934 0.000185345 4.92071e-05 1.10333e-05 2.13588e-06 3.56877e-07 4.98758e-08 5.29641e-09 3.06396e-10 0 
0 0.000426293 0.00256381 0.00651381 0.0118889 0.0185117 0.0260788 0.0341757 0.0423305 0.0500595 0.0569503 0.0628197 0.0675254 0.0704179 0.0709627 0.0691532 0.0654569 0.0606664 0.0552235 0.0492438 0.0429464 0.0366151 0.030509 0.0248318 0.0197252 0.0152697 0.0114885 0.0083506 0.00577726 0.00367631 0.00202624 0.000903173 0.000314118 8.65918e-05 1.96962e-05 3.81343e-06 6.32621e-07 8.74868e-08 9.18134e-09 5.24797e-10 0 
0 0.00056197 0.00316392 0.00778855 0.0141112 0.0219274 0.0308629 0.0404252 0.0500595 0.0592607 0.0679733 0.0761664 0.0819954 0.0848757 0.0853902 0.0837373 0.0796421 0.0731021 0.0656402 0.0582686 0.0507905 0.0433112 0.0361007 0.0293976 0.02337 0.0181141 0.0136606 0.00998158 0.00699484 0.00458179 0.00265988 0.00126931 0.000470219 0.000135091 3.13176e-05 6.08923e-06 1.00648e-06 1.38164e-07 1.43707e-08 8.13751e-10 0 
0 0.000687495 0.00368652 0.00890674 0.0160749 0.0249491 0.0350963 0.045957 0.0569503 0.0679733 0.0791589 0.0870993 0.09131 0.0933092 0.0936909 0.0925789 0.0897594 0.0845182 0.0760414 0.0665647 0.0577673 0.0492408 0.0410512 0.0334398 0.0265963 0.0206307 0.0155797 0.0114159 0.00805533 0.00536659 0.0032248 0.00162082 0.00063404 0.000189538 4.48533e-05 8.7796e-06 1.44969e-06 1.98062e-07 2.04695e-08 1.15108e-09 0 
0 0.000791974 0.00410546 0.00981105 0.017669 0.0274036 0.0385355 0.0504613 0.0628197 0.0761664 0.0870993 0.093076 0.0963747 0.0980078 0.0983373 0.0974464 0.0952119 0.0912161 0.084421 0.0740845 0.0635923 0.0540719 0.045076 0.0367259 0.0292191 0.0226763 0.0171386 0.0125785 0.00890974 0.00599439 0.00368168 0.00191929 0.000783378 0.000242254 5.84365e-05 1.15237e-05 1.90408e-06 2.59448e-07 2.67019e-08 1.49443e-09 0 
0 0.000867792 0.0044026 0.0104566 0.0188092 0.0291595 0.0409961 0.0537169 0.0675254 0.0819954 0.09131 0.0963747 0.09928 0.10075 0.101056 0.100267 0.0982923 0.0948319 0.0891419 0.0797375 0.0680563 0.0575621 0.0479601 0.0390803 0.0310984 0.0241421 0.0182555 0.0134107 0.00951957 0.00644023 0.0040075 0.00213882 0.000899146 0.000285177 6.98507e-05 1.38668e-05 2.2947e-06 3.12332e-07 3.20712e-08 1.78997e-09 0 
0 0.00091056 0.00456748 0.0108158 0.0194439 0.030137 0.0423663 0.0555669 0.0704179 0.0848757 0.0933092 0.0980078 0.10075 0.10215 0.102447 0.101702 0.0998382 0.0965998 0.0913638 0.0827033 0.0707278 0.059541 0.0495722 0.0403958 0.0321489 0.0249619 0.0188806 0.0138768 0.00986105 0.00668978 0.00419091 0.00226532 0.000968532 0.000311918 7.71583e-05 1.53916e-05 2.5514e-06 3.4731e-07 3.56401e-08 1.98729e-09 0 
0 0.000918826 0.00459754 0.0108803 0.0195573 0.0303114 0.0426106 0.0559023 0.0709627 0.0853902 0.0936909 0.0983373 0.101056 0.102447 0.102743 0.102005 0.100158 0.0969518 0.0917828 0.0832443 0.0712371 0.0599087 0.0498696 0.0406394 0.0323444 0.0251155 0.0189987 0.0139659 0.00992762 0.00674009 0.00423007 0.00229453 0.000985918 0.000319104 7.92339e-05 1.58445e-05 2.63064e-06 3.585e-07 3.68221e-08 2.05493e-09 0 
0 0.000893725 0.00449791 0.0106606 0.0191681 0.0297115 0.0417694 0.0547564 0.0691532 0.0837373 0.0925789 0.0974464 0.100267 0.101702 0.102005 0.101239 0.0993243 0.0959845 0.0905462 0.081528 0.0695938 0.0587064 0.0488985 0.0398495 0.0317158 0.0246271 0.0186285 0.0136923 0.00973009 0.00659961 0.00413145 0.00223036 0.000952585 0.000306849 7.60319e-05 1.5207e-05 2.52864e-06 3.45362e-07 3.55637e-08 1.99018e-09 0 
0 0.000838612 0.00428044 0.0101843 0.0183254 0.0284132 0.0399497 0.0523263 0.0654569 0.0796421 0.0897594 0.0952119 0.0982923 0.0998382 0.100158 0.0993243 0.0972367 0.0935491 0.0873992 0.0774436 0.0661755 0.0561269 0.0467852 0.0381279 0.0303445 0.0235605 0.0178188 0.0130925 0.00929499 0.00628734 0.0039092 0.00208387 0.000875957 0.000278493 6.85412e-05 1.36912e-05 2.28117e-06 3.12727e-07 3.23516e-08 1.8196e-09 0 
0 0.000758668 0.00396229 0.00949196 0.0171024 0.0265294 0.03731 0.048854 0.0606664 0.0731021 0.0845182 0.0912161 0.0948319 0.0965998 0.0969518 0.0959845 0.0935491 0.0891434 0.081621 0.0713518 0.0615593 0.0524237 0.0437158 0.035626 0.0283517 0.0220104 0.0166422 0.0122205 0.0086616 0.00583127 0.00358469 0.00187302 0.000768655 0.000239821 5.84873e-05 1.16699e-05 1.95154e-06 2.6919e-07 2.80548e-08 1.59064e-09 0 
0 0.000660488 0.00356409 0.00863239 0.0155877 0.0241974 0.0340427 0.0445806 0.0552235 0.0656402 0.0760414 0.084421 0.0891419 0.0913638 0.0917828 0.0905462 0.0873992 0.081621 0.0732168 0.0645009 0.0561168 0.0478609 0.0399151 0.0325281 0.025885 0.0200928 0.0151875 0.0111431 0.00787849 0.00526714 0.00318709 0.00162287 0.000647343 0.000197952 4.79029e-05 9.57469e-06 1.61274e-06 2.24684e-07 2.36813e-08 1.35854e-09 0 
0 0.000551623 0.00310832 0.00765765 0.0138771 0.0215657 0.0303561 0.0397644 0.0492438 0.0582686 0.0665647 0.0740845 0.0797375 0.0827033 0.0832443 0.081528 0.0774436 0.0713518 0.0645009 0.0574038 0.0500706 0.0427177 0.0356269 0.0290341 0.0231047 0.0179337 0.013552 0.00993359 0.00700088 0.00463903 0.00275585 0.00136623 0.000531205 0.000160145 3.87139e-05 7.80068e-06 1.33088e-06 1.88183e-07 2.01405e-08 1.17292e-09 0 
0 0.000440033 0.0026182 0.00661793 0.0120649 0.0187812 0.0264569 0.0346715 0.0429464 0.0507905 0.0577673 0.0635923 0.0680563 0.0707278 0.0712371 0.0695938 0.0661755 0.0615593 0.0561168 0.0500706 0.0436926 0.0372789 0.0310932 0.0253423 0.0201701 0.0156588 0.0118337 0.00866857 0.00609124 0.00400443 0.00234534 0.00114356 0.000439989 0.00013279 3.24562e-05 6.64696e-06 1.15449e-06 1.66124e-07 1.80695e-08 1.06761e-09 0 
0 0.000333405 0.00211743 0.00555743 0.0102364 0.0159784 0.0225342 0.0295491 0.0366151 0.0433112 0.0492408 0.0540719 0.0575621 0.059541 0.0599087 0.0587064 0.0561269 0.0524237 0.0478609 0.0427177 0.0372789 0.0318097 0.0265363 0.021635 0.0172286 0.0133871 0.010131 0.00743422 0.0052326 0.00344665 0.00202807 0.000999536 0.000391465 0.000120745 3.01534e-05 6.29176e-06 1.10947e-06 1.61538e-07 1.77265e-08 1.05396e-09 0 
0 0.000238357 0.00163046 0.00451237 0.00846131 0.0132708 0.0187491 0.0246081 0.030509 0.0361007 0.0410512 0.045076 0.0479601 0.0495722 0.0498696 0.0488985 0.0467852 0.0437158 0.0399151 0.0356269 0.0310932 0.0265363 0.0221453 0.0180685 0.0144123 0.0112447 0.00859021 0.0064104 0.00461331 0.00311666 0.00189422 0.000973739 0.000398157 0.000126833 3.22488e-05 6.77651e-06 1.19531e-06 1.7342e-07 1.89216e-08 1.11714e-09 0 
0 0.000159598 0.00118244 0.00351238 0.00678956 0.0107447 0.0152263 0.0200128 0.0248318 0.0293976 0.0334398 0.0367259 0.0390803 0.0403958 0.0406394 0.0398495 0.0381279 0.035626 0.0325281 0.0290341 0.0253423 0.021635 0.0180685 0.0147722 0.0118682 0.00949522 0.00773429 0.0064017 0.00507794 0.00358397 0.0021768 0.00112312 0.000469325 0.000151747 3.84668e-05 7.96578e-06 1.37857e-06 1.96064e-07 2.0982e-08 1.21635e-09 0 
0 9.93109e-05 0.000797273 0.00258604 0.00525026 0.00845475 0.0120505 0.015877 0.0197252 0.02337 0.0265963 0.0292191 0.0310984 0.0321489 0.0323444 0.0317158 0.0303445 0.0283517 0.025885 0.0231047 0.0201701 0.0172286 0.0144123 0.0118682 0.00988045 0.0090027 0.0096387 0.0108472 0.0104333 0.00761047 0.00413434 0.00177951 0.000652889 0.000197977 4.78807e-05 9.50671e-06 1.58764e-06 2.1905e-07 2.2828e-08 1.29266e-09 0 
0 5.69981e-05 0.000492971 0.0017676 0.00385918 0.00642226 0.0092642 0.0122632 0.0152697 0.0181141 0.0206307 0.0226763 0.0241421 0.0249619 0.0251155 0.0246271 0.0235605 0.0220104 0.0200928 0.0179337 0.0156588 0.0133871 0.0112447 0.00949522 0.0090027 0.0117594 0.0193016 0.0298224 0.0353898 0.0221984 0.011227 0.00402516 0.00113479 0.000280287 5.9622e-05 1.08836e-05 1.72398e-06 2.29571e-07 2.32756e-08 1.28786e-09 0 
0 2.99743e-05 0.000275998 0.00109674 0.00263616 0.00464264 0.00686737 0.00918436 0.0114885 0.0136606 0.0155797 0.0171386 0.0182555 0.0188806 0.0189987 0.0186285 0.0178188 0.0166422 0.0151875 0.013552 0.0118337 0.010131 0.00859021 0.00773429 0.0096387 0.0193016 0.043026 0.0764055 0.0800983 0.0627355 0.0261371 0.00879105 0.0021123 0.000413964 7.23456e-05 1.15491e-05 1.69916e-06 2.17805e-07 2.15545e-08 1.17032e-09 0 
0 1.43707e-05 0.000138575 0.000604312 0.00162235 0.00311066 0.00482698 0.00660519 0.0083506 0.00998158 0.0114159 0.0125785 0.0134107 0.0138768 0.0139659 0.0136923 0.0130925 0.0122205 0.0111431 0.00993359 0.00866857 0.00743422 0.0064104 0.0064017 0.0108472 0.0298224 0.0764055 0.0871254 0.0884823 0.0830856 0.0530441 0.0141616 0.00321005 0.000548089 8.01274e-05 1.09762e-05 1.47929e-06 1.82679e-07 1.776e-08 9.52793e-10 0 
0 6.2617e-06 6.20799e-05 0.000291049 0.000870291 0.00185675 0.00311299 0.00445919 0.00577726 0.00699484 0.00805533 0.00890974 0.00951957 0.00986105 0.00992762 0.00973009 0.00929499 0.0086616 0.00787849 0.00700088 0.00609124 0.0052326 0.00461331 0.00507794 0.0104333 0.0353898 0.0800983 0.0884823 0.0896094 0.0853085 0.0629804 0.0156417 0.00347365 0.000559208 7.32147e-05 8.88422e-06 1.10932e-06 1.3323e-07 1.28479e-08 6.86975e-10 0 
0 2.47655e-06 2.4803e-05 0.000121811 0.000397358 0.000945218 0.00175232 0.00270428 0.00367631 0.00458179 0.00536659 0.00599439 0.00644023 0.00668978 0.00674009 0.00659961 0.00628734 0.00583127 0.00526714 0.00463903 0.00400443 0.00344665 0.00311666 0.00358397 0.00761047 0.0221984 0.0627355 0.0830856 0.0853085 0.0787834 0.0383744 0.0115622 0.00256692 0.000407 5.08387e-05 5.81042e-06 7.00137e-07 8.35538e-08 8.09528e-09 4.35596e-10 0 
0 8.89179e-07 8.86406e-06 4.44729e-05 0.000153486 0.000398611 0.000817637 0.00138516 0.00202624 0.00265988 0.0032248 0.00368168 0.0040075 0.00419091 0.00423007 0.00413145 0.0039092 0.00358469 0.00318709 0.00275585 0.00234534 0.00202807 0.00189422 0.0021768 0.00413434 0.011227 0.0261371 0.0530441 0.0629804 0.0383744 0.0173724 0.00573101 0.00128501 0.000206107 2.58112e-05 2.98027e-06 3.67237e-07 4.48301e-08 4.42621e-09 2.42011e-10 0 
0 2.90005e-07 2.84603e-06 1.42979e-05 5.06689e-05 0.000138992 0.000308001 0.000568934 0.000903173 0.00126931 0.00162082 0.00191929 0.00213882 0.00226532 0.00229453 0.00223036 0.00208387 0.00187302 0.00162287 0.00136623 0.00114356 0.000999536 0.000973739 0.00112312 0.00177951 0.00402516 0.00879105 0.0141616 0.0156417 0.0115622 0.00573101 0.00191197 0.000439518 7.28959e-05 9.61314e-06 1.20624e-06 1.60809e-07 2.06078e-08 2.09937e-09 1.17659e-10 0 
0 8.59418e-08 8.24135e-07 4.0886e-06 1.4543e-05 4.08562e-05 9.45988e-05 0.000185345 0.000314118 0.000470219 0.00063404 0.000783378 0.000899146 0.000968532 0.000985918 0.000952585 0.000875957 0.000768655 0.000647343 0.000531205 0.000439989 0.000391465 0.000398157 0.000469325 0.000652889 0.00113479 0.0021123 0.00321005 0.00347365 0.00256692 0.00128501 0.000439518 0.000105172 1.85946e-05 2.75003e-06 4.00848e-07 5.98423e-08 8.16198e-09 8.65171e-10 5.0051e-11 0 
0 2.31115e-08 2.15591e-07 1.04724e-06 3.68461e-06 1.03723e-05 2.44043e-05 4.92071e-05 8.65918e-05 0.000135091 0.000189538 0.000242254 0.000285177 0.000311918 0.000319104 0.000306849 0.000278493 0.000239821 0.000197952 0.000160145 0.00013279 0.000120745 0.000126833 0.000151747 0.000197977 0.000280287 0.000413964 0.000548089 0.000559208 0.000407 0.000206107 7.28959e-05 1.85946e-05 3.70686e-06 6.589e-07 1.15191e-07 1.92737e-08 2.80077e-09 3.10293e-10 1.86245e-11 0 
0 5.61563e-09 5.08398e-08 2.40685e-07 8.3075e-07 2.31331e-06 5.43335e-06 1.10333e-05 1.96962e-05 3.13176e-05 4.48533e-05 5.84365e-05 6.98507e-05 7.71583e-05 7.92339e-05 7.60319e-05 6.85412e-05 5.84873e-05 4.79029e-05 3.87139e-05 3.24562e-05 3.01534e-05 3.22488e-05 3.84668e-05 4.78807e-05 5.9622e-05 7.23456e-05 8.01274e-05 7.32147e-05 5.08387e-05 2.58112e-05 9.61314e-06 2.75003e-06 6.589e-07 1.44248e-07 2.9514e-08 5.41448e-09 8.34242e-10 9.67917e-11 6.04821e-12 0 
0 1.22077e-09 1.07176e-08 4.93484e-08 1.66418e-07 4.55328e-07 1.05735e-06 2.13588e-06 3.81343e-06 6.08923e-06 8.7796e-06 1.15237e-05 1.38668e-05 1.53916e-05 1.58445e-05 1.5207e-05 1.36912e-05 1.16699e-05 9.57469e-06 7.80068e-06 6.64696e-06 6.29176e-06 6.77651e-06 7.96578e-06 9.50671e-06 1.08836e-05 1.15491e-05 1.09762e-05 8.88422e-06 5.81042e-06 2.98027e-06 1.20624e-06 4.00848e-07 1.15191e-07 2.9514e-08 6.71367e-09 1.32068e-09 2.14743e-10 2.61095e-11 1.70173e-12 0 
0 2.32643e-10 1.98112e-09 8.86801e-09 2.91726e-08 7.81908e-08 1.78693e-07 3.56877e-07 6.32621e-07 1.00648e-06 1.44969e-06 1.90408e-06 2.2947e-06 2.5514e-06 2.63064e-06 2.52864e-06 2.28117e-06 1.95154e-06 1.61274e-06 1.33088e-06 1.15449e-06 1.10947e-06 1.19531e-06 1.37857e-06 1.58764e-06 1.72398e-06 1.69916e-06 1.47929e-06 1.10932e-06 7.00137e-07 3.67237e-07 1.60809e-07 5.98423e-08 1.92737e-08 5.41448e-09 1.32068e-09 2.75037e-10 4.7046e-11 5.9925e-12 4.07648e-13 0 
0 3.72344e-11 3.07833e-10 1.3403e-09 4.30066e-09 1.12816e-08 2.53272e-08 4.98758e-08 8.74868e-08 1.38164e-07 1.98062e-07 2.59448e-07 3.12332e-07 3.4731e-07 3.585e-07 3.45362e-07 3.12727e-07 2.6919e-07 2.24684e-07 1.88183e-07 1.66124e-07 1.61538e-07 1.7342e-07 1.96064e-07 2.1905e-07 2.29571e-07 2.17805e-07 1.82679e-07 1.3323e-07 8.35538e-08 4.48301e-08 2.06078e-08 8.16198e-09 2.80077e-09 8.34242e-10 2.14743e-10 4.7046e-11 8.44393e-12 1.12549e-12 7.98844e-14 0 
0 4.51784e-12 3.63096e-11 1.53948e-10 4.82187e-10 1.23826e-09 2.72996e-09 5.29641e-09 9.18134e-09 1.43707e-08 2.04695e-08 2.67019e-08 3.20712e-08 3.56401e-08 3.68221e-08 3.55637e-08 3.23516e-08 2.80548e-08 2.36813e-08 2.01405e-08 1.80695e-08 1.77265e-08 1.89216e-08 2.0982e-08 2.2828e-08 2.32756e-08 2.15545e-08 1.776e-08 1.28479e-08 8.09528e-09 4.42621e-09 2.09937e-09 8.65171e-10 3.10293e-10 9.67917e-11 2.61095e-11 5.9925e-12 1.12549e-12 1.56703e-13 1.15926e-14 0 
0 2.96933e-13 2.3235e-12 9.60706e-12 2.9408e-11 7.39945e-11 1.60282e-10 3.06396e-10 5.24797e-10 8.13751e-10 1.15108e-09 1.49443e-09 1.78997e-09 1.98729e-09 2.05493e-09 1.99018e-09 1.8196e-09 1.59064e-09 1.35854e-09 1.17292e-09 1.06761e-09 1.05396e-09 1.11714e-09 1.21635e-09 1.29266e-09 1.28786e-09 1.17032e-09 9.52793e-10 6.86975e-10 4.35596e-10 2.42011e-10 1.17659e-10 5.0051e-11 1.86245e-11 6.04821e-12 1.70173e-12 4.07648e-13 7.98844e-14 1.15926e-14 8.92466e-16 0 
0 0 0 0 0 0 0 0 0 0 0 0 0 0 0 0 0 0 0 0 0 0 0 0 0 0 0 0 0 0 0 0 0 0 0 0 0 0 0 0 0 
