0 0 0 0 0 0 0 0 0 0 0 0 0 0 0 0 0 0 0 0 0 0 0 0 0 0 0 0 0 0 0 0 0 0 0 0 0 0 0 0 0 
0 3.34953e-07 2.99626e-06 1.33087e-05 4.07364e-05 9.57105e-05 0.00018342 0.000299994 0.000434081 0.000571302 0.00069804 0.000803401 0.000879794 0.000922856 0.00093116 0.000905861 0.000850322 0.000769734 0.0006707 0.000560783 0.000447971 0.00034 0.000243561 0.000163459 0.000101974 5.86876e-05 3.09509e-05 1.4881e-05 6.50174e-06 2.57797e-06 9.27686e-07 3.03163e-07 8.99938e-08 2.4236e-08 5.89593e-09 1.28297e-09 2.44697e-10 3.91895e-11 4.75762e-12 3.12828e-13 0 
0 2.99626e-06 2.74591e-05 0.000120831 0.00035152 0.000758685 0.00131482 0.00195 0.00259482 0.00319765 0.0037223 0.00414277 0.00444094 0.00460637 0.00463648 0.00453642 0.0043181 0.00399875 0.00359905 0.0031415 0.00264929 0.00214599 0.00165587 0.001204 0.000814346 0.000505327 0.000284005 0.000143151 6.43667e-05 2.5802e-05 9.24724e-06 2.97605e-06 8.63432e-07 2.26218e-07 5.3411e-08 1.12705e-08 2.08493e-09 3.24159e-10 3.82536e-11 2.44881e-12 0 
0 1.33087e-05 0.000120831 0.000498598 0.00129342 0.00244932 0.00379406 0.00519413 0.00656729 0.00784716 0.00897003 0.00987822 0.0105266 0.0108873 0.0109519 0.0107312 0.0102527 0.0095573 0.00869403 0.00771526 0.0066715 0.00560718 0.00455854 0.00355494 0.0026243 0.00180012 0.00112184 0.000621218 0.000300707 0.000126439 4.63436e-05 1.49455e-05 4.28388e-06 1.09921e-06 2.52963e-07 5.19174e-08 9.33663e-09 1.41193e-09 1.62244e-10 1.01281e-11 0 
0 4.07364e-05 0.00035152 0.00129342 0.00292255 0.00497034 0.00723412 0.0096041 0.0119692 0.0142019 0.0161748 0.0177764 0.0189219 0.0195595 0.0196733 0.0192821 0.0184354 0.0172065 0.0156846 0.0139661 0.0121456 0.010309 0.00852656 0.00684852 0.00530407 0.00390827 0.00267945 0.00165719 0.000894256 0.000410795 0.00015954 5.28943e-05 1.52296e-05 3.86713e-06 8.73254e-07 1.75122e-07 3.07222e-08 4.5316e-09 5.08282e-10 3.10086e-11 0 
0 9.57105e-05 0.000758685 0.00244932 0.00497034 0.0079998 0.0113928 0.0149998 0.0186253 0.0220575 0.0250937 0.0275599 0.0293241 0.0303061 0.0304811 0.0298782 0.0285736 0.0266807 0.0243375 0.0216932 0.0188955 0.0160796 0.0133595 0.0108222 0.00852286 0.00648309 0.00469779 0.0031597 0.00189648 0.000972004 0.000412729 0.000144754 4.27325e-05 1.08804e-05 2.43127e-06 4.79152e-07 8.23514e-08 1.18887e-08 1.3054e-09 7.80282e-11 0 
0 0.00018342 0.00131482 0.00379406 0.00723412 0.0113928 0.0161126 0.0211547 0.0262301 0.0310373 0.0352911 0.0387466 0.0412189 0.0425954 0.0428408 0.0419953 0.0401666 0.0375142 0.0342312 0.0305271 0.0266092 0.0226679 0.0188649 0.0153256 0.0121354 0.00933726 0.0069316 0.00488472 0.00316392 0.00179231 0.000842652 0.000319723 9.87544e-05 2.55744e-05 5.7078e-06 1.11246e-06 1.88187e-07 2.66894e-08 2.87795e-09 1.69017e-10 0 
0 0.000299994 0.00195 0.00519413 0.0096041 0.0149998 0.0211547 0.0277378 0.0343668 0.0406465 0.0462049 0.0507327 0.0540115 0.0558823 0.0562223 0.055061 0.0526084 0.049115 0.0448202 0.039981 0.0348638 0.029717 0.0247525 0.0201355 0.0159802 0.01235 0.00925813 0.00666963 0.00451683 0.00275372 0.00142094 0.000588382 0.000193017 5.14958e-05 1.15822e-05 2.24634e-06 3.75758e-07 5.25511e-08 5.58294e-09 3.23064e-10 0 
0 0.000434081 0.00259482 0.00656729 0.0119692 0.0186253 0.0262301 0.0343668 0.0425612 0.0503279 0.0572612 0.0632165 0.0680568 0.0710373 0.0715984 0.0697376 0.0659235 0.0610182 0.0555188 0.0495061 0.0431785 0.0368171 0.0306819 0.0249778 0.019847 0.0153707 0.0115724 0.00842169 0.00583963 0.0037315 0.00207038 0.000930593 0.000326244 9.04721e-05 2.06573e-05 4.00857e-06 6.65875e-07 9.21584e-08 9.67628e-09 5.53258e-10 0 
0 0.000571302 0.00319765 0.00784716 0.0142019 0.0220575 0.0310373 0.0406465 0.0503279 0.0595869 0.068456 0.0768534 0.0826704 0.0854883 0.0859922 0.0843853 0.0803492 0.0737211 0.066049 0.058581 0.0510601 0.043545 0.0363003 0.0295655 0.0235092 0.0182285 0.0137544 0.0100593 0.00706131 0.00464055 0.00270957 0.00130358 0.000487085 0.000140903 3.28126e-05 6.39697e-06 1.05897e-06 1.455e-07 1.51418e-08 8.57704e-10 0 
0 0.00069804 0.0037223 0.00897003 0.0161748 0.0250937 0.0352911 0.0462049 0.0572612 0.068456 0.0798641 0.08764 0.0917145 0.0936547 0.094028 0.0929527 0.0902247 0.0851464 0.0766926 0.0669771 0.0580753 0.0495026 0.0412741 0.0336267 0.0267507 0.0207569 0.0156822 0.0114997 0.0081255 0.00542781 0.00327789 0.00166022 0.000655248 0.00019737 4.69472e-05 9.21755e-06 1.52465e-06 2.08511e-07 2.15621e-08 1.21296e-09 0 
0 0.000803401 0.00414277 0.00987822 0.0177764 0.0275599 0.0387466 0.0507327 0.0632165 0.0768534 0.08764 0.0934253 0.0966297 0.0982206 0.098544 0.0976798 0.0955103 0.0916346 0.0850382 0.0746745 0.0639585 0.054358 0.0453175 0.036928 0.0293857 0.022812 0.0172482 0.0126672 0.00898297 0.00605739 0.00373677 0.00196212 0.000808053 0.00025191 6.11089e-05 1.20914e-05 2.00171e-06 2.73046e-07 2.81192e-08 1.57436e-09 0 
0 0.000879794 0.00444094 0.0105266 0.0189219 0.0293241 0.0412189 0.0540115 0.0680568 0.0826704 0.0917145 0.0966297 0.0994587 0.100893 0.101195 0.100428 0.0985068 0.0951439 0.0896234 0.0803864 0.0685101 0.0578704 0.0482147 0.0392929 0.0312734 0.0242843 0.01837 0.0135029 0.00959495 0.00650437 0.00406364 0.00218367 0.000926198 0.000296222 7.29908e-05 1.45425e-05 2.41143e-06 3.28596e-07 3.37637e-08 1.88519e-09 0 
0 0.000922856 0.00460637 0.0108873 0.0195595 0.0303061 0.0425954 0.0558823 0.0710373 0.0854883 0.0936547 0.0982206 0.100893 0.102261 0.102554 0.101829 0.100015 0.0968642 0.0917796 0.0833273 0.0712461 0.0598667 0.0498339 0.040614 0.0323283 0.0251075 0.0189976 0.0139707 0.00993746 0.0067544 0.00424742 0.00231107 0.000996833 0.000323766 8.05834e-05 1.6135e-05 2.68026e-06 3.65281e-07 3.75097e-08 2.09239e-09 0 
0 0.00093116 0.00463648 0.0109519 0.0196733 0.0304811 0.0428408 0.0562223 0.0715984 0.0859922 0.094028 0.098544 0.101195 0.102554 0.102845 0.102127 0.100328 0.0972091 0.0921887 0.0838621 0.0717674 0.0602375 0.0501319 0.0408579 0.032524 0.0252612 0.0191157 0.0140597 0.0100039 0.00680445 0.00428632 0.00234023 0.00101438 0.000331109 8.27234e-05 1.66044e-05 2.76262e-06 3.76927e-07 3.87405e-08 2.16283e-09 0 
0 0.000905861 0.00453642 0.0107312 0.0192821 0.0298782 0.0419953 0.055061 0.0697376 0.0843853 0.0929527 0.0976798 0.100428 0.101829 0.102127 0.101383 0.099519 0.0962713 0.0909925 0.0821705 0.0700835 0.0590215 0.049155 0.0400633 0.0318916 0.0247697 0.0187431 0.0137843 0.00980497 0.00666298 0.00418688 0.00227513 0.000980188 0.000318382 7.93665e-05 1.59319e-05 2.65458e-06 3.6297e-07 3.73999e-08 2.09365e-09 0 
0 0.000850322 0.0043181 0.0102527 0.0184354 0.0285736 0.0401666 0.0526084 0.0659235 0.0803492 0.0902247 0.0955103 0.0985068 0.100015 0.100328 0.099519 0.0974894 0.0939083 0.0879426 0.0780842 0.0665828 0.0564206 0.0470304 0.0383326 0.0305129 0.0236971 0.0179288 0.0131809 0.00936738 0.006349 0.00396316 0.00212681 0.000901747 0.000289011 7.15385e-05 1.43389e-05 2.39362e-06 3.28474e-07 3.39984e-08 1.91269e-09 0 
0 0.000769734 0.00399875 0.0095573 0.0172065 0.0266807 0.0375142 0.049115 0.0610182 0.0737211 0.0851464 0.0916346 0.0951439 0.0968642 0.0972091 0.0962713 0.0939083 0.0896364 0.0822846 0.0718637 0.0618924 0.052695 0.0439453 0.0358177 0.0285094 0.0221386 0.0167456 0.012304 0.00873047 0.00589048 0.00363638 0.00191313 0.000791783 0.000248923 6.10274e-05 1.22144e-05 2.04597e-06 2.82448e-07 2.94472e-08 1.66975e-09 0 
0 0.0006707 0.00359905 0.00869403 0.0156846 0.0243375 0.0342312 0.0448202 0.0555188 0.066049 0.0766926 0.0850382 0.0896234 0.0917796 0.0921887 0.0909925 0.0879426 0.0822846 0.073773 0.0648631 0.0564065 0.0481088 0.0401256 0.032704 0.0260297 0.0202106 0.0152827 0.0112204 0.00794287 0.00532301 0.00323546 0.00165901 0.000667136 0.000205423 4.9941e-05 1.00081e-05 1.68794e-06 2.3529e-07 2.4802e-08 1.42265e-09 0 
0 0.000560783 0.0031415 0.00771526 0.0139661 0.0216932 0.0305271 0.039981 0.0495061 0.058581 0.0669771 0.0746745 0.0803864 0.0833273 0.0838621 0.0821705 0.0780842 0.0718637 0.0648631 0.0577003 0.0503282 0.0429403 0.035816 0.0291921 0.0232346 0.0180394 0.0136376 0.0100035 0.00705966 0.00469031 0.0027994 0.00139726 0.000547296 0.000165984 4.02776e-05 8.13188e-06 1.38855e-06 1.96375e-07 2.10137e-08 1.22331e-09 0 
0 0.000447971 0.00264929 0.0066715 0.0121456 0.0188955 0.0266092 0.0348638 0.0431785 0.0510601 0.0580753 0.0639585 0.0685101 0.0712461 0.0717674 0.0700835 0.0665828 0.0618924 0.0564065 0.0503282 0.0439193 0.037475 0.0312596 0.0254811 0.0202841 0.0157514 0.0119086 0.00872984 0.00614289 0.00404914 0.00238219 0.00116863 0.000452445 0.000137203 3.36299e-05 6.89644e-06 1.1983e-06 1.72409e-07 1.87464e-08 1.10707e-09 0 
0 0.00034 0.00214599 0.00560718 0.010309 0.0160796 0.0226679 0.029717 0.0368171 0.043545 0.0495026 0.054358 0.0578704 0.0598667 0.0602375 0.0590215 0.0564206 0.052695 0.0481088 0.0429403 0.037475 0.031979 0.0266797 0.0217543 0.0173261 0.0134658 0.010194 0.00748523 0.00527486 0.00348227 0.00205655 0.00101851 0.00040084 0.000124088 3.10535e-05 6.48553e-06 1.14389e-06 1.66528e-07 1.82687e-08 1.08581e-09 0 
0 0.000243561 0.00165587 0.00455854 0.00852656 0.0133595 0.0188649 0.0247525 0.0306819 0.0363003 0.0412741 0.0453175 0.0482147 0.0498339 0.0501319 0.049155 0.0470304 0.0439453 0.0401256 0.035816 0.0312596 0.0266797 0.0222663 0.0181684 0.0144931 0.0113089 0.0086405 0.00644977 0.00464447 0.00314177 0.00191409 0.000987476 0.00040535 0.000129527 3.29967e-05 6.94018e-06 1.22462e-06 1.77685e-07 1.93856e-08 1.1444e-09 0 
0 0.000163459 0.001204 0.00355494 0.00684852 0.0108222 0.0153256 0.0201355 0.0249778 0.0295655 0.0336267 0.036928 0.0392929 0.040614 0.0408579 0.0400633 0.0383326 0.0358177 0.032704 0.0291921 0.0254811 0.0217543 0.0181684 0.0148537 0.0119329 0.00954561 0.00777375 0.0064333 0.00510301 0.00360294 0.00219082 0.00113318 0.000475205 0.000154152 3.91628e-05 8.11963e-06 1.40601e-06 2.00018e-07 2.14077e-08 1.24111e-09 0 
0 0.000101974 0.000814346 0.0026243 0.00530407 0.00852286 0.0121354 0.0159802 0.019847 0.0235092 0.0267507 0.0293857 0.0312734 0.0323283 0.032524 0.0318916 0.0305129 0.0285094 0.0260297 0.0232346 0.0202841 0.0173261 0.0144931 0.0119329 0.0099312 0.00904497 0.00968051 0.0108925 0.0104764 0.00764207 0.00415233 0.00178891 0.000658107 0.000200299 4.85824e-05 9.66183e-06 1.61482e-06 2.22885e-07 2.32324e-08 1.31574e-09 0 
0 5.86876e-05 0.000505327 0.00180012 0.00390827 0.00648309 0.00933726 0.01235 0.0153707 0.0182285 0.0207569 0.022812 0.0242843 0.0251075 0.0252612 0.0247697 0.0236971 0.0221386 0.0202106 0.0180394 0.0157514 0.0134658 0.0113089 0.00954561 0.00904497 0.011809 0.0193798 0.0301684 0.0359234 0.0222953 0.0112723 0.00404192 0.00114066 0.000282621 6.03374e-05 1.104e-05 1.7507e-06 2.33241e-07 2.36533e-08 1.30896e-09 0 
0 3.09509e-05 0.000284005 0.00112184 0.00267945 0.00469779 0.0069316 0.00925813 0.0115724 0.0137544 0.0156822 0.0172482 0.01837 0.0189976 0.0191157 0.0187431 0.0179288 0.0167456 0.0152827 0.0136376 0.0119086 0.010194 0.0086405 0.00777375 0.00968051 0.0193798 0.0435217 0.0766646 0.0801198 0.0634004 0.0262489 0.0088264 0.00212131 0.000416469 7.30487e-05 1.16976e-05 1.72373e-06 2.21092e-07 2.18855e-08 1.18847e-09 0 
0 1.4881e-05 0.000143151 0.000621218 0.00165719 0.0031597 0.00488472 0.00666963 0.00842169 0.0100593 0.0114997 0.0126672 0.0135029 0.0139707 0.0140597 0.0137843 0.0131809 0.012304 0.0112204 0.0100035 0.00872984 0.00748523 0.00644977 0.0064333 0.0108925 0.0301684 0.0766646 0.0870197 0.0883211 0.0830241 0.0536621 0.0142184 0.00322315 0.000550843 8.07739e-05 1.11035e-05 1.4996e-06 1.85335e-07 1.80234e-08 9.67065e-10 0 
0 6.50174e-06 6.43667e-05 0.000300707 0.000894256 0.00189648 0.00316392 0.00451683 0.00583963 0.00706131 0.0081255 0.00898297 0.00959495 0.00993746 0.0100039 0.00980497 0.00936738 0.00873047 0.00794287 0.00705966 0.00614289 0.00527486 0.00464447 0.00510301 0.0104764 0.0359234 0.0801198 0.0883211 0.0894241 0.0852156 0.0636213 0.0157141 0.00348771 0.000561837 7.3742e-05 8.97961e-06 1.12399e-06 1.35122e-07 1.30343e-08 6.97033e-10 0 
0 2.57797e-06 2.5802e-05 0.000126439 0.000410795 0.000972004 0.00179231 0.00275372 0.0037315 0.00464055 0.00542781 0.00605739 0.00650437 0.0067544 0.00680445 0.00666298 0.006349 0.00589048 0.00532301 0.00469031 0.00404914 0.00348227 0.00314177 0.00360294 0.00764207 0.0222953 0.0634004 0.0830241 0.0852156 0.0788491 0.0388214 0.0116085 0.00257734 0.000408925 5.11948e-05 5.8708e-06 7.09224e-07 8.47239e-08 8.21107e-09 4.41878e-10 0 
0 9.27686e-07 9.24724e-06 4.63436e-05 0.00015954 0.000412729 0.000842652 0.00142094 0.00207038 0.00270957 0.00327789 0.00373677 0.00406364 0.00424742 0.00428632 0.00418688 0.00396316 0.00363638 0.00323546 0.0027994 0.00238219 0.00205655 0.00191409 0.00219082 0.00415233 0.0112723 0.0262489 0.0536621 0.0636213 0.0388214 0.0174418 0.00575398 0.00129034 0.000207149 2.60011e-05 3.01183e-06 3.72012e-07 4.54542e-08 4.48896e-09 2.45466e-10 0 
0 3.03163e-07 2.97605e-06 1.49455e-05 5.28943e-05 0.000144754 0.000319723 0.000588382 0.000930593 0.00130358 0.00166022 0.00196212 0.00218367 0.00231107 0.00234023 0.00227513 0.00212681 0.00191313 0.00165901 0.00139726 0.00116863 0.00101851 0.000987476 0.00113318 0.00178891 0.00404192 0.0088264 0.0142184 0.0157141 0.0116085 0.00575398 0.00191976 0.000441489 7.33174e-05 9.69238e-06 1.21982e-06 1.62936e-07 2.08945e-08 2.12898e-09 1.19327e-10 0 
0 8.99938e-08 8.63432e-07 4.28388e-06 1.52296e-05 4.27325e-05 9.87544e-05 0.000193017 0.000326244 0.000487085 0.000655248 0.000808053 0.000926198 0.000996833 0.00101438 0.000980188 0.000901747 0.000791783 0.000667136 0.000547296 0.000452445 0.00040084 0.00040535 0.000475205 0.000658107 0.00114066 0.00212131 0.00322315 0.00348771 0.00257734 0.00129034 0.000441489 0.000105737 1.87263e-05 2.77662e-06 4.05734e-07 6.06513e-08 8.27572e-09 8.77332e-10 5.07575e-11 0 
0 2.4236e-08 2.26218e-07 1.09921e-06 3.86713e-06 1.08804e-05 2.55744e-05 5.14958e-05 9.04721e-05 0.000140903 0.00019737 0.00025191 0.000296222 0.000323766 0.000331109 0.000318382 0.000289011 0.000248923 0.000205423 0.000165984 0.000137203 0.000124088 0.000129527 0.000154152 0.000200299 0.000282621 0.000416469 0.000550843 0.000561837 0.000408925 0.000207149 7.33174e-05 1.87263e-05 3.74052e-06 6.6641e-07 1.16695e-07 1.95386e-08 2.83985e-09 3.14645e-10 1.88866e-11 0 
0 5.89593e-09 5.3411e-08 2.52963e-07 8.73254e-07 2.43127e-06 5.7078e-06 1.15822e-05 2.06573e-05 3.28126e-05 4.69472e-05 6.11089e-05 7.29908e-05 8.05834e-05 8.27234e-05 7.93665e-05 7.15385e-05 6.10274e-05 4.9941e-05 4.02776e-05 3.36299e-05 3.10535e-05 3.29967e-05 3.91628e-05 4.85824e-05 6.03374e-05 7.30487e-05 8.07739e-05 7.3742e-05 5.11948e-05 2.60011e-05 9.69238e-06 2.77662e-06 6.6641e-07 1.46099e-07 2.99154e-08 5.4896e-09 8.45892e-10 9.81476e-11 6.13315e-12 0 
0 1.28297e-09 1.12705e-08 5.19174e-08 1.75122e-07 4.79152e-07 1.11246e-06 2.24634e-06 4.00857e-06 6.39697e-06 9.21755e-06 1.20914e-05 1.45425e-05 1.6135e-05 1.66044e-05 1.59319e-05 1.43389e-05 1.22144e-05 1.00081e-05 8.13188e-06 6.89644e-06 6.48553e-06 6.94018e-06 8.11963e-06 9.66183e-06 1.104e-05 1.16976e-05 1.11035e-05 8.97961e-06 5.8708e-06 3.01183e-06 1.21982e-06 4.05734e-07 1.16695e-07 2.99154e-08 6.8066e-09 1.33908e-09 2.17743e-10 2.64751e-11 1.72559e-12 0 
0 2.44697e-10 2.08493e-09 9.33663e-09 3.07222e-08 8.23514e-08 1.88187e-07 3.75758e-07 6.65875e-07 1.05897e-06 1.52465e-06 2.00171e-06 2.41143e-06 2.68026e-06 2.76262e-06 2.65458e-06 2.39362e-06 2.04597e-06 1.68794e-06 1.38855e-06 1.1983e-06 1.14389e-06 1.22462e-06 1.40601e-06 1.61482e-06 1.7507e-06 1.72373e-06 1.4996e-06 1.12399e-06 7.09224e-07 3.72012e-07 1.62936e-07 6.06513e-08 1.95386e-08 5.4896e-09 1.33908e-09 2.78876e-10 4.77036e-11 6.07637e-12 4.13361e-13 0 
0 3.91895e-11 3.24159e-10 1.41193e-09 4.5316e-09 1.18887e-08 2.66894e-08 5.25511e-08 9.21584e-08 1.455e-07 2.08511e-07 2.73046e-07 3.28596e-07 3.65281e-07 3.76927e-07 3.6297e-07 3.28474e-07 2.82448e-07 2.3529e-07 1.96375e-07 1.72409e-07 1.66528e-07 1.77685e-07 2.00018e-07 2.22885e-07 2.33241e-07 2.21092e-07 1.85335e-07 1.35122e-07 8.47239e-08 4.54542e-08 2.08945e-08 8.27572e-09 2.83985e-09 8.45892e-10 2.17743e-10 4.77036e-11 8.56203e-12 1.14125e-12 8.10037e-14 0 
0 4.75762e-12 3.82536e-11 1.62244e-10 5.08282e-10 1.3054e-09 2.87795e-09 5.58294e-09 9.67628e-09 1.51418e-08 2.15621e-08 2.81192e-08 3.37637e-08 3.75097e-08 3.87405e-08 3.73999e-08 3.39984e-08 2.94472e-08 2.4802e-08 2.10137e-08 1.87464e-08 1.82687e-08 1.93856e-08 2.14077e-08 2.32324e-08 2.36533e-08 2.18855e-08 1.80234e-08 1.30343e-08 8.21107e-09 4.48896e-09 2.12898e-09 8.77332e-10 3.14645e-10 9.81476e-11 2.64751e-11 6.07637e-12 1.14125e-12 1.58898e-13 1.1755e-14 0 
0 3.12828e-13 2.44881e-12 1.01281e-11 3.10086e-11 7.80282e-11 1.69017e-10 3.23064e-10 5.53258e-10 8.57704e-10 1.21296e-09 1.57436e-09 1.88519e-09 2.09239e-09 2.16283e-09 2.09365e-09 1.91269e-09 1.66975e-09 1.42265e-09 1.22331e-09 1.10707e-09 1.08581e-09 1.1444e-09 1.24111e-09 1.31574e-09 1.30896e-09 1.18847e-09 9.67065e-10 6.97033e-10 4.41878e-10 2.45466e-10 1.19327e-10 5.07575e-11 1.88866e-11 6.13315e-12 1.72559e-12 4.13361e-13 8.10037e-14 1.1755e-14 9.04975e-16 0 
0 0 0 0 0 0 0 0 0 0 0 0 0 0 0 0 0 0 0 0 0 0 0 0 0 0 0 0 0 0 0 0 0 0 0 0 0 0 0 0 0 
