0 0 0 0 0 0 0 0 0 0 0 0 0 0 0 0 0 0 0 0 0 0 0 0 0 0 0 0 0 0 0 0 0 0 0 0 0 0 0 0 0 
0 4.82453e-07 4.27481e-06 1.8642e-05 5.55631e-05 0.000126503 0.000234812 0.00037309 0.000526932 0.000680378 0.000819457 0.000933544 0.00101549 0.00106135 0.00106997 0.0010427 0.000982992 0.000896059 0.000788491 0.000667866 0.000542307 0.000419922 0.000308078 0.000212567 0.000136824 8.14836e-05 4.45505e-05 2.22168e-05 1.00583e-05 4.12336e-06 1.52929e-06 5.13244e-07 1.55891e-07 4.2806e-08 1.05837e-08 2.33409e-09 4.50069e-10 7.27241e-11 8.89232e-12 5.88094e-13 0 
0 4.27481e-06 3.85794e-05 0.000164654 0.000458776 0.000944819 0.00157055 0.00225546 0.00293363 0.00356003 0.00410262 0.00453682 0.00484455 0.00501502 0.00504548 0.00494128 0.00471492 0.00438439 0.00397117 0.00349812 0.00298804 0.00246308 0.0019452 0.00145716 0.00102242 0.000662315 0.000390365 0.00020672 9.75236e-05 4.085e-05 1.52105e-05 5.05418e-06 1.50507e-06 4.02663e-07 9.66665e-08 2.06683e-08 3.86323e-09 6.05538e-10 7.19146e-11 4.6267e-12 0 
0 1.8642e-05 0.000164654 0.000646343 0.00157906 0.0028408 0.00425115 0.00570209 0.00712596 0.00845725 0.00962808 0.0105763 0.0112536 0.01163 0.0116967 0.0114649 0.0109638 0.0102364 0.00933494 0.00831508 0.0072308 0.00612952 0.0050487 0.00401552 0.003051 0.00217824 0.00142936 0.000840967 0.000434032 0.000193971 7.49458e-05 2.52172e-05 7.46768e-06 1.96366e-06 4.60231e-07 9.57516e-08 1.73956e-08 2.65073e-09 3.06344e-10 1.92068e-11 0 
0 5.55631e-05 0.000458776 0.00157906 0.0033574 0.00549929 0.00785287 0.0103267 0.0128028 0.0151433 0.0172121 0.0188915 0.0200922 0.02076 0.0208781 0.0204665 0.0195774 0.0182878 0.0166916 0.0148902 0.0129838 0.0110636 0.00920565 0.0074649 0.00587281 0.00443957 0.00316745 0.00207339 0.00120155 0.000596284 0.000248841 8.74959e-05 2.63213e-05 6.89462e-06 1.59098e-06 3.23903e-07 5.74277e-08 8.53438e-09 9.62389e-10 5.89412e-11 0 
0 0.000126503 0.000944819 0.0028408 0.00549929 0.00865956 0.0122127 0.0159983 0.0198051 0.0234085 0.0265955 0.0291831 0.0310332 0.0320621 0.032244 0.0316097 0.0302393 0.0282521 0.0257928 0.0230181 0.0200832 0.0171305 0.0142809 0.0116275 0.00923199 0.00712094 0.00528731 0.00370549 0.00236775 0.00131658 0.000610277 0.000231405 7.25021e-05 1.92356e-05 4.41671e-06 8.86046e-07 1.54077e-07 2.24178e-08 2.47458e-09 1.48458e-10 0 
0 0.000234812 0.00157055 0.00425115 0.00785287 0.0122127 0.0171714 0.0224698 0.0278016 0.0328495 0.0373144 0.0409403 0.0435354 0.044983 0.0452397 0.0443456 0.0424211 0.0396354 0.0361897 0.0323025 0.0281915 0.0240563 0.0200672 0.0163569 0.0130171 0.0100973 0.00760377 0.00550109 0.00373239 0.00227257 0.00117183 0.000488421 0.000162961 4.45503e-05 1.02953e-05 2.05063e-06 3.51628e-07 5.02988e-08 5.45386e-09 3.21474e-10 0 
0 0.00037309 0.00225546 0.00570209 0.0103267 0.0159983 0.0224698 0.0293886 0.0363518 0.042945 0.0487884 0.0536645 0.0576498 0.0603141 0.0608409 0.0591164 0.0558473 0.0518699 0.0473128 0.0422309 0.0368617 0.0314616 0.0262529 0.0214096 0.0170528 0.0132517 0.0100257 0.00734528 0.00513682 0.00331619 0.00186492 0.000854901 0.000307747 8.79259e-05 2.06679e-05 4.11714e-06 6.99832e-07 9.88309e-08 1.05631e-08 6.13615e-10 0 
0 0.000526932 0.00293363 0.00712596 0.0128028 0.0198051 0.0278016 0.0363518 0.0449578 0.0531381 0.0610192 0.0697155 0.0765597 0.0799171 0.0805092 0.0786262 0.0737911 0.0662677 0.0588068 0.0522426 0.0455891 0.0389152 0.0324787 0.0264943 0.0211122 0.0164194 0.0124442 0.0091623 0.00649779 0.00433698 0.00259219 0.00128908 0.000501336 0.000150922 3.63749e-05 7.29138e-06 1.23436e-06 1.72753e-07 1.82606e-08 1.04847e-09 0 
0 0.000680378 0.00356003 0.00845725 0.0151433 0.0234085 0.0328495 0.042945 0.0531381 0.0637511 0.0766286 0.0848607 0.0887221 0.0905119 0.0908643 0.0898995 0.0873837 0.0824033 0.0728394 0.0621718 0.0538754 0.0459738 0.038374 0.0313088 0.0249555 0.0194169 0.0147286 0.0108673 0.00775674 0.00527113 0.00327641 0.00173393 0.000722603 0.000229465 5.69484e-05 1.15357e-05 1.95214e-06 2.71643e-07 2.84816e-08 1.62079e-09 0 
0 0.000819457 0.00410262 0.00962808 0.0172121 0.0265955 0.0373144 0.0487884 0.0610192 0.0766286 0.0869162 0.0917909 0.0944631 0.0957947 0.0960792 0.0953833 0.0936042 0.0903825 0.0847151 0.0736822 0.0615339 0.0522306 0.0435895 0.035568 0.0283552 0.0220681 0.0167476 0.0123701 0.00885691 0.00607672 0.003869 0.00213958 0.000942904 0.00031429 8.03312e-05 1.64763e-05 2.79409e-06 3.87572e-07 4.0411e-08 2.28475e-09 0 
0 0.000933544 0.00453682 0.0105763 0.0188915 0.0291831 0.0409403 0.0536645 0.0697155 0.0848607 0.0917909 0.0955994 0.0978257 0.098971 0.0992282 0.098646 0.0971612 0.0945587 0.0902927 0.0827424 0.0692349 0.0574128 0.0478276 0.0390272 0.0311164 0.0242212 0.0183869 0.0135889 0.00974513 0.00672065 0.00434059 0.00247156 0.00113516 0.000393589 0.00010325 2.14375e-05 3.64755e-06 5.05292e-07 5.25025e-08 2.95544e-09 0 
0 0.00101549 0.00484455 0.0112536 0.0200922 0.0310332 0.0435354 0.0576498 0.0765597 0.0887221 0.0944631 0.0978257 0.0998473 0.100904 0.101148 0.100622 0.0992769 0.0969514 0.0932564 0.0871624 0.0755722 0.061444 0.050868 0.041502 0.0330917 0.0257616 0.0195597 0.0144605 0.0103789 0.0071774 0.0046734 0.00270932 0.0012791 0.000456212 0.000122083 2.56052e-05 4.37172e-06 6.05551e-07 6.28076e-08 3.52666e-09 0 
0 0.00106135 0.00501502 0.01163 0.02076 0.0320621 0.044983 0.0603141 0.0799171 0.0905119 0.0957947 0.098971 0.100904 0.101921 0.10216 0.101659 0.100376 0.0981698 0.0947095 0.0891585 0.0788875 0.0639829 0.0525722 0.0428802 0.0341919 0.0266197 0.0202131 0.0149461 0.010732 0.00743131 0.00485822 0.00284291 0.00136261 0.000494036 0.000133829 2.82571e-05 4.83785e-06 6.70532e-07 6.95184e-08 3.90006e-09 0 
0 0.00106997 0.00504548 0.0116967 0.0208781 0.032244 0.0452397 0.0608409 0.0805092 0.0908643 0.0960792 0.0992282 0.101148 0.10216 0.102398 0.101901 0.100627 0.0984392 0.0950139 0.0895431 0.0794842 0.0644747 0.0528791 0.0431273 0.0343896 0.0267742 0.0203312 0.0150343 0.0107966 0.0074785 0.00489381 0.00287036 0.00138122 0.000503131 0.000136831 2.89675e-05 4.96767e-06 6.89264e-07 7.1516e-08 4.01472e-09 0 
0 0.0010427 0.00494128 0.0114649 0.0204665 0.0316097 0.0443456 0.0591164 0.0786262 0.0898995 0.0953833 0.098646 0.100622 0.101659 0.101901 0.101388 0.100076 0.0978142 0.094248 0.0884624 0.0775863 0.0628614 0.0518322 0.0422842 0.0337174 0.0262508 0.0199334 0.0147396 0.0105836 0.00732719 0.00478661 0.00279622 0.00133706 0.000483938 0.000131082 2.77147e-05 4.75545e-06 6.6082e-07 6.87007e-08 3.86516e-09 0 
0 0.000982992 0.00471492 0.0109638 0.0195774 0.0302393 0.0424211 0.0558473 0.0737911 0.0873837 0.0936042 0.0971612 0.0992769 0.100376 0.100627 0.100076 0.0986676 0.0962196 0.0922829 0.0856154 0.0729512 0.0596773 0.0495811 0.0404585 0.0322612 0.0251164 0.0190709 0.0141 0.0101204 0.00699654 0.00455007 0.0026308 0.001238 0.000440841 0.000118123 2.48651e-05 4.26627e-06 5.94203e-07 6.19876e-08 3.50136e-09 0 
0 0.000896059 0.00438439 0.0102364 0.0182878 0.0282521 0.0396354 0.0518699 0.0662677 0.0824033 0.0903825 0.0945587 0.0969514 0.0981698 0.0984392 0.0978142 0.0962196 0.0933977 0.0886633 0.0798688 0.0662269 0.0555497 0.04633 0.0378094 0.0301483 0.0234704 0.0178195 0.0131718 0.00944743 0.00651449 0.00420376 0.00239 0.0010971 0.000381339 0.000100616 2.10549e-05 3.614e-06 5.05265e-07 5.29975e-08 3.01224e-09 0 
0 0.000788491 0.00397117 0.00933494 0.0166916 0.0257928 0.0361897 0.0473128 0.0588068 0.0728394 0.0847151 0.0902927 0.0932564 0.0947095 0.0950139 0.094248 0.0922829 0.0886633 0.082018 0.0701822 0.0595267 0.0506872 0.0423121 0.0345309 0.0275336 0.0214339 0.0162715 0.0120237 0.00861408 0.00591533 0.00377305 0.00209596 0.000932213 0.000314945 8.17374e-05 1.70211e-05 2.92904e-06 4.12144e-07 4.35897e-08 2.5001e-09 0 
0 0.000667866 0.00349812 0.00831508 0.0148902 0.0230181 0.0323025 0.0422309 0.0522426 0.0621718 0.0736822 0.0827424 0.0871624 0.0891585 0.0895431 0.0884624 0.0856154 0.0798688 0.0701822 0.0609344 0.0530123 0.0452527 0.0377803 0.0308328 0.0245849 0.019138 0.0145272 0.0107304 0.0076743 0.00523854 0.00329095 0.00177906 0.00076542 0.000251858 6.45577e-05 1.3438e-05 2.32807e-06 3.30949e-07 3.54126e-08 2.0556e-09 0 
0 0.000542307 0.00298804 0.0072308 0.0129838 0.0200832 0.0281915 0.0368617 0.0455891 0.0538754 0.0615339 0.0692349 0.0755722 0.0788875 0.0794842 0.0775863 0.0729512 0.0662269 0.0595267 0.0530123 0.0462753 0.0395115 0.0329881 0.026923 0.0214687 0.0167134 0.012687 0.0093675 0.00668532 0.00453222 0.00280422 0.00148067 0.000621758 0.000201566 5.1552e-05 1.08059e-05 1.89402e-06 2.72862e-07 2.95915e-08 1.73964e-09 0 
0 0.000419922 0.00246308 0.00612952 0.0110636 0.0171305 0.0240563 0.0314616 0.0389152 0.0459738 0.0522306 0.0574128 0.061444 0.0639829 0.0644747 0.0628614 0.0596773 0.0555497 0.0506872 0.0452527 0.0395115 0.0337378 0.0281694 0.022993 0.0183387 0.0142825 0.0108494 0.00801698 0.00572059 0.00386937 0.00238382 0.00125345 0.00052612 0.000171508 4.4315e-05 9.40189e-06 1.66764e-06 2.4283e-07 2.65758e-08 1.57406e-09 0 
0 0.000308078 0.0019452 0.0050487 0.00920565 0.0142809 0.0200672 0.0262529 0.0324787 0.038374 0.0435895 0.0478276 0.050868 0.0525722 0.0528791 0.0518322 0.0495811 0.04633 0.0423121 0.0377803 0.0329881 0.0281694 0.0235234 0.0192067 0.0153327 0.0119753 0.00916344 0.00686036 0.0049723 0.00341171 0.00213732 0.00115181 0.000497258 0.000165803 4.34166e-05 9.26522e-06 1.64533e-06 2.39224e-07 2.61009e-08 1.53962e-09 0 
0 0.000212567 0.00145716 0.00401552 0.0074649 0.0116275 0.0163569 0.0214096 0.0264943 0.0313088 0.035568 0.0390272 0.041502 0.0428802 0.0431273 0.0422842 0.0404585 0.0378094 0.0345309 0.0308328 0.026923 0.022993 0.0192067 0.0157009 0.0126053 0.0100692 0.00818385 0.0067618 0.00536407 0.00380152 0.00234065 0.00124622 0.00054566 0.000184554 4.82741e-05 1.01757e-05 1.77697e-06 2.53852e-07 2.72291e-08 1.58067e-09 0 
0 0.000136824 0.00102242 0.003051 0.00587281 0.00923199 0.0130171 0.0170528 0.0211122 0.0249555 0.0283552 0.0311164 0.0330917 0.0341919 0.0343896 0.0337174 0.0322612 0.0301483 0.0275336 0.0245849 0.0214687 0.0183387 0.0153327 0.0126053 0.0104584 0.00948404 0.0101148 0.0113623 0.0109231 0.00797031 0.00433939 0.00188825 0.000716572 0.000228018 5.73143e-05 1.1638e-05 1.96569e-06 2.72774e-07 2.85215e-08 1.61879e-09 0 
0 8.14836e-05 0.000662315 0.00217824 0.00443957 0.00712094 0.0100973 0.0132517 0.0164194 0.0194169 0.0220681 0.0242212 0.0257616 0.0266197 0.0267742 0.0262508 0.0251164 0.0234704 0.0214339 0.019138 0.0167134 0.0142825 0.0119753 0.0100692 0.00948404 0.0123246 0.0201928 0.0355117 0.0429681 0.0237651 0.0117423 0.00421616 0.00120294 0.000309153 6.89241e-05 1.29718e-05 2.08542e-06 2.79579e-07 2.84478e-08 1.57791e-09 0 
0 4.45505e-05 0.000390365 0.00142936 0.00316745 0.00528731 0.00760377 0.0100257 0.0124442 0.0147286 0.0167476 0.0183869 0.0195597 0.0202131 0.0203312 0.0199334 0.0190709 0.0178195 0.0162715 0.0145272 0.012687 0.0108494 0.00916344 0.00818385 0.0101148 0.0201928 0.0508423 0.077218 0.0791612 0.0701309 0.02785 0.00919359 0.00221519 0.000443808 8.12578e-05 1.34955e-05 2.02624e-06 2.61873e-07 2.60115e-08 1.41558e-09 0 
0 2.22168e-05 0.00020672 0.000840967 0.00207339 0.00370549 0.00550109 0.00734528 0.0091623 0.0108673 0.0123701 0.0135889 0.0144605 0.0149461 0.0150343 0.0147396 0.0141 0.0131718 0.0120237 0.0107304 0.0093675 0.00801698 0.00686036 0.0067618 0.0113623 0.0355117 0.077218 0.0847453 0.0856155 0.0816731 0.061055 0.014834 0.00335929 0.000580202 8.81615e-05 1.26251e-05 1.747e-06 2.17958e-07 2.12714e-08 1.14357e-09 0 
0 1.00583e-05 9.75236e-05 0.000434032 0.00120155 0.00236775 0.00373239 0.00513682 0.00649779 0.00775674 0.00885691 0.00974513 0.0103789 0.010732 0.0107966 0.0105836 0.0101204 0.00944743 0.00861408 0.0076743 0.00668532 0.00572059 0.0049723 0.00536407 0.0109231 0.0429681 0.0791612 0.0856155 0.0865056 0.0833572 0.0699874 0.0169867 0.00363375 0.000589658 7.96957e-05 1.01099e-05 1.30158e-06 1.58212e-07 1.53174e-08 8.2056e-10 0 
0 4.12336e-06 4.085e-05 0.000193971 0.000596284 0.00131658 0.00227257 0.00331619 0.00433698 0.00527113 0.00607672 0.00672065 0.0071774 0.00743131 0.0074785 0.00732719 0.00699654 0.00651449 0.00591533 0.00523854 0.00453222 0.00386937 0.00341171 0.00380152 0.00797031 0.0237651 0.0701309 0.0816731 0.0833572 0.0780631 0.0449437 0.0120887 0.00268564 0.00042935 5.52103e-05 6.58423e-06 8.18872e-07 9.89546e-08 9.62378e-09 5.18691e-10 0 
0 1.52929e-06 1.52105e-05 7.49458e-05 0.000248841 0.000610277 0.00117183 0.00186492 0.00259219 0.00327641 0.003869 0.00434059 0.0046734 0.00485822 0.00489381 0.00478661 0.00455007 0.00420376 0.00377305 0.00329095 0.00280422 0.00238382 0.00213732 0.00234065 0.00433939 0.0117423 0.02785 0.061055 0.0699874 0.0449437 0.0181627 0.00599257 0.0013459 0.000218343 2.81598e-05 3.38552e-06 4.29585e-07 5.30298e-08 5.25269e-09 2.87592e-10 0 
0 5.13244e-07 5.05418e-06 2.52172e-05 8.74959e-05 0.000231405 0.000488421 0.000854901 0.00128908 0.00173393 0.00213958 0.00247156 0.00270932 0.00284291 0.00287036 0.00279622 0.0026308 0.00239 0.00209596 0.00177906 0.00148067 0.00125345 0.00115181 0.00124622 0.00188825 0.00421616 0.00919359 0.014834 0.0169867 0.0120887 0.00599257 0.00200077 0.000462262 7.79507e-05 1.06066e-05 1.38148e-06 1.88603e-07 2.43713e-08 2.4887e-09 1.39629e-10 0 
0 1.55891e-07 1.50507e-06 7.46768e-06 2.63213e-05 7.25021e-05 0.000162961 0.000307747 0.000501336 0.000722603 0.000942904 0.00113516 0.0012791 0.00136261 0.00138122 0.00133706 0.001238 0.0010971 0.000932213 0.00076542 0.000621758 0.00052612 0.000497258 0.00054566 0.000716572 0.00120294 0.00221519 0.00335929 0.00363375 0.00268564 0.0013459 0.000462262 0.000111868 2.02182e-05 3.08868e-06 4.6428e-07 7.04253e-08 9.65418e-09 1.02494e-09 5.9343e-11 0 
0 4.2806e-08 4.02663e-07 1.96366e-06 6.89462e-06 1.92356e-05 4.45503e-05 8.79259e-05 0.000150922 0.000229465 0.00031429 0.000393589 0.000456212 0.000494036 0.000503131 0.000483938 0.000440841 0.000381339 0.000314945 0.000251858 0.000201566 0.000171508 0.000165803 0.000184554 0.000228018 0.000309153 0.000443808 0.000580202 0.000589658 0.00042935 0.000218343 7.79507e-05 2.02182e-05 4.13318e-06 7.55876e-07 1.34805e-07 2.27436e-08 3.31344e-09 3.67442e-10 2.20686e-11 0 
0 1.05837e-08 9.66665e-08 4.60231e-07 1.59098e-06 4.41671e-06 1.02953e-05 2.06679e-05 3.63749e-05 5.69484e-05 8.03312e-05 0.00010325 0.000122083 0.000133829 0.000136831 0.000131082 0.000118123 0.000100616 8.17374e-05 6.45577e-05 5.1552e-05 4.4315e-05 4.34166e-05 4.82741e-05 5.73143e-05 6.89241e-05 8.12578e-05 8.81615e-05 7.96957e-05 5.52103e-05 2.81598e-05 1.06066e-05 3.08868e-06 7.55876e-07 1.68368e-07 3.47642e-08 6.39896e-09 9.87054e-10 1.14589e-10 7.16377e-12 0 
0 2.33409e-09 2.06683e-08 9.57516e-08 3.23903e-07 8.86046e-07 2.05063e-06 4.11714e-06 7.29138e-06 1.15357e-05 1.64763e-05 2.14375e-05 2.56052e-05 2.82571e-05 2.89675e-05 2.77147e-05 2.48651e-05 2.10549e-05 1.70211e-05 1.3438e-05 1.08059e-05 9.40189e-06 9.26522e-06 1.01757e-05 1.1638e-05 1.29718e-05 1.34955e-05 1.26251e-05 1.01099e-05 6.58423e-06 3.38552e-06 1.38148e-06 4.6428e-07 1.34805e-07 3.47642e-08 7.93105e-09 1.56189e-09 2.54095e-10 3.09061e-11 2.01509e-12 0 
0 4.50069e-10 3.86323e-09 1.73956e-08 5.74277e-08 1.54077e-07 3.51628e-07 6.99832e-07 1.23436e-06 1.95214e-06 2.79409e-06 3.64755e-06 4.37172e-06 4.83785e-06 4.96767e-06 4.75545e-06 4.26627e-06 3.614e-06 2.92904e-06 2.32807e-06 1.89402e-06 1.66764e-06 1.64533e-06 1.77697e-06 1.96569e-06 2.08542e-06 2.02624e-06 1.747e-06 1.30158e-06 8.18872e-07 4.29585e-07 1.88603e-07 7.04253e-08 2.27436e-08 6.39896e-09 1.56189e-09 3.25381e-10 5.5672e-11 7.09305e-12 4.82646e-13 0 
0 7.27241e-11 6.05538e-10 2.65073e-09 8.53438e-09 2.24178e-08 5.02988e-08 9.88309e-08 1.72753e-07 2.71643e-07 3.87572e-07 5.05292e-07 6.05551e-07 6.70532e-07 6.89264e-07 6.6082e-07 5.94203e-07 5.05265e-07 4.12144e-07 3.30949e-07 2.72862e-07 2.4283e-07 2.39224e-07 2.53852e-07 2.72774e-07 2.79579e-07 2.61873e-07 2.17958e-07 1.58212e-07 9.89546e-08 5.30298e-08 2.43713e-08 9.65418e-09 3.31344e-09 9.87054e-10 2.54095e-10 5.5672e-11 9.99335e-12 1.33223e-12 9.45762e-14 0 
0 8.89232e-12 7.19146e-11 3.06344e-10 9.62389e-10 2.47458e-09 5.45386e-09 1.05631e-08 1.82606e-08 2.84816e-08 4.0411e-08 5.25025e-08 6.28076e-08 6.95184e-08 7.1516e-08 6.87007e-08 6.19876e-08 5.29975e-08 4.35897e-08 3.54126e-08 2.95915e-08 2.65758e-08 2.61009e-08 2.72291e-08 2.85215e-08 2.84478e-08 2.60115e-08 2.12714e-08 1.53174e-08 9.62378e-09 5.25269e-09 2.4887e-09 1.02494e-09 3.67442e-10 1.14589e-10 3.09061e-11 7.09305e-12 1.33223e-12 1.85502e-13 1.37247e-14 0 
0 5.88094e-13 4.6267e-12 1.92068e-11 5.89412e-11 1.48458e-10 3.21474e-10 6.13615e-10 1.04847e-09 1.62079e-09 2.28475e-09 2.95544e-09 3.52666e-09 3.90006e-09 4.01472e-09 3.86516e-09 3.50136e-09 3.01224e-09 2.5001e-09 2.0556e-09 1.73964e-09 1.57406e-09 1.53962e-09 1.58067e-09 1.61879e-09 1.57791e-09 1.41558e-09 1.14357e-09 8.2056e-10 5.18691e-10 2.87592e-10 1.39629e-10 5.9343e-11 2.20686e-11 7.16377e-12 2.01509e-12 4.82646e-13 9.45762e-14 1.37247e-14 1.05667e-15 0 
0 0 0 0 0 0 0 0 0 0 0 0 0 0 0 0 0 0 0 0 0 0 0 0 0 0 0 0 0 0 0 0 0 0 0 0 0 0 0 0 0 
