0 0 0 0 0 0 0 0 0 0 0 0 0 0 0 0 0 0 0 0 0 0 0 0 0 0 0 0 0 0 0 0 0 0 0 0 0 0 0 0 0 
0 4.85683e-07 4.30257e-06 1.87559e-05 5.58719e-05 0.000127126 0.000235819 0.00037448 0.000528654 0.000682359 0.000821626 0.000935842 0.00101787 0.00106376 0.00107239 0.00104509 0.000985321 0.000898296 0.0007906 0.00066981 0.00054405 0.000421429 0.000309323 0.00021354 0.000137534 8.19625e-05 4.48452e-05 2.23806e-05 1.01401e-05 4.15984e-06 1.54383e-06 5.18423e-07 1.57543e-07 4.32781e-08 1.07042e-08 2.36135e-09 4.55436e-10 7.36055e-11 9.0015e-12 5.95389e-13 0 
0 4.30257e-06 3.88174e-05 0.000165565 0.00046091 0.000948341 0.00157517 0.00226076 0.00293934 0.00356603 0.00410883 0.00454321 0.00485108 0.00502161 0.00505207 0.00494782 0.00472134 0.00439066 0.00397726 0.00350402 0.00299374 0.00246852 0.0019503 0.00146177 0.00102636 0.00066542 0.000392565 0.000208093 9.82701e-05 4.12013e-05 1.5354e-05 5.10544e-06 1.52121e-06 4.0717e-07 9.77842e-08 2.09134e-08 3.90991e-09 6.12964e-10 7.28066e-11 4.68459e-12 0 
0 1.87559e-05 0.000165565 0.000649259 0.00158433 0.00284757 0.00425872 0.00571031 0.00713491 0.00846699 0.00963856 0.0105874 0.0112651 0.0116419 0.0117086 0.0114766 0.0109751 0.0102472 0.00934516 0.00832465 0.00723976 0.00613793 0.00505669 0.0040232 0.00305835 0.00218506 0.00143521 0.000845409 0.000436892 0.000195499 7.56225e-05 2.54687e-05 7.54763e-06 1.98577e-06 4.65602e-07 9.68983e-08 1.76078e-08 2.68353e-09 3.10173e-10 1.94486e-11 0 
0 5.58719e-05 0.00046091 0.00158433 0.00336482 0.00550791 0.00786277 0.0103382 0.0128161 0.0151582 0.0172286 0.0189093 0.0201109 0.0207791 0.0208973 0.0204854 0.0195955 0.018305 0.0167076 0.0149049 0.0129971 0.0110757 0.00921648 0.00747478 0.00588204 0.00444842 0.00317594 0.0020811 0.00120767 0.000600259 0.000250882 8.8327e-05 2.65974e-05 6.97181e-06 1.60958e-06 3.27801e-07 5.81324e-08 8.64053e-09 9.74473e-10 5.96862e-11 0 
0 0.000127126 0.000948341 0.00284757 0.00550791 0.0086701 0.0122258 0.0160142 0.0198239 0.0234301 0.0266194 0.0292089 0.0310604 0.03209 0.0322721 0.0316372 0.0302659 0.0282771 0.025816 0.0230392 0.0201021 0.0171473 0.0142956 0.0116404 0.00924331 0.0071312 0.005297 0.00371485 0.00237641 0.00132346 0.000614563 0.000233421 7.32304e-05 1.94469e-05 4.46799e-06 8.96696e-07 1.5597e-07 2.26971e-08 2.5057e-09 1.50337e-10 0 
0 0.000235819 0.00157517 0.00425872 0.00786277 0.0122258 0.0171883 0.0224908 0.0278266 0.0328784 0.0373466 0.0409752 0.0435724 0.0450214 0.0452784 0.0443833 0.042457 0.0396692 0.0362209 0.0323308 0.0282167 0.0240784 0.0200863 0.0163733 0.0130311 0.0101094 0.00761456 0.0055112 0.00374218 0.0022815 0.00117854 0.000492181 0.000164492 4.50239e-05 1.04131e-05 2.07511e-06 3.55935e-07 5.09247e-08 5.52241e-09 3.2554e-10 0 
0 0.00037448 0.00226076 0.00571031 0.0103382 0.0160142 0.0224908 0.0294149 0.0363834 0.0429816 0.0488299 0.0537176 0.0577377 0.0604364 0.0609707 0.059224 0.0559162 0.0519161 0.0473527 0.0422668 0.0368935 0.0314894 0.0262768 0.0214299 0.0170699 0.013266 0.0100379 0.00735615 0.00514707 0.00332607 0.00187346 0.000860562 0.0003104 8.88193e-05 2.08989e-05 4.16572e-06 7.08349e-07 1.00056e-07 1.06955e-08 6.21357e-10 0 
0 0.000528654 0.00293934 0.00713491 0.0128161 0.0198239 0.0278266 0.0363834 0.0449959 0.0531838 0.0611079 0.0698979 0.0767527 0.0800855 0.0806728 0.0788092 0.0739928 0.0664178 0.0588714 0.0522867 0.0456275 0.0389486 0.0325073 0.0265184 0.0211324 0.0164361 0.0124581 0.00917413 0.00650845 0.00434721 0.00260173 0.00129635 0.00050525 0.000152375 3.67701e-05 7.37611e-06 1.24925e-06 1.74881e-07 1.84883e-08 1.06164e-09 0 
0 0.000682359 0.00356603 0.00846699 0.0151582 0.0234301 0.0328784 0.0429816 0.0531838 0.0638594 0.0768268 0.0849698 0.0887871 0.0905598 0.0909098 0.0899552 0.0874669 0.0825516 0.0730316 0.0622482 0.0539209 0.0460125 0.038407 0.0313366 0.0249785 0.0194358 0.0147441 0.0108802 0.0077679 0.00528153 0.00328639 0.0017423 0.000727698 0.000231549 5.75481e-05 1.16674e-05 1.97543e-06 2.74963e-07 2.88346e-08 1.64104e-09 0 
0 0.000821626 0.00410883 0.00963856 0.0172286 0.0266194 0.0373466 0.0488299 0.0611079 0.0768268 0.0869991 0.091826 0.0944755 0.0957969 0.0960799 0.0953903 0.0936267 0.0904358 0.0848308 0.073867 0.0616028 0.0522744 0.0436263 0.0355989 0.0283807 0.022089 0.0167646 0.012384 0.0088686 0.00608728 0.00387914 0.00214862 0.000948951 0.000316988 8.11511e-05 1.66611e-05 2.82705e-06 3.92271e-07 4.09086e-08 2.31314e-09 0 
0 0.000935842 0.00454321 0.0105874 0.0189093 0.0292089 0.0409752 0.0537176 0.0698979 0.0849698 0.091826 0.0956025 0.0978123 0.0989498 0.0992058 0.0986285 0.0971554 0.0945742 0.0903474 0.0828814 0.0693774 0.0574656 0.0478676 0.0390606 0.0311439 0.0242436 0.018405 0.0136036 0.00975729 0.00673137 0.00435079 0.00248093 0.00114188 0.000396805 0.000104275 2.1674e-05 3.69011e-06 5.11369e-07 5.31447e-08 2.99196e-09 0 
0 0.00101787 0.00485108 0.0112651 0.0201109 0.0310604 0.0435724 0.0577377 0.0767527 0.0887871 0.0944755 0.0978123 0.0998199 0.10087 0.101113 0.100591 0.0992561 0.0969483 0.0932842 0.0872494 0.0757444 0.0615193 0.0509106 0.0415371 0.0331207 0.0257851 0.0195786 0.0144757 0.0103914 0.00718823 0.00468359 0.00271885 0.00128623 0.000459799 0.000123267 2.58837e-05 4.42225e-06 6.12779e-07 6.35708e-08 3.56997e-09 0 
0 0.00106376 0.00502161 0.0116419 0.0207791 0.03209 0.0450214 0.0604364 0.0800855 0.0905598 0.0957969 0.0989498 0.10087 0.10188 0.102119 0.101621 0.100348 0.0981583 0.0947256 0.0892252 0.0790497 0.0640815 0.0526167 0.0429163 0.0342216 0.0266438 0.0202325 0.0149617 0.0107447 0.00744219 0.00486837 0.00285247 0.00136994 0.000497825 0.000135107 2.85612e-05 4.89331e-06 6.78482e-07 7.0358e-08 3.94767e-09 0 
0 0.00107239 0.00505207 0.0117086 0.0208973 0.0322721 0.0452784 0.0609707 0.0806728 0.0909098 0.0960799 0.0992058 0.101113 0.102119 0.102356 0.101863 0.100598 0.0984263 0.0950282 0.0896067 0.0796437 0.0645785 0.0529239 0.0431634 0.0344193 0.0267983 0.0203505 0.0150498 0.0108092 0.00748933 0.0049039 0.00287987 0.00138855 0.000506949 0.000138126 2.92771e-05 5.02426e-06 6.97384e-07 7.23742e-08 4.06341e-09 0 
0 0.00104509 0.00494782 0.0114766 0.0204854 0.0316372 0.0443833 0.059224 0.0788092 0.0899552 0.0953903 0.0986285 0.100591 0.101621 0.101863 0.101354 0.100051 0.0978067 0.0942694 0.0885381 0.0777569 0.0629496 0.0518754 0.0423196 0.0337465 0.0262744 0.0199524 0.0147548 0.010596 0.00733787 0.00479659 0.0028056 0.00134422 0.00048762 0.00013232 2.80096e-05 4.8093e-06 6.68552e-07 6.95189e-08 3.91165e-09 0 
0 0.000985321 0.00472134 0.0109751 0.0195955 0.0302659 0.042457 0.0559162 0.0739928 0.0874669 0.0936267 0.0971554 0.0992561 0.100348 0.100598 0.100051 0.0986538 0.096225 0.0923224 0.0857239 0.0731201 0.0597396 0.0496219 0.0404923 0.0322891 0.025139 0.0190891 0.0141146 0.0101324 0.00700697 0.0045599 0.00263996 0.0012448 0.000444236 0.000119242 2.51285e-05 4.31422e-06 6.01089e-07 6.27176e-08 3.54295e-09 0 
0 0.000898296 0.00439066 0.0102472 0.018305 0.0282771 0.0396692 0.0519161 0.0664178 0.0825516 0.0904358 0.0945742 0.0969483 0.0981583 0.0984263 0.0978067 0.096225 0.0934272 0.0887386 0.0800412 0.0663374 0.0555968 0.046368 0.0378411 0.0301744 0.0234916 0.0178366 0.0131856 0.00945888 0.00652459 0.00421335 0.00239878 0.00110336 0.000384325 0.00010157 2.12762e-05 3.65407e-06 5.11022e-07 5.36096e-08 3.04724e-09 0 
0 0.0007906 0.00397726 0.00934516 0.0167076 0.025816 0.0362209 0.0473527 0.0588714 0.0730316 0.0848308 0.0903474 0.0932842 0.0947256 0.0950282 0.0942694 0.0923224 0.0887386 0.0821724 0.0703336 0.0595818 0.0507284 0.0423469 0.03456 0.0275576 0.0214533 0.0162872 0.0120365 0.00862481 0.00592498 0.00378226 0.00210416 0.000937727 0.000317435 8.25047e-05 1.71963e-05 2.96062e-06 4.16688e-07 4.40748e-08 2.52799e-09 0 
0 0.00066981 0.00350402 0.00832465 0.0149049 0.0230392 0.0323308 0.0422668 0.0522867 0.0622482 0.073867 0.0828814 0.0872494 0.0892252 0.0896067 0.0885381 0.0857239 0.0800412 0.0703336 0.0609938 0.0530554 0.0452896 0.0378115 0.0308589 0.0246064 0.0191555 0.0145414 0.010742 0.00768415 0.00524756 0.00329953 0.00178635 0.000770019 0.000253819 6.51421e-05 1.35696e-05 2.35174e-06 3.34368e-07 3.57798e-08 2.07686e-09 0 
0 0.00054405 0.00299374 0.00723976 0.0129971 0.0201021 0.0282167 0.0368935 0.0456275 0.0539209 0.0616028 0.0693774 0.0757444 0.0790497 0.0796437 0.0777569 0.0731201 0.0663374 0.0595818 0.0530554 0.0463129 0.0395439 0.0330157 0.026946 0.0214875 0.0167287 0.0126994 0.00937767 0.00669406 0.00454026 0.00281171 0.00148672 0.000625345 0.000203028 5.1978e-05 1.09012e-05 1.91121e-06 2.75359e-07 2.98619e-08 1.75543e-09 0 
0 0.000421429 0.00246852 0.00613793 0.0110757 0.0171473 0.0240784 0.0314894 0.0389486 0.0460125 0.0522744 0.0574656 0.0615193 0.0640815 0.0645785 0.0629496 0.0597396 0.0555968 0.0507284 0.0452896 0.0395439 0.0337658 0.0281932 0.0230127 0.0183548 0.0142955 0.0108599 0.00802548 0.00572781 0.00387586 0.00238965 0.00125799 0.000528739 0.000172561 4.4621e-05 9.47064e-06 1.68012e-06 2.44659e-07 2.67754e-08 1.5858e-09 0 
0 0.000309323 0.0019503 0.00505669 0.00921648 0.0142956 0.0200863 0.0262768 0.0325073 0.038407 0.0436263 0.0478676 0.0509106 0.0526167 0.0529239 0.0518754 0.0496219 0.046368 0.0423469 0.0378115 0.0330157 0.0281932 0.0235434 0.0192232 0.0153461 0.0119859 0.00917177 0.00686693 0.00497759 0.00341618 0.00214121 0.00115488 0.0004991 0.000166571 4.36451e-05 9.31725e-06 1.65485e-06 2.40625e-07 2.62542e-08 1.54866e-09 0 
0 0.00021354 0.00146177 0.0040232 0.00747478 0.0116404 0.0163733 0.0214299 0.0265184 0.0313366 0.0355989 0.0390606 0.0415371 0.0429163 0.0431634 0.0423196 0.0404923 0.0378411 0.03456 0.0308589 0.026946 0.0230127 0.0192232 0.0157144 0.012616 0.0100775 0.00819039 0.00676703 0.00536824 0.00380471 0.00234312 0.0012482 0.000546981 0.000185158 4.84619e-05 1.0219e-05 1.78488e-06 2.5501e-07 2.73548e-08 1.58803e-09 0 
0 0.000137534 0.00102636 0.00305835 0.00588204 0.00924331 0.0130311 0.0170699 0.0211324 0.0249785 0.0283807 0.0311439 0.0331207 0.0342216 0.0344193 0.0337465 0.0322891 0.0301744 0.0275576 0.0246064 0.0214875 0.0183548 0.0153461 0.012616 0.0104668 0.00949103 0.0101217 0.0113698 0.0109302 0.00797554 0.00434237 0.00188986 0.000717589 0.000228536 5.74848e-05 1.16776e-05 1.97282e-06 2.73796e-07 2.86305e-08 1.62507e-09 0 
0 8.19625e-05 0.00066542 0.00218506 0.00444842 0.0071312 0.0101094 0.013266 0.0164361 0.0194358 0.022089 0.0242436 0.0257851 0.0266438 0.0267983 0.0262744 0.025139 0.0234916 0.0214533 0.0191555 0.0167287 0.0142955 0.0119859 0.0100775 0.00949103 0.0123329 0.0202057 0.0356316 0.043112 0.0238066 0.0117498 0.00421894 0.00120396 0.000309623 6.90852e-05 1.30091e-05 2.092e-06 2.80497e-07 2.85434e-08 1.5833e-09 0 
0 4.48452e-05 0.000392565 0.00143521 0.00317594 0.005297 0.00761456 0.0100379 0.0124581 0.0147441 0.0167646 0.018405 0.0195786 0.0202325 0.0203505 0.0199524 0.0190891 0.0178366 0.0162872 0.0145414 0.0126994 0.0108599 0.00917177 0.00819039 0.0101217 0.0202057 0.0509974 0.0771911 0.0791228 0.07022 0.0278932 0.00919943 0.00221669 0.00044427 8.14073e-05 1.35295e-05 2.03206e-06 2.62665e-07 2.60921e-08 1.42003e-09 0 
0 2.23806e-05 0.000208093 0.000845409 0.0020811 0.00371485 0.0055112 0.00735615 0.00917413 0.0108802 0.012384 0.0136036 0.0144757 0.0149617 0.0150498 0.0147548 0.0141146 0.0131856 0.0120365 0.010742 0.00937767 0.00802548 0.00686693 0.00676703 0.0113698 0.0356316 0.0771911 0.084681 0.0855474 0.0816337 0.0611941 0.0148454 0.00336146 0.000580684 8.8293e-05 1.26535e-05 1.75171e-06 2.18584e-07 2.1334e-08 1.14699e-09 0 
0 1.01401e-05 9.82701e-05 0.000436892 0.00120767 0.00237641 0.00374218 0.00514707 0.00650845 0.0077679 0.0088686 0.00975729 0.0103914 0.0107447 0.0108092 0.010596 0.0101324 0.00945888 0.00862481 0.00768415 0.00669406 0.00572781 0.00497759 0.00536824 0.0109302 0.043112 0.0791228 0.0855474 0.0864343 0.0833053 0.0700712 0.0170266 0.00363608 0.000590112 7.98003e-05 1.01308e-05 1.30494e-06 1.58652e-07 1.53611e-08 8.22931e-10 0 
0 4.15984e-06 4.12013e-05 0.000195499 0.000600259 0.00132346 0.0022815 0.00332607 0.00434721 0.00528153 0.00608728 0.00673137 0.00718823 0.00744219 0.00748933 0.00733787 0.00700697 0.00652459 0.00592498 0.00524756 0.00454026 0.00387586 0.00341618 0.00380471 0.00797554 0.0238066 0.07022 0.0816337 0.0833053 0.0780266 0.0450751 0.0120963 0.00268737 0.000429684 5.52807e-05 6.59738e-06 8.20937e-07 9.92247e-08 9.65069e-09 5.20158e-10 0 
0 1.54383e-06 1.5354e-05 7.56225e-05 0.000250882 0.000614563 0.00117854 0.00187346 0.00260173 0.00328639 0.00387914 0.00435079 0.00468359 0.00486837 0.0049039 0.00479659 0.0045599 0.00421335 0.00378226 0.00329953 0.00281171 0.00238965 0.00214121 0.00234312 0.00434237 0.0117498 0.0278932 0.0611941 0.0700712 0.0450751 0.0181742 0.00599637 0.00134679 0.000218528 2.8198e-05 3.39242e-06 4.30668e-07 5.31733e-08 5.2672e-09 2.88394e-10 0 
0 5.18423e-07 5.10544e-06 2.54687e-05 8.8327e-05 0.000233421 0.000492181 0.000860562 0.00129635 0.0017423 0.00214862 0.00248093 0.00271885 0.00285247 0.00287987 0.0028056 0.00263996 0.00239878 0.00210416 0.00178635 0.00148672 0.00125799 0.00115488 0.0012482 0.00188986 0.00421894 0.00919943 0.0148454 0.0170266 0.0120963 0.00599637 0.00200206 0.000462599 7.80297e-05 1.06231e-05 1.38448e-06 1.89087e-07 2.44371e-08 2.49552e-09 1.40015e-10 0 
0 1.57543e-07 1.52121e-06 7.54763e-06 2.65974e-05 7.32304e-05 0.000164492 0.0003104 0.00050525 0.000727698 0.000948951 0.00114188 0.00128623 0.00136994 0.00138855 0.00134422 0.0012448 0.00110336 0.000937727 0.000770019 0.000625345 0.000528739 0.0004991 0.000546981 0.000717589 0.00120396 0.00221669 0.00336146 0.00363608 0.00268737 0.00134679 0.000462599 0.000111972 2.02445e-05 3.09439e-06 4.65374e-07 7.06095e-08 9.68024e-09 1.02774e-09 5.95058e-11 0 
0 4.32781e-08 4.0717e-07 1.98577e-06 6.97181e-06 1.94469e-05 4.50239e-05 8.88193e-05 0.000152375 0.000231549 0.000316988 0.000396805 0.000459799 0.000497825 0.000506949 0.00048762 0.000444236 0.000384325 0.000317435 0.000253819 0.000203028 0.000172561 0.000166571 0.000185158 0.000228536 0.000309623 0.00044427 0.000580684 0.000590112 0.000429684 0.000218528 7.80297e-05 2.02445e-05 4.14032e-06 7.57539e-07 1.35145e-07 2.2804e-08 3.32239e-09 3.68441e-10 2.21289e-11 0 
0 1.07042e-08 9.77842e-08 4.65602e-07 1.60958e-06 4.46799e-06 1.04131e-05 2.08989e-05 3.67701e-05 5.75481e-05 8.11511e-05 0.000104275 0.000123267 0.000135107 0.000138126 0.00013232 0.000119242 0.00010157 8.25047e-05 6.51421e-05 5.1978e-05 4.4621e-05 4.36451e-05 4.84619e-05 5.74848e-05 6.90852e-05 8.14073e-05 8.8293e-05 7.98003e-05 5.52807e-05 2.8198e-05 1.06231e-05 3.09439e-06 7.57539e-07 1.68785e-07 3.48556e-08 6.41612e-09 9.89722e-10 1.149e-10 7.18327e-12 0 
0 2.36135e-09 2.09134e-08 9.68983e-08 3.27801e-07 8.96696e-07 2.07511e-06 4.16572e-06 7.37611e-06 1.16674e-05 1.66611e-05 2.1674e-05 2.58837e-05 2.85612e-05 2.92771e-05 2.80096e-05 2.51285e-05 2.12762e-05 1.71963e-05 1.35696e-05 1.09012e-05 9.47064e-06 9.31725e-06 1.0219e-05 1.16776e-05 1.30091e-05 1.35295e-05 1.26535e-05 1.01308e-05 6.59738e-06 3.39242e-06 1.38448e-06 4.65374e-07 1.35145e-07 3.48556e-08 7.95227e-09 1.56609e-09 2.54782e-10 3.09899e-11 2.02057e-12 0 
0 4.55436e-10 3.90991e-09 1.76078e-08 5.81324e-08 1.5597e-07 3.55935e-07 7.08349e-07 1.24925e-06 1.97543e-06 2.82705e-06 3.69011e-06 4.42225e-06 4.89331e-06 5.02426e-06 4.8093e-06 4.31422e-06 3.65407e-06 2.96062e-06 2.35174e-06 1.91121e-06 1.68012e-06 1.65485e-06 1.78488e-06 1.97282e-06 2.092e-06 2.03206e-06 1.75171e-06 1.30494e-06 8.20937e-07 4.30668e-07 1.89087e-07 7.06095e-08 2.2804e-08 6.41612e-09 1.56609e-09 3.26259e-10 5.58226e-11 7.11228e-12 4.83957e-13 0 
0 7.36055e-11 6.12964e-10 2.68353e-09 8.64053e-09 2.26971e-08 5.09247e-08 1.00056e-07 1.74881e-07 2.74963e-07 3.92271e-07 5.11369e-07 6.12779e-07 6.78482e-07 6.97384e-07 6.68552e-07 6.01089e-07 5.11022e-07 4.16688e-07 3.34368e-07 2.75359e-07 2.44659e-07 2.40625e-07 2.5501e-07 2.73796e-07 2.80497e-07 2.62665e-07 2.18584e-07 1.58652e-07 9.92247e-08 5.31733e-08 2.44371e-08 9.68024e-09 3.32239e-09 9.89722e-10 2.54782e-10 5.58226e-11 1.00204e-11 1.33584e-12 9.48329e-14 0 
0 9.0015e-12 7.28066e-11 3.10173e-10 9.74473e-10 2.5057e-09 5.52241e-09 1.06955e-08 1.84883e-08 2.88346e-08 4.09086e-08 5.31447e-08 6.35708e-08 7.0358e-08 7.23742e-08 6.95189e-08 6.27176e-08 5.36096e-08 4.40748e-08 3.57798e-08 2.98619e-08 2.67754e-08 2.62542e-08 2.73548e-08 2.86305e-08 2.85434e-08 2.60921e-08 2.1334e-08 1.53611e-08 9.65069e-09 5.2672e-09 2.49552e-09 1.02774e-09 3.68441e-10 1.149e-10 3.09899e-11 7.11228e-12 1.33584e-12 1.86005e-13 1.3762e-14 0 
0 5.95389e-13 4.68459e-12 1.94486e-11 5.96862e-11 1.50337e-10 3.2554e-10 6.21357e-10 1.06164e-09 1.64104e-09 2.31314e-09 2.99196e-09 3.56997e-09 3.94767e-09 4.06341e-09 3.91165e-09 3.54295e-09 3.04724e-09 2.52799e-09 2.07686e-09 1.75543e-09 1.5858e-09 1.54866e-09 1.58803e-09 1.62507e-09 1.5833e-09 1.42003e-09 1.14699e-09 8.22931e-10 5.20158e-10 2.88394e-10 1.40015e-10 5.95058e-11 2.21289e-11 7.18327e-12 2.02057e-12 4.83957e-13 9.48329e-14 1.3762e-14 1.05954e-15 0 
0 0 0 0 0 0 0 0 0 0 0 0 0 0 0 0 0 0 0 0 0 0 0 0 0 0 0 0 0 0 0 0 0 0 0 0 0 0 0 0 0 
