0 0 0 0 0 0 0 0 0 0 0 0 0 0 0 0 0 0 0 0 0 0 0 0 0 0 0 0 0 0 0 0 0 0 0 0 0 0 0 0 0 
0 1.62578e-09 1.52735e-08 7.48647e-08 2.66923e-07 7.65722e-07 1.84702e-06 3.83859e-06 6.98816e-06 1.12921e-05 1.6382e-05 2.15524e-05 2.59338e-05 2.87381e-05 2.94771e-05 2.80804e-05 2.48872e-05 2.05287e-05 1.57487e-05 1.12197e-05 7.40899e-06 4.52638e-06 2.55429e-06 1.33007e-06 6.38878e-07 2.83179e-07 1.15936e-07 4.39025e-08 1.54008e-08 5.01202e-09 1.51479e-09 4.25282e-10 1.10798e-10 2.67043e-11 5.91632e-12 1.19053e-12 2.12762e-13 3.2288e-14 3.7492e-15 2.37635e-16 0 
0 1.52735e-08 1.49479e-07 7.6131e-07 2.8051e-06 8.25031e-06 2.02075e-05 4.22132e-05 7.65443e-05 0.000122371 0.000175021 0.000226941 0.000269794 0.000296657 0.000303551 0.000290072 0.00025918 0.00021636 0.000168344 0.000121662 8.13445e-05 5.0127e-05 2.83842e-05 1.4742e-05 7.01987e-06 3.06733e-06 1.23207e-06 4.56024e-07 1.55928e-07 4.93706e-08 1.45016e-08 3.95508e-09 1.00106e-09 2.34513e-10 5.054e-11 9.90279e-12 1.72524e-12 2.55545e-13 2.89995e-14 1.79863e-15 0 
0 7.48647e-08 7.6131e-07 4.01091e-06 1.5152e-05 4.51037e-05 0.000110082 0.000225632 0.000396611 0.00061072 0.0008411 0.00105524 0.00122378 0.00132589 0.00135117 0.0012996 0.00118043 0.0010104 0.00081148 0.00060768 0.000421172 0.000268132 0.000155794 8.22717e-05 3.94337e-05 1.71782e-05 6.82321e-06 2.4816e-06 8.30032e-07 2.56311e-07 7.32941e-08 1.94444e-08 4.78648e-09 1.09093e-09 2.28906e-10 4.37122e-11 7.4306e-12 1.07528e-12 1.19368e-13 7.2518e-15 0 
0 2.66923e-07 2.8051e-06 1.5152e-05 5.78305e-05 0.000170357 0.000402102 0.000782027 0.00129165 0.00187 0.00244134 0.00293841 0.00331182 0.00353118 0.0035836 0.00347174 0.00321173 0.00283111 0.00236665 0.00186211 0.00136499 0.000920956 0.000564904 0.000311891 0.000154173 6.82434e-05 2.71751e-05 9.8037e-06 3.22799e-06 9.76401e-07 2.72681e-07 7.05375e-08 1.69209e-08 3.75859e-09 7.69048e-10 1.43335e-10 2.3807e-11 3.37023e-12 3.66469e-13 2.18356e-14 0 
0 7.65722e-07 8.25031e-06 4.51037e-05 0.000170357 0.000482484 0.00106672 0.00191825 0.00293801 0.00399599 0.00497928 0.0058032 0.00640872 0.00675971 0.00684176 0.00666078 0.00624068 0.00561999 0.00484806 0.00398185 0.00308406 0.0022221 0.00146405 0.000866316 0.000453872 0.000209258 8.51707e-05 3.08964e-05 1.01068e-05 3.01319e-06 8.25458e-07 2.0891e-07 4.89705e-08 1.06262e-08 2.12463e-09 3.87232e-10 6.29552e-11 8.73343e-12 9.31714e-13 5.45335e-14 0 
0 1.84702e-06 2.02075e-05 0.000110082 0.000402102 0.00106672 0.00216955 0.00360136 0.00517856 0.00673847 0.00815498 0.00932974 0.0101891 0.0106858 0.010801 0.0105434 0.0099468 0.00906488 0.00796469 0.00672032 0.00540792 0.00410407 0.00288813 0.00184302 0.00104121 0.000511492 0.00021742 8.06446e-05 2.65139e-05 7.85202e-06 2.1215e-06 5.27441e-07 1.21213e-07 2.57671e-08 5.04713e-09 9.01615e-10 1.43788e-10 1.95862e-11 2.05401e-12 1.18315e-13 0 
0 3.83859e-06 4.22132e-05 0.000225632 0.000782027 0.00191825 0.00360136 0.00561619 0.0077464 0.00982056 0.011695 0.0132477 0.0143835 0.0150401 0.0151924 0.0148522 0.0140644 0.0129001 0.0114482 0.00980558 0.0080689 0.00632843 0.00466787 0.00317128 0.00192937 0.00102077 0.000460941 0.000177728 5.94737e-05 1.76485e-05 4.73138e-06 1.16075e-06 2.62483e-07 5.48344e-08 1.0552e-08 1.85239e-09 2.9049e-10 3.89434e-11 4.02344e-12 2.28567e-13 0 
0 6.98816e-06 7.65443e-05 0.000396611 0.00129165 0.00293801 0.00517856 0.0077464 0.0104216 0.0130175 0.0153626 0.0173059 0.0187282 0.0195515 0.0197439 0.0193201 0.0183362 0.0168816 0.015068 0.0130172 0.0108498 0.0086762 0.00659118 0.00467761 0.00302004 0.0017135 0.000827459 0.000335619 0.000115606 3.46684e-05 9.27851e-06 2.25656e-06 5.04008e-07 1.03818e-07 1.96868e-08 3.40586e-09 5.26611e-10 6.96602e-11 7.10793e-12 3.99217e-13 0 
0 1.12921e-05 0.000122371 0.00061072 0.00187 0.00399599 0.00673847 0.00982056 0.0130175 0.0161183 0.0189205 0.021244 0.022946 0.023933 0.0241666 0.0236638 0.0224917 0.0207571 0.0185936 0.0161474 0.0135633 0.0109729 0.00848718 0.00619435 0.00417106 0.00250398 0.00128756 0.000551633 0.000197051 6.01308e-05 1.61533e-05 3.91137e-06 8.66077e-07 1.76497e-07 3.30858e-08 5.65804e-09 8.65116e-10 1.13245e-10 1.14453e-11 6.37398e-13 0 
0 1.6382e-05 0.000175021 0.0008411 0.00244134 0.00497928 0.00815498 0.011695 0.0153626 0.0189205 0.0221373 0.0248065 0.0267639 0.0279018 0.0281754 0.027604 0.026264 0.0242778 0.0217991 0.0189957 0.0160344 0.0130669 0.0102202 0.00759213 0.00525715 0.00328872 0.00178089 0.000803134 0.000298157 9.29617e-05 2.51687e-05 6.0903e-06 1.34157e-06 2.71392e-07 5.04588e-08 8.5578e-09 1.29823e-09 1.68736e-10 1.69503e-11 9.3947e-13 0 
0 2.15524e-05 0.000226941 0.00105524 0.00293841 0.0058032 0.00932974 0.0132477 0.0173059 0.021244 0.0248065 0.0277648 0.0299372 0.0312037 0.0315142 0.0308892 0.0294128 0.0272203 0.0244814 0.0213821 0.0181074 0.0148258 0.0116785 0.00877287 0.00618539 0.00398004 0.00224041 0.00105442 0.000405641 0.000129322 3.53697e-05 8.57801e-06 1.88579e-06 3.79971e-07 7.03184e-08 1.18717e-08 1.79387e-09 2.32482e-10 2.33188e-11 1.29274e-12 0 
0 2.59338e-05 0.000269794 0.00122378 0.00331182 0.00640872 0.0101891 0.0143835 0.0187282 0.022946 0.0267639 0.0299372 0.0322709 0.0336359 0.033978 0.0333182 0.0317458 0.0294052 0.0264776 0.0231625 0.0196579 0.0161448 0.0127752 0.00966427 0.0068916 0.00451619 0.00261098 0.00126866 0.000502472 0.000163444 4.51864e-05 1.10076e-05 2.42255e-06 4.87979e-07 9.02615e-08 1.52398e-08 2.30564e-09 2.99671e-10 3.02093e-11 1.68741e-12 0 
0 2.87381e-05 0.000296657 0.00132589 0.00353118 0.00675971 0.0106858 0.0150401 0.0195515 0.023933 0.0279018 0.0312037 0.0336359 0.035064 0.0354305 0.0347566 0.0331342 0.0307122 0.0276787 0.0242401 0.0206024 0.016954 0.013453 0.01022 0.00733684 0.00486051 0.0028568 0.00141758 0.00057327 0.000189489 5.29323e-05 1.29779e-05 2.86936e-06 5.80483e-07 1.07918e-07 1.83418e-08 2.79947e-09 3.68085e-10 3.76581e-11 2.14219e-12 0 
0 2.94771e-05 0.000303551 0.00135117 0.0035836 0.00684176 0.010801 0.0151924 0.0197439 0.0241666 0.0281754 0.0315142 0.033978 0.0354305 0.0358133 0.0351464 0.0335217 0.0310887 0.0280362 0.0245722 0.0209044 0.0172228 0.0136877 0.010421 0.00750598 0.00499881 0.00296222 0.00148644 0.000608701 0.000203568 5.74455e-05 1.42168e-05 3.17413e-06 6.49408e-07 1.22392e-07 2.11542e-08 3.29569e-09 4.44107e-10 4.67506e-11 2.74573e-12 0 
0 2.80804e-05 0.000290072 0.0012996 0.00347174 0.00666078 0.0105434 0.0148522 0.0193201 0.0236638 0.027604 0.0308892 0.0333182 0.0347566 0.0351464 0.0345064 0.0329257 0.0305501 0.027564 0.0241711 0.0205746 0.0169612 0.0134882 0.010276 0.0074068 0.00493719 0.00293029 0.00147519 0.000607737 0.000205122 5.85962e-05 1.47253e-05 3.35007e-06 7.01322e-07 1.35885e-07 2.42659e-08 3.92438e-09 5.51034e-10 6.05766e-11 3.71607e-12 0 
0 2.48872e-05 0.00025918 0.00118043 0.00321173 0.00624068 0.0099468 0.0140644 0.0183362 0.0224917 0.026264 0.0294128 0.0317458 0.0331342 0.0335217 0.0329257 0.0314303 0.029174 0.0263321 0.0230985 0.0196669 0.0162154 0.0128942 0.00981853 0.00706813 0.00470022 0.00278087 0.00139761 0.000577832 0.000197294 5.74957e-05 1.48557e-05 3.50079e-06 7.64459e-07 1.55453e-07 2.9264e-08 4.99848e-09 7.40459e-10 8.55377e-11 5.4797e-12 0 
0 2.05287e-05 0.00021636 0.0010104 0.00283111 0.00561999 0.00906488 0.0129001 0.0168816 0.0207571 0.0242778 0.0272203 0.0294052 0.0307122 0.0310887 0.0305501 0.029174 0.0270885 0.0244563 0.0214569 0.0182702 0.0150615 0.0119702 0.00910351 0.00653696 0.00432882 0.00254873 0.00127931 0.000533614 0.000186494 5.64565e-05 1.53468e-05 3.84256e-06 8.97153e-07 1.95419e-07 3.92935e-08 7.11946e-09 1.10804e-09 1.33034e-10 8.7636e-12 0 
0 1.57487e-05 0.000168344 0.00081148 0.00236665 0.00484806 0.00796469 0.0114482 0.015068 0.0185936 0.0217991 0.0244814 0.0264776 0.0276787 0.0280362 0.027564 0.0263321 0.0244563 0.0220835 0.0193763 0.0164974 0.0135962 0.0107985 0.00820117 0.00587462 0.00387774 0.00228094 0.00115482 0.000494909 0.000181768 5.89808e-05 1.74056e-05 4.75064e-06 1.20398e-06 2.81655e-07 5.99617e-08 1.13301e-08 1.81331e-09 2.21217e-10 1.46663e-11 0 
0 1.12197e-05 0.000121662 0.00060768 0.00186211 0.00398185 0.00672032 0.00980558 0.0130172 0.0161474 0.0189957 0.0213821 0.0231625 0.0242401 0.0245722 0.0241711 0.0230985 0.0214569 0.0193763 0.0170006 0.0144734 0.0119264 0.00947032 0.00719082 0.0051523 0.00341195 0.0020329 0.00106402 0.000485248 0.000194908 7.02294e-05 2.29998e-05 6.87288e-06 1.86865e-06 4.58998e-07 1.00655e-07 1.92921e-08 3.09576e-09 3.75546e-10 2.46174e-11 0 
0 7.40899e-06 8.13445e-05 0.000421172 0.00136499 0.00308406 0.00540792 0.0080689 0.0108498 0.0135633 0.0160344 0.0181074 0.0196579 0.0206024 0.0209044 0.0205746 0.0196669 0.0182702 0.0164974 0.0144734 0.0123225 0.0101588 0.00807784 0.00615417 0.00444529 0.00300037 0.00186208 0.00104888 0.000532328 0.000242371 9.85079e-05 3.55523e-05 1.13581e-05 3.2095e-06 8.01302e-07 1.75799e-07 3.33551e-08 5.26329e-09 6.25383e-10 4.00692e-11 0 
0 4.52638e-06 5.0127e-05 0.000268132 0.000920956 0.0022221 0.00410407 0.00632843 0.0086762 0.0109729 0.0130669 0.0148258 0.0161448 0.016954 0.0172228 0.0169612 0.0162154 0.0150615 0.0135962 0.0119264 0.0101588 0.00839131 0.00670627 0.00516828 0.0038248 0.0027061 0.00182052 0.0011523 0.00067195 0.000350331 0.000158642 6.13612e-05 2.02487e-05 5.75014e-06 1.41807e-06 3.04317e-07 5.61898e-08 8.60906e-09 9.92725e-10 6.17611e-11 0 
0 2.55429e-06 2.83842e-05 0.000155794 0.000564904 0.00146405 0.00288813 0.00466787 0.00659118 0.00848718 0.0102202 0.0116785 0.0127752 0.013453 0.0136877 0.0134882 0.0128942 0.0119702 0.0107985 0.00947032 0.00807784 0.00670627 0.00542802 0.00429779 0.00334703 0.00257694 0.00195609 0.00143377 0.000972051 0.000576511 0.000284823 0.000114374 3.7544e-05 1.03357e-05 2.44804e-06 5.04237e-07 8.95159e-08 1.32134e-08 1.47123e-09 8.85971e-11 0 
0 1.33007e-06 1.4742e-05 8.22717e-05 0.000311891 0.000866316 0.00184302 0.00317128 0.00467761 0.00619435 0.00759213 0.00877287 0.00966427 0.01022 0.010421 0.010276 0.00981853 0.00910351 0.00820117 0.00719082 0.00615417 0.00516828 0.00429779 0.00358573 0.00304646 0.00266671 0.00240167 0.00214157 0.00173532 0.0011641 0.000608543 0.000242458 7.47822e-05 1.87819e-05 4.06983e-06 7.82264e-07 1.3185e-07 1.86563e-08 2.00192e-09 1.1664e-10 0 
0 6.38878e-07 7.01987e-06 3.94337e-05 0.000154173 0.000453872 0.00104121 0.00192937 0.00302004 0.00417106 0.00525715 0.00618539 0.0068916 0.00733684 0.00750598 0.0074068 0.00706813 0.00653696 0.00587462 0.0051523 0.00444529 0.0038248 0.00334703 0.00304646 0.00296056 0.00319907 0.00386658 0.00459401 0.00448727 0.00324696 0.00168409 0.000627699 0.00017174 3.65304e-05 6.67084e-06 1.13011e-06 1.76626e-07 2.38264e-08 2.46501e-09 1.39227e-10 0 
0 2.83179e-07 3.06733e-06 1.71782e-05 6.82434e-05 0.000209258 0.000511492 0.00102077 0.0017135 0.00250398 0.00328872 0.00398004 0.00451619 0.00486051 0.00499881 0.00493719 0.00470022 0.00432882 0.00387774 0.00341195 0.00300037 0.0027061 0.00257694 0.00266671 0.00319907 0.00489679 0.00847684 0.0125043 0.0133901 0.00987722 0.00496818 0.00172275 0.000421395 7.57269e-05 1.10839e-05 1.53571e-06 2.13159e-07 2.71353e-08 2.71135e-09 1.4906e-10 0 
0 1.15936e-07 1.23207e-06 6.82321e-06 2.71751e-05 8.51707e-05 0.00021742 0.000460941 0.000827459 0.00128756 0.00178089 0.00224041 0.00261098 0.0028568 0.00296222 0.00293029 0.00278087 0.00254873 0.00228094 0.0020329 0.00186208 0.00182052 0.00195609 0.00240167 0.00386658 0.00847684 0.018094 0.0289004 0.0317702 0.0235202 0.0116712 0.00390208 0.000894168 0.0001443 1.76592e-05 1.95297e-06 2.30095e-07 2.72314e-08 2.63443e-09 1.4181e-10 0 
0 4.39025e-08 4.56024e-07 2.4816e-06 9.8037e-06 3.08964e-05 8.06446e-05 0.000177728 0.000335619 0.000551633 0.000803134 0.00105442 0.00126866 0.00141758 0.00148644 0.00147519 0.00139761 0.00127931 0.00115482 0.00106402 0.00104888 0.0011523 0.00143377 0.00214157 0.00459401 0.0125043 0.0289004 0.0472785 0.0523494 0.0387885 0.0191662 0.00632371 0.00140684 0.000214908 2.36662e-05 2.1952e-06 2.18117e-07 2.38035e-08 2.24013e-09 1.1897e-10 0 
0 1.54008e-08 1.55928e-07 8.30032e-07 3.22799e-06 1.01068e-05 2.65139e-05 5.94737e-05 0.000115606 0.000197051 0.000298157 0.000405641 0.000502472 0.00057327 0.000608701 0.000607737 0.000577832 0.000533614 0.000494909 0.000485248 0.000532328 0.00067195 0.000972051 0.00173532 0.00448727 0.0133901 0.0317702 0.0523494 0.0580859 0.0430498 0.0212441 0.00697881 0.00153453 0.000228526 2.38715e-05 1.99711e-06 1.7504e-07 1.78854e-08 1.65477e-09 8.75147e-11 0 
0 5.01202e-09 4.93706e-08 2.56311e-07 9.76401e-07 3.01319e-06 7.85202e-06 1.76485e-05 3.46684e-05 6.01308e-05 9.29617e-05 0.000129322 0.000163444 0.000189489 0.000203568 0.000205122 0.000197294 0.000186494 0.000181768 0.000194908 0.000242371 0.000350331 0.000576511 0.0011641 0.00324696 0.00987722 0.0235202 0.0387885 0.0430498 0.0319058 0.0157419 0.00516731 0.00113231 0.000166926 1.70739e-05 1.37151e-06 1.14207e-07 1.14052e-08 1.05662e-09 5.62454e-11 0 
0 1.51479e-09 1.45016e-08 7.32941e-08 2.72681e-07 8.25458e-07 2.1215e-06 4.73138e-06 9.27851e-06 1.61533e-05 2.51687e-05 3.53697e-05 4.51864e-05 5.29323e-05 5.74455e-05 5.85962e-05 5.74957e-05 5.64565e-05 5.89808e-05 7.02294e-05 9.85079e-05 0.000158642 0.000284823 0.000608543 0.00168409 0.00496818 0.0116712 0.0191662 0.0212441 0.0157419 0.00777169 0.00255478 0.000560316 8.25374e-05 8.45941e-06 6.89081e-07 5.93319e-08 6.13669e-09 5.82169e-10 3.15347e-11 0 
0 4.25282e-10 3.95508e-09 1.94444e-08 7.05375e-08 2.0891e-07 5.27441e-07 1.16075e-06 2.25656e-06 3.91137e-06 6.0903e-06 8.57801e-06 1.10076e-05 1.29779e-05 1.42168e-05 1.47253e-05 1.48557e-05 1.53468e-05 1.74056e-05 2.29998e-05 3.55523e-05 6.13612e-05 0.000114374 0.000242458 0.000627699 0.00172275 0.00390208 0.00632371 0.00697881 0.00516731 0.00255478 0.000842409 0.000185481 2.75672e-05 2.90699e-06 2.55545e-07 2.483e-08 2.80105e-09 2.77209e-10 1.54255e-11 0 
0 1.10798e-10 1.00106e-09 4.78648e-09 1.69209e-08 4.89705e-08 1.21213e-07 2.62483e-07 5.04008e-07 8.66077e-07 1.34157e-06 1.88579e-06 2.42255e-06 2.86936e-06 3.17413e-06 3.35007e-06 3.50079e-06 3.84256e-06 4.75064e-06 6.87288e-06 1.13581e-05 2.02487e-05 3.7544e-05 7.47822e-05 0.00017174 0.000421395 0.000894168 0.00140684 0.00153453 0.00113231 0.000560316 0.000185481 4.12373e-05 6.29711e-06 7.14745e-07 7.37937e-08 8.70758e-09 1.09845e-09 1.14466e-10 6.58914e-12 0 
0 2.67043e-11 2.34513e-10 1.09093e-09 3.75859e-09 1.06262e-08 2.57671e-08 5.48344e-08 1.03818e-07 1.76497e-07 2.71392e-07 3.79971e-07 4.87979e-07 5.80483e-07 6.49408e-07 7.01322e-07 7.64459e-07 8.97153e-07 1.20398e-06 1.86865e-06 3.2095e-06 5.75014e-06 1.03357e-05 1.87819e-05 3.65304e-05 7.57269e-05 0.0001443 0.000214908 0.000228526 0.000166926 8.25374e-05 2.75672e-05 6.29711e-06 1.03027e-06 1.36871e-07 1.82366e-08 2.67171e-09 3.74167e-10 4.11023e-11 2.45877e-12 0 
0 5.91632e-12 5.054e-11 2.28906e-10 7.69048e-10 2.12463e-09 5.04713e-09 1.0552e-08 1.96868e-08 3.30858e-08 5.04588e-08 7.03184e-08 9.02615e-08 1.07918e-07 1.22392e-07 1.35885e-07 1.55453e-07 1.95419e-07 2.81655e-07 4.58998e-07 8.01302e-07 1.41807e-06 2.44804e-06 4.06983e-06 6.67084e-06 1.10839e-05 1.76592e-05 2.36662e-05 2.38715e-05 1.70739e-05 8.45941e-06 2.90699e-06 7.14745e-07 1.36871e-07 2.37382e-08 4.20061e-09 7.30674e-10 1.11045e-10 1.28323e-11 7.99965e-13 0 
0 1.19053e-12 9.90279e-12 4.37122e-11 1.43335e-10 3.87232e-10 9.01615e-10 1.85239e-09 3.40586e-09 5.65804e-09 8.5578e-09 1.18717e-08 1.52398e-08 1.83418e-08 2.11542e-08 2.42659e-08 2.9264e-08 3.92935e-08 5.99617e-08 1.00655e-07 1.75799e-07 3.04317e-07 5.04237e-07 7.82264e-07 1.13011e-06 1.53571e-06 1.95297e-06 2.1952e-06 1.99711e-06 1.37151e-06 6.89081e-07 2.55545e-07 7.37937e-08 1.82366e-08 4.20061e-09 9.10324e-10 1.76335e-10 2.85443e-11 3.46337e-12 2.25344e-13 0 
0 2.12762e-13 1.72524e-12 7.4306e-12 2.3807e-11 6.29552e-11 1.43788e-10 2.9049e-10 5.26611e-10 8.65116e-10 1.29823e-09 1.79387e-09 2.30564e-09 2.79947e-09 3.29569e-09 3.92438e-09 4.99848e-09 7.11946e-09 1.13301e-08 1.92921e-08 3.33551e-08 5.61898e-08 8.95159e-08 1.3185e-07 1.76626e-07 2.13159e-07 2.30095e-07 2.18117e-07 1.7504e-07 1.14207e-07 5.93319e-08 2.483e-08 8.70758e-09 2.67171e-09 7.30674e-10 1.76335e-10 3.65921e-11 6.24947e-12 7.95052e-13 5.40168e-14 0 
0 3.2288e-14 2.55545e-13 1.07528e-12 3.37023e-12 8.73343e-12 1.95862e-11 3.89434e-11 6.96602e-11 1.13245e-10 1.68736e-10 2.32482e-10 2.99671e-10 3.68085e-10 4.44107e-10 5.51034e-10 7.40459e-10 1.10804e-09 1.81331e-09 3.09576e-09 5.26329e-09 8.60906e-09 1.32134e-08 1.86563e-08 2.38264e-08 2.71353e-08 2.72314e-08 2.38035e-08 1.78854e-08 1.14052e-08 6.13669e-09 2.80105e-09 1.09845e-09 3.74167e-10 1.11045e-10 2.85443e-11 6.24947e-12 1.121e-12 1.49308e-13 1.05882e-14 0 
0 3.7492e-15 2.89995e-14 1.19368e-13 3.66469e-13 9.31714e-13 2.05401e-12 4.02344e-12 7.10793e-12 1.14453e-11 1.69503e-11 2.33188e-11 3.02093e-11 3.76581e-11 4.67506e-11 6.05766e-11 8.55377e-11 1.33034e-10 2.21217e-10 3.75546e-10 6.25383e-10 9.92725e-10 1.47123e-09 2.00192e-09 2.46501e-09 2.71135e-09 2.63443e-09 2.24013e-09 1.65477e-09 1.05662e-09 5.82169e-10 2.77209e-10 1.14466e-10 4.11023e-11 1.28323e-11 3.46337e-12 7.95052e-13 1.49308e-13 2.0781e-14 1.53649e-15 0 
0 2.37635e-16 1.79863e-15 7.2518e-15 2.18356e-14 5.45335e-14 1.18315e-13 2.28567e-13 3.99217e-13 6.37398e-13 9.3947e-13 1.29274e-12 1.68741e-12 2.14219e-12 2.74573e-12 3.71607e-12 5.4797e-12 8.7636e-12 1.46663e-11 2.46174e-11 4.00692e-11 6.17611e-11 8.85971e-11 1.1664e-10 1.39227e-10 1.4906e-10 1.4181e-10 1.1897e-10 8.75147e-11 5.62454e-11 3.15347e-11 1.54255e-11 6.58914e-12 2.45877e-12 7.99965e-13 2.25344e-13 5.40168e-14 1.05882e-14 1.53649e-15 1.18256e-16 0 
0 0 0 0 0 0 0 0 0 0 0 0 0 0 0 0 0 0 0 0 0 0 0 0 0 0 0 0 0 0 0 0 0 0 0 0 0 0 0 0 0 
