0 0 0 0 0 0 0 0 0 0 0 0 0 0 0 0 0 0 0 0 0 0 0 0 0 0 0 0 0 0 0 0 0 0 0 0 0 0 0 0 0 
0 6.5238e-12 6.21706e-11 3.13225e-10 1.16532e-09 3.54306e-09 9.18977e-09 2.0777e-08 4.14468e-08 7.35088e-08 1.16534e-07 1.65822e-07 2.12541e-07 2.46152e-07 2.58303e-07 2.46203e-07 2.13619e-07 1.69053e-07 1.22244e-07 8.0915e-08 4.91163e-08 2.73955e-08 1.40712e-08 6.67104e-09 2.92648e-09 1.19094e-09 4.50723e-10 1.59006e-10 5.23936e-11 1.61497e-11 4.66049e-12 1.25893e-12 3.17824e-13 7.47097e-14 1.62382e-14 3.22267e-15 5.70757e-16 8.62176e-17 1.00068e-17 6.36535e-19 0 
0 6.21706e-11 6.14872e-10 3.21505e-09 1.24016e-08 3.90182e-08 1.04435e-07 2.42815e-07 4.96157e-07 8.97579e-07 1.44526e-06 2.08033e-06 2.68725e-06 3.12606e-06 3.28518e-06 3.12728e-06 2.70279e-06 2.12486e-06 1.52219e-06 9.95315e-07 5.95106e-07 3.26035e-07 1.64057e-07 7.60205e-08 3.25318e-08 1.28947e-08 4.74796e-09 1.62852e-09 5.21569e-10 1.56273e-10 4.38532e-11 1.15268e-11 2.83404e-12 6.49485e-13 1.37793e-13 2.67287e-14 4.63347e-15 6.86137e-16 7.81957e-17 4.89273e-18 0 
0 3.13225e-10 3.21505e-09 1.74492e-08 6.97891e-08 2.27172e-07 6.27099e-07 1.49776e-06 3.12959e-06 5.76189e-06 9.39828e-06 1.36475e-05 1.77248e-05 2.06779e-05 2.17504e-05 2.06911e-05 1.78421e-05 1.39687e-05 9.9419e-06 6.44046e-06 3.80323e-06 2.05131e-06 1.01305e-06 4.59449e-07 1.91992e-07 7.41768e-08 2.65882e-08 8.87067e-09 2.76258e-09 8.04929e-10 2.19752e-10 5.62356e-11 1.34743e-11 3.01284e-12 6.24489e-13 1.18527e-13 2.0137e-14 2.92765e-15 3.28209e-16 2.02445e-17 0 
0 1.16532e-09 1.24016e-08 6.97891e-08 2.89035e-07 9.71693e-07 2.75965e-06 6.74801e-06 1.43547e-05 2.67503e-05 4.39314e-05 6.39694e-05 8.31045e-05 9.68941e-05 0.000101893 9.69864e-05 8.37299e-05 6.56136e-05 4.66751e-05 3.01418e-05 1.76808e-05 9.43482e-06 4.59148e-06 2.04461e-06 8.36374e-07 3.15591e-07 1.10299e-07 3.58448e-08 1.08685e-08 3.08321e-09 8.19879e-10 2.04516e-10 4.78155e-11 1.04458e-11 2.11854e-12 3.94097e-13 6.57459e-14 9.40559e-15 1.03999e-15 6.34377e-17 0 
0 3.54306e-09 3.90182e-08 2.27172e-07 9.71693e-07 3.36243e-06 9.78003e-06 2.43322e-05 5.22681e-05 9.76158e-05 0.000159665 0.000230692 0.000297187 0.000344336 0.000361303 0.000344778 0.000299661 0.000237023 0.000170239 0.000110764 6.51884e-05 3.47141e-05 1.67637e-05 7.36927e-06 2.96318e-06 1.09554e-06 3.74326e-07 1.18761e-07 3.51312e-08 9.72191e-09 2.52279e-09 6.14565e-10 1.40473e-10 3.00435e-11 5.97511e-12 1.09206e-12 1.79393e-13 2.5335e-14 2.77355e-15 1.68072e-16 0 
0 9.18977e-09 1.04435e-07 6.27099e-07 2.75965e-06 9.78003e-06 2.89321e-05 7.2541e-05 0.000155398 0.000286588 0.000459734 0.000650008 0.000821501 0.00093968 0.000981658 0.000941177 0.000828774 0.000668385 0.000491055 0.000326625 0.000195682 0.000105342 5.10146e-05 2.23183e-05 8.87497e-06 3.2298e-06 1.08283e-06 3.36433e-07 9.73628e-08 2.63518e-08 6.68997e-09 1.59562e-09 3.57505e-10 7.50647e-11 1.46844e-11 2.64594e-12 4.29685e-13 6.01838e-14 6.55932e-15 3.97451e-16 0 
0 2.0777e-08 2.42815e-07 1.49776e-06 6.74801e-06 2.43322e-05 7.2541e-05 0.000180996 0.000380619 0.000681468 0.00105567 0.00144344 0.00177619 0.00199788 0.00207558 0.00200174 0.00179253 0.00148418 0.00112724 0.00077728 0.000481635 0.000266268 0.000131094 5.76956e-05 2.28722e-05 8.24218e-06 2.72391e-06 8.31993e-07 2.36369e-07 6.27748e-08 1.56419e-08 3.66475e-09 8.07663e-10 1.67114e-10 3.22913e-11 5.76406e-12 9.30596e-13 1.30138e-13 1.42313e-14 8.70019e-16 0 
0 4.14468e-08 4.96157e-07 3.12959e-06 1.43547e-05 5.22681e-05 0.000155398 0.000380619 0.000773986 0.00132783 0.00196976 0.00259571 0.00310945 0.00344258 0.0035586 0.00345096 0.00313985 0.00266871 0.00210041 0.00151132 0.000979324 0.000563818 0.000286253 0.0001283 5.11881e-05 1.8395e-05 6.02541e-06 1.81748e-06 5.08973e-07 1.33163e-07 3.26972e-08 7.55686e-09 1.64567e-09 3.3727e-10 6.47522e-11 1.15293e-11 1.86561e-12 2.62952e-13 2.91615e-14 1.8193e-15 0 
0 7.35088e-08 8.97579e-07 5.76189e-06 2.67503e-05 9.76158e-05 0.000286588 0.000681468 0.00132783 0.00217429 0.00309438 0.00395031 0.00463249 0.00506845 0.00522097 0.00508485 0.00468342 0.00406468 0.00329755 0.00246846 0.00167536 0.0010114 0.000535091 0.000246967 0.00010012 3.61518e-05 1.18072e-05 3.53502e-06 9.80451e-07 2.53898e-07 6.17411e-08 1.4153e-08 3.06436e-09 6.26501e-10 1.20516e-10 2.16165e-11 3.54593e-12 5.10122e-13 5.81257e-14 3.74604e-15 0 
0 1.16534e-07 1.44526e-06 9.39828e-06 4.39314e-05 0.000159665 0.000459734 0.00105567 0.00196976 0.00309438 0.00426082 0.00531522 0.0061434 0.0066704 0.00685743 0.00669974 0.00622358 0.0054815 0.00454714 0.00351146 0.00248037 0.00156732 0.000867142 0.000415025 0.000172298 6.29519e-05 2.06245e-05 6.16294e-06 1.70214e-06 4.38812e-07 1.06355e-07 2.4359e-08 5.28909e-09 1.08979e-09 2.12575e-10 3.89388e-11 6.57156e-12 9.79161e-13 1.16103e-13 7.79984e-15 0 
0 1.65822e-07 2.08033e-06 1.36475e-05 6.39694e-05 0.000230692 0.000650008 0.00144344 0.00259571 0.00395031 0.00531522 0.00653114 0.00748117 0.00808675 0.00830633 0.00813481 0.00760085 0.00676148 0.00569532 0.00449697 0.00327477 0.00214965 0.00123969 0.000616164 0.000263112 9.78084e-05 3.2329e-05 9.69913e-06 2.68485e-06 6.94139e-07 1.69139e-07 3.91078e-08 8.62152e-09 1.81644e-09 3.65189e-10 6.94864e-11 1.22581e-11 1.9155e-12 2.38071e-13 1.66913e-14 0 
0 2.12541e-07 2.68725e-06 1.77248e-05 8.31045e-05 0.000297187 0.000821501 0.00177619 0.00310945 0.00463249 0.0061434 0.00748117 0.00852599 0.00919529 0.00944456 0.00926785 0.00869535 0.00778753 0.00662731 0.00531267 0.00395309 0.00267058 0.00159354 0.000819745 0.000360301 0.000136756 4.58465e-05 1.39023e-05 3.8887e-06 1.01843e-06 2.52574e-07 5.98404e-08 1.36295e-08 2.99302e-09 6.32149e-10 1.27015e-10 2.36838e-11 3.89766e-12 5.06373e-13 3.6751e-14 0 
0 2.46152e-07 3.12606e-06 2.06779e-05 9.68941e-05 0.000344336 0.00093968 0.00199788 0.00344258 0.00506845 0.0066704 0.00808675 0.00919529 0.0099104 0.0101851 0.0100124 0.00942283 0.0084787 0.00726533 0.00588282 0.00444112 0.00306114 0.00187383 0.000991589 0.000447708 0.000173876 5.94476e-05 1.83738e-05 5.25229e-06 1.41366e-06 3.63233e-07 9.0024e-08 2.16564e-08 5.06037e-09 1.14078e-09 2.44069e-10 4.81003e-11 8.27623e-12 1.11065e-12 8.23016e-14 0 
0 2.58303e-07 3.28518e-06 2.17504e-05 0.000101893 0.000361303 0.000981658 0.00207558 0.0035586 0.00522097 0.00685743 0.00830633 0.00944456 0.0101851 0.0104796 0.0103198 0.00973571 0.00878925 0.00756578 0.00616536 0.00469714 0.00327997 0.00204347 0.00110514 0.00051117 0.000203593 7.1508e-05 2.27985e-05 6.77136e-06 1.91254e-06 5.21559e-07 1.38605e-07 3.59761e-08 9.06983e-09 2.19129e-09 4.96591e-10 1.02209e-10 1.81094e-11 2.47138e-12 1.84328e-13 0 
0 2.46203e-07 3.12728e-06 2.06911e-05 9.69864e-05 0.000344778 0.000941177 0.00200174 0.00345096 0.00508485 0.00669974 0.00813481 0.00926785 0.0100124 0.0103198 0.010181 0.00962402 0.00870869 0.00751784 0.00614901 0.00470879 0.00331304 0.00208772 0.00114811 0.000543446 0.000223085 8.1442e-05 2.72784e-05 8.62203e-06 2.62669e-06 7.80907e-07 2.27195e-07 6.42884e-08 1.74636e-08 4.47359e-09 1.05669e-09 2.23158e-10 4.00408e-11 5.47689e-12 4.06276e-13 0 
0 2.13619e-07 2.70279e-06 1.78421e-05 8.37299e-05 0.000299661 0.000828774 0.00179253 0.00313985 0.00468342 0.00622358 0.00760085 0.00869535 0.00942283 0.00973571 0.00962402 0.00911341 0.00825965 0.00714099 0.00585019 0.00448954 0.00317059 0.00201321 0.00112396 0.000546341 0.000233714 9.04209e-05 3.26763e-05 1.13306e-05 3.82936e-06 1.26494e-06 4.05201e-07 1.24116e-07 3.57626e-08 9.52755e-09 2.30096e-09 4.90123e-10 8.77888e-11 1.18969e-11 8.69703e-13 0 
0 1.69053e-07 2.12486e-06 1.39687e-05 6.56136e-05 0.000237023 0.000668385 0.00148418 0.00266871 0.00406468 0.0054815 0.00676148 0.00778753 0.0084787 0.00878925 0.00870869 0.00825965 0.00749291 0.00648051 0.00530888 0.00407452 0.00288294 0.00184424 0.00104953 0.000529834 0.000241063 0.000101729 4.09834e-05 1.60429e-05 6.11496e-06 2.24634e-06 7.82706e-07 2.54528e-07 7.61485e-08 2.06801e-08 5.01923e-09 1.06318e-09 1.8795e-10 2.50092e-11 1.78914e-12 0 
0 1.22244e-07 1.52219e-06 9.9419e-06 4.66751e-05 0.000170239 0.000491055 0.00112724 0.00210041 0.00329755 0.00454714 0.00569532 0.00662731 0.00726533 0.00756578 0.00751784 0.00714099 0.00648051 0.00560159 0.00458356 0.00351596 0.00249553 0.00161713 0.00094996 0.000509096 0.000254028 0.000121005 5.59174e-05 2.50594e-05 1.07414e-05 4.32064e-06 1.60281e-06 5.41199e-07 1.64746e-07 4.48265e-08 1.0779e-08 2.24451e-09 3.88059e-10 5.0341e-11 3.50502e-12 0 
0 8.0915e-08 9.95315e-07 6.44046e-06 3.01418e-05 0.000110764 0.000326625 0.00077728 0.00151132 0.00246846 0.00351146 0.00449697 0.00531267 0.00588282 0.00616536 0.00614901 0.00585019 0.00530888 0.00458356 0.00374627 0.00287802 0.00206242 0.00137277 0.000852251 0.000500774 0.000283844 0.00015694 8.42012e-05 4.29931e-05 2.0388e-05 8.79101e-06 3.39733e-06 1.16743e-06 3.55305e-07 9.54388e-08 2.24626e-08 4.55375e-09 7.64182e-10 9.60896e-11 6.48335e-12 0 
0 4.91163e-08 5.95106e-07 3.80323e-06 1.76808e-05 6.51884e-05 0.000195682 0.000481635 0.000979324 0.00167536 0.00248037 0.00327477 0.00395309 0.00444112 0.00469714 0.00470879 0.00448954 0.00407452 0.00351596 0.00287802 0.00223021 0.00163764 0.00114774 0.000778814 0.000519963 0.000343924 0.000223045 0.00013821 7.92399e-05 4.0822e-05 1.85096e-05 7.31053e-06 2.51062e-06 7.51709e-07 1.96653e-07 4.48151e-08 8.77106e-09 1.41968e-09 1.72241e-10 1.12261e-11 0 
0 2.73955e-08 3.26035e-07 2.05131e-06 9.43482e-06 3.47141e-05 0.000105342 0.000266268 0.000563818 0.0010114 0.00156732 0.00214965 0.00267058 0.00306114 0.00327997 0.00331304 0.00317059 0.00288294 0.00249553 0.00206242 0.00163764 0.00126449 0.000966189 0.000743072 0.000578642 0.000450626 0.000340966 0.000241418 0.000153825 8.52091e-05 4.00774e-05 1.58801e-05 5.33637e-06 1.54137e-06 3.86761e-07 8.44226e-08 1.58342e-08 2.45966e-09 2.86993e-10 1.80335e-11 0 
0 1.40712e-08 1.64057e-07 1.01305e-06 4.59148e-06 1.67637e-05 5.10146e-05 0.000131094 0.000286253 0.000535091 0.000867142 0.00123969 0.00159354 0.00187383 0.00204347 0.00208772 0.00201321 0.00184424 0.00161713 0.00137277 0.00114774 0.000966189 0.000835591 0.000747963 0.000685101 0.000625321 0.000549877 0.000447793 0.000321721 0.000193663 9.40354e-05 3.64703e-05 1.15316e-05 3.08603e-06 7.20933e-07 1.48232e-07 2.64298e-08 3.92534e-09 4.39724e-10 2.66246e-11 0 
0 6.67104e-09 7.60205e-08 4.59449e-07 2.04461e-06 7.36927e-06 2.23183e-05 5.76956e-05 0.0001283 0.000246967 0.000415025 0.000616164 0.000819745 0.000991589 0.00110514 0.00114811 0.00112396 0.00104953 0.00094996 0.000852251 0.000778814 0.000743072 0.000747963 0.000786674 0.000845652 0.000910625 0.000962963 0.000952551 0.000808547 0.000540653 0.000270309 9.9815e-05 2.80402e-05 6.42327e-06 1.30005e-06 2.41459e-07 4.02775e-08 5.69636e-09 6.12567e-10 3.57808e-11 0 
0 2.92648e-09 3.25318e-08 1.91992e-07 8.36374e-07 2.96318e-06 8.87497e-06 2.28722e-05 5.11881e-05 0.00010012 0.000172298 0.000263112 0.000360301 0.000447708 0.00051117 0.000543446 0.000546341 0.000529834 0.000509096 0.000500774 0.000519963 0.000578642 0.000685101 0.000845652 0.00108024 0.00145407 0.00201887 0.0025512 0.00253906 0.001829 0.000922333 0.000323563 8.04256e-05 1.50846e-05 2.41044e-06 3.70992e-07 5.56352e-08 7.42498e-09 7.67111e-10 4.33514e-11 0 
0 1.19094e-09 1.28947e-08 7.41768e-08 3.15591e-07 1.09554e-06 3.2298e-06 8.24218e-06 1.8395e-05 3.61518e-05 6.29519e-05 9.78084e-05 0.000136756 0.000173876 0.000203593 0.000223085 0.000233714 0.000241063 0.000254028 0.000283844 0.000343924 0.000450626 0.000625321 0.000910625 0.00145407 0.00265958 0.00490269 0.00734315 0.00788907 0.00581383 0.00290405 0.000983388 0.00022736 3.70359e-05 4.68618e-06 5.53733e-07 6.97433e-08 8.60428e-09 8.54311e-10 4.69205e-11 0 
0 4.50723e-10 4.74796e-09 2.65882e-08 1.10299e-07 3.74326e-07 1.08283e-06 2.72391e-06 6.02541e-06 1.18072e-05 2.06245e-05 3.2329e-05 4.58465e-05 5.94476e-05 7.1508e-05 8.1442e-05 9.04209e-05 0.000101729 0.000121005 0.00015694 0.000223045 0.000340966 0.000549877 0.000962963 0.00201887 0.00490269 0.0106695 0.0170972 0.0188065 0.0139205 0.00689784 0.00229014 0.000511284 7.76853e-05 8.49875e-06 7.89029e-07 7.9317e-08 8.78901e-09 8.38014e-10 4.49943e-11 0 
0 1.59006e-10 1.62852e-09 8.87067e-09 3.58448e-08 1.18761e-07 3.36433e-07 8.31993e-07 1.81748e-06 3.53502e-06 6.16294e-06 9.69913e-06 1.39023e-05 1.83738e-05 2.27985e-05 2.72784e-05 3.26763e-05 4.09834e-05 5.59174e-05 8.42012e-05 0.00013821 0.000241418 0.000447793 0.000952551 0.0025512 0.00734315 0.0170972 0.0279998 0.031009 0.0229751 0.0113473 0.00373432 0.000820155 0.000120738 1.2289e-05 9.76681e-07 7.97794e-08 7.82872e-09 7.18007e-10 3.79675e-11 0 
0 5.23936e-11 5.21569e-10 2.76258e-09 1.08685e-08 3.51312e-08 9.73628e-08 2.36369e-07 5.08973e-07 9.80451e-07 1.70214e-06 2.68485e-06 3.8887e-06 5.25229e-06 6.77136e-06 8.62203e-06 1.13306e-05 1.60429e-05 2.50594e-05 4.29931e-05 7.92399e-05 0.000153825 0.000321721 0.000808547 0.00253906 0.00788907 0.0188065 0.031009 0.0344116 0.0255026 0.0125815 0.00412652 0.000899679 0.000130545 1.28567e-05 9.43131e-07 6.71935e-08 5.98032e-09 5.33469e-10 2.80472e-11 0 
0 1.61497e-11 1.56273e-10 8.04929e-10 3.08321e-09 9.72191e-09 2.63518e-08 6.27748e-08 1.33163e-07 2.53898e-07 4.38812e-07 6.94139e-07 1.01843e-06 1.41366e-06 1.91254e-06 2.62669e-06 3.82936e-06 6.11496e-06 1.07414e-05 2.0388e-05 4.0822e-05 8.52091e-05 0.000193663 0.000540653 0.001829 0.00581383 0.0139205 0.0229751 0.0255026 0.0189003 0.00932215 0.00305462 0.000664033 9.57699e-05 9.31544e-06 6.63588e-07 4.48438e-08 3.84654e-09 3.41868e-10 1.80796e-11 0 
0 4.66049e-12 4.38532e-11 2.19752e-10 8.19879e-10 2.52279e-09 6.68997e-09 1.56419e-08 3.26972e-08 6.17411e-08 1.06355e-07 1.69139e-07 2.52574e-07 3.63233e-07 5.21559e-07 7.80907e-07 1.26494e-06 2.24634e-06 4.32064e-06 8.79101e-06 1.85096e-05 4.00774e-05 9.40354e-05 0.000270309 0.000922333 0.00290405 0.00689784 0.0113473 0.0125815 0.00932215 0.00459907 0.00150729 0.000327448 4.7193e-05 4.59842e-06 3.31025e-07 2.30924e-08 2.06488e-09 1.88605e-10 1.0157e-11 0 
0 1.25893e-12 1.15268e-11 5.62356e-11 2.04516e-10 6.14565e-10 1.59562e-09 3.66475e-09 7.55686e-09 1.4153e-08 2.4359e-08 3.91078e-08 5.98404e-08 9.0024e-08 1.38605e-07 2.27195e-07 4.05201e-07 7.82706e-07 1.60281e-06 3.39733e-06 7.31053e-06 1.58801e-05 3.64703e-05 9.9815e-05 0.000323563 0.000983388 0.00229014 0.00373432 0.00412652 0.00305462 0.00150729 0.00049427 0.000107516 1.55776e-05 1.54593e-06 1.17865e-07 9.30479e-09 9.32393e-10 8.97776e-11 4.97498e-12 0 
0 3.17824e-13 2.83404e-12 1.34743e-11 4.78155e-11 1.40473e-10 3.57505e-10 8.07663e-10 1.64567e-09 3.06436e-09 5.28909e-09 8.62152e-09 1.36295e-08 2.16564e-08 3.59761e-08 6.42884e-08 1.24116e-07 2.54528e-07 5.41199e-07 1.16743e-06 2.51062e-06 5.33637e-06 1.15316e-05 2.80402e-05 8.04256e-05 0.00022736 0.000511284 0.000820155 0.000899679 0.000664033 0.000327448 0.000107516 2.35147e-05 3.46398e-06 3.61068e-07 3.1429e-08 3.09074e-09 3.60998e-10 3.70407e-11 2.12699e-12 0 
0 7.47097e-14 6.49485e-13 3.01284e-12 1.04458e-11 3.00435e-11 7.50647e-11 1.67114e-10 3.3727e-10 6.26501e-10 1.08979e-09 1.81644e-09 2.99302e-09 5.06037e-09 9.06983e-09 1.74636e-08 3.57626e-08 7.61485e-08 1.64746e-07 3.55305e-07 7.51709e-07 1.54137e-06 3.08603e-06 6.42327e-06 1.50846e-05 3.70359e-05 7.76853e-05 0.000120738 0.000130545 9.57699e-05 4.7193e-05 1.55776e-05 3.46398e-06 5.33562e-07 6.25235e-08 6.96369e-09 9.0304e-10 1.21836e-10 1.32933e-11 7.94195e-13 0 
0 1.62382e-14 1.37793e-13 6.24489e-13 2.11854e-12 5.97511e-12 1.46844e-11 3.22913e-11 6.47522e-11 1.20516e-10 2.12575e-10 3.65189e-10 6.32149e-10 1.14078e-09 2.19129e-09 4.47359e-09 9.52755e-09 2.06801e-08 4.48265e-08 9.54388e-08 1.96653e-07 3.86761e-07 7.20933e-07 1.30005e-06 2.41044e-06 4.68618e-06 8.49875e-06 1.2289e-05 1.28567e-05 9.31544e-06 4.59842e-06 1.54593e-06 3.61068e-07 6.25235e-08 9.3451e-09 1.45656e-09 2.39974e-10 3.59948e-11 4.14955e-12 2.58506e-13 0 
0 3.22267e-15 2.67287e-14 1.18527e-13 3.94097e-13 1.09206e-12 2.64594e-12 5.76406e-12 1.15293e-11 2.16165e-11 3.89388e-11 6.94864e-11 1.27015e-10 2.44069e-10 4.96591e-10 1.05669e-09 2.30096e-09 5.01923e-09 1.0779e-08 2.24626e-08 4.48151e-08 8.44226e-08 1.48232e-07 2.41459e-07 3.70992e-07 5.53733e-07 7.89029e-07 9.76681e-07 9.43131e-07 6.63588e-07 3.31025e-07 1.17865e-07 3.1429e-08 6.96369e-09 1.45656e-09 3.00301e-10 5.72668e-11 9.23804e-12 1.11998e-12 7.28408e-14 0 
0 5.70757e-16 4.63347e-15 2.0137e-14 6.57459e-14 1.79393e-13 4.29685e-13 9.30596e-13 1.86561e-12 3.54593e-12 6.57156e-12 1.22581e-11 2.36838e-11 4.81003e-11 1.02209e-10 2.23158e-10 4.90123e-10 1.06318e-09 2.24451e-09 4.55375e-09 8.77106e-09 1.58342e-08 2.64298e-08 4.02775e-08 5.56352e-08 6.97433e-08 7.9317e-08 7.97794e-08 6.71935e-08 4.48438e-08 2.30924e-08 9.30479e-09 3.09074e-09 9.0304e-10 2.39974e-10 5.72668e-11 1.18466e-11 2.02169e-12 2.57114e-13 1.74637e-14 0 
0 8.62176e-17 6.86137e-16 2.92765e-15 9.40559e-15 2.5335e-14 6.01838e-14 1.30138e-13 2.62952e-13 5.10122e-13 9.79161e-13 1.9155e-12 3.89766e-12 8.27623e-12 1.81094e-11 4.00408e-11 8.77888e-11 1.8795e-10 3.88059e-10 7.64182e-10 1.41968e-09 2.45966e-09 3.92534e-09 5.69636e-09 7.42498e-09 8.60428e-09 8.78901e-09 7.82872e-09 5.98032e-09 3.84654e-09 2.06488e-09 9.32393e-10 3.60998e-10 1.21836e-10 3.59948e-11 9.23804e-12 2.02169e-12 3.62579e-13 4.82849e-14 3.42346e-15 0 
0 1.00068e-17 7.81957e-17 3.28209e-16 1.03999e-15 2.77355e-15 6.55932e-15 1.42313e-14 2.91615e-14 5.81257e-14 1.16103e-13 2.38071e-13 5.06373e-13 1.11065e-12 2.47138e-12 5.47689e-12 1.18969e-11 2.50092e-11 5.0341e-11 9.60896e-11 1.72241e-10 2.86993e-10 4.39724e-10 6.12567e-10 7.67111e-10 8.54311e-10 8.38014e-10 7.18007e-10 5.33469e-10 3.41868e-10 1.88605e-10 8.97776e-11 3.70407e-11 1.32933e-11 4.14955e-12 1.11998e-12 2.57114e-13 4.82849e-14 6.71991e-15 4.96791e-16 0 
0 6.36535e-19 4.89273e-18 2.02445e-17 6.34377e-17 1.68072e-16 3.97451e-16 8.70019e-16 1.8193e-15 3.74604e-15 7.79984e-15 1.66913e-14 3.6751e-14 8.23016e-14 1.84328e-13 4.06276e-13 8.69703e-13 1.78914e-12 3.50502e-12 6.48335e-12 1.12261e-11 1.80335e-11 2.66246e-11 3.57808e-11 4.33514e-11 4.69205e-11 4.49943e-11 3.79675e-11 2.80472e-11 1.80796e-11 1.0157e-11 4.97498e-12 2.12699e-12 7.94195e-13 2.58506e-13 7.28408e-14 1.74637e-14 3.42346e-15 4.96791e-16 3.82339e-17 0 
0 0 0 0 0 0 0 0 0 0 0 0 0 0 0 0 0 0 0 0 0 0 0 0 0 0 0 0 0 0 0 0 0 0 0 0 0 0 0 0 0 
