0 0 0 0 0 0 0 0 0 0 0 0 0 0 0 0 0 0 0 0 0 0 0 0 0 0 0 0 0 0 0 0 0 0 0 0 0 0 0 0 0 
0 3.0234e-07 2.71071e-06 1.2094e-05 3.72607e-05 8.82385e-05 0.000170496 0.000280995 0.000409257 0.000541467 0.000664244 0.000766715 0.000841221 0.000883312 0.000891486 0.00086684 0.000812698 0.000734221 0.000637984 0.000531499 0.000422658 0.000319035 0.000227075 0.000151277 9.36069e-05 5.3403e-05 2.79104e-05 1.32992e-05 5.76085e-06 2.26614e-06 8.09691e-07 2.6296e-07 7.76433e-08 2.08156e-08 5.04474e-09 1.09433e-09 2.08183e-10 3.32722e-11 4.03241e-12 2.64779e-13 0 
0 2.71071e-06 2.49334e-05 0.000110532 0.00032503 0.000710058 0.00124443 0.00186233 0.00249462 0.00308835 0.00360616 0.00402155 0.00431628 0.0044799 0.00450986 0.0044112 0.00419569 0.00388032 0.00348561 0.00303399 0.00254879 0.00205396 0.00157431 0.00113515 0.00076013 0.00046634 0.000258908 0.000128903 5.72882e-05 2.27262e-05 8.07255e-06 2.57887e-06 7.43726e-07 1.93919e-07 4.56093e-08 9.59495e-09 1.77069e-09 2.74778e-10 3.23774e-11 2.07019e-12 0 
0 1.2094e-05 0.000110532 0.00046176 0.00121663 0.00233671 0.00365645 0.00503749 0.00639321 0.00765628 0.00876384 0.00965936 0.0102986 0.0106544 0.0107184 0.0105011 0.0100298 0.00934441 0.00849324 0.00752763 0.00649709 0.00544538 0.00440866 0.00341723 0.00250111 0.00169612 0.00104222 0.000568067 0.000270609 0.000112129 4.0596e-05 1.29654e-05 3.68894e-06 9.4131e-07 2.15726e-07 4.41371e-08 7.91881e-09 1.19539e-09 1.37177e-10 8.55441e-12 0 
0 3.72607e-05 0.00032503 0.00121663 0.00279564 0.0048083 0.00704112 0.00937768 0.0117077 0.0139066 0.0158493 0.0174266 0.0185547 0.0191829 0.0192954 0.0189106 0.0180771 0.0168673 0.0153688 0.0136762 0.0118827 0.0100724 0.00831403 0.00665661 0.00512929 0.00374944 0.0025403 0.00154626 0.000818774 0.000368929 0.000140852 4.60731e-05 1.31356e-05 3.31235e-06 7.44358e-07 1.48766e-07 2.60353e-08 3.83362e-09 4.29454e-10 2.61753e-11 0 
0 8.82385e-05 0.000710058 0.00233671 0.0048083 0.0077936 0.0111357 0.0146866 0.0182552 0.0216336 0.0246226 0.0270507 0.0287879 0.0297552 0.0299281 0.029335 0.028051 0.0261877 0.023881 0.0212776 0.0185229 0.0157499 0.0130705 0.0105698 0.00830103 0.00628522 0.00451901 0.00300176 0.00176985 0.000887694 0.000368831 0.000127017 3.6997e-05 9.33461e-06 2.07339e-06 4.07009e-07 6.97679e-08 1.00541e-08 1.1026e-09 6.58488e-11 0 
0 0.000170496 0.00124443 0.00365645 0.00704112 0.0111357 0.0157804 0.0207421 0.0257371 0.0304689 0.0346564 0.0380586 0.0404931 0.0418488 0.042091 0.0412595 0.0394598 0.0368488 0.0336168 0.0299701 0.0261128 0.0222324 0.0184877 0.0150021 0.0118589 0.00909926 0.00672261 0.00469748 0.00300001 0.00166511 0.00076419 0.000283422 8.60085e-05 2.2008e-05 4.87451e-06 9.45526e-07 1.59467e-07 2.25724e-08 2.43091e-09 1.4264e-10 0 
0 0.000280995 0.00186233 0.00503749 0.00937768 0.0146866 0.0207421 0.02722 0.0337442 0.0399255 0.0453972 0.0498499 0.0530581 0.0548694 0.0551966 0.0540791 0.0516925 0.0482652 0.0440395 0.0392753 0.0342371 0.0291698 0.0242819 0.0197358 0.0156438 0.0120672 0.00901783 0.00645999 0.00433014 0.0025951 0.00130771 0.000527742 0.000169385 4.45035e-05 9.91348e-06 1.91152e-06 3.18624e-07 4.44639e-08 4.71729e-09 2.72727e-10 0 
0 0.000409257 0.00249462 0.00639321 0.0117077 0.0182552 0.0257371 0.0337442 0.0418095 0.0494537 0.0562545 0.0619661 0.0664222 0.0691347 0.0696449 0.0679454 0.0644779 0.0598941 0.0545594 0.0486517 0.0424224 0.0361589 0.0301183 0.024502 0.0194501 0.0150418 0.011299 0.00819017 0.00563698 0.00355335 0.00192965 0.000844511 0.000288715 7.85845e-05 1.77313e-05 3.4166e-06 5.65198e-07 7.80314e-08 8.1806e-09 4.67288e-10 0 
0 0.000541467 0.00308835 0.00765628 0.0139066 0.0216336 0.0304689 0.0399255 0.0494537 0.0585327 0.0669617 0.0747236 0.0804919 0.0834688 0.0840017 0.0822684 0.0781126 0.0718228 0.0647599 0.0575676 0.0501819 0.0427832 0.0356498 0.0290186 0.0230555 0.0178557 0.0134488 0.00980611 0.00684502 0.00445019 0.00255023 0.00119533 0.000434639 0.000123046 2.82536e-05 5.46255e-06 8.99961e-07 1.23308e-07 1.28108e-08 7.24901e-10 0 
0 0.000664244 0.00360616 0.00876384 0.0158493 0.0246226 0.0346564 0.0453972 0.0562545 0.0669617 0.077646 0.0858234 0.0903315 0.0924641 0.0928649 0.0916697 0.0886455 0.0830851 0.0746843 0.0656758 0.0570752 0.0486498 0.0405479 0.0330177 0.0262474 0.0203456 0.015348 0.0112267 0.00789702 0.00522907 0.00310695 0.00153517 0.000589027 0.000173239 4.05515e-05 7.88647e-06 1.29744e-06 1.76886e-07 1.82581e-08 1.02593e-09 0 
0 0.000766715 0.00402155 0.00965936 0.0174266 0.0270507 0.0380586 0.0498499 0.0619661 0.0747236 0.0858234 0.0922239 0.0957354 0.0974641 0.0978074 0.096856 0.0944748 0.0902105 0.0830198 0.0728529 0.0627876 0.0534272 0.0445306 0.0362695 0.0288428 0.0223699 0.016891 0.0123781 0.00874445 0.00585264 0.00355895 0.00182569 0.000730747 0.000222089 5.29345e-05 1.03644e-05 1.70563e-06 2.31873e-07 2.38318e-08 1.3327e-09 0 
0 0.000841221 0.00431628 0.0102986 0.0185547 0.0287879 0.0404931 0.0530581 0.0664222 0.0804919 0.0903315 0.0957354 0.0988137 0.100363 0.100681 0.0998407 0.0977452 0.0940653 0.088002 0.0783348 0.0670901 0.056871 0.0473852 0.0386 0.030703 0.0238209 0.0179968 0.0132026 0.00934939 0.00629576 0.00388212 0.00204046 0.000841242 0.00026205 6.33749e-05 1.24855e-05 2.05724e-06 2.79331e-07 2.8642e-08 1.59721e-09 0 
0 0.000883312 0.0044799 0.0106544 0.0191829 0.0297552 0.0418488 0.0548694 0.0691347 0.0834688 0.0924641 0.0974641 0.100363 0.101836 0.102143 0.101352 0.0993775 0.0959406 0.0903662 0.0813157 0.0696363 0.0588162 0.0489815 0.0399031 0.0317437 0.0246332 0.0186163 0.0136647 0.00968852 0.00654419 0.00406459 0.00216481 0.000907831 0.000287069 7.00868e-05 1.38709e-05 2.28909e-06 3.10826e-07 3.18504e-08 1.77445e-09 0 
0 0.000891486 0.00450986 0.0107184 0.0192954 0.0299281 0.042091 0.0551966 0.0696449 0.0840017 0.0928649 0.0978074 0.100681 0.102143 0.10245 0.101666 0.0997097 0.0963087 0.090807 0.0818642 0.0701215 0.0591783 0.0492777 0.040146 0.0319388 0.0247865 0.0187344 0.013754 0.00975547 0.00659505 0.00410426 0.00219408 0.000924829 0.00029391 7.20253e-05 1.42891e-05 2.36185e-06 3.21072e-07 3.29315e-08 1.83631e-09 0 
0 0.00086684 0.0044112 0.0105011 0.0189106 0.029335 0.0412595 0.0540791 0.0679454 0.0822684 0.0916697 0.096856 0.0998407 0.101352 0.101666 0.100852 0.0988223 0.095275 0.0894823 0.080118 0.0685604 0.0580026 0.0483197 0.0393667 0.0313189 0.0243051 0.0183697 0.0134846 0.00956103 0.00645682 0.00400757 0.00213201 0.000893381 0.000282652 6.91428e-05 1.37228e-05 2.27204e-06 3.09583e-07 3.1838e-08 1.78042e-09 0 
0 0.000812698 0.00419569 0.0100298 0.0180771 0.028051 0.0394598 0.0516925 0.0644779 0.0781126 0.0886455 0.0944748 0.0977452 0.0993775 0.0997097 0.0988223 0.0966039 0.0926771 0.0861334 0.0760887 0.0652977 0.0554665 0.0462317 0.0376657 0.0299644 0.0232519 0.0175705 0.0128927 0.00913158 0.00614847 0.00378877 0.00198972 0.000820737 0.000256449 6.2351e-05 1.23647e-05 2.05197e-06 2.80709e-07 2.90077e-08 1.6307e-09 0 
0 0.000734221 0.00388032 0.00934441 0.0168673 0.0261877 0.0368488 0.0482652 0.0598941 0.0718228 0.0830851 0.0902105 0.0940653 0.0959406 0.0963087 0.095275 0.0926771 0.0879771 0.0801724 0.0702802 0.0608188 0.0518117 0.0431974 0.0351929 0.0279953 0.0217209 0.0164087 0.0120319 0.00850615 0.00569805 0.00346953 0.00178535 0.000719264 0.000220774 5.32432e-05 1.05547e-05 1.75894e-06 2.42207e-07 2.52242e-08 1.42993e-09 0 
0 0.000637984 0.00348561 0.00849324 0.0153688 0.023881 0.0336168 0.0440395 0.0545594 0.0647599 0.0746843 0.0830198 0.088002 0.0903662 0.090807 0.0894823 0.0861334 0.0801724 0.0720615 0.0637043 0.0554644 0.0473013 0.0394397 0.0321309 0.025558 0.0198269 0.0149725 0.0109685 0.00773324 0.00514161 0.00307966 0.00154415 0.000605192 0.000182337 4.36948e-05 8.68601e-06 1.45912e-06 2.0306e-07 2.13983e-08 1.22799e-09 0 
0 0.000531499 0.00303399 0.00752763 0.0136762 0.0212776 0.0299701 0.0392753 0.0486517 0.0575676 0.0656758 0.0728529 0.0783348 0.0813157 0.0818642 0.080118 0.0760887 0.0702802 0.0637043 0.0567367 0.0494889 0.042215 0.0351999 0.0286774 0.0228111 0.0176948 0.0133585 0.00977571 0.00686834 0.00452408 0.00265947 0.00129888 0.000497013 0.000147941 3.54804e-05 7.11987e-06 1.21268e-06 1.71419e-07 1.83549e-08 1.06988e-09 0 
0 0.000422658 0.00254879 0.00649709 0.0118827 0.0185229 0.0261128 0.0342371 0.0424224 0.0501819 0.0570752 0.0627876 0.0670901 0.0696363 0.0701215 0.0685604 0.0652977 0.0608188 0.0554644 0.0494889 0.0431804 0.0368361 0.0307174 0.0250288 0.0199125 0.0154496 0.0116645 0.00853027 0.00597491 0.00390441 0.00226401 0.00108928 0.000413518 0.000123546 3.00191e-05 6.13142e-06 1.06418e-06 1.5318e-07 1.66761e-08 9.86378e-10 0 
0 0.000319035 0.00205396 0.00544538 0.0100724 0.0157499 0.0222324 0.0291698 0.0361589 0.0427832 0.0486498 0.0534272 0.056871 0.0588162 0.0591783 0.0580026 0.0554665 0.0518117 0.0473013 0.042215 0.0368361 0.0314273 0.0262124 0.0213657 0.0170085 0.0132096 0.00998857 0.00731914 0.00513751 0.00336708 0.00196524 0.000958382 0.000371451 0.000113692 2.82688e-05 5.88764e-06 1.03781e-06 1.51159e-07 1.65991e-08 9.87721e-10 0 
0 0.000227075 0.00157431 0.00440866 0.00831403 0.0130705 0.0184877 0.0242819 0.0301183 0.0356498 0.0405479 0.0445306 0.0473852 0.0489815 0.0492777 0.0483197 0.0462317 0.0431974 0.0394397 0.0351999 0.0307174 0.0262124 0.0218719 0.0178427 0.0142298 0.0110999 0.00847666 0.00632158 0.00454313 0.0030604 0.00185013 0.000943687 0.000382642 0.000121084 3.06634e-05 6.43082e-06 1.13352e-06 1.64439e-07 1.79448e-08 1.05975e-09 0 
0 0.000151277 0.00113515 0.00341723 0.00665661 0.0105698 0.0150021 0.0197358 0.024502 0.0290186 0.0330177 0.0362695 0.0386 0.0399031 0.040146 0.0393667 0.0376657 0.0351929 0.0321309 0.0286774 0.0250288 0.0213657 0.0178427 0.014588 0.0117221 0.00938143 0.0076452 0.00633037 0.00502133 0.00354118 0.00214535 0.00110081 0.000456458 0.000146542 3.6972e-05 7.63668e-06 1.32002e-06 1.87634e-07 2.00751e-08 1.16365e-09 0 
0 9.36069e-05 0.00076013 0.00250111 0.00512929 0.00830103 0.0118589 0.0156438 0.0194501 0.0230555 0.0262474 0.0288428 0.030703 0.0317437 0.0319388 0.0313189 0.0299644 0.0279953 0.025558 0.0228111 0.0199125 0.0170085 0.0142298 0.0117221 0.00976586 0.00890725 0.00954427 0.0107451 0.0103362 0.00753911 0.00409372 0.00175837 0.000641299 0.000192892 4.63578e-05 9.17169e-06 1.52908e-06 2.10801e-07 2.19588e-08 1.24309e-09 0 
0 5.3403e-05 0.00046634 0.00169612 0.00374944 0.00628522 0.00909926 0.0120672 0.0150418 0.0178557 0.0203456 0.0223699 0.0238209 0.0246332 0.0247865 0.0243051 0.0232519 0.0217209 0.0198269 0.0176948 0.0154496 0.0132096 0.0110999 0.00938143 0.00890725 0.0116473 0.0191248 0.029123 0.0342572 0.0219862 0.0111248 0.0039873 0.0011216 0.00027512 5.80575e-05 1.05437e-05 1.66609e-06 2.21633e-07 2.24593e-08 1.24229e-09 0 
0 2.79104e-05 0.000258908 0.00104222 0.0025403 0.00451901 0.00672261 0.00901783 0.011299 0.0134488 0.015348 0.016891 0.0179968 0.0186163 0.0187344 0.0183697 0.0175705 0.0164087 0.0149725 0.0133585 0.0116645 0.00998857 0.00847666 0.0076452 0.00954427 0.0191248 0.0420192 0.0757071 0.0799823 0.0612566 0.0258908 0.00871121 0.00209196 0.000408368 7.07984e-05 1.12251e-05 1.64572e-06 2.10669e-07 2.08367e-08 1.13097e-09 0 
0 1.32992e-05 0.000128903 0.000568067 0.00154626 0.00300176 0.00469748 0.00645999 0.00819017 0.00980611 0.0112267 0.0123781 0.0132026 0.0136647 0.013754 0.0134846 0.0128927 0.0120319 0.0109685 0.00977571 0.00853027 0.00731914 0.00632158 0.00633037 0.0107451 0.029123 0.0757071 0.0873198 0.0888053 0.0831944 0.0516905 0.0140335 0.00318047 0.000541906 7.86981e-05 1.06975e-05 1.43503e-06 1.76899e-07 1.71875e-08 9.21793e-10 0 
0 5.76085e-06 5.72882e-05 0.000270609 0.000818774 0.00176985 0.00300001 0.00433014 0.00563698 0.00684502 0.00789702 0.00874445 0.00934939 0.00968852 0.00975547 0.00956103 0.00913158 0.00850615 0.00773324 0.00686834 0.00597491 0.00513751 0.00454313 0.00502133 0.0103362 0.0342572 0.0799823 0.0888053 0.0899902 0.085484 0.061544 0.0154861 0.00344191 0.000553295 7.20454e-05 8.67505e-06 1.0773e-06 1.29109e-07 1.24423e-08 6.65096e-10 0 
0 2.26614e-06 2.27262e-05 0.000112129 0.000368929 0.000887694 0.00166511 0.0025951 0.00355335 0.00445019 0.00522907 0.00585264 0.00629576 0.00654419 0.00659505 0.00645682 0.00614847 0.00569805 0.00514161 0.00452408 0.00390441 0.00336708 0.0030604 0.00354118 0.00753911 0.0219862 0.0612566 0.0831944 0.085484 0.0785395 0.0374329 0.0114578 0.00254338 0.000402674 5.00487e-05 5.67792e-06 6.80297e-07 8.10032e-08 7.84308e-09 4.21918e-10 0 
0 8.09691e-07 8.07255e-06 4.0596e-05 0.000140852 0.000368831 0.00076419 0.00130771 0.00192965 0.00255023 0.00310695 0.00355895 0.00388212 0.00406459 0.00410426 0.00400757 0.00378877 0.00346953 0.00307966 0.00265947 0.00226401 0.00196524 0.00185013 0.00214535 0.00409372 0.0111248 0.0258908 0.0516905 0.061544 0.0374329 0.0172156 0.00567914 0.00127297 0.000203772 2.53908e-05 2.91104e-06 3.5681e-07 4.34692e-08 4.28945e-09 2.34483e-10 0 
0 2.6296e-07 2.57887e-06 1.29654e-05 4.60731e-05 0.000127017 0.000283422 0.000527742 0.000844511 0.00119533 0.00153517 0.00182569 0.00204046 0.00216481 0.00219408 0.00213201 0.00198972 0.00178535 0.00154415 0.00129888 0.00108928 0.000958382 0.000943687 0.00110081 0.00175837 0.0039873 0.00871121 0.0140335 0.0154861 0.0114578 0.00567914 0.00189438 0.000435081 7.19559e-05 9.43831e-06 1.17649e-06 1.56165e-07 1.99825e-08 2.03483e-09 1.14022e-10 0 
0 7.76433e-08 7.43726e-07 3.68894e-06 1.31356e-05 3.6997e-05 8.60085e-05 0.000169385 0.000288715 0.000434639 0.000589027 0.000730747 0.000841242 0.000907831 0.000924829 0.000893381 0.000820737 0.000719264 0.000605192 0.000497013 0.000413518 0.000371451 0.000382642 0.000456458 0.000641299 0.0011216 0.00209196 0.00318047 0.00344191 0.00254338 0.00127297 0.000435081 0.00010391 1.83028e-05 2.69161e-06 3.90162e-07 5.80768e-08 7.91392e-09 8.38656e-10 4.85108e-11 0 
0 2.08156e-08 1.93919e-07 9.4131e-07 3.31235e-06 9.33461e-06 2.2008e-05 4.45035e-05 7.85845e-05 0.000123046 0.000173239 0.000222089 0.00026205 0.000287069 0.00029391 0.000282652 0.000256449 0.000220774 0.000182337 0.000147941 0.000123546 0.000113692 0.000121084 0.000146542 0.000192892 0.00027512 0.000408368 0.000541906 0.000553295 0.000402674 0.000203772 7.19559e-05 1.83028e-05 3.63278e-06 6.42454e-07 1.11907e-07 1.86955e-08 2.71552e-09 3.00801e-10 1.8053e-11 0 
0 5.04474e-09 4.56093e-08 2.15726e-07 7.44358e-07 2.07339e-06 4.87451e-06 9.91348e-06 1.77313e-05 2.82536e-05 4.05515e-05 5.29345e-05 6.33749e-05 7.00868e-05 7.20253e-05 6.91428e-05 6.2351e-05 5.32432e-05 4.36948e-05 3.54804e-05 3.00191e-05 2.82688e-05 3.06634e-05 3.6972e-05 4.63578e-05 5.80575e-05 7.07984e-05 7.86981e-05 7.20454e-05 5.00487e-05 2.53908e-05 9.43831e-06 2.69161e-06 6.42454e-07 1.40202e-07 2.86379e-08 5.25058e-09 8.0883e-10 9.38345e-11 5.86299e-12 0 
0 1.09433e-09 9.59495e-09 4.41371e-08 1.48766e-07 4.07009e-07 9.45526e-07 1.91152e-06 3.4166e-06 5.46255e-06 7.88647e-06 1.03644e-05 1.24855e-05 1.38709e-05 1.42891e-05 1.37228e-05 1.23647e-05 1.05547e-05 8.68601e-06 7.11987e-06 6.13142e-06 5.88764e-06 6.43082e-06 7.63668e-06 9.17169e-06 1.05437e-05 1.12251e-05 1.06975e-05 8.67505e-06 5.67792e-06 2.91104e-06 1.17649e-06 3.90162e-07 1.11907e-07 2.86379e-08 6.5109e-09 1.28054e-09 2.08199e-10 2.53124e-11 1.64968e-12 0 
0 2.08183e-10 1.77069e-09 7.91881e-09 2.60353e-08 6.97679e-08 1.59467e-07 3.18624e-07 5.65198e-07 8.99961e-07 1.29744e-06 1.70563e-06 2.05724e-06 2.28909e-06 2.36185e-06 2.27204e-06 2.05197e-06 1.75894e-06 1.45912e-06 1.21268e-06 1.06418e-06 1.03781e-06 1.13352e-06 1.32002e-06 1.52908e-06 1.66609e-06 1.64572e-06 1.43503e-06 1.0773e-06 6.80297e-07 3.5681e-07 1.56165e-07 5.80768e-08 1.86955e-08 5.25058e-09 1.28054e-09 2.66662e-10 4.56117e-11 5.80958e-12 3.95188e-13 0 
0 3.32722e-11 2.74778e-10 1.19539e-09 3.83362e-09 1.00541e-08 2.25724e-08 4.44639e-08 7.80314e-08 1.23308e-07 1.76886e-07 2.31873e-07 2.79331e-07 3.10826e-07 3.21072e-07 3.09583e-07 2.80709e-07 2.42207e-07 2.0306e-07 1.71419e-07 1.5318e-07 1.51159e-07 1.64439e-07 1.87634e-07 2.10801e-07 2.21633e-07 2.10669e-07 1.76899e-07 1.29109e-07 8.10032e-08 4.34692e-08 1.99825e-08 7.91392e-09 2.71552e-09 8.0883e-10 2.08199e-10 4.56117e-11 8.18635e-12 1.09113e-12 7.74434e-14 0 
0 4.03241e-12 3.23774e-11 1.37177e-10 4.29454e-10 1.1026e-09 2.43091e-09 4.71729e-09 8.1806e-09 1.28108e-08 1.82581e-08 2.38318e-08 2.8642e-08 3.18504e-08 3.29315e-08 3.1838e-08 2.90077e-08 2.52242e-08 2.13983e-08 1.83549e-08 1.66761e-08 1.65991e-08 1.79448e-08 2.00751e-08 2.19588e-08 2.24593e-08 2.08367e-08 1.71875e-08 1.24423e-08 7.84308e-09 4.28945e-09 2.03483e-09 8.38656e-10 3.00801e-10 9.38345e-11 2.53124e-11 5.80958e-12 1.09113e-12 1.51918e-13 1.12383e-14 0 
0 2.64779e-13 2.07019e-12 8.55441e-12 2.61753e-11 6.58488e-11 1.4264e-10 2.72727e-10 4.67288e-10 7.24901e-10 1.02593e-09 1.3327e-09 1.59721e-09 1.77445e-09 1.83631e-09 1.78042e-09 1.6307e-09 1.42993e-09 1.22799e-09 1.06988e-09 9.86378e-10 9.87721e-10 1.05975e-09 1.16365e-09 1.24309e-09 1.24229e-09 1.13097e-09 9.21793e-10 6.65096e-10 4.21918e-10 2.34483e-10 1.14022e-10 4.85108e-11 1.8053e-11 5.86299e-12 1.64968e-12 3.95188e-13 7.74434e-14 1.12383e-14 8.65186e-16 0 
0 0 0 0 0 0 0 0 0 0 0 0 0 0 0 0 0 0 0 0 0 0 0 0 0 0 0 0 0 0 0 0 0 0 0 0 0 0 0 0 0 
