0 0 0 0 0 0 0 0 0 0 0 0 0 0 0 0 0 0 0 0 0 0 0 0 0 0 0 0 0 0 0 0 0 0 0 0 0 0 0 0 0 
0 1.07191e-13 1.02599e-12 5.20995e-12 1.9615e-11 6.06105e-11 1.60454e-10 3.71713e-10 7.62265e-10 1.39295e-09 2.27767e-09 3.34187e-09 4.40931e-09 5.24154e-09 5.62419e-09 5.45778e-09 4.79997e-09 3.83459e-09 2.78955e-09 1.85289e-09 1.12694e-09 6.29495e-10 3.23942e-10 1.5406e-10 6.79227e-11 2.78454e-11 1.06448e-11 3.80437e-12 1.2739e-12 4.00324e-13 1.18177e-13 3.27722e-14 8.52606e-15 2.07406e-15 4.68732e-16 9.72571e-17 1.81244e-17 2.90282e-18 3.60454e-19 2.47916e-20 0 
0 1.02599e-12 1.01767e-11 5.35718e-11 2.08998e-10 6.68417e-10 1.82808e-09 4.36445e-09 9.19619e-09 1.72079e-08 2.87033e-08 4.27896e-08 5.7125e-08 6.84227e-08 7.36688e-08 7.14438e-08 6.25493e-08 4.9561e-08 3.56371e-08 2.33238e-08 1.39384e-08 7.63131e-09 3.84127e-09 1.78394e-09 7.67093e-10 3.06456e-10 1.14117e-10 3.97257e-11 1.2961e-11 3.97118e-12 1.14413e-12 3.10063e-13 7.8959e-14 1.88379e-14 4.18494e-15 8.55856e-16 1.57685e-16 2.50558e-17 3.09863e-18 2.13129e-19 0 
0 5.20995e-12 5.35718e-11 2.92507e-10 1.18327e-09 3.91971e-09 1.10833e-08 2.72886e-08 5.91163e-08 1.13329e-07 1.92917e-07 2.9229e-07 3.94914e-07 4.7669e-07 5.15071e-07 4.99275e-07 4.3522e-07 3.4209e-07 2.43177e-07 1.56844e-07 9.2107e-08 4.94332e-08 2.43407e-08 1.10399e-08 4.63057e-09 1.80313e-09 6.54242e-10 2.21936e-10 7.05947e-11 2.11062e-11 5.94107e-12 1.57558e-12 3.93423e-13 9.22572e-14 2.02021e-14 4.08577e-15 7.4724e-16 1.18354e-16 1.4655e-17 1.01379e-18 0 
0 1.9615e-11 2.08998e-10 1.18327e-09 4.96227e-09 1.70229e-08 4.9755e-08 1.26313e-07 2.8127e-07 5.52266e-07 9.59101e-07 1.4764e-06 2.01823e-06 2.45469e-06 2.66191e-06 2.57976e-06 2.24015e-06 1.74793e-06 1.22937e-06 7.82087e-07 4.51736e-07 2.37869e-07 1.14679e-07 5.08434e-08 2.0822e-08 7.91103e-09 2.80001e-09 9.26751e-10 2.87813e-10 8.41063e-11 2.31754e-11 6.02845e-12 1.4801e-12 3.42277e-13 7.41699e-14 1.49039e-14 2.72035e-15 4.32089e-16 5.39132e-17 3.77472e-18 0 
0 6.06105e-11 6.68417e-10 3.91971e-09 1.70229e-08 6.04118e-08 1.82335e-07 4.76795e-07 1.09016e-06 2.18985e-06 3.87534e-06 6.05412e-06 8.36529e-06 1.02454e-05 1.11488e-05 1.0807e-05 9.35711e-06 7.25765e-06 5.05871e-06 3.17985e-06 1.80973e-06 9.36617e-07 4.42881e-07 1.9227e-07 7.70162e-08 2.86025e-08 9.89451e-09 3.20204e-09 9.73162e-10 2.78685e-10 7.53954e-11 1.93025e-11 4.67844e-12 1.07192e-12 2.31117e-13 4.64301e-14 8.51632e-15 1.36633e-15 1.72996e-16 1.23339e-17 0 
0 1.60454e-10 1.82808e-09 1.10833e-08 4.9755e-08 1.82335e-07 5.67247e-07 1.52499e-06 3.57312e-06 7.32741e-06 1.31839e-05 2.08549e-05 2.90696e-05 3.5802e-05 3.90755e-05 3.7907e-05 3.27773e-05 2.53307e-05 1.75463e-05 1.09301e-05 6.14715e-06 3.13559e-06 1.45806e-06 6.21433e-07 2.44099e-07 8.88493e-08 3.01247e-08 9.56073e-09 2.85295e-09 8.03583e-10 2.14342e-10 5.42685e-11 1.30568e-11 2.98291e-12 6.44542e-13 1.30475e-13 2.42459e-14 3.95973e-15 5.12111e-16 3.73535e-17 0 
0 3.71713e-10 4.36445e-09 2.72886e-08 1.26313e-07 4.76795e-07 1.52499e-06 4.2036e-06 1.00631e-05 2.09973e-05 3.82694e-05 6.1065e-05 8.5572e-05 0.000105718 0.000115614 0.000112328 9.72301e-05 7.51412e-05 5.19517e-05 3.22163e-05 1.79824e-05 9.07679e-06 4.16607e-06 1.74927e-06 6.76129e-07 2.42054e-07 8.07364e-08 2.52301e-08 7.4249e-09 2.06727e-09 5.46738e-10 1.37788e-10 3.3153e-11 7.6151e-12 1.66393e-12 3.42537e-13 6.50437e-14 1.089e-14 1.44545e-15 1.08075e-16 0 
0 7.62265e-10 9.19619e-09 5.91163e-08 2.8127e-07 1.09016e-06 3.57312e-06 1.00631e-05 2.45156e-05 5.18056e-05 9.51399e-05 0.000152291 0.000213468 0.000263579 0.000288379 0.00028086 0.000244149 0.000189634 0.000131659 8.17913e-05 4.55833e-05 2.28918e-05 1.04214e-05 4.33036e-06 1.65422e-06 5.85073e-07 1.92894e-07 5.96626e-08 1.74167e-08 4.82515e-09 1.2749e-09 3.22574e-10 7.83659e-11 1.8285e-11 4.0822e-12 8.62732e-13 1.68667e-13 2.90867e-14 3.96831e-15 3.0372e-16 0 
0 1.39295e-09 1.72079e-08 1.13329e-07 5.52266e-07 2.18985e-06 7.32741e-06 2.09973e-05 5.18056e-05 0.000110239 0.000202673 0.000323274 0.00045059 0.000553733 0.00060501 0.000591169 0.00051788 0.000406555 0.000285459 0.000179016 0.000100353 5.04788e-05 2.29303e-05 9.48147e-06 3.59895e-06 1.26453e-06 4.14553e-07 1.27759e-07 3.72764e-08 1.03653e-08 2.76325e-09 7.09693e-10 1.76132e-10 4.22345e-11 9.73459e-12 2.12886e-12 4.3046e-13 7.65323e-14 1.07085e-14 8.35243e-16 0 
0 2.27767e-09 2.87033e-08 1.92917e-07 9.59101e-07 3.87534e-06 1.31839e-05 3.82694e-05 9.51399e-05 0.000202673 0.000370647 0.000585504 0.000807443 0.000984349 0.00107261 0.00105218 0.000931322 0.00074236 0.000530488 0.000338333 0.000192252 9.75807e-05 4.45334e-05 1.84424e-05 7.00058e-06 2.46018e-06 8.08022e-07 2.50249e-07 7.37e-08 2.0802e-08 5.66579e-09 1.49683e-09 3.84459e-10 9.58174e-11 2.29886e-11 5.22427e-12 1.09275e-12 1.99669e-13 2.85002e-14 2.25099e-15 0 
0 3.34187e-09 4.27896e-08 2.9229e-07 1.4764e-06 6.05412e-06 2.08549e-05 6.1065e-05 0.000152291 0.000323274 0.000585504 0.000912793 0.00124271 0.00150137 0.00163125 0.00160696 0.00143855 0.00116671 0.00085159 0.000555253 0.000321874 0.000165995 7.66467e-05 3.20176e-05 1.2246e-05 4.3403e-06 1.44181e-06 4.53713e-07 1.36597e-07 3.96938e-08 1.12121e-08 3.09113e-09 8.31746e-10 2.17264e-10 5.44617e-11 1.28519e-11 2.7692e-12 5.16762e-13 7.47115e-14 5.93321e-15 0 
0 4.40931e-09 5.7125e-08 3.94914e-07 2.01823e-06 8.36529e-06 2.90696e-05 8.5572e-05 0.000213468 0.00045059 0.000807443 0.00124271 0.00167241 0.00200536 0.00217466 0.00215163 0.00194694 0.00160562 0.00119732 0.000799573 0.000474607 0.000250023 0.000117574 4.9921e-05 1.94089e-05 7.00966e-06 2.38391e-06 7.73089e-07 2.4174e-07 7.35412e-08 2.18874e-08 6.37955e-09 1.81343e-09 4.9799e-10 1.30189e-10 3.17329e-11 6.99272e-12 1.3223e-12 1.92175e-13 1.52405e-14 0 
0 5.24154e-09 6.84227e-08 4.7669e-07 2.45469e-06 1.02454e-05 3.5802e-05 0.000105718 0.000263579 0.000553733 0.000984349 0.00150137 0.00200536 0.00239437 0.00259631 0.0025805 0.00235712 0.00197213 0.00149899 0.00102402 0.000622939 0.000336355 0.000162034 7.05044e-05 2.81587e-05 1.04981e-05 3.71221e-06 1.26264e-06 4.17733e-07 1.3537e-07 4.3039e-08 1.33722e-08 4.02442e-09 1.15838e-09 3.13799e-10 7.83619e-11 1.75101e-11 3.32818e-12 4.82727e-13 3.79914e-14 0 
0 5.62419e-09 7.36688e-08 5.15071e-07 2.66191e-06 1.11488e-05 3.90755e-05 0.000115614 0.000288379 0.00060501 0.00107261 0.00163125 0.00217466 0.00259631 0.00282167 0.00281851 0.00259553 0.00219727 0.00169671 0.00118242 0.000736507 0.000408466 0.00020273 9.12514e-05 3.79284e-05 1.48387e-05 5.56108e-06 2.02452e-06 7.22157e-07 2.52919e-07 8.65935e-08 2.87161e-08 9.11175e-09 2.7283e-09 7.58948e-10 1.9239e-10 4.32186e-11 8.19393e-12 1.17823e-12 9.15059e-14 0 
0 5.45778e-09 7.14438e-08 4.99275e-07 2.57976e-06 1.0807e-05 3.7907e-05 0.000112328 0.00028086 0.000591169 0.00105218 0.00160696 0.00215163 0.0025805 0.00281851 0.00283188 0.002627 0.0022453 0.00175618 0.00124513 0.000793395 0.000453055 0.000233272 0.000109907 4.83334e-05 2.02488e-05 8.2206e-06 3.26886e-06 1.2764e-06 4.86926e-07 1.79602e-07 6.32371e-08 2.09753e-08 6.46924e-09 1.82977e-09 4.66536e-10 1.04499e-10 1.96217e-11 2.78022e-12 2.11988e-13 0 
0 4.79997e-09 6.25493e-08 4.3522e-07 2.24015e-06 9.35711e-06 3.27773e-05 9.72301e-05 0.000244149 0.00051788 0.000931322 0.00143855 0.00194694 0.00235712 0.00259553 0.002627 0.00245481 0.00211591 0.00167358 0.00120584 0.000786785 0.000464819 0.000250778 0.000125634 5.96688e-05 2.73903e-05 1.2308e-05 5.43143e-06 2.33974e-06 9.72073e-07 3.83957e-07 1.42209e-07 4.87915e-08 1.53376e-08 4.36744e-09 1.11009e-09 2.45996e-10 4.54406e-11 6.30863e-12 4.70064e-13 0 
0 3.83459e-09 4.9561e-08 3.4209e-07 1.74793e-06 7.25765e-06 2.53307e-05 7.51412e-05 0.000189634 0.000406555 0.00074236 0.00116671 0.00160562 0.00197213 0.00219727 0.0022453 0.00211591 0.00184013 0.0014727 0.00108039 0.000725277 0.000447426 0.000256738 0.000139566 7.3286e-05 3.76931e-05 1.90595e-05 9.40875e-06 4.47026e-06 2.01014e-06 8.42183e-07 3.24557e-07 1.13905e-07 3.61066e-08 1.02497e-08 2.57449e-09 5.60163e-10 1.01145e-10 1.36865e-11 9.92319e-13 0 
0 2.78955e-09 3.56371e-08 2.43177e-07 1.22937e-06 5.05871e-06 1.75463e-05 5.19517e-05 0.000131659 0.000285459 0.000530488 0.00085159 0.00119732 0.00149899 0.00169671 0.00175618 0.00167358 0.0014727 0.00119738 0.000900147 0.000628166 0.00041091 0.000255954 0.000154588 9.17975e-05 5.37966e-05 3.08634e-05 1.70461e-05 8.88256e-06 4.28445e-06 1.88371e-06 7.46734e-07 2.6502e-07 8.37935e-08 2.34786e-08 5.77701e-09 1.22507e-09 2.14909e-10 2.82062e-11 1.98239e-12 0 
0 1.85289e-09 2.33238e-08 1.56844e-07 7.82087e-07 3.17985e-06 1.09301e-05 3.22163e-05 8.17913e-05 0.000179016 0.000338333 0.000555253 0.000799573 0.00102402 0.00118242 0.00124513 0.00120584 0.00108039 0.000900147 0.000702088 0.000518076 0.00036721 0.000254386 0.000174623 0.000119232 8.02714e-05 5.22855e-05 3.21673e-05 1.82479e-05 9.35242e-06 4.268e-06 1.71981e-06 6.09848e-07 1.90142e-07 5.20507e-08 1.24369e-08 2.55203e-09 4.32489e-10 5.48167e-11 3.7226e-12 0 
0 1.12694e-09 1.39384e-08 9.2107e-08 4.51736e-07 1.80973e-06 6.14715e-06 1.79824e-05 4.55833e-05 0.000100353 0.000192252 0.000321874 0.000474607 0.000622939 0.000736507 0.000793395 0.000786785 0.000725277 0.000628166 0.000518076 0.000413794 0.000325996 0.000257063 0.000203868 0.000161283 0.00012481 9.19897e-05 6.27205e-05 3.84881e-05 2.07881e-05 9.74167e-06 3.93915e-06 1.37673e-06 4.1791e-07 1.10557e-07 2.54286e-08 5.01511e-09 8.16915e-10 9.96326e-11 6.52185e-12 0 
0 6.29495e-10 7.63131e-09 4.94332e-08 2.37869e-07 9.36617e-07 3.13559e-06 9.07679e-06 2.28918e-05 5.04788e-05 9.75807e-05 0.000165995 0.000250023 0.000336355 0.000408466 0.000453055 0.000464819 0.000447426 0.00041091 0.00036721 0.000325996 0.000292377 0.000266769 0.000246122 0.000225522 0.000199932 0.00016632 0.000125698 8.35706e-05 4.75065e-05 2.26654e-05 9.04441e-06 3.05056e-06 8.83922e-07 2.2264e-07 4.88073e-08 9.19291e-09 1.43343e-09 1.67798e-10 1.05728e-11 0 
0 3.23942e-10 3.84127e-09 2.43407e-08 1.14679e-07 4.42881e-07 1.45806e-06 4.16607e-06 1.04214e-05 2.29303e-05 4.45334e-05 7.66467e-05 0.000117574 0.000162034 0.00020273 0.000233272 0.000250778 0.000256738 0.000255954 0.000254386 0.000257063 0.000266769 0.000283447 0.000303807 0.000321106 0.000326101 0.000309634 0.0002658 0.000197169 0.000120325 5.83584e-05 2.23718e-05 6.95681e-06 1.83357e-06 4.24462e-07 8.70258e-08 1.55261e-08 2.30984e-09 2.59217e-10 1.57205e-11 0 
0 1.5406e-10 1.78394e-09 1.10399e-08 5.08434e-08 1.9227e-07 6.21433e-07 1.74927e-06 4.33036e-06 9.48147e-06 1.84424e-05 3.20176e-05 4.9921e-05 7.05044e-05 9.12514e-05 0.000109907 0.000125634 0.000139566 0.000154588 0.000174623 0.000203868 0.000246122 0.000303807 0.000376365 0.00045952 0.000547031 0.00062525 0.000651788 0.000568147 0.000381952 0.000188912 6.81118e-05 1.84731e-05 4.05905e-06 7.92436e-07 1.44246e-07 2.39006e-08 3.3771e-09 3.63373e-10 2.12419e-11 0 
0 6.79227e-11 7.67093e-10 4.63057e-09 2.0822e-08 7.70162e-08 2.44099e-07 6.76129e-07 1.65422e-06 3.59895e-06 7.00058e-06 1.2246e-05 1.94089e-05 2.81587e-05 3.79284e-05 4.83334e-05 5.96688e-05 7.3286e-05 9.17975e-05 0.000119232 0.000161283 0.000225522 0.000321106 0.00045952 0.000665203 0.000994411 0.00148007 0.0019323 0.00194411 0.00139967 0.000699168 0.00024063 5.80027e-05 1.03851e-05 1.56245e-06 2.28352e-07 3.34106e-08 4.42964e-09 4.57225e-10 2.58431e-11 0 
0 2.78454e-11 3.06456e-10 1.80313e-09 7.91103e-09 2.86025e-08 8.88493e-08 2.42054e-07 5.85073e-07 1.26453e-06 2.46018e-06 4.3403e-06 7.00966e-06 1.04981e-05 1.48387e-05 2.02488e-05 2.73903e-05 3.76931e-05 5.37966e-05 8.02714e-05 0.00012481 0.000199932 0.000326101 0.000547031 0.000994411 0.00198735 0.00379392 0.00573623 0.00617583 0.00454898 0.00226432 0.000759689 0.00017252 2.72398e-05 3.26403e-06 3.5803e-07 4.26914e-08 5.16706e-09 5.11124e-10 2.80588e-11 0 
0 1.06448e-11 1.14117e-10 6.54242e-10 2.80001e-09 9.89451e-09 3.01247e-08 8.07364e-08 1.92894e-07 4.14553e-07 8.08022e-07 1.44181e-06 2.38391e-06 3.71221e-06 5.56108e-06 8.2206e-06 1.2308e-05 1.90595e-05 3.08634e-05 5.22855e-05 9.19897e-05 0.00016632 0.000309634 0.00062525 0.00148007 0.00379392 0.00835662 0.0134199 0.0147677 0.0109298 0.00541104 0.00179026 0.000395991 5.9077e-05 6.22953e-06 5.39045e-07 4.99619e-08 5.32214e-09 5.02989e-10 2.6971e-11 0 
0 3.80437e-12 3.97257e-11 2.21936e-10 9.26751e-10 3.20204e-09 9.56073e-09 2.52301e-08 5.96626e-08 1.27759e-07 2.50249e-07 4.53713e-07 7.73089e-07 1.26264e-06 2.02452e-06 3.26886e-06 5.43143e-06 9.40875e-06 1.70461e-05 3.21673e-05 6.27205e-05 0.000125698 0.0002658 0.000651788 0.0019323 0.00573623 0.0134199 0.0219935 0.0243605 0.0180484 0.00891135 0.00292837 0.00063989 9.31427e-05 9.25344e-06 6.9546e-07 5.18767e-08 4.78839e-09 4.32206e-10 2.28e-11 0 
0 1.2739e-12 1.2961e-11 7.05947e-11 2.87813e-10 9.73162e-10 2.85295e-09 7.4249e-09 1.74167e-08 3.72764e-08 7.37e-08 1.36597e-07 2.4174e-07 4.17733e-07 7.22157e-07 1.2764e-06 2.33974e-06 4.47026e-06 8.88256e-06 1.82479e-05 3.84881e-05 8.35706e-05 0.000197169 0.000568147 0.00194411 0.00617583 0.0147677 0.0243605 0.0270358 0.0200359 0.00988272 0.00323836 0.000703623 0.000101291 9.80141e-06 6.87459e-07 4.4777e-08 3.69132e-09 3.21887e-10 1.68655e-11 0 
0 4.00324e-13 3.97118e-12 2.11062e-11 8.41063e-11 2.78685e-10 8.03583e-10 2.06727e-09 4.82515e-09 1.03653e-08 2.0802e-08 3.96938e-08 7.35412e-08 1.3537e-07 2.52919e-07 4.86926e-07 9.72073e-07 2.01014e-06 4.28445e-06 9.35242e-06 2.07881e-05 4.75065e-05 0.000120325 0.000381952 0.00139967 0.00454898 0.0109298 0.0180484 0.0200359 0.0148485 0.00732213 0.00239699 0.00051952 7.44421e-05 7.13365e-06 4.88146e-07 3.0212e-08 2.38511e-09 2.06568e-10 1.08821e-11 0 
0 1.18177e-13 1.14413e-12 5.94107e-12 2.31754e-11 7.53954e-11 2.14342e-10 5.46738e-10 1.2749e-09 2.76325e-09 5.66579e-09 1.12121e-08 2.18874e-08 4.3039e-08 8.65935e-08 1.79602e-07 3.83957e-07 8.42183e-07 1.88371e-06 4.268e-06 9.74167e-06 2.26654e-05 5.83584e-05 0.000188912 0.000699168 0.00226432 0.00541104 0.00891135 0.00988272 0.00732213 0.00361092 0.00118187 0.000255963 3.66596e-05 3.51843e-06 2.42906e-07 1.54881e-08 1.27792e-09 1.13984e-10 6.11725e-12 0 
0 3.27722e-14 3.10063e-13 1.57558e-12 6.02845e-12 1.93025e-11 5.42685e-11 1.37788e-10 3.22574e-10 7.09693e-10 1.49683e-09 3.09113e-09 6.37955e-09 1.33722e-08 2.87161e-08 6.32371e-08 1.42209e-07 3.24557e-07 7.46734e-07 1.71981e-06 3.93915e-06 9.04441e-06 2.23718e-05 6.81118e-05 0.00024063 0.000759689 0.00179026 0.00292837 0.00323836 0.00239699 0.00118187 0.000386861 8.38601e-05 1.20617e-05 1.17488e-06 8.51736e-08 6.1206e-09 5.72982e-10 5.42221e-11 2.99741e-12 0 
0 8.52606e-15 7.8959e-14 3.93423e-13 1.4801e-12 4.67844e-12 1.30568e-11 3.3153e-11 7.83659e-11 1.76132e-10 3.84459e-10 8.31746e-10 1.81343e-09 4.02442e-09 9.11175e-09 2.09753e-08 4.87915e-08 1.13905e-07 2.6502e-07 6.09848e-07 1.37673e-06 3.05056e-06 6.95681e-06 1.84731e-05 5.80027e-05 0.00017252 0.000395991 0.00063989 0.000703623 0.00051952 0.000255963 8.38601e-05 1.82568e-05 2.66086e-06 2.69779e-07 2.19782e-08 1.97329e-09 2.19996e-10 2.23525e-11 1.28182e-12 0 
0 2.07406e-15 1.88379e-14 9.22572e-14 3.42277e-13 1.07192e-12 2.98291e-12 7.6151e-12 1.8285e-11 4.22345e-11 9.58174e-11 2.17264e-10 4.9799e-10 1.15838e-09 2.7283e-09 6.46924e-09 1.53376e-08 3.61066e-08 8.37935e-08 1.90142e-07 4.1791e-07 8.83922e-07 1.83357e-06 4.05905e-06 1.03851e-05 2.72398e-05 5.9077e-05 9.31427e-05 0.000101291 7.44421e-05 3.66596e-05 1.20617e-05 2.66086e-06 4.02042e-07 4.50129e-08 4.62467e-09 5.59987e-10 7.37939e-11 8.01755e-12 4.787e-13 0 
0 4.68732e-16 4.18494e-15 2.02021e-14 7.41699e-14 2.31117e-13 6.44542e-13 1.66393e-12 4.0822e-12 9.73459e-12 2.29886e-11 5.44617e-11 1.30189e-10 3.13799e-10 7.58948e-10 1.82977e-09 4.36744e-09 1.02497e-08 2.34786e-08 5.20507e-08 1.10557e-07 2.2264e-07 4.24462e-07 7.92436e-07 1.56245e-06 3.26403e-06 6.22953e-06 9.25344e-06 9.80141e-06 7.13365e-06 3.51843e-06 1.17488e-06 2.69779e-07 4.50129e-08 6.30147e-09 9.17211e-10 1.4613e-10 2.17354e-11 2.50217e-12 1.55835e-13 0 
0 9.72571e-17 8.55856e-16 4.08577e-15 1.49039e-14 4.64301e-14 1.30475e-13 3.42537e-13 8.62732e-13 2.12886e-12 5.22427e-12 1.28519e-11 3.17329e-11 7.83619e-11 1.9239e-10 4.66536e-10 1.11009e-09 2.57449e-09 5.77701e-09 1.24369e-08 2.54286e-08 4.88073e-08 8.70258e-08 1.44246e-07 2.28352e-07 3.5803e-07 5.39045e-07 6.9546e-07 6.87459e-07 4.88146e-07 2.42906e-07 8.51736e-08 2.19782e-08 4.62467e-09 9.17211e-10 1.83375e-10 3.46187e-11 5.57254e-12 6.75319e-13 4.39149e-14 0 
0 1.81244e-17 1.57685e-16 7.4724e-16 2.72035e-15 8.51632e-15 2.42459e-14 6.50437e-14 1.68667e-13 4.3046e-13 1.09275e-12 2.7692e-12 6.99272e-12 1.75101e-11 4.32186e-11 1.04499e-10 2.45996e-10 5.60163e-10 1.22507e-09 2.55203e-09 5.01511e-09 9.19291e-09 1.55261e-08 2.39006e-08 3.34106e-08 4.26914e-08 4.99619e-08 5.18767e-08 4.4777e-08 3.0212e-08 1.54881e-08 6.1206e-09 1.97329e-09 5.59987e-10 1.4613e-10 3.46187e-11 7.14723e-12 1.21919e-12 1.55034e-13 1.05293e-14 0 
0 2.90282e-18 2.50558e-17 1.18354e-16 4.32089e-16 1.36633e-15 3.95973e-15 1.089e-14 2.90867e-14 7.65323e-14 1.99669e-13 5.16762e-13 1.3223e-12 3.32818e-12 8.19393e-12 1.96217e-11 4.54406e-11 1.01145e-10 2.14909e-10 4.32489e-10 8.16915e-10 1.43343e-09 2.30984e-09 3.3771e-09 4.42964e-09 5.16706e-09 5.32214e-09 4.78839e-09 3.69132e-09 2.38511e-09 1.27792e-09 5.72982e-10 2.19996e-10 7.37939e-11 2.17354e-11 5.57254e-12 1.21919e-12 2.18638e-13 2.91147e-14 2.06415e-15 0 
0 3.60454e-19 3.09863e-18 1.4655e-17 5.39132e-17 1.72996e-16 5.12111e-16 1.44545e-15 3.96831e-15 1.07085e-14 2.85002e-14 7.47115e-14 1.92175e-13 4.82727e-13 1.17823e-12 2.78022e-12 6.30863e-12 1.36865e-11 2.82062e-11 5.48167e-11 9.96326e-11 1.67798e-10 2.59217e-10 3.63373e-10 4.57225e-10 5.11124e-10 5.02989e-10 4.32206e-10 3.21887e-10 2.06568e-10 1.13984e-10 5.42221e-11 2.23525e-11 8.01755e-12 2.50217e-12 6.75319e-13 1.55034e-13 2.91147e-14 4.05188e-15 2.99538e-16 0 
0 2.47916e-20 2.13129e-19 1.01379e-18 3.77472e-18 1.23339e-17 3.73535e-17 1.08075e-16 3.0372e-16 8.35243e-16 2.25099e-15 5.93321e-15 1.52405e-14 3.79914e-14 9.15059e-14 2.11988e-13 4.70064e-13 9.92319e-13 1.98239e-12 3.7226e-12 6.52185e-12 1.05728e-11 1.57205e-11 2.12419e-11 2.58431e-11 2.80588e-11 2.6971e-11 2.28e-11 1.68655e-11 1.08821e-11 6.11725e-12 2.99741e-12 1.28182e-12 4.787e-13 1.55835e-13 4.39149e-14 1.05293e-14 2.06415e-15 2.99538e-16 2.30526e-17 0 
0 0 0 0 0 0 0 0 0 0 0 0 0 0 0 0 0 0 0 0 0 0 0 0 0 0 0 0 0 0 0 0 0 0 0 0 0 0 0 0 0 
