0 0 0 0 0 0 0 0 0 0 0 0 0 0 0 0 0 0 0 0 0 0 0 0 0 0 0 0 0 0 0 0 0 0 0 0 0 0 0 0 0 
0 2.93874e-14 2.81443e-13 1.43076e-12 5.39621e-12 1.67157e-11 4.43957e-11 1.03266e-10 2.12794e-10 3.91039e-10 6.43435e-10 9.50591e-10 1.26352e-09 1.51373e-09 1.63743e-09 1.60228e-09 1.42129e-09 1.14547e-09 8.40906e-10 5.63846e-10 3.46338e-10 1.9548e-10 1.01707e-10 4.89379e-11 2.18459e-11 9.07543e-12 3.51889e-12 1.27684e-12 4.34561e-13 1.38973e-13 4.18087e-14 1.18348e-14 3.14886e-15 7.85151e-16 1.8236e-16 3.9007e-17 7.52038e-18 1.25104e-18 1.62035e-19 1.16735e-20 0 
0 2.81443e-13 2.7924e-12 1.47121e-11 5.74844e-11 1.84277e-10 5.05609e-10 1.2121e-09 2.56687e-09 4.83157e-09 8.11334e-09 1.21845e-08 1.63957e-08 1.98023e-08 2.15048e-08 2.10401e-08 1.85874e-08 1.48642e-08 1.07903e-08 7.13222e-09 4.30671e-09 2.38399e-09 1.21411e-09 5.70943e-10 2.48815e-10 1.00841e-10 3.81346e-11 1.34974e-11 4.48326e-12 1.40053e-12 4.12096e-13 1.14282e-13 2.98495e-14 7.32411e-15 1.67872e-15 3.55503e-16 6.81019e-17 1.13004e-17 1.46574e-18 1.0615e-19 0 
0 1.43076e-12 1.47121e-11 8.03779e-11 3.25596e-10 1.08101e-09 3.06658e-09 7.58294e-09 1.65156e-08 3.18639e-08 5.46386e-08 8.34533e-08 1.13731e-07 1.38523e-07 1.51063e-07 1.47803e-07 1.30059e-07 1.03211e-07 7.40921e-08 4.8279e-08 2.86598e-08 1.55598e-08 7.75699e-09 3.5655e-09 1.51723e-09 6.00087e-10 2.21435e-10 7.65004e-11 2.48209e-11 7.58294e-12 2.18556e-12 5.94908e-13 1.52897e-13 3.70249e-14 8.4039e-15 1.7692e-15 3.38323e-16 5.62803e-17 7.34812e-18 5.3753e-19 0 
0 5.39621e-12 5.74844e-11 3.25596e-10 1.36718e-09 4.70079e-09 1.37869e-08 3.5165e-08 7.87715e-08 1.55778e-07 2.72777e-07 4.23746e-07 5.84901e-07 7.18513e-07 7.86984e-07 7.70246e-07 6.75372e-07 5.32102e-07 3.77956e-07 2.42936e-07 1.41872e-07 7.55994e-08 3.69228e-08 1.66037e-08 6.90592e-09 2.66858e-09 9.62122e-10 3.24934e-10 1.03165e-10 3.08878e-11 8.74201e-12 2.34254e-12 5.94494e-13 1.4266e-13 3.22189e-14 6.77872e-15 1.30142e-15 2.18292e-16 2.8843e-17 2.14069e-18 0 
0 1.67157e-11 1.84277e-10 1.08101e-09 4.70079e-09 1.67237e-08 5.06699e-08 1.33209e-07 3.06691e-07 6.21308e-07 1.11038e-06 1.75358e-06 2.45077e-06 3.03602e-06 3.34027e-06 3.27153e-06 2.86027e-06 2.23934e-06 1.57558e-06 1.00021e-06 5.75402e-07 3.01377e-07 1.44425e-07 6.36432e-08 2.592e-08 9.80498e-09 3.46148e-09 1.1456e-09 3.56909e-10 1.05055e-10 2.93035e-11 7.76267e-12 1.95473e-12 4.67409e-13 1.05677e-13 2.23653e-14 4.33892e-15 7.38221e-16 9.91923e-17 7.49349e-18 0 
0 4.43957e-11 5.05609e-10 3.06658e-09 1.37869e-08 5.06699e-08 1.58354e-07 4.28482e-07 1.01257e-06 2.09868e-06 3.82351e-06 6.13215e-06 8.67013e-06 1.08259e-05 1.19638e-05 1.17316e-05 1.02375e-05 7.97607e-06 5.56854e-06 3.49821e-06 1.98658e-06 1.02498e-06 4.83057e-07 2.09105e-07 8.36075e-08 3.10482e-08 1.07662e-08 3.50381e-09 1.0753e-09 3.12535e-10 8.63485e-11 2.27423e-11 5.71882e-12 1.37222e-12 3.12894e-13 6.71023e-14 1.32424e-14 2.29751e-15 3.15009e-16 2.42548e-17 0 
0 1.03266e-10 1.2121e-09 7.58294e-09 3.5165e-08 1.33209e-07 4.28482e-07 1.19084e-06 2.88266e-06 6.10061e-06 1.13082e-05 1.83843e-05 2.62558e-05 3.30103e-05 3.66321e-05 3.59852e-05 3.13879e-05 2.43878e-05 1.69391e-05 1.05606e-05 5.93776e-06 3.02704e-06 1.40737e-06 6.00403e-07 2.36494e-07 8.65404e-08 2.95971e-08 9.51535e-09 2.89151e-09 8.34729e-10 2.29947e-10 6.06614e-11 1.53564e-11 3.72894e-12 8.64663e-13 1.89299e-13 3.82216e-14 6.78643e-15 9.50612e-16 7.45295e-17 0 
0 2.12794e-10 2.56687e-09 1.65156e-08 7.87715e-08 3.06691e-07 1.01257e-06 2.88266e-06 7.12888e-06 1.53627e-05 2.88918e-05 4.74815e-05 6.83277e-05 8.6348e-05 9.61591e-05 9.46938e-05 8.27217e-05 6.429e-05 4.45876e-05 2.76964e-05 1.54802e-05 7.82883e-06 3.60527e-06 1.5221e-06 5.93239e-07 2.14937e-07 7.28863e-08 2.32865e-08 7.05403e-09 2.03805e-09 5.64566e-10 1.50563e-10 3.87419e-11 9.60977e-12 2.28475e-12 5.13838e-13 1.06545e-13 1.93798e-14 2.76962e-15 2.20422e-16 0 
0 3.91039e-10 4.83157e-09 3.18639e-08 1.55778e-07 6.21308e-07 2.09868e-06 6.10061e-06 1.53627e-05 3.35962e-05 6.38703e-05 0.000105716 0.000152777 0.000193592 0.000216131 0.000213516 0.000187258 0.000146127 0.000101669 6.32424e-05 3.53181e-05 1.78084e-05 8.16373e-06 3.42841e-06 1.32942e-06 4.79769e-07 1.62401e-07 5.19558e-08 1.58251e-08 4.62036e-09 1.30065e-09 3.54503e-10 9.36978e-11 2.39585e-11 5.88017e-12 1.36368e-12 2.90603e-13 5.40531e-14 7.85295e-15 6.31514e-16 0 
0 6.43435e-10 8.11334e-09 5.46386e-08 2.72777e-07 1.11038e-06 3.82351e-06 1.13082e-05 2.88918e-05 6.38703e-05 0.000122246 0.000202944 0.00029345 0.000371862 0.000415732 0.000412301 0.000363944 0.000286334 0.000200899 0.00012587 7.06534e-05 3.57309e-05 1.64029e-05 6.89473e-06 2.67782e-06 9.69804e-07 3.30479e-07 1.06898e-07 3.30965e-08 9.88132e-09 2.86166e-09 8.06565e-10 2.21187e-10 5.87267e-11 1.4936e-11 3.57343e-12 7.80813e-13 1.47897e-13 2.17316e-14 1.75642e-15 0 
0 9.50591e-10 1.21845e-08 8.34533e-08 4.23746e-07 1.75358e-06 6.13215e-06 1.83843e-05 4.74815e-05 0.000105716 0.000202944 0.000336725 0.000485711 0.000614285 0.000687189 0.000684601 0.000609496 0.000485149 0.000344891 0.000218874 0.000124251 6.34323e-05 2.93604e-05 1.24435e-05 4.88036e-06 1.79032e-06 6.20763e-07 2.05487e-07 6.55325e-08 2.02844e-08 6.12302e-09 1.80438e-09 5.17374e-10 1.43175e-10 3.77353e-11 9.28694e-12 2.07079e-12 3.97176e-13 5.86825e-14 4.74061e-15 0 
0 1.26352e-09 1.63957e-08 1.13731e-07 5.84901e-07 2.45077e-06 8.67013e-06 2.62558e-05 6.83277e-05 0.000152777 0.00029345 0.000485711 0.000698099 0.000880735 0.000985978 0.000987307 0.000887627 0.00071633 0.000517639 0.000334226 0.000192957 0.000100095 4.70651e-05 2.02866e-05 8.1152e-06 3.05062e-06 1.09067e-06 3.74944e-07 1.25064e-07 4.0719e-08 1.2966e-08 4.02752e-09 1.21188e-09 3.49396e-10 9.50928e-11 2.39439e-11 5.41451e-12 1.04497e-12 1.54329e-13 1.23949e-14 0 
0 1.51373e-09 1.98023e-08 1.38523e-07 7.18513e-07 3.03602e-06 1.08259e-05 3.30103e-05 8.6348e-05 0.000193592 0.000371862 0.000614285 0.000880735 0.00110996 0.00124494 0.00125393 0.0011389 0.000932404 0.000685855 0.000451806 0.000266463 0.000141343 6.80692e-05 3.01435e-05 1.24504e-05 4.86534e-06 1.82269e-06 6.61781e-07 2.34577e-07 8.13871e-08 2.75726e-08 9.0594e-09 2.85789e-09 8.54822e-10 2.38793e-10 6.10993e-11 1.39169e-11 2.68543e-12 3.94165e-13 3.13147e-14 0 
0 1.63743e-09 2.15048e-08 1.51063e-07 7.86984e-07 3.34027e-06 1.19638e-05 3.66321e-05 9.61591e-05 0.000216131 0.000415732 0.000687189 0.000985978 0.00124494 0.00140195 0.00142184 0.00130479 0.00108335 0.000811274 0.000546061 0.000330201 0.00018024 8.97265e-05 4.13222e-05 1.78887e-05 7.39361e-06 2.95607e-06 1.15343e-06 4.40633e-07 1.64381e-07 5.94495e-08 2.06311e-08 6.79031e-09 2.09302e-09 5.9568e-10 1.5374e-10 3.50291e-11 6.71604e-12 9.74331e-13 7.62058e-14 0 
0 1.60228e-09 2.10401e-08 1.47803e-07 7.70246e-07 3.27153e-06 1.17316e-05 3.59852e-05 9.46938e-05 0.000213516 0.000412301 0.000684601 0.000987307 0.00125393 0.00142184 0.00145425 0.00134891 0.00113557 0.000865724 0.000596207 0.000371081 0.000209953 0.000109243 5.31034e-05 2.45319e-05 1.09361e-05 4.75477e-06 2.02426e-06 8.41396e-07 3.38639e-07 1.30499e-07 4.7577e-08 1.62186e-08 5.1105e-09 1.46998e-09 3.79804e-10 8.597e-11 1.62778e-11 2.32178e-12 1.77975e-13 0 
0 1.42129e-09 1.85874e-08 1.30059e-07 6.75372e-07 2.86027e-06 1.02375e-05 3.13879e-05 8.27217e-05 0.000187258 0.000363944 0.000609496 0.000887627 0.0011389 0.00130479 0.00134891 0.00126625 0.00108167 0.000840488 0.000593864 0.000382589 0.000226523 0.000124924 6.52579e-05 3.28302e-05 1.61024e-05 7.73767e-06 3.63098e-06 1.64802e-06 7.14212e-07 2.91624e-07 1.10835e-07 3.87982e-08 1.23891e-08 3.57167e-09 9.16745e-10 2.04736e-10 3.80542e-11 5.30944e-12 3.97189e-13 0 
0 1.14547e-09 1.48642e-08 1.03211e-07 5.32102e-07 2.23934e-06 7.97607e-06 2.43878e-05 6.429e-05 0.000146127 0.000286334 0.000485149 0.00071633 0.000932404 0.00108335 0.00113557 0.00108167 0.000940084 0.000747209 0.000544758 0.000366545 0.000230131 0.000136888 7.84291e-05 4.3857e-05 2.40725e-05 1.29243e-05 6.71245e-06 3.32166e-06 1.54169e-06 6.61848e-07 2.59892e-07 9.25475e-08 2.96723e-08 8.49917e-09 2.15007e-09 4.70487e-10 8.53409e-11 1.15904e-11 8.42823e-13 0 
0 8.40906e-10 1.07903e-08 7.40921e-08 3.77956e-07 1.57558e-06 5.56854e-06 1.69391e-05 4.45876e-05 0.000101669 0.000200899 0.000344891 0.000517639 0.000685855 0.000811274 0.000865724 0.000840488 0.000747209 0.00061187 0.000464873 0.000331158 0.000224361 0.000146906 9.42334e-05 5.95912e-05 3.70193e-05 2.2312e-05 1.28168e-05 6.88385e-06 3.39762e-06 1.52012e-06 6.10701e-07 2.18989e-07 6.98001e-08 1.96827e-08 4.86769e-09 1.03646e-09 1.82419e-10 2.40054e-11 1.69077e-12 0 
0 5.63846e-10 7.13222e-09 4.8279e-08 2.42936e-07 1.00021e-06 3.49821e-06 1.05606e-05 2.76964e-05 6.32424e-05 0.00012587 0.000218874 0.000334226 0.000451806 0.000546061 0.000596207 0.000593864 0.000544758 0.000464873 0.000373572 0.000286956 0.000214193 0.000157594 0.000115126 8.3256e-05 5.88313e-05 3.98154e-05 2.52195e-05 1.4621e-05 7.61548e-06 3.51735e-06 1.43023e-06 5.10697e-07 1.60095e-07 4.40147e-08 1.05533e-08 2.17161e-09 3.68861e-10 4.68389e-11 3.18565e-12 0 
0 3.46338e-10 4.30671e-09 2.86598e-08 1.41872e-07 5.75402e-07 1.98658e-06 5.93776e-06 1.54802e-05 3.53181e-05 7.06534e-05 0.000124251 0.000192957 0.000266463 0.000330201 0.000371081 0.000382589 0.000366545 0.000331158 0.000286956 0.000242839 0.000203914 0.00017145 0.000144158 0.000119763 9.63083e-05 7.30628e-05 5.08769e-05 3.16944e-05 1.73018e-05 8.16901e-06 3.32106e-06 1.16539e-06 3.54884e-07 9.41291e-08 2.16973e-08 4.28699e-09 6.99366e-10 8.54025e-11 5.59611e-12 0 
0 1.9548e-10 2.38399e-09 1.55598e-08 7.55994e-08 3.01377e-07 1.02498e-06 3.02704e-06 7.82883e-06 1.78084e-05 3.57309e-05 6.34323e-05 0.000100095 0.000141343 0.00018024 0.000209953 0.000226523 0.000230131 0.000224361 0.000214193 0.000203914 0.00019585 0.000190053 0.00018458 0.000176096 0.000160934 0.000136876 0.000105071 7.05938e-05 4.03921e-05 1.93393e-05 7.72913e-06 2.60851e-06 7.56209e-07 1.90617e-07 4.18278e-08 7.88621e-09 1.2308e-09 1.44191e-10 9.09137e-12 0 
0 1.01707e-10 1.21411e-09 7.75699e-09 3.69228e-08 1.44425e-07 4.83057e-07 1.40737e-06 3.60527e-06 8.16373e-06 1.64029e-05 2.93604e-05 4.70651e-05 6.80692e-05 8.97265e-05 0.000109243 0.000124924 0.000136888 0.000146906 0.000157594 0.00017145 0.000190053 0.000213368 0.000238946 0.000261256 0.000272258 0.000263605 0.000229527 0.000171823 0.000105305 5.10747e-05 1.95169e-05 6.03871e-06 1.58389e-06 3.65542e-07 7.48639e-08 1.33566e-08 1.98787e-09 2.23182e-10 1.35404e-11 0 
0 4.89379e-11 5.70943e-10 3.5655e-09 1.66037e-08 6.36432e-08 2.09105e-07 6.00403e-07 1.5221e-06 3.42841e-06 6.89473e-06 1.24435e-05 2.02866e-05 3.01435e-05 4.13222e-05 5.31034e-05 6.52579e-05 7.84291e-05 9.42334e-05 0.000115126 0.000144158 0.00018458 0.000238946 0.000307494 0.000387247 0.000473231 0.000552672 0.000584841 0.000513834 0.000346165 0.000170824 6.12255e-05 1.6449e-05 3.57098e-06 6.8945e-07 1.24689e-07 2.06138e-08 2.91162e-09 3.13327e-10 1.83199e-11 0 
0 2.18459e-11 2.48815e-10 1.51723e-09 6.90592e-09 2.592e-08 8.36075e-08 2.36494e-07 5.93239e-07 1.32942e-06 2.67782e-06 4.88036e-06 8.1152e-06 1.24504e-05 1.78887e-05 2.45319e-05 3.28302e-05 4.3857e-05 5.95912e-05 8.3256e-05 0.000119763 0.000176096 0.000261256 0.000387247 0.000579111 0.000891234 0.001353 0.00178323 0.00180004 0.00129602 0.000645934 0.000221288 5.29366e-05 9.36294e-06 1.38476e-06 1.99198e-07 2.89143e-08 3.82522e-09 3.94711e-10 2.23105e-11 0 
0 9.07543e-12 1.00841e-10 6.00087e-10 2.66858e-09 9.80498e-09 3.10482e-08 8.65404e-08 2.14937e-07 4.79769e-07 9.69804e-07 1.79032e-06 3.05062e-06 4.86534e-06 7.39361e-06 1.09361e-05 1.61024e-05 2.40725e-05 3.70193e-05 5.88313e-05 9.63083e-05 0.000160934 0.000272258 0.000473231 0.000891234 0.00182642 0.00352298 0.00534229 0.00575568 0.00423893 0.00210793 0.000705541 0.000159527 2.4995e-05 2.95251e-06 3.17034e-07 3.71646e-08 4.47025e-09 4.41659e-10 2.42418e-11 0 
0 3.51889e-12 3.81346e-11 2.21435e-10 9.62122e-10 3.46148e-09 1.07662e-08 2.95971e-08 7.28863e-08 1.62401e-07 3.30479e-07 6.20763e-07 1.09067e-06 1.82269e-06 2.95607e-06 4.75477e-06 7.73767e-06 1.29243e-05 2.2312e-05 3.98154e-05 7.30628e-05 0.000136876 0.000263605 0.000552672 0.001353 0.00352298 0.00778928 0.0125177 0.0137768 0.010196 0.00504636 0.00166796 0.000368084 5.46713e-05 5.71211e-06 4.85e-07 4.38834e-08 4.61605e-09 4.34998e-10 2.33157e-11 0 
0 1.27684e-12 1.34974e-11 7.65004e-11 3.24934e-10 1.1456e-09 3.50381e-09 9.51535e-09 2.32865e-08 5.19558e-08 1.06898e-07 2.05487e-07 3.74944e-07 6.61781e-07 1.15343e-06 2.02426e-06 3.63098e-06 6.71245e-06 1.28168e-05 2.52195e-05 5.08769e-05 0.000105071 0.000229527 0.000584841 0.00178323 0.00534229 0.0125177 0.02052 0.0227294 0.0168397 0.00831373 0.00273079 0.00059593 8.6508e-05 8.54351e-06 6.32895e-07 4.60078e-08 4.16615e-09 3.74084e-10 1.97189e-11 0 
0 4.34561e-13 4.48326e-12 2.48209e-11 1.03165e-10 3.56909e-10 1.0753e-09 2.89151e-09 7.05403e-09 1.58251e-08 3.30965e-08 6.55325e-08 1.25064e-07 2.34577e-07 4.40633e-07 8.41396e-07 1.64802e-06 3.32166e-06 6.88385e-06 1.4621e-05 3.16944e-05 7.05938e-05 0.000171823 0.000513834 0.00180004 0.00575568 0.0137768 0.0227294 0.0252262 0.0186947 0.0092206 0.00302055 0.00065571 9.42141e-05 9.07771e-06 6.29505e-07 3.99994e-08 3.22085e-09 2.78791e-10 1.45913e-11 0 
0 1.38973e-13 1.40053e-12 7.58294e-12 3.08878e-11 1.05055e-10 3.12535e-10 8.34729e-10 2.03805e-09 4.62036e-09 9.88132e-09 2.02844e-08 4.0719e-08 8.13871e-08 1.64381e-07 3.38639e-07 7.14212e-07 1.54169e-06 3.39762e-06 7.61548e-06 1.73018e-05 4.03921e-05 0.000105305 0.000346165 0.00129602 0.00423893 0.010196 0.0168397 0.0186947 0.0138544 0.00683146 0.00223574 0.000484203 6.92737e-05 6.61445e-06 4.48063e-07 2.70738e-08 2.08406e-09 1.78982e-10 9.41696e-12 0 
0 4.18087e-14 4.12096e-13 2.18556e-12 8.74201e-12 2.93035e-11 8.63485e-11 2.29947e-10 5.64566e-10 1.30065e-09 2.86166e-09 6.12302e-09 1.2966e-08 2.75726e-08 5.94495e-08 1.30499e-07 2.91624e-07 6.61848e-07 1.52012e-06 3.51735e-06 8.16901e-06 1.93393e-05 5.10747e-05 0.000170824 0.000645934 0.00210793 0.00504636 0.00831373 0.0092206 0.00683146 0.00336854 0.00110215 0.000238518 3.41101e-05 3.26174e-06 2.2282e-07 1.38612e-08 1.11589e-09 9.87636e-11 5.29446e-12 0 
0 1.18348e-14 1.14282e-13 5.94908e-13 2.34254e-12 7.76267e-12 2.27423e-11 6.06614e-11 1.50563e-10 3.54503e-10 8.06565e-10 1.80438e-09 4.02752e-09 9.0594e-09 2.06311e-08 4.7577e-08 1.10835e-07 2.59892e-07 6.10701e-07 1.43023e-06 3.32106e-06 7.72913e-06 1.95169e-05 6.12255e-05 0.000221288 0.000705541 0.00166796 0.00273079 0.00302055 0.00223574 0.00110215 0.000360609 7.81052e-05 1.12143e-05 1.08736e-06 7.7818e-08 5.44635e-09 4.99177e-10 4.697e-11 2.59448e-12 0 
0 3.14886e-15 2.98495e-14 1.52897e-13 5.94494e-13 1.95473e-12 5.71882e-12 1.53564e-11 3.87419e-11 9.36978e-11 2.21187e-10 5.17374e-10 1.21188e-09 2.85789e-09 6.79031e-09 1.62186e-08 3.87982e-08 9.25475e-08 2.18989e-07 5.10697e-07 1.16539e-06 2.60851e-06 6.03871e-06 1.6449e-05 5.29366e-05 0.000159527 0.000368084 0.00059593 0.00065571 0.000484203 0.000238518 7.81052e-05 1.69854e-05 2.46917e-06 2.48621e-07 1.9903e-08 1.74005e-09 1.91132e-10 1.93571e-11 1.10957e-12 0 
0 7.85151e-16 7.32411e-15 3.70249e-14 1.4266e-13 4.67409e-13 1.37222e-12 3.72894e-12 9.60977e-12 2.39585e-11 5.87267e-11 1.43175e-10 3.49396e-10 8.54822e-10 2.09302e-09 5.1105e-09 1.23891e-08 2.96723e-08 6.98001e-08 1.60095e-07 3.54884e-07 7.56209e-07 1.58389e-06 3.57098e-06 9.36294e-06 2.4995e-05 5.46713e-05 8.6508e-05 9.42141e-05 6.92737e-05 3.41101e-05 1.12143e-05 2.46917e-06 3.71303e-07 4.10849e-08 4.12683e-09 4.89266e-10 6.39811e-11 6.94176e-12 4.14388e-13 0 
0 1.8236e-16 1.67872e-15 8.4039e-15 3.22189e-14 1.05677e-13 3.12894e-13 8.64663e-13 2.28475e-12 5.88017e-12 1.4936e-11 3.77353e-11 9.50928e-11 2.38793e-10 5.9568e-10 1.46998e-09 3.57167e-09 8.49917e-09 1.96827e-08 4.40147e-08 9.41291e-08 1.90617e-07 3.65542e-07 6.8945e-07 1.38476e-06 2.95251e-06 5.71211e-06 8.54351e-06 9.07771e-06 6.61445e-06 3.26174e-06 1.08736e-06 2.48621e-07 4.10849e-08 5.64815e-09 8.05303e-10 1.26921e-10 1.8826e-11 2.16626e-12 1.34904e-13 0 
0 3.9007e-17 3.55503e-16 1.7692e-15 6.77872e-15 2.23653e-14 6.71023e-14 1.89299e-13 5.13838e-13 1.36368e-12 3.57343e-12 9.28694e-12 2.39439e-11 6.10993e-11 1.5374e-10 3.79804e-10 9.16745e-10 2.15007e-09 4.86769e-09 1.05533e-08 2.16973e-08 4.18278e-08 7.48639e-08 1.24689e-07 1.99198e-07 3.17034e-07 4.85e-07 6.32895e-07 6.29505e-07 4.48063e-07 2.2282e-07 7.7818e-08 1.9903e-08 4.12683e-09 8.05303e-10 1.59415e-10 2.99956e-11 4.82494e-12 5.84647e-13 3.80171e-14 0 
0 7.52038e-18 6.81019e-17 3.38323e-16 1.30142e-15 4.33892e-15 1.32424e-14 3.82216e-14 1.06545e-13 2.90603e-13 7.80813e-13 2.07079e-12 5.41451e-12 1.39169e-11 3.50291e-11 8.597e-11 2.04736e-10 4.70487e-10 1.03646e-09 2.17161e-09 4.28699e-09 7.88621e-09 1.33566e-08 2.06138e-08 2.89143e-08 3.71646e-08 4.38834e-08 4.60078e-08 3.99994e-08 2.70738e-08 1.38612e-08 5.44635e-09 1.74005e-09 4.89266e-10 1.26921e-10 2.99956e-11 6.18867e-12 1.05553e-12 1.34218e-13 9.11533e-15 0 
0 1.25104e-18 1.13004e-17 5.62803e-17 2.18292e-16 7.38221e-16 2.29751e-15 6.78643e-15 1.93798e-14 5.40531e-14 1.47897e-13 3.97176e-13 1.04497e-12 2.68543e-12 6.71604e-12 1.62778e-11 3.80542e-11 8.53409e-11 1.82419e-10 3.68861e-10 6.99366e-10 1.2308e-09 1.98787e-09 2.91162e-09 3.82522e-09 4.47025e-09 4.61605e-09 4.16615e-09 3.22085e-09 2.08406e-09 1.11589e-09 4.99177e-10 1.91132e-10 6.39811e-11 1.8826e-11 4.82494e-12 1.05553e-12 1.89285e-13 2.52056e-14 1.78698e-15 0 
0 1.62035e-19 1.46574e-18 7.34812e-18 2.8843e-17 9.91923e-17 3.15009e-16 9.50612e-16 2.76962e-15 7.85295e-15 2.17316e-14 5.86825e-14 1.54329e-13 3.94165e-13 9.74331e-13 2.32178e-12 5.30944e-12 1.15904e-11 2.40054e-11 4.68389e-11 8.54025e-11 1.44191e-10 2.23182e-10 3.13327e-10 3.94711e-10 4.41659e-10 4.34998e-10 3.74084e-10 2.78791e-10 1.78982e-10 9.87636e-11 4.697e-11 1.93571e-11 6.94176e-12 2.16626e-12 5.84647e-13 1.34218e-13 2.52056e-14 3.50783e-15 2.59316e-16 0 
0 1.16735e-20 1.0615e-19 5.3753e-19 2.14069e-18 7.49349e-18 2.42548e-17 7.45295e-17 2.20422e-16 6.31514e-16 1.75642e-15 4.74061e-15 1.23949e-14 3.13147e-14 7.62058e-14 1.77975e-13 3.97189e-13 8.42823e-13 1.69077e-12 3.18565e-12 5.59611e-12 9.09137e-12 1.35404e-11 1.83199e-11 2.23105e-11 2.42418e-11 2.33157e-11 1.97189e-11 1.45913e-11 9.41696e-12 5.29446e-12 2.59448e-12 1.10957e-12 4.14388e-13 1.34904e-13 3.80171e-14 9.11533e-15 1.78698e-15 2.59316e-16 1.99571e-17 0 
0 0 0 0 0 0 0 0 0 0 0 0 0 0 0 0 0 0 0 0 0 0 0 0 0 0 0 0 0 0 0 0 0 0 0 0 0 0 0 0 0 
