0 0 0 0 0 0 0 0 0 0 0 0 0 0 0 0 0 0 0 0 0 0 0 0 0 0 0 0 0 0 0 0 0 0 0 0 0 0 0 0 0 
0 2.8602e-07 2.56741e-06 1.1481e-05 3.54928e-05 8.44004e-05 0.000163789 0.000271039 0.000396139 0.000525594 0.000646169 0.00074702 0.00082046 0.000862001 0.000870098 0.000845818 0.000792462 0.000715171 0.000620497 0.000515919 0.000409267 0.000308019 0.000218479 0.000144981 8.93234e-05 5.07246e-05 2.63852e-05 1.25136e-05 5.3964e-06 2.11407e-06 7.52581e-07 2.43629e-07 7.17375e-08 1.91875e-08 4.64112e-09 1.00515e-09 1.90965e-10 3.04875e-11 3.69167e-12 2.42232e-13 0 
0 2.56741e-06 2.366e-05 0.00010529 0.000311355 0.000684544 0.00120692 0.00181503 0.00244007 0.00302847 0.00354231 0.00395475 0.00424749 0.00441007 0.00443994 0.00434208 0.00412817 0.00381509 0.00342327 0.0029751 0.00249402 0.00200415 0.00153054 0.00109861 0.000731716 0.000446194 0.00024613 0.000121753 5.37839e-05 2.12213e-05 7.50347e-06 2.388e-06 6.86561e-07 1.78571e-07 4.19167e-08 8.80426e-09 1.62275e-09 2.51573e-10 2.96201e-11 1.89272e-12 0 
0 1.1481e-05 0.00010529 0.000442693 0.00117601 0.00227592 0.00358113 0.00495112 0.00629689 0.00755053 0.00864955 0.00953802 0.0101722 0.0105252 0.0105888 0.0103735 0.00990616 0.00922638 0.00838195 0.00742368 0.00640057 0.00535603 0.00432623 0.00334203 0.00243456 0.00164075 0.0010006 0.000540828 0.000255483 0.000105062 3.77977e-05 1.2012e-05 3.40476e-06 8.66335e-07 1.98122e-07 4.04703e-08 7.25214e-09 1.09375e-09 1.25426e-10 7.81739e-12 0 
0 3.54928e-05 0.000311355 0.00117601 0.00272684 0.00471913 0.00693431 0.00925217 0.0115628 0.0137428 0.0156689 0.0172326 0.0183511 0.0189741 0.0190858 0.0187045 0.0178785 0.0166792 0.0151936 0.0135155 0.011737 0.00994126 0.00819627 0.00655045 0.00503304 0.00366273 0.00246544 0.00148779 0.000779939 0.000347901 0.000131658 4.27701e-05 1.2133e-05 3.04874e-06 6.8343e-07 1.36351e-07 2.38331e-08 3.50622e-09 3.92522e-10 2.39128e-11 0 
0 8.44004e-05 0.000684544 0.00227592 0.00471913 0.00767941 0.0109932 0.014513 0.01805 0.0213986 0.0243614 0.0267683 0.0284906 0.0294498 0.0296214 0.0290338 0.0277612 0.0259144 0.0236278 0.0210471 0.0183163 0.0155671 0.0129103 0.0104298 0.00817815 0.0061759 0.00442098 0.00291643 0.00170297 0.000844385 0.000346886 0.000118346 3.4237e-05 8.59849e-06 1.90409e-06 3.73024e-07 6.38561e-08 9.19371e-09 1.00761e-09 6.01486e-11 0 
0 0.000163789 0.00120692 0.00358113 0.00693431 0.0109932 0.0155963 0.0205133 0.0254637 0.0301536 0.0343045 0.0376771 0.0400906 0.0414348 0.0416753 0.0408515 0.0390679 0.0364798 0.0332761 0.0296613 0.0258376 0.0219908 0.0182786 0.0148227 0.0117056 0.00896736 0.00660708 0.00459476 0.00291157 0.00159825 0.000724197 0.000265439 7.98283e-05 2.0303e-05 4.47958e-06 8.66823e-07 1.45969e-07 2.06414e-08 2.2215e-09 1.30294e-10 0 
0 0.000271039 0.00181503 0.00495112 0.00925217 0.014513 0.0205133 0.0269328 0.0333989 0.0395258 0.0449495 0.0493617 0.0525356 0.0543213 0.0546435 0.0535443 0.0511879 0.0477946 0.0436066 0.038884 0.0338896 0.0288663 0.0240209 0.0195142 0.0154572 0.0119104 0.00888467 0.00634418 0.00422802 0.00251011 0.00124887 0.000497242 0.000157816 4.1143e-05 9.12042e-06 1.75343e-06 2.91751e-07 4.06687e-08 4.31162e-09 2.49159e-10 0 
0 0.000396139 0.00244007 0.00629689 0.0115628 0.01805 0.0254637 0.0333989 0.0413927 0.0489692 0.0557021 0.0613127 0.0656131 0.0682031 0.0686887 0.0670678 0.0637485 0.0592913 0.0540302 0.0481781 0.0420031 0.0357939 0.0298057 0.0242382 0.01923 0.0148593 0.0111474 0.00806194 0.00552533 0.00345663 0.00185528 0.000800553 0.000270148 7.28357e-05 1.6336e-05 3.13659e-06 5.17791e-07 7.13968e-08 7.47925e-09 4.27015e-10 0 
0 0.000525594 0.00302847 0.00755053 0.0137428 0.0213986 0.0301536 0.0395258 0.0489692 0.0579563 0.0662078 0.0736683 0.0793274 0.0823393 0.0828807 0.0811078 0.0769642 0.0708941 0.064085 0.0570101 0.0496952 0.0423608 0.0352891 0.0287153 0.0228039 0.0176489 0.0132794 0.00966577 0.00672543 0.00434598 0.00246495 0.00113931 0.00040842 0.000114354 2.60716e-05 5.01961e-06 8.2499e-07 1.12875e-07 1.17169e-08 6.62648e-10 0 
0 0.000646169 0.00354231 0.00864955 0.0156689 0.0243614 0.0343045 0.0449495 0.0557021 0.0662078 0.0765216 0.0847664 0.0894905 0.0917286 0.0921446 0.0908831 0.0877015 0.0819482 0.0736956 0.0649937 0.0565242 0.048177 0.0401451 0.03268 0.0259683 0.0201176 0.0151627 0.0110754 0.00777051 0.00511975 0.00301465 0.00146975 0.000555614 0.000161421 3.74793e-05 7.25415e-06 1.19016e-06 1.62005e-07 1.67064e-08 9.38191e-10 0 
0 0.00074702 0.00395475 0.00953802 0.0172326 0.0267683 0.0376771 0.0493617 0.0613127 0.0736683 0.0847664 0.0914848 0.095166 0.0969713 0.0973256 0.0963258 0.0938274 0.0893525 0.0819122 0.0719486 0.0621596 0.0529123 0.0440943 0.0359044 0.0285417 0.0221248 0.0166929 0.0122178 0.00861229 0.00573973 0.00346238 0.00175375 0.00069145 0.000207407 4.89951e-05 9.54243e-06 1.56565e-06 2.1248e-07 2.18166e-08 1.21925e-09 0 
0 0.00082046 0.00424749 0.0101722 0.0183511 0.0284906 0.0400906 0.0525356 0.0656131 0.0793274 0.0894905 0.095166 0.0983833 0.0999958 0.100323 0.0994427 0.0972504 0.0933956 0.0870496 0.0772777 0.0663601 0.0563218 0.0469254 0.0382157 0.0303867 0.0235639 0.0177899 0.013036 0.00921329 0.00618056 0.0037832 0.00196454 0.000797825 0.000245158 5.87291e-05 1.15048e-05 1.8896e-06 2.56105e-07 2.62328e-08 1.46192e-09 0 
0 0.000862001 0.00441007 0.0105252 0.0189741 0.0294498 0.0414348 0.0543213 0.0682031 0.0823393 0.0917286 0.0969713 0.0999958 0.101527 0.101843 0.101015 0.0989519 0.0953567 0.0895183 0.0802385 0.0688241 0.0582436 0.0485092 0.039509 0.0314195 0.0243701 0.0184049 0.0134951 0.00955053 0.00642803 0.00396478 0.00208705 0.000862204 0.000268883 6.50065e-05 1.27901e-05 2.10377e-06 2.85132e-07 2.91863e-08 1.62498e-09 0 
0 0.000870098 0.00443994 0.0105888 0.0190858 0.0296214 0.0416753 0.0546435 0.0686887 0.0828807 0.0921446 0.0973256 0.100323 0.101843 0.102159 0.101338 0.0992944 0.0957376 0.0899756 0.0807875 0.0692934 0.0586024 0.0488045 0.0397513 0.0316143 0.0245233 0.018523 0.0135845 0.00961778 0.00647932 0.00400482 0.00211632 0.000878873 0.000275458 6.68429e-05 1.31831e-05 2.17184e-06 2.94699e-07 3.01949e-08 1.68269e-09 0 
0 0.000845818 0.00434208 0.0103735 0.0187045 0.0290338 0.0408515 0.0535443 0.0670678 0.0811078 0.0908831 0.0963258 0.0994427 0.101015 0.101338 0.100486 0.0983638 0.0946511 0.088585 0.0790394 0.0677883 0.057445 0.0478568 0.0389804 0.0310013 0.0240474 0.0181626 0.0133185 0.00942583 0.00634291 0.00390971 0.00205594 0.000848875 0.000264935 6.41898e-05 1.2667e-05 2.09056e-06 2.84357e-07 2.92156e-08 1.63293e-09 0 
0 0.000792462 0.00412817 0.00990616 0.0178785 0.0277612 0.0390679 0.0511879 0.0637485 0.0769642 0.0877015 0.0938274 0.0972504 0.0989519 0.0992944 0.0983638 0.0960407 0.0919251 0.0850987 0.0750873 0.0646252 0.0549403 0.0457889 0.0372959 0.0296603 0.023005 0.0173718 0.0127328 0.0090009 0.00603776 0.00369377 0.00191707 0.000779313 0.000240327 5.79019e-05 1.1421e-05 1.88978e-06 2.58118e-07 2.66521e-08 1.49775e-09 0 
0 0.000715171 0.00381509 0.00922638 0.0166792 0.0259144 0.0364798 0.0477946 0.0592913 0.0708941 0.0819482 0.0893525 0.0933956 0.0953567 0.0957376 0.0946511 0.0919251 0.0870034 0.0790748 0.0694853 0.0602347 0.0513226 0.0427827 0.0348465 0.0277103 0.0214892 0.0162219 0.011881 0.00838188 0.00559196 0.00337893 0.00171792 0.000682324 0.000206867 4.94756e-05 9.76081e-06 1.62251e-06 2.23144e-07 2.32272e-08 1.31663e-09 0 
0 0.000620497 0.00342327 0.00838195 0.0151936 0.0236278 0.0332761 0.0436066 0.0540302 0.064085 0.0736956 0.0819122 0.0870496 0.0895183 0.0899756 0.088585 0.0850987 0.0790748 0.0712136 0.0630819 0.0549437 0.0468536 0.0390594 0.0318131 0.0252964 0.0196141 0.0148005 0.0108288 0.00761718 0.00504181 0.00299544 0.00148387 0.000573771 0.000170952 4.06706e-05 8.05255e-06 1.35009e-06 1.87746e-07 1.97832e-08 1.13568e-09 0 
0 0.000515919 0.0029751 0.00742368 0.0135155 0.0210471 0.0296613 0.038884 0.0481781 0.0570101 0.0649937 0.0719486 0.0772777 0.0802385 0.0807875 0.0790394 0.0750873 0.0694853 0.0630819 0.0562047 0.0490237 0.0418128 0.0348582 0.028392 0.0225762 0.0175037 0.0132038 0.00964944 0.00676251 0.00443292 0.00258422 0.00124753 0.000471586 0.000139043 3.31521e-05 6.63303e-06 1.12846e-06 1.59494e-07 1.70856e-08 9.96637e-10 0 
0 0.000409267 0.00249402 0.00640057 0.011737 0.0183163 0.0258376 0.0338896 0.0420031 0.0496952 0.0565242 0.0621596 0.0663601 0.0688241 0.0692934 0.0677883 0.0646252 0.0602347 0.0549437 0.0490237 0.0427706 0.0364819 0.0304167 0.024778 0.0197065 0.0152823 0.0115292 0.0084197 0.00588215 0.00382531 0.00220075 0.001048 0.000393827 0.000116784 2.82549e-05 5.76031e-06 9.99345e-07 1.43899e-07 1.56773e-08 9.28138e-10 0 
0 0.000308019 0.00200415 0.00535603 0.00994126 0.0155671 0.0219908 0.0288663 0.0357939 0.0423608 0.048177 0.0529123 0.0563218 0.0582436 0.0586024 0.057445 0.0549403 0.0513226 0.0468536 0.0418128 0.0364819 0.0311214 0.0259532 0.0211502 0.0168323 0.0130675 0.00987467 0.00722717 0.00506177 0.00330424 0.00191638 0.000926999 0.000356476 0.00010849 2.68904e-05 5.5934e-06 9.85751e-07 1.43625e-07 1.57809e-08 9.39641e-10 0 
0 0.000218479 0.00153054 0.00432623 0.00819627 0.0129103 0.0182786 0.0240209 0.0298057 0.0352891 0.0401451 0.0440943 0.0469254 0.0485092 0.0488045 0.0478568 0.0457889 0.0427827 0.0390594 0.0348582 0.0304167 0.0259532 0.0216533 0.0176621 0.0140837 0.010984 0.00838585 0.0062506 0.00448719 0.00301582 0.00181559 0.000920534 0.000370885 0.000116782 2.94863e-05 6.17526e-06 1.08793e-06 1.5782e-07 1.72252e-08 1.01749e-09 0 
0 0.000144981 0.00109861 0.00334203 0.00655045 0.0104298 0.0148227 0.0195142 0.0242382 0.0287153 0.03268 0.0359044 0.0382157 0.039509 0.0397513 0.0389804 0.0372959 0.0348465 0.0318131 0.028392 0.024778 0.0211502 0.0176621 0.0144406 0.0116051 0.00929039 0.00757393 0.00627331 0.00497606 0.00350703 0.00212039 0.00108332 0.00044654 0.000142584 3.58447e-05 7.38968e-06 1.27618e-06 1.81333e-07 1.93979e-08 1.12432e-09 0 
0 8.93234e-05 0.000731716 0.00243456 0.00503304 0.00817815 0.0117056 0.0154572 0.01923 0.0228039 0.0259683 0.0285417 0.0303867 0.0314195 0.0316143 0.0310013 0.0296603 0.0277103 0.0252964 0.0225762 0.0197065 0.0168323 0.0140837 0.0116051 0.00967418 0.00883089 0.00946872 0.0106634 0.0102585 0.00748201 0.00406124 0.00174154 0.000632208 0.000188968 4.51951e-05 8.91739e-06 1.48477e-06 2.04569e-07 2.13029e-08 1.20572e-09 0 
0 5.07246e-05 0.000446194 0.00164075 0.00366273 0.0061759 0.00896736 0.0119104 0.0148593 0.0176489 0.0201176 0.0221248 0.0235639 0.0243701 0.0245233 0.0240474 0.023005 0.0214892 0.0196141 0.0175037 0.0152823 0.0130675 0.010984 0.00929039 0.00883089 0.0115576 0.0189834 0.0286364 0.0334202 0.0218204 0.0110431 0.00395702 0.0011111 0.000271083 5.68523e-05 1.02837e-05 1.62197e-06 2.15596e-07 2.18392e-08 1.20769e-09 0 
0 2.63852e-05 0.00024613 0.0010006 0.00246544 0.00442098 0.00660708 0.00888467 0.0111474 0.0132794 0.0151627 0.0166929 0.0177899 0.0184049 0.018523 0.0181626 0.0173718 0.0162219 0.0148005 0.0132038 0.0115292 0.00987467 0.00838585 0.00757393 0.00946872 0.0189834 0.0413159 0.0750467 0.0798203 0.0601013 0.0256975 0.00864734 0.0020757 0.000403948 6.95978e-05 1.09761e-05 1.60483e-06 2.0522e-07 2.02891e-08 1.10098e-09 0 
0 1.25136e-05 0.000121753 0.000540828 0.00148779 0.00291643 0.00459476 0.00634418 0.00806194 0.00966577 0.0110754 0.0122178 0.013036 0.0134951 0.0135845 0.0133185 0.0127328 0.011881 0.0108288 0.00964944 0.0084197 0.00722717 0.0062506 0.00627331 0.0106634 0.0286364 0.0750467 0.0874373 0.0890266 0.0832525 0.0506466 0.013931 0.00315681 0.000536991 7.75825e-05 1.04826e-05 1.40108e-06 1.72475e-07 1.67498e-08 8.98105e-10 0 
0 5.3964e-06 5.37839e-05 0.000255483 0.000779939 0.00170297 0.00291157 0.00422802 0.00552533 0.00672543 0.00777051 0.00861229 0.00921329 0.00955053 0.00961778 0.00942583 0.0090009 0.00838188 0.00761718 0.00676251 0.00588215 0.00506177 0.00448719 0.00497606 0.0102585 0.0334202 0.0798203 0.0890266 0.0902614 0.0855941 0.060409 0.0153667 0.00341651 0.000548587 7.11298e-05 8.51342e-06 1.05271e-06 1.2595e-07 1.21317e-08 6.48351e-10 0 
0 2.11407e-06 2.12213e-05 0.000105062 0.000347901 0.000844385 0.00159825 0.00251011 0.00345663 0.00434598 0.00511975 0.00573973 0.00618056 0.00642803 0.00647932 0.00634291 0.00603776 0.00559196 0.00504181 0.00443292 0.00382531 0.00330424 0.00301582 0.00350703 0.00748201 0.0218204 0.0601013 0.0832525 0.0855941 0.0782469 0.0367441 0.0113743 0.00252456 0.00039923 4.94299e-05 5.57544e-06 6.65044e-07 7.90465e-08 7.64977e-09 4.11438e-10 0 
0 7.52581e-07 7.50347e-06 3.77977e-05 0.000131658 0.000346886 0.000724197 0.00124887 0.00185528 0.00246495 0.00301465 0.00346238 0.0037832 0.00396478 0.00400482 0.00390971 0.00369377 0.00337893 0.00299544 0.00258422 0.00220075 0.00191638 0.00181559 0.00212039 0.00406124 0.0110431 0.0256975 0.0506466 0.060409 0.0367441 0.0170902 0.00563764 0.00126335 0.000201919 2.50622e-05 2.85754e-06 3.48793e-07 4.24246e-08 4.18456e-09 2.28712e-10 0 
0 2.43629e-07 2.388e-06 1.2012e-05 4.27701e-05 0.000118346 0.000265439 0.000497242 0.000800553 0.00113931 0.00146975 0.00175375 0.00196454 0.00208705 0.00211632 0.00205594 0.00191707 0.00171792 0.00148387 0.00124753 0.001048 0.000926999 0.000920534 0.00108332 0.00174154 0.00395702 0.00864734 0.013931 0.0153667 0.0113743 0.00563764 0.00188031 0.000431544 7.12145e-05 9.3022e-06 1.15354e-06 1.52595e-07 1.95024e-08 1.98531e-09 1.11233e-10 0 
0 7.17375e-08 6.86561e-07 3.40476e-06 1.2133e-05 3.4237e-05 7.98283e-05 0.000157816 0.000270148 0.00040842 0.000555614 0.00069145 0.000797825 0.000862204 0.000878873 0.000848875 0.000779313 0.000682324 0.000573771 0.000471586 0.000393827 0.000356476 0.000370885 0.00044654 0.000632208 0.0011111 0.0020757 0.00315681 0.00341651 0.00252456 0.00126335 0.000431544 0.000102912 1.80745e-05 2.64634e-06 3.8193e-07 5.67202e-08 7.72348e-09 8.18307e-10 4.7329e-11 0 
0 1.91875e-08 1.78571e-07 8.66335e-07 3.04874e-06 8.59849e-06 2.0303e-05 4.1143e-05 7.28357e-05 0.000114354 0.000161421 0.000207407 0.000245158 0.000268883 0.000275458 0.000264935 0.000240327 0.000206867 0.000170952 0.000139043 0.000116784 0.00010849 0.000116782 0.000142584 0.000188968 0.000271083 0.000403948 0.000536991 0.000548587 0.00039923 0.000201919 7.12145e-05 1.80745e-05 3.57529e-06 6.29766e-07 1.09381e-07 1.82514e-08 2.65007e-09 2.93516e-10 1.76145e-11 0 
0 4.64112e-09 4.19167e-08 1.98122e-07 6.8343e-07 1.90409e-06 4.47958e-06 9.12042e-06 1.6336e-05 2.60716e-05 3.74793e-05 4.89951e-05 5.87291e-05 6.50065e-05 6.68429e-05 6.41898e-05 5.79019e-05 4.94756e-05 4.06706e-05 3.31521e-05 2.82549e-05 2.68904e-05 2.94863e-05 3.58447e-05 4.51951e-05 5.68523e-05 6.95978e-05 7.75825e-05 7.11298e-05 4.94299e-05 2.50622e-05 9.3022e-06 2.64634e-06 6.29766e-07 1.37089e-07 2.79648e-08 5.12471e-09 7.8932e-10 9.15645e-11 5.72084e-12 0 
0 1.00515e-09 8.80426e-09 4.04703e-08 1.36351e-07 3.73024e-07 8.66823e-07 1.75343e-06 3.13659e-06 5.01961e-06 7.25415e-06 9.54243e-06 1.15048e-05 1.27901e-05 1.31831e-05 1.2667e-05 1.1421e-05 9.76081e-06 8.05255e-06 6.63303e-06 5.76031e-06 5.5934e-06 6.17526e-06 7.38968e-06 8.91739e-06 1.02837e-05 1.09761e-05 1.04826e-05 8.51342e-06 5.57544e-06 2.85754e-06 1.15354e-06 3.8193e-07 1.09381e-07 2.79648e-08 6.35517e-09 1.24972e-09 2.03174e-10 2.47004e-11 1.60973e-12 0 
0 1.90965e-10 1.62275e-09 7.25214e-09 2.38331e-08 6.38561e-08 1.45969e-07 2.91751e-07 5.17791e-07 8.2499e-07 1.19016e-06 1.56565e-06 1.8896e-06 2.10377e-06 2.17184e-06 2.09056e-06 1.88978e-06 1.62251e-06 1.35009e-06 1.12846e-06 9.99345e-07 9.85751e-07 1.08793e-06 1.27618e-06 1.48477e-06 1.62197e-06 1.60483e-06 1.40108e-06 1.05271e-06 6.65044e-07 3.48793e-07 1.52595e-07 5.67202e-08 1.82514e-08 5.12471e-09 1.24972e-09 2.60233e-10 4.45106e-11 5.66916e-12 3.85624e-13 0 
0 3.04875e-11 2.51573e-10 1.09375e-09 3.50622e-09 9.19371e-09 2.06414e-08 4.06687e-08 7.13968e-08 1.12875e-07 1.62005e-07 2.1248e-07 2.56105e-07 2.85132e-07 2.94699e-07 2.84357e-07 2.58118e-07 2.23144e-07 1.87746e-07 1.59494e-07 1.43899e-07 1.43625e-07 1.5782e-07 1.81333e-07 2.04569e-07 2.15596e-07 2.0522e-07 1.72475e-07 1.2595e-07 7.90465e-08 4.24246e-08 1.95024e-08 7.72348e-09 2.65007e-09 7.8932e-10 2.03174e-10 4.45106e-11 7.9886e-12 1.06476e-12 7.55696e-14 0 
0 3.69167e-12 2.96201e-11 1.25426e-10 3.92522e-10 1.00761e-09 2.2215e-09 4.31162e-09 7.47925e-09 1.17169e-08 1.67064e-08 2.18166e-08 2.62328e-08 2.91863e-08 3.01949e-08 2.92156e-08 2.66521e-08 2.32272e-08 1.97832e-08 1.70856e-08 1.56773e-08 1.57809e-08 1.72252e-08 1.93979e-08 2.13029e-08 2.18392e-08 2.02891e-08 1.67498e-08 1.21317e-08 7.64977e-09 4.18456e-09 1.98531e-09 8.18307e-10 2.93516e-10 9.15645e-11 2.47004e-11 5.66916e-12 1.06476e-12 1.48244e-13 1.09664e-14 0 
0 2.42232e-13 1.89272e-12 7.81739e-12 2.39128e-11 6.01486e-11 1.30294e-10 2.49159e-10 4.27015e-10 6.62648e-10 9.38191e-10 1.21925e-09 1.46192e-09 1.62498e-09 1.68269e-09 1.63293e-09 1.49775e-09 1.31663e-09 1.13568e-09 9.96637e-10 9.28138e-10 9.39641e-10 1.01749e-09 1.12432e-09 1.20572e-09 1.20769e-09 1.10098e-09 8.98105e-10 6.48351e-10 4.11438e-10 2.28712e-10 1.11233e-10 4.7329e-11 1.76145e-11 5.72084e-12 1.60973e-12 3.85624e-13 7.55696e-14 1.09664e-14 8.44246e-16 0 
0 0 0 0 0 0 0 0 0 0 0 0 0 0 0 0 0 0 0 0 0 0 0 0 0 0 0 0 0 0 0 0 0 0 0 0 0 0 0 0 0 
