0 0 0 0 0 0 0 0 0 0 0 0 0 0 0 0 0 0 0 0 0 0 0 0 0 0 0 0 0 0 0 0 0 0 0 0 0 0 0 0 0 
0 5.66336e-09 5.29093e-08 2.56425e-07 8.97995e-07 2.51325e-06 5.87958e-06 1.18021e-05 2.0717e-05 3.23114e-05 4.54029e-05 5.81716e-05 6.86311e-05 7.51314e-05 7.67299e-05 7.33512e-05 6.57364e-05 5.5224e-05 4.34287e-05 3.18956e-05 2.18125e-05 1.38462e-05 8.13436e-06 4.41217e-06 2.20616e-06 1.01625e-06 4.31345e-07 1.68849e-07 6.10348e-08 2.04011e-08 6.31255e-09 1.80887e-09 4.79629e-10 1.17347e-10 2.63304e-11 5.35527e-12 9.65636e-13 1.47634e-13 1.72486e-14 1.09882e-15 0 
0 5.29093e-08 5.15203e-07 2.5903e-06 9.3278e-06 2.652e-05 6.21565e-05 0.000123352 0.00021189 0.000321548 0.000439202 0.000548686 0.000634968 0.000687061 0.000699398 0.000672024 0.000610031 0.000522479 0.000420898 0.000317448 0.000222912 0.000144877 8.66794e-05 4.75402e-05 2.38432e-05 1.09288e-05 4.58283e-06 1.76191e-06 6.22716e-07 2.02872e-07 6.10586e-08 1.69998e-08 4.37794e-09 1.0405e-09 2.26932e-10 4.49036e-11 7.886e-12 1.17574e-12 1.3413e-13 8.35458e-15 0 
0 2.56425e-07 2.5903e-06 1.33953e-05 4.88639e-05 0.00013788 0.000313809 0.000594124 0.000964406 0.00138223 0.00179458 0.00215327 0.00242224 0.00257918 0.00261473 0.00253114 0.00234068 0.00206398 0.00172835 0.0013657 0.00100972 0.000691587 0.000434359 0.000247953 0.000127904 5.95069e-05 2.50135e-05 9.53972e-06 3.31846e-06 1.05828e-06 3.10709e-07 8.42218e-08 2.10982e-08 4.8772e-09 1.03508e-09 1.99467e-10 3.41531e-11 4.97059e-12 5.54269e-13 3.37904e-14 0 
0 8.97995e-07 9.3278e-06 4.88639e-05 0.000176134 0.000476474 0.001013 0.0017693 0.00265646 0.00356541 0.00440289 0.00509956 0.00560776 0.00589905 0.00596285 0.00580513 0.00544632 0.00491861 0.00426297 0.00352663 0.00276142 0.0020226 0.00136542 0.000836104 0.000458045 0.000222703 9.60438e-05 3.69496e-05 1.2794e-05 4.02377e-06 1.15822e-06 3.06746e-07 7.49486e-08 1.68884e-08 3.49424e-09 6.56886e-10 1.09827e-10 1.5626e-11 1.70557e-12 1.01909e-13 0 
0 2.51325e-06 2.652e-05 0.00013788 0.000476474 0.00119472 0.0023167 0.00371382 0.00521476 0.00667712 0.00799156 0.00907276 0.00985728 0.0103052 0.0104017 0.0101563 0.00960066 0.00878344 0.00776496 0.00661137 0.00539013 0.0041682 0.00301371 0.00199791 0.00118748 0.000620522 0.000282237 0.000111995 3.92143e-05 1.22909e-05 3.49267e-06 9.08161e-07 2.17213e-07 4.78495e-08 9.6757e-09 1.77834e-09 2.90911e-10 4.05382e-11 4.33859e-12 2.54493e-13 0 
0 5.87958e-06 6.21565e-05 0.000313809 0.001013 0.0023167 0.00411793 0.00618872 0.00833314 0.0103965 0.0122453 0.0137654 0.0148685 0.0154981 0.0156328 0.0152866 0.014504 0.0133545 0.0119236 0.0103044 0.00858877 0.00686176 0.00519935 0.00367358 0.00236161 0.00134181 0.000657525 0.000275282 9.92699e-05 3.14057e-05 8.88546e-06 2.28151e-06 5.3647e-07 1.1593e-07 2.29778e-08 4.13958e-09 6.64117e-10 9.08345e-11 9.55149e-12 5.51066e-13 0 
0 1.18021e-05 0.000123352 0.000594124 0.0017693 0.00371382 0.00618872 0.00893715 0.0117579 0.014469 0.0168995 0.0188991 0.0203506 0.0211794 0.0213571 0.0209017 0.0198724 0.0183611 0.0164812 0.014356 0.0121075 0.00984672 0.00766715 0.00564498 0.00384883 0.00235677 0.0012511 0.000561098 0.000211894 6.85656e-05 1.94918e-05 4.97354e-06 1.15506e-06 2.45769e-07 4.78996e-08 8.48258e-09 1.33808e-09 1.80065e-10 1.86446e-11 1.06024e-12 0 
0 2.0717e-05 0.00021189 0.000964406 0.00265646 0.00521476 0.00833314 0.0117579 0.0152684 0.0186441 0.0216717 0.0241637 0.0259737 0.0270081 0.0272313 0.0266656 0.0253848 0.0235035 0.0211638 0.0185201 0.0157254 0.0129187 0.0102167 0.00770876 0.00546135 0.00353642 0.00201431 0.000970522 0.000387821 0.000129777 3.73882e-05 9.53862e-06 2.19806e-06 4.62246e-07 8.88782e-08 1.55179e-08 2.4135e-09 3.20367e-10 3.27436e-11 1.83945e-12 0 
0 3.23114e-05 0.000321548 0.00138223 0.00356541 0.00667712 0.0103965 0.014469 0.0186441 0.0226601 0.0262635 0.0292307 0.0313874 0.0326215 0.0328906 0.0322206 0.0306994 0.0284634 0.0256819 0.0225393 0.0192182 0.0158852 0.01268 0.00970864 0.00704368 0.00473652 0.00284773 0.00146252 0.000619493 0.00021575 6.34009e-05 1.62575e-05 3.73289e-06 7.78652e-07 1.48181e-07 2.55849e-08 3.93457e-09 5.16572e-10 5.22504e-11 2.90704e-12 0 
0 4.54029e-05 0.000439202 0.00179458 0.00440289 0.00799156 0.0122453 0.0168995 0.0216717 0.0262635 0.030385 0.0337807 0.0362509 0.037667 0.0379797 0.0372186 0.0354836 0.0329306 0.0297533 0.0261628 0.0223686 0.0185619 0.0149033 0.0115148 0.00847826 0.00584213 0.00364893 0.00197144 0.000880125 0.00031924 9.60087e-05 2.48348e-05 5.70134e-06 1.18344e-06 2.23601e-07 3.82942e-08 5.84017e-09 7.60577e-10 7.63508e-11 4.21886e-12 0 
0 5.81716e-05 0.000548686 0.00215327 0.00509956 0.00907276 0.0137654 0.0188991 0.0241637 0.0292307 0.0337807 0.0375317 0.0402629 0.0418321 0.0421841 0.0413509 0.0394422 0.0366299 0.0331276 0.0291685 0.024984 0.0207858 0.0167518 0.0130177 0.00967388 0.00677019 0.00433769 0.00243169 0.00113267 0.000426059 0.000131112 3.42719e-05 7.88598e-06 1.63348e-06 3.07335e-07 5.23686e-08 7.94512e-09 1.02963e-09 1.02914e-10 5.66669e-12 0 
0 6.86311e-05 0.000634968 0.00242224 0.00560776 0.00985728 0.0148685 0.0203506 0.0259737 0.0313874 0.0362509 0.0402629 0.0431874 0.0448717 0.0452563 0.0443745 0.0423429 0.0393448 0.035608 0.0313815 0.026913 0.0224289 0.01812 0.0141321 0.0105626 0.00746341 0.00485973 0.00279272 0.00134154 0.000519332 0.000163019 4.30573e-05 9.94626e-06 2.06103e-06 3.87301e-07 6.5878e-08 9.9781e-09 1.29163e-09 1.29064e-10 7.11253e-12 0 
0 7.51314e-05 0.000687061 0.00257918 0.00589905 0.0103052 0.0154981 0.0211794 0.0270081 0.0326215 0.037667 0.0418321 0.0448717 0.0466271 0.0470358 0.0461316 0.0440346 0.040934 0.0370658 0.0326878 0.0280568 0.0234079 0.0189395 0.0148035 0.0111015 0.00788753 0.00518394 0.00302335 0.00148086 0.000584578 0.000186244 4.96415e-05 1.1525e-05 2.39514e-06 4.51056e-07 7.68936e-08 1.168e-08 1.51786e-09 1.52477e-10 8.4618e-12 0 
0 7.67299e-05 0.000699398 0.00261473 0.00596285 0.0104017 0.0156328 0.0213571 0.0272313 0.0328906 0.0379797 0.0421841 0.0452563 0.0470358 0.047459 0.046559 0.0444562 0.0413405 0.0374489 0.033041 0.0283756 0.0236897 0.0191836 0.0150111 0.0112753 0.00803084 0.00529971 0.00311128 0.00153807 0.000613495 0.000197306 5.29955e-05 1.23843e-05 2.58991e-06 4.91059e-07 8.43765e-08 1.29383e-08 1.70064e-09 1.73181e-10 9.7657e-12 0 
0 7.33512e-05 0.000672024 0.00253114 0.00580513 0.0101563 0.0152866 0.0209017 0.0266656 0.0322206 0.0372186 0.0413509 0.0443745 0.0461316 0.046559 0.0456887 0.0436376 0.0405913 0.0367817 0.032463 0.0278886 0.023291 0.0188672 0.0147681 0.0110954 0.00790358 0.00521523 0.00306135 0.00151444 0.000605705 0.000195844 5.30144e-05 1.25122e-05 2.64829e-06 5.09374e-07 8.90173e-08 1.39224e-08 1.87197e-09 1.95544e-10 1.13377e-11 0 
0 6.57364e-05 0.000610031 0.00234068 0.00544632 0.00960066 0.014504 0.0198724 0.0253848 0.0306994 0.0354836 0.0394422 0.0423429 0.0440346 0.0444562 0.0436376 0.0416899 0.0387896 0.0351577 0.0310365 0.0266678 0.0222739 0.0180425 0.0141184 0.0105987 0.00753638 0.00495597 0.00289396 0.00142407 0.000568684 0.00018482 5.06354e-05 1.21656e-05 2.63417e-06 5.20616e-07 9.3868e-08 1.51993e-08 2.12118e-09 2.30272e-10 1.38723e-11 0 
0 5.5224e-05 0.000522479 0.00206398 0.00491861 0.00878344 0.0133545 0.0183611 0.0235035 0.0284634 0.0329306 0.0366299 0.0393448 0.040934 0.0413405 0.0405913 0.0387896 0.0360992 0.0327253 0.0288934 0.0248282 0.0207363 0.0167926 0.0131314 0.00984307 0.00697772 0.00456324 0.00264374 0.00129225 0.000516444 0.000169972 4.7716e-05 1.18594e-05 2.67564e-06 5.53838e-07 1.0489e-07 1.78493e-08 2.61302e-09 2.96382e-10 1.8553e-11 0 
0 4.34287e-05 0.000420898 0.00172835 0.00426297 0.00776496 0.0119236 0.0164812 0.0211638 0.0256819 0.0297533 0.0331276 0.035608 0.0370658 0.0374489 0.0367817 0.0351577 0.0327253 0.0296709 0.0261989 0.0225133 0.0188014 0.0152213 0.0118944 0.00890201 0.00629079 0.00409257 0.00235801 0.00115309 0.000467657 0.00015906 4.68805e-05 1.23617e-05 2.97319e-06 6.55901e-07 1.31793e-07 2.36169e-08 3.60752e-09 4.22877e-10 2.71087e-11 0 
0 3.18956e-05 0.000317448 0.0013657 0.00352663 0.00661137 0.0103044 0.014356 0.0185201 0.0225393 0.0261628 0.0291685 0.0313815 0.0326878 0.033041 0.032463 0.0310365 0.0288934 0.0261989 0.0231344 0.0198809 0.0166039 0.0134429 0.0105043 0.00785898 0.0055499 0.00361157 0.00209418 0.00104676 0.000444215 0.000161661 5.16478e-05 1.47849e-05 3.83164e-06 8.99234e-07 1.89433e-07 3.50907e-08 5.47328e-09 6.48576e-10 4.17033e-11 0 
0 2.18125e-05 0.000222912 0.00100972 0.00276142 0.00539013 0.00858877 0.0121075 0.0157254 0.0192182 0.0223686 0.024984 0.026913 0.0280568 0.0283756 0.0278886 0.0266678 0.0248282 0.0225133 0.0198809 0.017088 0.0142782 0.0115716 0.00905902 0.00680104 0.00483597 0.00319543 0.00191501 0.00101689 0.000471511 0.000190305 6.71501e-05 2.08507e-05 5.7273e-06 1.39397e-06 2.99221e-07 5.57413e-08 8.66272e-09 1.0164e-09 6.44476e-11 0 
0 1.38462e-05 0.000144877 0.000691587 0.0020226 0.0041682 0.00686176 0.00984672 0.0129187 0.0158852 0.0185619 0.0207858 0.0224289 0.0234079 0.0236897 0.023291 0.0222739 0.0207363 0.0188014 0.0166039 0.0142782 0.0119468 0.00971193 0.00764997 0.00581221 0.00422966 0.00291871 0.00188216 0.00110988 0.000581749 0.000263692 0.000101705 3.33593e-05 9.39506e-06 2.2955e-06 4.88077e-07 8.93544e-08 1.35878e-08 1.55673e-09 9.63206e-11 0 
0 8.13436e-06 8.66794e-05 0.000434359 0.00136542 0.00301371 0.00519935 0.00766715 0.0102167 0.01268 0.0149033 0.0167518 0.01812 0.0189395 0.0191836 0.0188672 0.0180425 0.0167926 0.0152213 0.0134429 0.0115716 0.00971193 0.00795112 0.00635499 0.00496657 0.00380396 0.00285304 0.00206699 0.00139618 0.000834372 0.000419167 0.000171683 5.73049e-05 1.59398e-05 3.79033e-06 7.80375e-07 1.3819e-07 2.03349e-08 2.2573e-09 1.35564e-10 0 
0 4.41217e-06 4.75402e-05 0.000247953 0.000836104 0.00199791 0.00367358 0.00564498 0.00770876 0.00970864 0.0115148 0.0130177 0.0141321 0.0148035 0.0150111 0.0147681 0.0141184 0.0131314 0.0118944 0.0105043 0.00905902 0.00764997 0.00635499 0.00523397 0.00432669 0.00364926 0.00316991 0.00275655 0.00221237 0.00149406 0.000799067 0.000329874 0.000105828 2.74857e-05 6.08661e-06 1.18166e-06 1.99724e-07 2.82559e-08 3.02897e-09 1.76278e-10 0 
0 2.20616e-06 2.38432e-05 0.000127904 0.000458045 0.00118748 0.00236161 0.00384883 0.00546135 0.00704368 0.00847826 0.00967388 0.0105626 0.0111015 0.0112753 0.0110954 0.0105987 0.00984307 0.00890201 0.00785898 0.00680104 0.00581221 0.00496657 0.00432669 0.00397163 0.00406389 0.00473852 0.0055423 0.0053893 0.00390723 0.00204794 0.000783299 0.000223737 5.00987e-05 9.57743e-06 1.66912e-06 2.63859e-07 3.57017e-08 3.69513e-09 2.08665e-10 0 
0 1.01625e-06 1.09288e-05 5.95069e-05 0.000222703 0.000620522 0.00134181 0.00235677 0.00353642 0.00473652 0.00584213 0.00677019 0.00746341 0.00788753 0.00803084 0.00790358 0.00753638 0.00697772 0.00629079 0.0055499 0.00483597 0.00422966 0.00380396 0.00364926 0.00406389 0.00593745 0.0101212 0.014877 0.0159189 0.0117454 0.00591869 0.00206883 0.000518489 9.74241e-05 1.51074e-05 2.2038e-06 3.14247e-07 4.03408e-08 4.0385e-09 2.22118e-10 0 
0 4.31345e-07 4.58283e-06 2.50135e-05 9.60438e-05 0.000282237 0.000657525 0.0012511 0.00201431 0.00284773 0.00364893 0.00433769 0.00485973 0.00518394 0.00529971 0.00521523 0.00495597 0.00456324 0.00409257 0.00361157 0.00319543 0.00291871 0.00285304 0.00316991 0.00473852 0.0101212 0.021507 0.0343263 0.0377319 0.027933 0.0138655 0.00464444 0.00107482 0.000178373 2.29427e-05 2.70507e-06 3.33993e-07 4.02164e-08 3.90614e-09 2.1046e-10 0 
0 1.68849e-07 1.76191e-06 9.53972e-06 3.69496e-05 0.000111995 0.000275282 0.000561098 0.000970522 0.00146252 0.00197144 0.00243169 0.00279272 0.00302335 0.00311128 0.00306135 0.00289396 0.00264374 0.00235801 0.00209418 0.00191501 0.00188216 0.00206699 0.00275655 0.0055423 0.014877 0.0343263 0.0561414 0.0621607 0.0460593 0.0227605 0.00751431 0.00167904 0.000260854 2.98097e-05 2.94262e-06 3.11243e-07 3.49419e-08 3.31047e-09 1.76057e-10 0 
0 6.10348e-08 6.22716e-07 3.31846e-06 1.2794e-05 3.92143e-05 9.92699e-05 0.000211894 0.000387821 0.000619493 0.000880125 0.00113267 0.00134154 0.00148086 0.00153807 0.00151444 0.00142407 0.00129225 0.00115309 0.00104676 0.00101689 0.00110988 0.00139618 0.00221237 0.0053893 0.0159189 0.0377319 0.0621607 0.068926 0.0511307 0.0252261 0.00829011 0.00182803 0.000275481 2.96061e-05 2.61921e-06 2.46228e-07 2.61244e-08 2.43959e-09 1.29246e-10 0 
0 2.04011e-08 2.02872e-07 1.05828e-06 4.02377e-06 1.22909e-05 3.14057e-05 6.85656e-05 0.000129777 0.00021575 0.00031924 0.000426059 0.000519332 0.000584578 0.000613495 0.000605705 0.000568684 0.000516444 0.000467657 0.000444215 0.000471511 0.000581749 0.000834372 0.00149406 0.00390723 0.0117454 0.027933 0.0460593 0.0511307 0.0378841 0.018693 0.00613874 0.00134905 0.000200947 2.1064e-05 1.78234e-06 1.59544e-07 1.66142e-08 1.55537e-09 8.29485e-11 0 
0 6.31255e-09 6.10586e-08 3.10709e-07 1.15822e-06 3.49267e-06 8.88546e-06 1.94918e-05 3.73882e-05 6.34009e-05 9.60087e-05 0.000131112 0.000163019 0.000186244 0.000197306 0.000195844 0.00018482 0.000169972 0.00015906 0.000161661 0.000190305 0.000263692 0.000419167 0.000799067 0.00204794 0.00591869 0.0138655 0.0227605 0.0252261 0.018693 0.00923016 0.003037 0.000668739 9.95777e-05 1.04595e-05 8.98221e-07 8.30933e-08 8.94146e-09 8.56318e-10 4.64612e-11 0 
0 1.80887e-09 1.69998e-08 8.42218e-08 3.06746e-07 9.08161e-07 2.28151e-06 4.97354e-06 9.53862e-06 1.62575e-05 2.48348e-05 3.42719e-05 4.30573e-05 4.96415e-05 5.29955e-05 5.30144e-05 5.06354e-05 4.7716e-05 4.68805e-05 5.16478e-05 6.71501e-05 0.000101705 0.000171683 0.000329874 0.000783299 0.00206883 0.00464444 0.00751431 0.00829011 0.00613874 0.003037 0.00100368 0.000222297 3.34657e-05 3.63163e-06 3.38329e-07 3.51528e-08 4.09117e-09 4.07661e-10 2.27121e-11 0 
0 4.79629e-10 4.37794e-09 2.10982e-08 7.49486e-08 2.17213e-07 5.3647e-07 1.15506e-06 2.19806e-06 3.73289e-06 5.70134e-06 7.88598e-06 9.94626e-06 1.1525e-05 1.23843e-05 1.25122e-05 1.21656e-05 1.18594e-05 1.23617e-05 1.47849e-05 2.08507e-05 3.33593e-05 5.73049e-05 0.000105828 0.000223737 0.000518489 0.00107482 0.00167904 0.00182803 0.00134905 0.000668739 0.000222297 4.98404e-05 7.74597e-06 9.1315e-07 1.00461e-07 1.25098e-08 1.6091e-09 1.68332e-10 9.69737e-12 0 
0 1.17347e-10 1.0405e-09 4.8772e-09 1.68884e-08 4.78495e-08 1.1593e-07 2.45769e-07 4.62246e-07 7.78652e-07 1.18344e-06 1.63348e-06 2.06103e-06 2.39514e-06 2.58991e-06 2.64829e-06 2.63417e-06 2.67564e-06 2.97319e-06 3.83164e-06 5.7273e-06 9.39506e-06 1.59398e-05 2.74857e-05 5.00987e-05 9.74241e-05 0.000178373 0.000260854 0.000275481 0.000200947 9.95777e-05 3.34657e-05 7.74597e-06 1.30248e-06 1.81863e-07 2.56766e-08 3.88626e-09 5.49281e-10 6.04452e-11 3.61752e-12 0 
0 2.63304e-11 2.26932e-10 1.03508e-09 3.49424e-09 9.6757e-09 2.29778e-08 4.78996e-08 8.88782e-08 1.48181e-07 2.23601e-07 3.07335e-07 3.87301e-07 4.51056e-07 4.91059e-07 5.09374e-07 5.20616e-07 5.53838e-07 6.55901e-07 8.99234e-07 1.39397e-06 2.2955e-06 3.79033e-06 6.08661e-06 9.57743e-06 1.51074e-05 2.29427e-05 2.98097e-05 2.96061e-05 2.1064e-05 1.04595e-05 3.63163e-06 9.1315e-07 1.81863e-07 3.31252e-08 6.07062e-09 1.07028e-09 1.63184e-10 1.88705e-11 1.17672e-12 0 
0 5.35527e-12 4.49036e-11 1.99467e-10 6.56886e-10 1.77834e-09 4.13958e-09 8.48258e-09 1.55179e-08 2.55849e-08 3.82942e-08 5.23686e-08 6.5878e-08 7.68936e-08 8.43765e-08 8.90173e-08 9.3868e-08 1.0489e-07 1.31793e-07 1.89433e-07 2.99221e-07 4.88077e-07 7.80375e-07 1.18166e-06 1.66912e-06 2.2038e-06 2.70507e-06 2.94262e-06 2.61921e-06 1.78234e-06 8.98221e-07 3.38329e-07 1.00461e-07 2.56766e-08 6.07062e-09 1.33195e-09 2.5899e-10 4.19621e-11 5.09283e-12 3.31428e-13 0 
0 9.65636e-13 7.886e-12 3.41531e-11 1.09827e-10 2.90911e-10 6.64117e-10 1.33808e-09 2.4135e-09 3.93457e-09 5.84017e-09 7.94512e-09 9.9781e-09 1.168e-08 1.29383e-08 1.39224e-08 1.51993e-08 1.78493e-08 2.36169e-08 3.50907e-08 5.57413e-08 8.93544e-08 1.3819e-07 1.99724e-07 2.63859e-07 3.14247e-07 3.33993e-07 3.11243e-07 2.46228e-07 1.59544e-07 8.30933e-08 3.51528e-08 1.25098e-08 3.88626e-09 1.07028e-09 2.5899e-10 5.37864e-11 9.18824e-12 1.16908e-12 7.94398e-14 0 
0 1.47634e-13 1.17574e-12 4.97059e-12 1.5626e-11 4.05382e-11 9.08345e-11 1.80065e-10 3.20367e-10 5.16572e-10 7.60577e-10 1.02963e-09 1.29163e-09 1.51786e-09 1.70064e-09 1.87197e-09 2.12118e-09 2.61302e-09 3.60752e-09 5.47328e-09 8.66272e-09 1.35878e-08 2.03349e-08 2.82559e-08 3.57017e-08 4.03408e-08 4.02164e-08 3.49419e-08 2.61244e-08 1.66142e-08 8.94146e-09 4.09117e-09 1.6091e-09 5.49281e-10 1.63184e-10 4.19621e-11 9.18824e-12 1.64826e-12 2.19552e-13 1.5571e-14 0 
0 1.72486e-14 1.3413e-13 5.54269e-13 1.70557e-12 4.33859e-12 9.55149e-12 1.86446e-11 3.27436e-11 5.22504e-11 7.63508e-11 1.02914e-10 1.29064e-10 1.52477e-10 1.73181e-10 1.95544e-10 2.30272e-10 2.96382e-10 4.22877e-10 6.48576e-10 1.0164e-09 1.55673e-09 2.2573e-09 3.02897e-09 3.69513e-09 4.0385e-09 3.90614e-09 3.31047e-09 2.43959e-09 1.55537e-09 8.56318e-10 4.07661e-10 1.68332e-10 6.04452e-11 1.88705e-11 5.09283e-12 1.16908e-12 2.19552e-13 3.05587e-14 2.25955e-15 0 
0 1.09882e-15 8.35458e-15 3.37904e-14 1.01909e-13 2.54493e-13 5.51066e-13 1.06024e-12 1.83945e-12 2.90704e-12 4.21886e-12 5.66669e-12 7.11253e-12 8.4618e-12 9.7657e-12 1.13377e-11 1.38723e-11 1.8553e-11 2.71087e-11 4.17033e-11 6.44476e-11 9.63206e-11 1.35564e-10 1.76278e-10 2.08665e-10 2.22118e-10 2.1046e-10 1.76057e-10 1.29246e-10 8.29485e-11 4.64612e-11 2.27121e-11 9.69737e-12 3.61752e-12 1.17672e-12 3.31428e-13 7.94398e-14 1.5571e-14 2.25955e-15 1.73912e-16 0 
0 0 0 0 0 0 0 0 0 0 0 0 0 0 0 0 0 0 0 0 0 0 0 0 0 0 0 0 0 0 0 0 0 0 0 0 0 0 0 0 0 
