0 0 0 0 0 0 0 0 0 0 0 0 0 0 0 0 0 0 0 0 0 0 0 0 0 0 0 0 0 0 0 0 0 0 0 0 0 0 0 0 0 
0 3.22958e-07 2.89135e-06 1.28634e-05 3.94667e-05 9.29921e-05 0.000178739 0.00029314 0.000425157 0.000560608 0.000685953 0.000790301 0.000866035 0.000908759 0.000917019 0.000891948 0.000836898 0.000757049 0.000658995 0.000550286 0.000438875 0.000332445 0.000237601 0.000159039 9.89256e-05 5.67542e-05 2.98337e-05 1.42974e-05 6.2273e-06 2.46205e-06 8.83683e-07 2.88129e-07 8.5365e-08 2.29517e-08 5.57582e-09 1.21194e-09 2.30933e-10 3.69572e-11 4.48386e-12 2.9468e-13 0 
0 2.89135e-06 2.6533e-05 0.00011707 0.000341903 0.000741152 0.0012896 0.00191876 0.00255925 0.00315896 0.00368125 0.00409997 0.00439695 0.00456175 0.00459181 0.00449223 0.0042749 0.00395692 0.00355894 0.00310344 0.00261363 0.00211324 0.00162674 0.0011793 0.000794789 0.00049118 0.000274841 0.000137917 6.17517e-05 2.46601e-05 8.80935e-06 2.8275e-06 8.18544e-07 2.14081e-07 5.04748e-08 1.06391e-08 1.9664e-09 3.05519e-10 3.60342e-11 2.30575e-12 0 
0 1.28634e-05 0.00011707 0.000485239 0.00126583 0.00240921 0.00374533 0.00513884 0.00650592 0.00777991 0.00889741 0.00980114 0.0104463 0.0108053 0.0108697 0.0106502 0.0101742 0.00948232 0.00862331 0.00764916 0.00661003 0.0055501 0.00450558 0.00350612 0.00258043 0.00176285 0.00109309 0.000601865 0.000289657 0.000121147 4.42055e-05 1.42056e-05 4.06081e-06 1.03986e-06 2.38942e-07 4.89841e-08 8.80158e-09 1.33015e-09 1.52773e-10 9.53327e-12 0 
0 3.94667e-05 0.000341903 0.00126583 0.00287742 0.00491309 0.0071661 0.00952435 0.0118771 0.0140979 0.0160602 0.0176532 0.0187926 0.0194269 0.0195402 0.0191513 0.0183092 0.017087 0.0155734 0.013864 0.012053 0.0102257 0.00845169 0.00678087 0.00524234 0.00385197 0.00262982 0.00161728 0.000866818 0.000395423 0.000152619 5.03512e-05 1.44453e-05 3.65867e-06 8.24718e-07 1.65183e-07 2.8953e-08 4.26795e-09 4.78491e-10 2.91813e-11 0 
0 9.29921e-05 0.000741152 0.00240921 0.00491309 0.00792715 0.0113023 0.0148895 0.018495 0.0219082 0.0249278 0.0273806 0.0291353 0.0301121 0.0302864 0.0296869 0.0283895 0.0265071 0.0241767 0.0215469 0.0187643 0.0159635 0.0132577 0.0107333 0.00844471 0.0064133 0.00463453 0.00310347 0.00185096 0.000941339 0.000396579 0.000138168 4.05887e-05 1.03001e-05 2.29656e-06 4.51949e-07 7.76011e-08 1.11956e-08 1.22875e-09 7.34234e-11 0 
0 0.000178739 0.0012896 0.00374533 0.0071661 0.0113023 0.0159956 0.0210094 0.0260565 0.0308371 0.0350676 0.0385043 0.0409633 0.0423325 0.0425767 0.0417361 0.0399177 0.0372798 0.0340148 0.0303309 0.0264344 0.0225145 0.0187321 0.0152117 0.012038 0.00925342 0.00685791 0.00481848 0.00310553 0.00174649 0.000814021 0.000306318 9.40053e-05 2.42378e-05 5.39437e-06 1.04953e-06 1.77347e-07 2.51342e-08 2.709e-09 1.59045e-10 0 
0 0.00029314 0.00191876 0.00513884 0.00952435 0.0148895 0.0210094 0.0275555 0.0341475 0.0403926 0.0459204 0.0504213 0.0536736 0.0555208 0.0558555 0.0547118 0.0522847 0.0488155 0.0445452 0.0397325 0.0346431 0.0295243 0.0245868 0.0199947 0.0158617 0.0122504 0.00917348 0.00659569 0.00445071 0.00269704 0.00137996 0.000566131 0.000184247 4.88809e-05 1.09553e-05 2.1202e-06 3.542e-07 4.94968e-08 5.25583e-09 3.04036e-10 0 
0 0.000425157 0.00255925 0.00650592 0.0118771 0.018495 0.0260565 0.0341475 0.0422965 0.0500199 0.0569047 0.0627623 0.0674495 0.0703294 0.0708718 0.0690698 0.06539 0.0606151 0.05518 0.0492051 0.0429122 0.0365853 0.0304835 0.0248102 0.0197072 0.0152549 0.0114761 0.00834012 0.00576807 0.00366821 0.00201981 0.000899207 0.000312378 8.6038e-05 1.95595e-05 3.78573e-06 6.27905e-07 8.68248e-08 9.11123e-09 5.20767e-10 0 
0 0.000560608 0.00315896 0.00777991 0.0140979 0.0219082 0.0308371 0.0403926 0.0500199 0.0592128 0.0679042 0.0760676 0.0818961 0.0847846 0.0853006 0.0836414 0.0795392 0.0730138 0.0655811 0.0582226 0.0507507 0.0432767 0.0360712 0.0293729 0.0233494 0.0180972 0.0136468 0.00997012 0.00698504 0.00457315 0.00265261 0.00126433 0.000467792 0.00013426 3.11048e-05 6.04552e-06 9.99033e-07 1.37124e-07 1.42614e-08 8.07526e-10 0 
0 0.000685953 0.00368125 0.00889741 0.0160602 0.0249278 0.0350676 0.0459204 0.0569047 0.0679042 0.0790566 0.0870181 0.0912488 0.0932567 0.0936396 0.0925222 0.0896893 0.084425 0.0759481 0.066505 0.0577219 0.0492022 0.0410184 0.0334122 0.0265735 0.0206121 0.0155645 0.0114035 0.00804499 0.00535758 0.00321701 0.00161509 0.000630981 0.000188417 4.45549e-05 8.71736e-06 1.43905e-06 1.9658e-07 2.03147e-08 1.14231e-09 0 
0 0.000790301 0.00409997 0.00980114 0.0176532 0.0273806 0.0385043 0.0504213 0.0627623 0.0760676 0.0870181 0.093023 0.0963356 0.097975 0.0983053 0.0974105 0.0951664 0.0911529 0.0843296 0.074 0.0635388 0.0540298 0.0450404 0.0366961 0.0291945 0.0226563 0.0171224 0.0125654 0.00889895 0.00598512 0.0036736 0.00191304 0.000779813 0.00024087 5.80554e-05 1.1443e-05 1.89023e-06 2.5752e-07 2.6501e-08 1.48311e-09 0 
0 0.000866035 0.00439695 0.0104463 0.0187926 0.0291353 0.0409633 0.0536736 0.0674495 0.0818961 0.0912488 0.0963356 0.0992521 0.100727 0.101034 0.100241 0.0982592 0.0947844 0.0890696 0.0796432 0.0679909 0.0575168 0.0479226 0.0390489 0.0310726 0.0241211 0.0182386 0.0133971 0.00950845 0.00643078 0.00399925 0.00213227 0.000895232 0.000283592 6.94026e-05 1.37707e-05 2.27813e-06 3.10025e-07 3.18312e-08 1.77648e-09 0 
0 0.000908759 0.00456175 0.0108053 0.0194269 0.0301121 0.0423325 0.0555208 0.0703294 0.0847846 0.0932567 0.097975 0.100727 0.102132 0.10243 0.101681 0.0998107 0.0965593 0.091301 0.0826116 0.0706534 0.0594933 0.0495337 0.0403637 0.0321225 0.0249405 0.0188634 0.0138629 0.00984978 0.00668026 0.00418261 0.00225864 0.000964435 0.000310216 7.66694e-05 1.52859e-05 2.5331e-06 3.4476e-07 3.53751e-08 1.9724e-09 0 
0 0.000917019 0.00459181 0.0108697 0.0195402 0.0302864 0.0425767 0.0558555 0.0708718 0.0853006 0.0936396 0.0983053 0.101034 0.10243 0.102727 0.101985 0.100131 0.0969124 0.0917215 0.0831533 0.071161 0.0598606 0.0498309 0.0406072 0.0323179 0.025094 0.0189814 0.0139521 0.00991637 0.0067306 0.0042218 0.00228786 0.000981796 0.00031738 7.87357e-05 1.57364e-05 2.61189e-06 3.55885e-07 3.655e-08 2.03963e-09 0 
0 0.000891948 0.00449223 0.0106502 0.0191513 0.0296869 0.0417361 0.0547118 0.0690698 0.0836414 0.0925222 0.0974105 0.100241 0.101681 0.101985 0.101217 0.0992941 0.0959407 0.090479 0.081434 0.0695234 0.0586601 0.0488607 0.039818 0.0316899 0.0246061 0.0186116 0.0136788 0.00971905 0.00659027 0.00412331 0.00222382 0.000948589 0.000305192 7.55557e-05 1.51038e-05 2.51074e-06 3.42863e-07 3.53033e-08 1.97551e-09 0 
0 0.000836898 0.0042749 0.0101742 0.0183092 0.0283895 0.0399177 0.0522847 0.06539 0.0795392 0.0896893 0.0951664 0.0982592 0.0998107 0.100131 0.0992941 0.097198 0.0934946 0.0873181 0.0773513 0.0661165 0.0560836 0.0467491 0.0380977 0.0303197 0.0235403 0.0178026 0.0130794 0.00928432 0.00627825 0.00390128 0.0020776 0.000872226 0.000276983 6.81132e-05 1.3599e-05 2.26519e-06 3.10492e-07 3.21179e-08 1.80639e-09 0 
0 0.000757049 0.00395692 0.00948232 0.017087 0.0265071 0.0372798 0.0488155 0.0606151 0.0730138 0.084425 0.0911529 0.0947844 0.0965593 0.0969124 0.0959407 0.0934946 0.0890693 0.0815241 0.0712785 0.0615105 0.0523837 0.0436819 0.0355977 0.0283284 0.0219915 0.0166269 0.0122082 0.00865145 0.00582255 0.0035771 0.00186717 0.000765312 0.000238515 5.81247e-05 1.15925e-05 1.93812e-06 2.67308e-07 2.78571e-08 1.57942e-09 0 
0 0.000658995 0.00355894 0.00862331 0.0155734 0.0241767 0.0340148 0.0445452 0.05518 0.0655811 0.0759481 0.0843296 0.0890696 0.091301 0.0917215 0.090479 0.0873181 0.0815241 0.0731373 0.064448 0.0560741 0.0478244 0.0398841 0.0325022 0.0258636 0.0200755 0.0151735 0.0111317 0.007869 0.00525891 0.00318 0.00161761 0.000644485 0.00019688 4.7612e-05 9.51298e-06 1.60205e-06 2.23178e-07 2.35221e-08 1.34943e-09 0 
0 0.000550286 0.00310344 0.00764916 0.013864 0.0215469 0.0303309 0.0397325 0.0492051 0.0582226 0.066505 0.074 0.0796432 0.0826116 0.0831534 0.081434 0.0773513 0.0712785 0.064448 0.0573602 0.0500326 0.0426849 0.0355991 0.0290108 0.0230855 0.0179181 0.0135393 0.00992328 0.00699221 0.00463149 0.00274947 0.00136172 0.000528884 0.000159307 3.84905e-05 7.75348e-06 1.32267e-06 1.87018e-07 2.00164e-08 1.16575e-09 0 
0 0.000438875 0.00261363 0.00661003 0.012053 0.0187643 0.0264344 0.0346431 0.0429122 0.0507507 0.0577219 0.0635388 0.0679909 0.0706534 0.071161 0.0695234 0.0661165 0.0615105 0.0560741 0.0500326 0.0436591 0.03725 0.0310687 0.0253218 0.0201533 0.0156451 0.0118227 0.00865954 0.00608363 0.00399785 0.00233995 0.00113992 0.000438192 0.000132157 3.22883e-05 6.61134e-06 1.14824e-06 1.65228e-07 1.7973e-08 1.06199e-09 0 
0 0.000332445 0.00211324 0.0055501 0.0102257 0.0159635 0.0225145 0.0295243 0.0365853 0.0432767 0.0492022 0.0540298 0.0575168 0.0594933 0.0598606 0.0586601 0.0560836 0.0523837 0.0478244 0.0426849 0.03725 0.0317848 0.0265151 0.0216174 0.0172143 0.0133755 0.0101217 0.0074267 0.00522637 0.00344142 0.0020239 0.000996778 0.00039011 0.000120264 3.00243e-05 6.264e-06 1.10454e-06 1.60824e-07 1.7649e-08 1.0494e-09 0 
0 0.000237601 0.00162674 0.00450558 0.00845169 0.0132577 0.0187321 0.0245868 0.0304835 0.0360712 0.0410184 0.0450404 0.0479226 0.0495337 0.0498309 0.0488607 0.0467491 0.0436819 0.0398841 0.0355991 0.0310687 0.0265151 0.0221274 0.0180537 0.0144004 0.0112353 0.00858279 0.0064046 0.00460872 0.00311296 0.0018913 0.000971736 0.000397114 0.000126444 3.2141e-05 6.75295e-06 1.19109e-06 1.72807e-07 1.88549e-08 1.11322e-09 0 
0 0.000159039 0.0011793 0.00350612 0.00678087 0.0107333 0.0152117 0.0199947 0.0248102 0.0293729 0.0334122 0.0366961 0.0390489 0.0403637 0.0406072 0.039818 0.0380977 0.0355977 0.0325022 0.0290108 0.0253218 0.0216174 0.0180537 0.0147602 0.0118587 0.00948779 0.00772848 0.00639704 0.00507424 0.00358117 0.00217474 0.00112165 0.000468468 0.000151397 3.8366e-05 7.94353e-06 1.37461e-06 1.95493e-07 2.09205e-08 1.21278e-09 0 
0 9.89256e-05 0.000794789 0.00258043 0.00524234 0.00844471 0.012038 0.0158617 0.0197072 0.0233494 0.0265735 0.0291945 0.0310726 0.0321225 0.0323179 0.0316899 0.0303197 0.0283284 0.0258636 0.0230855 0.0201533 0.0172143 0.0144004 0.0118587 0.00987297 0.00899647 0.00963253 0.0108406 0.010427 0.00760581 0.00413169 0.00177813 0.000652124 0.000197638 4.77787e-05 9.4842e-06 1.5837e-06 2.18494e-07 2.27694e-08 1.28931e-09 0 
0 5.67542e-05 0.00049118 0.00176285 0.00385197 0.0064133 0.00925342 0.0122504 0.0152549 0.0180972 0.0206121 0.0226563 0.0241211 0.0249405 0.025094 0.0246061 0.0235403 0.0219915 0.0200755 0.0179181 0.0156451 0.0133755 0.0112353 0.00948779 0.00899647 0.0117521 0.01929 0.0297733 0.0353128 0.0221843 0.0112203 0.00402269 0.00113392 0.000279945 5.95177e-05 1.08609e-05 1.7201e-06 2.29039e-07 2.32208e-08 1.2848e-09 0 
0 2.98337e-05 0.000274841 0.00109309 0.00262982 0.00463453 0.00685791 0.00917348 0.0114761 0.0136468 0.0155645 0.0171224 0.0182386 0.0188634 0.0189814 0.0186116 0.0178026 0.0166269 0.0151735 0.0135393 0.0118227 0.0101217 0.00858279 0.00772848 0.00963253 0.01929 0.0429556 0.0763645 0.0800936 0.0626379 0.0261208 0.00878584 0.00211097 0.000413596 7.22428e-05 1.15275e-05 1.69558e-06 2.17327e-07 2.15064e-08 1.16768e-09 0 
0 1.42974e-05 0.000137917 0.000601865 0.00161728 0.00310347 0.00481848 0.00659569 0.00834012 0.00997012 0.0114035 0.0125654 0.0133971 0.0138629 0.0139521 0.0136788 0.0130794 0.0122082 0.0111317 0.00992328 0.00865954 0.0074267 0.0064046 0.00639704 0.0108406 0.0297733 0.0763645 0.0871399 0.0885051 0.0830939 0.052954 0.0141532 0.00320812 0.000547684 8.00328e-05 1.09576e-05 1.47634e-06 1.82292e-07 1.77217e-08 9.50718e-10 0 
0 6.2273e-06 6.17517e-05 0.000289657 0.000866818 0.00185096 0.00310553 0.00445071 0.00576807 0.00698504 0.00804499 0.00889895 0.00950845 0.00984978 0.00991637 0.00971905 0.00928432 0.00865145 0.007869 0.00699221 0.00608363 0.00522637 0.00460872 0.00507424 0.010427 0.0353128 0.0800936 0.0885051 0.0896358 0.0853213 0.0628861 0.0156313 0.00347158 0.000558821 7.31374e-05 8.8703e-06 1.10718e-06 1.32955e-07 1.28208e-08 6.85512e-10 0 
0 2.46205e-06 2.46601e-05 0.000121147 0.000395423 0.000941339 0.00174649 0.00269704 0.00366821 0.00457315 0.00535758 0.00598512 0.00643078 0.00668026 0.0067306 0.00659027 0.00627825 0.00582255 0.00525891 0.00463149 0.00399785 0.00344142 0.00311296 0.00358117 0.00760581 0.0221843 0.0626379 0.0830939 0.0853213 0.0787715 0.0383101 0.0115554 0.00256538 0.000406717 5.07865e-05 5.8016e-06 6.98813e-07 8.33834e-08 8.07843e-09 4.34682e-10 0 
0 8.83683e-07 8.80935e-06 4.42055e-05 0.000152619 0.000396579 0.000814021 0.00137996 0.00201981 0.00265261 0.00321701 0.0036736 0.00399925 0.00418261 0.0042218 0.00412331 0.00390128 0.0035771 0.00318 0.00274947 0.00233995 0.0020239 0.0018913 0.00217474 0.00413169 0.0112203 0.0261208 0.052954 0.0628861 0.0383101 0.0173621 0.00572762 0.00128422 0.000205954 2.57834e-05 2.97566e-06 3.66541e-07 4.47392e-08 4.41707e-09 2.41508e-10 0 
0 2.88129e-07 2.8275e-06 1.42056e-05 5.03512e-05 0.000138168 0.000306318 0.000566131 0.000899207 0.00126433 0.00161509 0.00191304 0.00213227 0.00225864 0.00228786 0.00222382 0.0020776 0.00186717 0.00161761 0.00136172 0.00113992 0.000996778 0.000971736 0.00112165 0.00177813 0.00402269 0.00878584 0.0141532 0.0156313 0.0115554 0.00572762 0.00191083 0.000439227 7.28341e-05 9.60155e-06 1.20426e-06 1.60499e-07 2.0566e-08 2.09506e-09 1.17416e-10 0 
0 8.5365e-08 8.18544e-07 4.06081e-06 1.44453e-05 4.05887e-05 9.40053e-05 0.000184247 0.000312378 0.000467792 0.000630981 0.000779813 0.000895232 0.000964435 0.000981796 0.000948589 0.000872226 0.000765312 0.000644485 0.000528884 0.000438192 0.00039011 0.000397114 0.000468468 0.000652124 0.00113392 0.00211097 0.00320812 0.00347158 0.00256538 0.00128422 0.000439227 0.000105089 1.85753e-05 2.74615e-06 4.00136e-07 5.97245e-08 8.14542e-09 8.634e-10 4.99481e-11 0 
0 2.29517e-08 2.14081e-07 1.03986e-06 3.65867e-06 1.03001e-05 2.42378e-05 4.88809e-05 8.6038e-05 0.00013426 0.000188417 0.00024087 0.000283592 0.000310216 0.00031738 0.000305192 0.000276983 0.000238515 0.00019688 0.000159307 0.000132157 0.000120264 0.000126444 0.000151397 0.000197638 0.000279945 0.000413596 0.000547684 0.000558821 0.000406717 0.000205954 7.28341e-05 1.85753e-05 3.70194e-06 6.57805e-07 1.14972e-07 1.92351e-08 2.79507e-09 3.09659e-10 1.85863e-11 0 
0 5.57582e-09 5.04748e-08 2.38942e-07 8.24718e-07 2.29656e-06 5.39437e-06 1.09553e-05 1.95595e-05 3.11048e-05 4.45549e-05 5.80554e-05 6.94026e-05 7.66694e-05 7.87357e-05 7.55557e-05 6.81132e-05 5.81247e-05 4.7612e-05 3.84905e-05 3.22883e-05 3.00243e-05 3.2141e-05 3.8366e-05 4.77787e-05 5.95177e-05 7.22428e-05 8.00328e-05 7.31374e-05 5.07865e-05 2.57834e-05 9.60155e-06 2.74615e-06 6.57805e-07 1.43978e-07 2.94555e-08 5.40354e-09 8.32545e-10 9.65942e-11 6.03584e-12 0 
0 1.21194e-09 1.06391e-08 4.89841e-08 1.65183e-07 4.51949e-07 1.04953e-06 2.1202e-06 3.78573e-06 6.04552e-06 8.71736e-06 1.1443e-05 1.37707e-05 1.52859e-05 1.57364e-05 1.51038e-05 1.3599e-05 1.15925e-05 9.51298e-06 7.75348e-06 6.61134e-06 6.264e-06 6.75295e-06 7.94353e-06 9.4842e-06 1.08609e-05 1.15275e-05 1.09576e-05 8.8703e-06 5.8016e-06 2.97566e-06 1.20426e-06 4.00136e-07 1.14972e-07 2.94555e-08 6.70013e-09 1.318e-09 2.14306e-10 2.60563e-11 1.69825e-12 0 
0 2.30933e-10 1.9664e-09 8.80158e-09 2.8953e-08 7.76011e-08 1.77347e-07 3.542e-07 6.27905e-07 9.99033e-07 1.43905e-06 1.89023e-06 2.27813e-06 2.5331e-06 2.61189e-06 2.51074e-06 2.26519e-06 1.93812e-06 1.60205e-06 1.32267e-06 1.14824e-06 1.10454e-06 1.19109e-06 1.37461e-06 1.5837e-06 1.7201e-06 1.69558e-06 1.47634e-06 1.10718e-06 6.98813e-07 3.66541e-07 1.60499e-07 5.97245e-08 1.92351e-08 5.40354e-09 1.318e-09 2.74478e-10 4.69502e-11 5.98028e-12 4.06816e-13 0 
0 3.69572e-11 3.05519e-10 1.33015e-09 4.26795e-09 1.11956e-08 2.51342e-08 4.94968e-08 8.68248e-08 1.37124e-07 1.9658e-07 2.5752e-07 3.10025e-07 3.4476e-07 3.55885e-07 3.42863e-07 3.10492e-07 2.67308e-07 2.23178e-07 1.87018e-07 1.65228e-07 1.60824e-07 1.72807e-07 1.95493e-07 2.18494e-07 2.29039e-07 2.17327e-07 1.82292e-07 1.32955e-07 8.33834e-08 4.47392e-08 2.0566e-08 8.14542e-09 2.79507e-09 8.32545e-10 2.14306e-10 4.69502e-11 8.42673e-12 1.1232e-12 7.97214e-14 0 
0 4.48386e-12 3.60342e-11 1.52773e-10 4.78491e-10 1.22875e-09 2.709e-09 5.25583e-09 9.11123e-09 1.42614e-08 2.03147e-08 2.6501e-08 3.18312e-08 3.53751e-08 3.655e-08 3.53033e-08 3.21179e-08 2.78571e-08 2.35221e-08 2.00164e-08 1.7973e-08 1.7649e-08 1.88549e-08 2.09205e-08 2.27694e-08 2.32208e-08 2.15064e-08 1.77217e-08 1.28208e-08 8.07843e-09 4.41707e-09 2.09506e-09 8.634e-10 3.09659e-10 9.65942e-11 2.60563e-11 5.98028e-12 1.1232e-12 1.56384e-13 1.15689e-14 0 
0 2.9468e-13 2.30575e-12 9.53327e-12 2.91813e-11 7.34234e-11 1.59045e-10 3.04036e-10 5.20767e-10 8.07526e-10 1.14231e-09 1.48311e-09 1.77648e-09 1.9724e-09 2.03963e-09 1.97551e-09 1.80639e-09 1.57942e-09 1.34943e-09 1.16575e-09 1.06199e-09 1.0494e-09 1.11322e-09 1.21278e-09 1.28931e-09 1.2848e-09 1.16768e-09 9.50718e-10 6.85512e-10 4.34682e-10 2.41508e-10 1.17416e-10 4.99481e-11 1.85863e-11 6.03584e-12 1.69825e-12 4.06816e-13 7.97214e-14 1.15689e-14 8.90644e-16 0 
0 0 0 0 0 0 0 0 0 0 0 0 0 0 0 0 0 0 0 0 0 0 0 0 0 0 0 0 0 0 0 0 0 0 0 0 0 0 0 0 0 
