0 0 0 0 0 0 0 0 0 0 0 0 0 0 0 0 0 0 0 0 0 0 0 0 0 0 0 0 0 0 0 0 0 0 0 0 0 0 0 0 0 
0 1.95147e-07 1.76442e-06 8.003e-06 2.52708e-05 6.16871e-05 0.000123103 0.000209205 0.000312965 0.000423234 0.000528069 0.000617097 0.000682642 0.000720037 0.000727513 0.000705919 0.000658356 0.000589758 0.000506423 0.000415464 0.000324151 0.000239162 0.000165775 0.000107191 6.42006e-05 3.53889e-05 1.78604e-05 8.22412e-06 3.4492e-06 1.31729e-06 4.58442e-07 1.45509e-07 4.21272e-08 1.11076e-08 2.65475e-09 5.69275e-10 1.07275e-10 1.70122e-11 2.04877e-12 1.33835e-13 0 
0 1.76442e-06 1.64469e-05 7.49325e-05 0.0002295 0.000525738 0.000964473 0.00149951 0.00206762 0.00261321 0.00309497 0.00348397 0.00376103 0.00391546 0.00394448 0.0038527 0.00365116 0.00335602 0.00298715 0.00256686 0.0021191 0.00166906 0.00124264 0.000864739 0.000555526 0.000325509 0.000172249 8.18056e-05 3.4802e-05 1.3285e-05 4.56784e-06 1.42063e-06 4.00872e-07 1.02707e-07 2.38196e-08 4.95515e-09 9.06333e-10 1.39655e-10 1.63636e-11 1.04161e-12 0 
0 8.003e-06 7.49325e-05 0.000327863 0.000918192 0.00187022 0.00306009 0.00434153 0.00561079 0.00679432 0.007831 0.00866846 0.00926623 0.00959936 0.00966033 0.00945891 0.00902008 0.00838069 0.00758506 0.00668039 0.00571249 0.00472294 0.00374871 0.00282498 0.00198972 0.00128445 0.000744555 0.000381128 0.000170792 6.7037e-05 2.32142e-05 7.16107e-06 1.98442e-06 4.96402e-07 1.12071e-07 2.26708e-08 4.03255e-09 6.04752e-10 6.90497e-11 4.28924e-12 0 
0 2.52708e-05 0.0002295 0.000918192 0.00226267 0.00409354 0.0061728 0.00835332 0.0105234 0.0125686 0.0143749 0.0158415 0.0168912 0.0174766 0.0175829 0.0172271 0.016454 0.0153304 0.0139376 0.0123629 0.0106919 0.00900143 0.00735395 0.00579495 0.00435619 0.00306735 0.00197097 0.00112125 0.000550426 0.00023045 8.26587e-05 2.57723e-05 7.09765e-06 1.74664e-06 3.85822e-07 7.6174e-08 1.32148e-08 1.93351e-09 2.15589e-10 1.30946e-11 0 
0 6.16871e-05 0.000525738 0.00187022 0.00409354 0.00686369 0.00997145 0.0132676 0.0165783 0.0197132 0.0224881 0.0247435 0.0263586 0.0272593 0.0274224 0.0268739 0.0256833 0.0239542 0.0218125 0.0193944 0.0168347 0.0142561 0.0117612 0.00942667 0.00729967 0.00540081 0.00374015 0.00234682 0.00128194 0.000589622 0.000225742 7.28005e-05 2.02322e-05 4.9459e-06 1.07584e-06 2.08266e-07 3.5365e-08 5.06342e-09 5.52778e-10 3.29059e-11 0 
0 0.000123103 0.000964473 0.00306009 0.0061728 0.00997145 0.0142755 0.0188728 0.0235034 0.0278931 0.0317806 0.0349412 0.0372047 0.038467 0.0386954 0.0379263 0.0362574 0.0338339 0.0308331 0.0274465 0.0238638 0.0202589 0.0167788 0.0135364 0.0106065 0.00802349 0.00578633 0.00388059 0.00232351 0.00118239 0.000493407 0.000168232 4.79643e-05 1.17749e-05 2.54038e-06 4.8466e-07 8.08757e-08 1.13686e-08 1.21867e-09 7.1281e-11 0 
0 0.000209205 0.00149951 0.00434153 0.00835332 0.0132676 0.0188728 0.0248737 0.0309228 0.0366589 0.0417397 0.0458716 0.0488328 0.0504868 0.0507865 0.0497784 0.0475937 0.0444249 0.0405029 0.0360776 0.0313974 0.0266901 0.0221492 0.0179248 0.0141193 0.0107864 0.00793193 0.00552312 0.00352373 0.0019555 0.000893198 0.000326659 9.69265e-05 2.41477e-05 5.20429e-06 9.83567e-07 1.61943e-07 2.24256e-08 2.36744e-09 1.36423e-10 0 
0 0.000312965 0.00206762 0.00561079 0.0105234 0.0165783 0.0235034 0.0309228 0.0384037 0.0454984 0.0517864 0.056921 0.0606471 0.0627669 0.0631563 0.0618564 0.0590825 0.0551215 0.0502585 0.0447841 0.0389966 0.0331767 0.0275644 0.0223465 0.0176517 0.0135513 0.010061 0.00714605 0.00473967 0.00280301 0.00138689 0.000545929 0.000170129 4.33762e-05 9.3972e-06 1.76761e-06 2.88256e-07 3.94528e-08 4.1138e-09 2.34164e-10 0 
0 0.000423234 0.00261321 0.00679432 0.0125686 0.0197132 0.0278931 0.0366589 0.0454984 0.0538868 0.0613651 0.0676065 0.0722839 0.0749816 0.0754812 0.0738329 0.0703105 0.0653976 0.0595424 0.0530481 0.0462073 0.0393316 0.0327022 0.0265405 0.0209998 0.0161665 0.0120645 0.00866077 0.00587575 0.0036259 0.00191015 0.000804249 0.000263842 6.91819e-05 1.51352e-05 2.84441e-06 4.60966e-07 6.2546e-08 6.4595e-09 3.64131e-10 0 
0 0.000528069 0.00309497 0.007831 0.0143749 0.0224881 0.0317806 0.0417397 0.0517864 0.0613651 0.0700723 0.0774556 0.0826843 0.0854262 0.0859232 0.0843148 0.0805566 0.0748371 0.0679073 0.0604 0.0526017 0.0447881 0.0372571 0.0302584 0.0239669 0.018482 0.0138338 0.00999072 0.0068676 0.00435433 0.00240007 0.00106802 0.000367418 9.91659e-05 2.19609e-05 4.1347e-06 6.67711e-07 9.00541e-08 9.23517e-09 5.16813e-10 0 
0 0.000617097 0.00348397 0.00866846 0.0158415 0.0247435 0.0349412 0.0458716 0.056921 0.0676065 0.0774556 0.0851705 0.0899137 0.0922484 0.0926804 0.0913456 0.0880819 0.0825454 0.0749554 0.0664754 0.0578208 0.0492314 0.0409659 0.0332858 0.0263829 0.0203669 0.0152724 0.0110686 0.00766714 0.00494327 0.00280937 0.0013031 0.00046623 0.000129156 2.89568e-05 5.46984e-06 8.82007e-07 1.18509e-07 1.20958e-08 6.73492e-10 0 
0 0.000682642 0.00376103 0.00926623 0.0168912 0.0263586 0.0372047 0.0488328 0.0606471 0.0722839 0.0826843 0.0899137 0.0941066 0.0961771 0.0965713 0.0954019 0.0925303 0.0875509 0.0800775 0.0709612 0.0615964 0.0524236 0.0436292 0.0354602 0.0281185 0.0217211 0.0163059 0.0118419 0.00823911 0.00536473 0.00310795 0.00148257 0.000545833 0.000154317 3.49629e-05 6.62848e-06 1.06875e-06 1.43332e-07 1.45905e-08 8.10015e-10 0 
0 0.000720037 0.00391546 0.00959936 0.0174766 0.0272593 0.038467 0.0504868 0.0627669 0.0749816 0.0854262 0.0922484 0.0961771 0.0981308 0.0985091 0.0974138 0.094723 0.0900571 0.0828629 0.0735392 0.0637385 0.0542175 0.0451248 0.0366823 0.0290948 0.0224838 0.0168886 0.0122785 0.00856242 0.0056039 0.00328014 0.00158969 0.00059537 0.000170518 3.89164e-05 7.4014e-06 1.19442e-06 1.60145e-07 1.62901e-08 9.03565e-10 0 
0 0.000727513 0.00394448 0.00966033 0.0175829 0.0274224 0.0386954 0.0507865 0.0631563 0.0754812 0.0859232 0.0926804 0.0965713 0.0985091 0.0988863 0.0978031 0.0951404 0.0905248 0.0833852 0.0740347 0.06415 0.0545621 0.0454141 0.0369207 0.0292872 0.0226359 0.0170068 0.012369 0.00863175 0.00565788 0.00332187 0.00161785 0.000609419 0.000175411 4.0173e-05 7.65797e-06 1.23783e-06 1.66183e-07 1.69245e-08 9.399e-10 0 
0 0.000705919 0.0038527 0.00945891 0.0172271 0.0268739 0.0379263 0.0497784 0.0618564 0.0738329 0.0843148 0.0913456 0.0954019 0.0974138 0.0978031 0.0966768 0.0939067 0.0891003 0.0817618 0.072497 0.0628788 0.0535066 0.0445391 0.0362101 0.0287237 0.0221999 0.0166778 0.0121271 0.00845773 0.00553504 0.00323893 0.00156963 0.000588449 0.000168941 3.86876e-05 7.38668e-06 1.19702e-06 1.61199e-07 1.64727e-08 9.18135e-10 0 
0 0.000658356 0.00365116 0.00902008 0.016454 0.0256833 0.0362574 0.0475937 0.0590825 0.0703105 0.0805566 0.0880819 0.0925303 0.094723 0.0951404 0.0939067 0.0908737 0.0856425 0.0780523 0.0691763 0.0601176 0.0511907 0.042614 0.0346441 0.0274793 0.0212345 0.015947 0.0115867 0.00806565 0.00525423 0.00304596 0.00145579 0.000538333 0.000153238 3.50056e-05 6.69567e-06 1.0896e-06 1.47541e-07 1.51712e-08 8.51277e-10 0 
0 0.000589758 0.00335602 0.00838069 0.0153304 0.0239542 0.0338339 0.0444249 0.0551215 0.0653976 0.0748371 0.0825454 0.0875509 0.0900571 0.0905248 0.0891003 0.0856425 0.0799688 0.0725819 0.0644736 0.0561361 0.0478205 0.0398091 0.0323619 0.0256659 0.019828 0.0148823 0.0107991 0.00749331 0.00484397 0.00276623 0.00129441 0.000469247 0.000132045 3.00918e-05 5.77778e-06 9.47133e-07 1.29433e-07 1.34459e-08 7.62654e-10 0 
0 0.000506423 0.00298715 0.00758506 0.0139376 0.0218125 0.0308331 0.0405029 0.0502585 0.0595424 0.0679073 0.0749554 0.0800775 0.0828629 0.0833852 0.0817618 0.0780523 0.0725819 0.0659966 0.0587778 0.0512256 0.0436438 0.036332 0.0295341 0.0234204 0.0180881 0.0135672 0.00982792 0.00678878 0.00434244 0.00243232 0.00111011 0.000394146 0.000109879 2.50827e-05 4.85887e-06 8.06692e-07 1.11864e-07 1.18016e-08 6.79931e-10 0 
0 0.000415464 0.00256686 0.00668039 0.0123629 0.0193944 0.0274465 0.0360776 0.0447841 0.0530481 0.0604 0.0664754 0.0709612 0.0735392 0.0740347 0.072497 0.0691763 0.0644736 0.0587778 0.0524106 0.0456888 0.0389285 0.032408 0.0263453 0.0208919 0.0161333 0.0120943 0.00874502 0.00600954 0.00379933 0.00208758 0.00093294 0.000327053 9.12244e-05 2.10614e-05 4.15139e-06 7.03111e-07 9.95187e-08 1.07108e-08 6.28786e-10 0 
0 0.000324151 0.0021191 0.00571249 0.0106919 0.0168347 0.0238638 0.0313974 0.0389966 0.0462073 0.0526017 0.0578208 0.0615964 0.0637385 0.06415 0.0628788 0.0601176 0.0561361 0.0512256 0.0456888 0.0398321 0.0339414 0.0282606 0.0229793 0.0182289 0.0140824 0.0105589 0.00762869 0.00522502 0.00328046 0.0017875 0.000796409 0.000281484 8.00033e-05 1.89271e-05 3.82695e-06 6.63889e-07 9.59968e-08 1.05235e-08 6.27364e-10 0 
0 0.000239162 0.00166906 0.00472294 0.00900143 0.0142561 0.0202589 0.0266901 0.0331767 0.0393316 0.0447881 0.0492314 0.0524236 0.0542175 0.0545621 0.0535066 0.0511907 0.0478205 0.0436438 0.0389285 0.0339414 0.0289275 0.0240949 0.019605 0.0155692 0.0120489 0.00905854 0.00657042 0.0045272 0.00287296 0.00159678 0.00073374 0.000269259 7.93728e-05 1.93552e-05 4.00398e-06 7.05995e-07 1.0321e-07 1.13912e-08 6.81482e-10 0 
0 0.000165775 0.00124264 0.00374871 0.00735395 0.0117612 0.0167788 0.0221492 0.0275644 0.0327022 0.0372571 0.0409659 0.0436292 0.0451248 0.0454141 0.0445391 0.042614 0.0398091 0.036332 0.032408 0.0282606 0.0240949 0.0200851 0.0163669 0.0130365 0.0101532 0.00773548 0.00574381 0.00409099 0.00270613 0.00158431 0.000772999 0.000299536 9.16056e-05 2.27467e-05 4.72874e-06 8.31342e-07 1.20651e-07 1.31881e-08 7.80423e-10 0 
0 0.000107191 0.000864739 0.00282498 0.00579495 0.00942667 0.0135364 0.0179248 0.0223465 0.0265405 0.0302584 0.0332858 0.0354602 0.0366823 0.0369207 0.0362101 0.0346441 0.0323619 0.0295341 0.0263453 0.0229793 0.019605 0.0163669 0.013384 0.0107667 0.00863787 0.00706323 0.0058646 0.0046522 0.00326378 0.00194574 0.000965832 0.000383102 0.000118248 2.90836e-05 5.92824e-06 1.01864e-06 1.44452e-07 1.54425e-08 8.94942e-10 0 
0 6.42006e-05 0.000555526 0.00198972 0.00435619 0.00729967 0.0106065 0.0141193 0.0176517 0.0209998 0.0239669 0.0263829 0.0281185 0.0290948 0.0292872 0.0287237 0.0274793 0.0256659 0.0234204 0.0208919 0.0182289 0.0155692 0.0130365 0.0107667 0.00901691 0.00828336 0.00892698 0.0100773 0.00970128 0.00707261 0.00382856 0.00162257 0.000570858 0.000163781 3.79664e-05 7.363e-06 1.21626e-06 1.66987e-07 1.73594e-08 9.81511e-10 0 
0 3.53889e-05 0.000325509 0.00128445 0.00306735 0.00540081 0.00802349 0.0107864 0.0135513 0.0161665 0.018482 0.0203669 0.0217211 0.0224838 0.0226359 0.0221999 0.0212345 0.019828 0.0180881 0.0161333 0.0140824 0.0120489 0.0101532 0.00863787 0.00828336 0.0109144 0.0179695 0.0263192 0.0290177 0.0206614 0.0104567 0.00373996 0.00103716 0.000244139 4.91561e-05 8.66076e-06 1.34948e-06 1.78497e-07 1.80407e-08 9.96285e-10 0 
0 1.78604e-05 0.000172249 0.000744555 0.00197097 0.00374015 0.00578633 0.00793193 0.010061 0.0120645 0.0138338 0.0152724 0.0163059 0.0168886 0.0170068 0.0166778 0.015947 0.0148823 0.0135672 0.0120943 0.0105589 0.00905854 0.00773548 0.00706323 0.00892698 0.0179695 0.0379655 0.0688125 0.0767264 0.0528145 0.0243381 0.0081893 0.00195939 0.000373462 6.1758e-05 9.39893e-06 1.34926e-06 1.71359e-07 1.68968e-08 9.15582e-10 0 
0 8.22412e-06 8.18056e-05 0.000381128 0.00112125 0.00234682 0.00388059 0.00552312 0.00714605 0.00866077 0.00999072 0.0110686 0.0118419 0.0122785 0.012369 0.0121271 0.0115867 0.0107991 0.00982792 0.00874502 0.00762869 0.00657042 0.00574381 0.0058646 0.0100773 0.0263192 0.0688125 0.0876168 0.0898571 0.082796 0.0440777 0.0131968 0.00298718 0.000502463 7.01653e-05 9.10686e-06 1.1873e-06 1.44798e-07 1.4019e-08 7.50618e-10 0 
0 3.4492e-06 3.4802e-05 0.000170792 0.000550426 0.00128194 0.00232351 0.00352373 0.00473967 0.00587575 0.0068676 0.00766714 0.00823911 0.00856242 0.00863175 0.00845773 0.00806565 0.00749331 0.00678878 0.00600954 0.00522502 0.0045272 0.00409099 0.0046522 0.00970128 0.0290177 0.0767264 0.0898571 0.091545 0.0857448 0.0527823 0.0145487 0.00323444 0.000515309 6.49785e-05 7.47153e-06 8.97151e-07 1.06107e-07 1.01858e-08 5.43622e-10 0 
0 1.31729e-06 1.3285e-05 6.7037e-05 0.00023045 0.000589622 0.00118239 0.0019555 0.00280301 0.0036259 0.00435433 0.00494327 0.00536473 0.0056039 0.00565788 0.00553504 0.00525423 0.00484397 0.00434244 0.00379933 0.00328046 0.00287296 0.00270613 0.00326378 0.00707261 0.0206614 0.0528145 0.082796 0.0857448 0.0738112 0.0331928 0.0107753 0.00238963 0.000374942 4.52667e-05 4.91323e-06 5.68345e-07 6.67253e-08 6.43551e-09 3.45705e-10 0 
0 4.58442e-07 4.56784e-06 2.32142e-05 8.26587e-05 0.000225742 0.000493407 0.000893198 0.00138689 0.00191015 0.00240007 0.00280937 0.00310795 0.00328014 0.00332187 0.00323893 0.00304596 0.00276623 0.00243232 0.00208758 0.0017875 0.00159678 0.00158431 0.00194574 0.00382856 0.0104567 0.0243381 0.0440777 0.0527823 0.0331928 0.0161909 0.00534002 0.0011945 0.000188968 2.2866e-05 2.51244e-06 2.97952e-07 3.58389e-08 3.52461e-09 1.92441e-10 0 
0 1.45509e-07 1.42063e-06 7.16107e-06 2.57723e-05 7.28005e-05 0.000168232 0.000326659 0.000545929 0.000804249 0.00106802 0.0013031 0.00148257 0.00158969 0.00161785 0.00156963 0.00145579 0.00129441 0.00111011 0.00093294 0.000796409 0.00073374 0.000772999 0.000965832 0.00162257 0.00373996 0.0081893 0.0131968 0.0145487 0.0107753 0.00534002 0.00177951 0.000406462 6.61229e-05 8.40391e-06 1.00626e-06 1.29979e-07 1.6474e-08 1.67341e-09 9.3681e-11 0 
0 4.21272e-08 4.00872e-07 1.98442e-06 7.09765e-06 2.02322e-05 4.79643e-05 9.69265e-05 0.000170129 0.000263842 0.000367418 0.00046623 0.000545833 0.00059537 0.000609419 0.000588449 0.000538333 0.000469247 0.000394146 0.000327053 0.000281484 0.000269259 0.000299536 0.000383102 0.000570858 0.00103716 0.00195939 0.00298718 0.00323444 0.00238963 0.0011945 0.000406462 9.5995e-05 1.65442e-05 2.35214e-06 3.2944e-07 4.81371e-08 6.52176e-09 6.90044e-10 3.98861e-11 0 
0 1.11076e-08 1.02707e-07 4.96402e-07 1.74664e-06 4.9459e-06 1.17749e-05 2.41477e-05 4.33762e-05 6.91819e-05 9.91659e-05 0.000129156 0.000154317 0.000170518 0.000175411 0.000168941 0.000153238 0.000132045 0.000109879 9.12244e-05 8.00033e-05 7.93728e-05 9.16056e-05 0.000118248 0.000163781 0.000244139 0.000373462 0.000502463 0.000515309 0.000374942 0.000188968 6.61229e-05 1.65442e-05 3.19949e-06 5.48427e-07 9.33524e-08 1.54448e-08 2.23705e-09 2.47577e-10 1.48508e-11 0 
0 2.65475e-09 2.38196e-08 1.12071e-07 3.85822e-07 1.07584e-06 2.54038e-06 5.20429e-06 9.3972e-06 1.51352e-05 2.19609e-05 2.89568e-05 3.49629e-05 3.89164e-05 4.0173e-05 3.86876e-05 3.50056e-05 3.00918e-05 2.50827e-05 2.10614e-05 1.89271e-05 1.93552e-05 2.27467e-05 2.90836e-05 3.79664e-05 4.91561e-05 6.1758e-05 7.01653e-05 6.49785e-05 4.52667e-05 2.2866e-05 8.40391e-06 2.35214e-06 5.48427e-07 1.17311e-07 2.37062e-08 4.32974e-09 6.66192e-10 7.72463e-11 4.8246e-12 0 
0 5.69275e-10 4.95515e-09 2.26708e-08 7.6174e-08 2.08266e-07 4.8466e-07 9.83567e-07 1.76761e-06 2.84441e-06 4.1347e-06 5.46984e-06 6.62848e-06 7.4014e-06 7.65797e-06 7.38668e-06 6.69567e-06 5.77778e-06 4.85887e-06 4.15139e-06 3.82695e-06 4.00398e-06 4.72874e-06 5.92824e-06 7.363e-06 8.66076e-06 9.39893e-06 9.10686e-06 7.47153e-06 4.91323e-06 2.51244e-06 1.00626e-06 3.2944e-07 9.33524e-08 2.37062e-08 5.3713e-09 1.05514e-09 1.71467e-10 2.08399e-11 1.35778e-12 0 
0 1.07275e-10 9.06333e-10 4.03255e-09 1.32148e-08 3.5365e-08 8.08757e-08 1.61943e-07 2.88256e-07 4.60966e-07 6.67711e-07 8.82007e-07 1.06875e-06 1.19442e-06 1.23783e-06 1.19702e-06 1.0896e-06 9.47133e-07 8.06692e-07 7.03111e-07 6.63889e-07 7.05995e-07 8.31342e-07 1.01864e-06 1.21626e-06 1.34948e-06 1.34926e-06 1.1873e-06 8.97151e-07 5.68345e-07 2.97952e-07 1.29979e-07 4.81371e-08 1.54448e-08 4.32974e-09 1.05514e-09 2.19649e-10 3.75618e-11 4.78324e-12 3.25301e-13 0 
0 1.70122e-11 1.39655e-10 6.04752e-10 1.93351e-09 5.06342e-09 1.13686e-08 2.24256e-08 3.94528e-08 6.2546e-08 9.00541e-08 1.18509e-07 1.43332e-07 1.60145e-07 1.66183e-07 1.61199e-07 1.47541e-07 1.29433e-07 1.11864e-07 9.95187e-08 9.59968e-08 1.0321e-07 1.20651e-07 1.44452e-07 1.66987e-07 1.78497e-07 1.71359e-07 1.44798e-07 1.06107e-07 6.67253e-08 3.58389e-08 1.6474e-08 6.52176e-09 2.23705e-09 6.66192e-10 1.71467e-10 3.75618e-11 6.74087e-12 8.98351e-13 6.37507e-14 0 
0 2.04877e-12 1.63636e-11 6.90497e-11 2.15589e-10 5.52778e-10 1.21867e-09 2.36744e-09 4.1138e-09 6.4595e-09 9.23517e-09 1.20958e-08 1.45905e-08 1.62901e-08 1.69245e-08 1.64727e-08 1.51712e-08 1.34459e-08 1.18016e-08 1.07108e-08 1.05235e-08 1.13912e-08 1.31881e-08 1.54425e-08 1.73594e-08 1.80407e-08 1.68968e-08 1.4019e-08 1.01858e-08 6.43551e-09 3.52461e-09 1.67341e-09 6.90044e-10 2.47577e-10 7.72463e-11 2.08399e-11 4.78324e-12 8.98351e-13 1.25069e-13 9.25124e-15 0 
0 1.33835e-13 1.04161e-12 4.28924e-12 1.30946e-11 3.29059e-11 7.1281e-11 1.36423e-10 2.34164e-10 3.64131e-10 5.16813e-10 6.73492e-10 8.10015e-10 9.03565e-10 9.399e-10 9.18135e-10 8.51277e-10 7.62654e-10 6.79931e-10 6.28786e-10 6.27364e-10 6.81482e-10 7.80423e-10 8.94942e-10 9.81511e-10 9.96285e-10 9.15582e-10 7.50618e-10 5.43622e-10 3.45705e-10 1.92441e-10 9.3681e-11 3.98861e-11 1.48508e-11 4.8246e-12 1.35778e-12 3.25301e-13 6.37507e-14 9.25124e-15 7.12173e-16 0 
0 0 0 0 0 0 0 0 0 0 0 0 0 0 0 0 0 0 0 0 0 0 0 0 0 0 0 0 0 0 0 0 0 0 0 0 0 0 0 0 0 
