0 0 0 0 0 0 0 0 0 0 0 0 0 0 0 0 0 0 0 0 0 0 0 0 0 0 0 0 0 0 0 0 0 0 0 0 0 0 0 0 0 
0 7.11756e-08 6.52518e-07 3.04279e-06 1.00251e-05 2.58414e-05 5.47992e-05 9.89465e-05 0.000156442 0.000221747 0.000287256 0.000345226 0.000389225 0.000414933 0.000420405 0.000406 0.000374097 0.000328668 0.000274744 0.000217778 0.000162946 0.000114469 7.50583e-05 4.56697e-05 2.56485e-05 1.32385e-05 6.26195e-06 2.71063e-06 1.07369e-06 3.89466e-07 1.29512e-07 3.95131e-08 1.10582e-08 2.833e-09 6.60923e-10 1.38898e-10 2.57406e-11 4.02625e-12 4.79415e-13 3.10269e-14 0 
0 6.52518e-07 6.20965e-06 2.95785e-05 9.71536e-05 0.000242966 0.000488589 0.000825703 0.00121901 0.00162294 0.00199573 0.00230526 0.00252975 0.00265679 0.00268226 0.00260935 0.00244752 0.00221141 0.00191974 0.00159429 0.00125879 0.000937358 0.000652036 0.00041936 0.000246945 0.000132095 6.38749e-05 2.78805e-05 1.10008e-05 3.93651e-06 1.28228e-06 3.81428e-07 1.03787e-07 2.58164e-08 5.84568e-09 1.1928e-09 2.14808e-10 3.26886e-11 3.79195e-12 2.39428e-13 0 
0 3.04279e-06 2.95785e-05 0.000139754 0.000437659 0.00100731 0.00183286 0.00281339 0.00383508 0.00480839 0.00566764 0.00636391 0.00686216 0.00714138 0.00719515 0.0070312 0.00666973 0.00614071 0.00548057 0.00472908 0.00392698 0.00311526 0.00233589 0.00163226 0.00104542 0.000603662 0.000310275 0.000141088 5.68192e-05 2.03925e-05 6.57644e-06 1.92009e-06 5.10145e-07 1.23564e-07 2.72138e-08 5.40076e-09 9.4654e-10 1.40329e-10 1.58796e-11 9.79494e-13 0 
0 1.00251e-05 9.71536e-05 0.000437659 0.00124701 0.00255728 0.0041977 0.00597858 0.00776389 0.00944721 0.010934 0.0121421 0.0130086 0.0134941 0.013586 0.0132977 0.0126655 0.0117435 0.0105978 0.00929895 0.00791632 0.00651243 0.00514106 0.00384971 0.00268696 0.00170804 0.000964438 0.000474293 0.000201575 7.44088e-05 2.41628e-05 6.99955e-06 1.82852e-06 4.33293e-07 9.3137e-08 1.80257e-08 3.08152e-09 4.45968e-10 4.93198e-11 2.97696e-12 0 
0 2.58414e-05 0.000242966 0.00100731 0.00255728 0.00473263 0.00726159 0.00995662 0.0126645 0.0152309 0.0175059 0.0193586 0.0206885 0.0214337 0.0215739 0.0211295 0.020157 0.0187409 0.0169845 0.0149991 0.0128946 0.0107702 0.00870798 0.00676958 0.00499897 0.00343591 0.00213425 0.00115842 0.000535339 0.000209136 6.98709e-05 2.03713e-05 5.28058e-06 1.23167e-06 2.59529e-07 4.91524e-08 8.21949e-09 1.16411e-09 1.26096e-10 7.46325e-12 0 
0 5.47992e-05 0.000488589 0.00183286 0.0041977 0.00726159 0.0107637 0.0145097 0.0182899 0.021881 0.0250682 0.0276652 0.02953 0.0305749 0.0307711 0.0301473 0.028783 0.0267972 0.0243358 0.0215563 0.0186145 0.0156528 0.0127902 0.0101165 0.00768961 0.00554034 0.00369254 0.00219416 0.00111508 0.000471245 0.000165504 4.93458e-05 1.28268e-05 2.96547e-06 6.15586e-07 1.14529e-07 1.87947e-08 2.6122e-09 2.77834e-10 1.61611e-11 0 
0 9.89465e-05 0.000825703 0.00281339 0.00597858 0.00995662 0.0145097 0.0193972 0.0243377 0.0290345 0.0332047 0.0366035 0.0390444 0.0404123 0.0406694 0.0398532 0.0380677 0.0354692 0.032249 0.0286141 0.0247694 0.0209024 0.0171715 0.013698 0.0105621 0.00780293 0.00542855 0.00344683 0.00190739 0.000878141 0.000329217 0.000101846 2.68275e-05 6.19175e-06 1.27273e-06 2.33541e-07 3.77368e-08 5.1622e-09 5.40546e-10 3.09757e-11 0 
0 0.000156442 0.00121901 0.00383508 0.00776389 0.0126645 0.0182899 0.0243377 0.0304544 0.0362712 0.0414367 0.0456475 0.0486724 0.0503686 0.0506882 0.0496777 0.0474663 0.0442483 0.0402606 0.0357598 0.0310006 0.0262161 0.0216035 0.0173153 0.0134544 0.0100738 0.00718121 0.00475818 0.00280911 0.00139809 0.000562338 0.000182284 4.90849e-05 1.13824e-05 2.32789e-06 4.22927e-07 6.75122e-08 9.11664e-09 9.42362e-10 5.33304e-11 0 
0 0.000221747 0.00162294 0.00480839 0.00944721 0.0152309 0.021881 0.0290345 0.0362712 0.043154 0.0492672 0.0542526 0.0578381 0.0598525 0.0602342 0.0590362 0.0564158 0.0526063 0.0478879 0.0425634 0.0369338 0.0312754 0.0258226 0.0207567 0.0162018 0.0122241 0.00883637 0.00600904 0.00370918 0.00196484 0.000843826 0.000287546 7.95864e-05 1.86339e-05 3.80699e-06 6.87159e-07 1.08702e-07 1.45315e-08 1.4867e-09 8.32947e-11 0 
0 0.000287256 0.00199573 0.00566764 0.010934 0.0175059 0.0250682 0.0332047 0.0414367 0.0492672 0.0562248 0.0619057 0.0660001 0.068305 0.0687444 0.0673779 0.0643866 0.0600437 0.0546726 0.0486155 0.0422122 0.0357768 0.0295763 0.023818 0.0186441 0.0141323 0.0103007 0.00711592 0.00452201 0.00250737 0.00113722 0.000406128 0.000115703 2.74272e-05 5.61408e-06 1.00965e-06 1.58715e-07 2.10607e-08 2.1381e-09 1.18879e-10 0 
0 0.000345226 0.00230526 0.00636391 0.0121421 0.0193586 0.0276652 0.0366035 0.0456475 0.0542526 0.0619057 0.0681612 0.0726595 0.0751769 0.0756585 0.0741767 0.0709049 0.0661298 0.0602201 0.053562 0.0465268 0.0394571 0.032646 0.0263217 0.0206413 0.0156918 0.0114952 0.00801739 0.00518937 0.00296885 0.00140333 0.000521199 0.000152468 3.66081e-05 7.52006e-06 1.35047e-06 2.11473e-07 2.79231e-08 2.81981e-09 1.55959e-10 0 
0 0.000389225 0.00252975 0.00686216 0.0130086 0.0206885 0.02953 0.0390444 0.0486724 0.0578381 0.0660001 0.0726595 0.077398 0.0800109 0.0805111 0.07899 0.075577 0.0705233 0.0642279 0.0571328 0.0496416 0.0421152 0.0348642 0.0281319 0.0220861 0.0168202 0.0123594 0.00866932 0.00567401 0.00331135 0.00161007 0.000615558 0.000183906 4.4653e-05 9.21029e-06 1.65426e-06 2.58584e-07 3.40544e-08 3.42899e-09 1.89105e-10 0 
0 0.000414933 0.00265679 0.00714138 0.0134941 0.0214337 0.0305749 0.0404123 0.0503686 0.0598525 0.068305 0.0751769 0.0800109 0.0826437 0.0831496 0.081632 0.0781827 0.0730048 0.0665011 0.0591585 0.0514099 0.0436264 0.0361275 0.0291648 0.0229122 0.0174671 0.0128563 0.00904549 0.00595564 0.00351409 0.00173686 0.000675972 0.00020478 5.01279e-05 1.03789e-05 1.86664e-06 2.91824e-07 3.84185e-08 3.86664e-09 2.13166e-10 0 
0 0.000420405 0.00268226 0.00719515 0.013586 0.0215739 0.0307711 0.0406694 0.0506882 0.0602342 0.0687444 0.0756585 0.0805111 0.0831496 0.0836603 0.0821494 0.078701 0.0735067 0.0669672 0.0595789 0.0517816 0.0439487 0.0364012 0.0293926 0.0230982 0.0176164 0.0129746 0.00913872 0.0060293 0.00357086 0.00177521 0.000695677 0.000212049 5.21431e-05 1.08306e-05 1.95267e-06 3.05934e-07 4.03629e-08 4.07176e-09 2.25059e-10 0 
0 0.000406 0.00260935 0.0070312 0.0132977 0.0211295 0.0301473 0.0398532 0.0496777 0.0590362 0.0673779 0.0741767 0.07899 0.081632 0.0821494 0.0806412 0.0772149 0.0720947 0.0656821 0.0584445 0.0508018 0.0431209 0.0357182 0.0288427 0.0226665 0.0172863 0.012729 0.00896101 0.00590451 0.00348818 0.001728 0.000675129 0.000205595 5.06264e-05 1.05477e-05 1.90942e-06 3.00588e-07 3.98702e-08 4.04583e-09 2.25071e-10 0 
0 0.000374097 0.00244752 0.00666973 0.0126655 0.020157 0.028783 0.0380677 0.0474663 0.0564158 0.0643866 0.0709049 0.075577 0.0781827 0.078701 0.0772149 0.0738737 0.0689458 0.0628178 0.0559061 0.0486002 0.0412536 0.0341713 0.0275915 0.021679 0.0165261 0.0121581 0.00854208 0.00560432 0.00328412 0.00160828 0.000621517 0.000188152 4.6333e-05 9.69591e-06 1.76777e-06 2.80754e-07 3.76142e-08 3.85899e-09 2.17218e-10 0 
0 0.000328668 0.00221141 0.00614071 0.0117435 0.0187409 0.0267972 0.0354692 0.0442483 0.0526063 0.0600437 0.0661298 0.0705233 0.0730048 0.0735067 0.0720947 0.0689458 0.0643419 0.0586337 0.0521903 0.0453726 0.0385142 0.0319007 0.0257543 0.0202289 0.0154099 0.0113201 0.00792718 0.00516446 0.00298795 0.00143829 0.000547474 0.000164613 4.0632e-05 8.57925e-06 1.5846e-06 2.55577e-07 3.48284e-08 3.63816e-09 2.08634e-10 0 
0 0.000274744 0.00191974 0.00548057 0.0105978 0.0169845 0.0243358 0.032249 0.0402606 0.0478879 0.0546726 0.0602201 0.0642279 0.0665011 0.0669672 0.0656821 0.0628178 0.0586337 0.0534409 0.0475723 0.0413593 0.035108 0.0290784 0.023473 0.0184313 0.01403 0.0102881 0.00717465 0.00463304 0.00264039 0.00124831 0.000469306 0.000141042 3.51966e-05 7.57085e-06 1.43064e-06 2.36568e-07 3.30762e-08 3.54423e-09 2.08297e-10 0 
0 0.000217778 0.00159429 0.00472908 0.00929895 0.0149991 0.0215563 0.0286141 0.0357598 0.0425634 0.0486155 0.053562 0.0571328 0.0591585 0.0595789 0.0584445 0.0559061 0.0521903 0.0475723 0.0423503 0.0368212 0.0312578 0.0258916 0.0209021 0.0164124 0.0124888 0.00914575 0.00635445 0.00407162 0.00229435 0.00107516 0.000405127 0.000123801 3.17565e-05 7.0596e-06 1.38051e-06 2.35965e-07 3.40154e-08 3.74548e-09 2.25366e-10 0 
0 0.000162946 0.00125879 0.00392698 0.00791632 0.0128946 0.0186145 0.0247694 0.0310006 0.0369338 0.0422122 0.0465268 0.0496416 0.0514099 0.0517816 0.0508018 0.0486002 0.0453726 0.0413593 0.0368212 0.0320173 0.0271852 0.0225262 0.0181957 0.0142991 0.0108917 0.00798298 0.00554827 0.00355701 0.00201451 0.000959935 0.000373532 0.000119202 3.20263e-05 7.43256e-06 1.50789e-06 2.6552e-07 3.91671e-08 4.3866e-09 2.67071e-10 0 
0 0.000114469 0.000937358 0.00311526 0.00651243 0.0107702 0.0156528 0.0209024 0.0262161 0.0312754 0.0357768 0.0394571 0.0421152 0.0436264 0.0439487 0.0431209 0.0412536 0.0385142 0.035108 0.0312578 0.0271852 0.0230929 0.0191526 0.0154956 0.0122102 0.00934144 0.00689621 0.00485298 0.00318177 0.00187273 0.000944516 0.000393131 0.000133726 3.77816e-05 9.07623e-06 1.88056e-06 3.34788e-07 4.95675e-08 5.54355e-09 3.35837e-10 0 
0 7.50583e-05 0.000652036 0.00233589 0.00514106 0.00870798 0.0127902 0.0171715 0.0216035 0.0258226 0.0295763 0.032646 0.0348642 0.0361275 0.0364012 0.0357182 0.0341713 0.0319007 0.0290784 0.0258916 0.0225262 0.0191526 0.0159145 0.0129225 0.0102521 0.00794688 0.00601519 0.00441724 0.00307913 0.0019562 0.00107416 0.000484382 0.000174709 5.09037e-05 1.23336e-05 2.54265e-06 4.47089e-07 6.51382e-08 7.15686e-09 4.25737e-10 0 
0 4.56697e-05 0.00041936 0.00163226 0.00384971 0.00676958 0.0101165 0.013698 0.0173153 0.0207567 0.023818 0.0263217 0.0281319 0.0291648 0.0293926 0.0288427 0.0275915 0.0257543 0.023473 0.0209021 0.0181957 0.0154956 0.0129225 0.0105744 0.00853871 0.00690575 0.00570899 0.00478202 0.00379729 0.00263044 0.00151175 0.00070121 0.000256038 7.37779e-05 1.73967e-05 3.47452e-06 5.92339e-07 8.38202e-08 8.96217e-09 5.19879e-10 0 
0 2.56485e-05 0.000246945 0.00104542 0.00268696 0.00499897 0.00768961 0.0105621 0.0134544 0.0162018 0.0186441 0.0206413 0.0220861 0.0229122 0.0230982 0.0226665 0.021679 0.0202289 0.0184313 0.0164124 0.0142991 0.0122102 0.0102521 0.00853871 0.00727096 0.00682817 0.00748641 0.00851865 0.00821934 0.00598401 0.0032119 0.00131832 0.00043048 0.000112694 2.43855e-05 4.55633e-06 7.40694e-07 1.01071e-07 1.04813e-08 5.9194e-10 0 
0 1.32385e-05 0.000132095 0.000603662 0.00170804 0.00343591 0.00554034 0.00780293 0.0100738 0.0122241 0.0141323 0.0156918 0.0168202 0.0174671 0.0176164 0.0172863 0.0165261 0.0154099 0.01403 0.0124888 0.0108917 0.00934144 0.00794688 0.00690575 0.00682817 0.00920392 0.0152728 0.0223101 0.0238442 0.0175978 0.00889738 0.00316364 0.00084905 0.00018396 3.37373e-05 5.58684e-06 8.46277e-07 1.10786e-07 1.11523e-08 6.14593e-10 0 
0 6.26195e-06 6.38749e-05 0.000310275 0.000964438 0.00213425 0.00369254 0.00542855 0.00718121 0.00883637 0.0103007 0.0114952 0.0123594 0.0128563 0.0129746 0.012729 0.0121581 0.0113201 0.0102881 0.00914575 0.00798298 0.00689621 0.00601519 0.00570899 0.00748641 0.0152728 0.0321989 0.0527945 0.0600884 0.0418566 0.0207397 0.00697118 0.00165222 0.00029962 4.51339e-05 6.30658e-06 8.64869e-07 1.0806e-07 1.05978e-08 5.7281e-10 0 
0 2.71063e-06 2.78805e-05 0.000141088 0.000474293 0.00115842 0.00219416 0.00344683 0.00475818 0.00600904 0.00711592 0.00801739 0.00866932 0.00904549 0.00913872 0.00896101 0.00854208 0.00792718 0.00717465 0.00635445 0.00554827 0.00485298 0.00441724 0.00478202 0.00851865 0.0223101 0.0527945 0.0830479 0.0875737 0.0712046 0.0341445 0.0112443 0.00253661 0.000415018 5.369e-05 6.33545e-06 7.7512e-07 9.22979e-08 8.87427e-09 4.73862e-10 0 
0 1.07369e-06 1.10008e-05 5.68192e-05 0.000201575 0.000535339 0.00111508 0.00190739 0.00280911 0.00370918 0.00452201 0.00518937 0.00567401 0.00595564 0.0060293 0.00590451 0.00560432 0.00516446 0.00463304 0.00407162 0.00355701 0.00318177 0.00307913 0.00379729 0.00821934 0.0238442 0.0600884 0.0875737 0.0908842 0.0791862 0.0385259 0.0123982 0.00275055 0.00042982 5.09432e-05 5.33337e-06 5.9392e-07 6.81284e-08 6.48635e-09 3.45227e-10 0 
0 3.89466e-07 3.93651e-06 2.03925e-05 7.44088e-05 0.000209136 0.000471245 0.000878141 0.00139809 0.00196484 0.00250737 0.00296885 0.00331135 0.00351409 0.00357086 0.00348818 0.00328412 0.00298795 0.00264039 0.00229435 0.00201451 0.00187273 0.0019562 0.00263044 0.00598401 0.0175978 0.0418566 0.0712046 0.0791862 0.0574953 0.0279389 0.00918215 0.00203127 0.000312784 3.57259e-05 3.54482e-06 3.78834e-07 4.30193e-08 4.11368e-09 2.20409e-10 0 
0 1.29512e-07 1.28228e-06 6.57644e-06 2.41628e-05 6.98709e-05 0.000165504 0.000329217 0.000562338 0.000843826 0.00113722 0.00140333 0.00161007 0.00173686 0.00177521 0.001728 0.00160828 0.00143829 0.00124831 0.00107516 0.000959935 0.000944516 0.00107416 0.00151175 0.0032119 0.00889738 0.0207397 0.0341445 0.0385259 0.0279389 0.0137992 0.00454857 0.00101247 0.000156494 1.79112e-05 1.80312e-06 1.9829e-07 2.31347e-08 2.25812e-09 1.23019e-10 0 
0 3.95131e-08 3.81428e-07 1.92009e-06 6.99955e-06 2.03713e-05 4.93458e-05 0.000101846 0.000182284 0.000287546 0.000406128 0.000521199 0.000615558 0.000675972 0.000695677 0.000675129 0.000621517 0.000547474 0.000469306 0.000405127 0.000373532 0.000393131 0.000484382 0.00070121 0.00131832 0.00316364 0.00697118 0.0112443 0.0123982 0.00918215 0.00454857 0.00151202 0.000341478 5.38542e-05 6.44022e-06 7.07915e-07 8.57911e-08 1.06263e-08 1.0735e-09 5.99927e-11 0 
0 1.10582e-08 1.03787e-07 5.10145e-07 1.82852e-06 5.28058e-06 1.28268e-05 2.68275e-05 4.90849e-05 7.95864e-05 0.000115703 0.000152468 0.000183906 0.00020478 0.000212049 0.000205595 0.000188152 0.000164613 0.000141042 0.000123801 0.000119202 0.000133726 0.000174709 0.000256038 0.00043048 0.00084905 0.00165222 0.00253661 0.00275055 0.00203127 0.00101247 0.000341478 7.8974e-05 1.30634e-05 1.73457e-06 2.24986e-07 3.14395e-08 4.20083e-09 4.42989e-10 2.55735e-11 0 
0 2.833e-09 2.58164e-08 1.23564e-07 4.33293e-07 1.23167e-06 2.96547e-06 6.19175e-06 1.13824e-05 1.86339e-05 2.74272e-05 3.66081e-05 4.4653e-05 5.01279e-05 5.21431e-05 5.06264e-05 4.6333e-05 4.0632e-05 3.51966e-05 3.17565e-05 3.20263e-05 3.77816e-05 5.09037e-05 7.37779e-05 0.000112694 0.00018396 0.00029962 0.000415018 0.00042982 0.000312784 0.000156494 5.38542e-05 1.30634e-05 2.39861e-06 3.8412e-07 6.19209e-08 1.00035e-08 1.43936e-09 1.59009e-10 9.52946e-12 0 
0 6.60923e-10 5.84568e-09 2.72138e-08 9.3137e-08 2.59529e-07 6.15586e-07 1.27273e-06 2.32789e-06 3.80699e-06 5.61408e-06 7.52006e-06 9.21029e-06 1.03789e-05 1.08306e-05 1.05477e-05 9.69591e-06 8.57925e-06 7.57085e-06 7.0596e-06 7.43256e-06 9.07623e-06 1.23336e-05 1.73967e-05 2.43855e-05 3.37373e-05 4.51339e-05 5.369e-05 5.09432e-05 3.57259e-05 1.79112e-05 6.44022e-06 1.73457e-06 3.8412e-07 7.83812e-08 1.54275e-08 2.79155e-09 4.28402e-10 4.96265e-11 3.0975e-12 0 
0 1.38898e-10 1.1928e-09 5.40076e-09 1.80257e-08 4.91524e-08 1.14529e-07 2.33541e-07 4.22927e-07 6.87159e-07 1.00965e-06 1.35047e-06 1.65426e-06 1.86664e-06 1.95267e-06 1.90942e-06 1.76777e-06 1.5846e-06 1.43064e-06 1.38051e-06 1.50789e-06 1.88056e-06 2.54265e-06 3.47452e-06 4.55633e-06 5.58684e-06 6.30658e-06 6.33545e-06 5.33337e-06 3.54482e-06 1.80312e-06 7.07915e-07 2.24986e-07 6.19209e-08 1.54275e-08 3.46624e-09 6.7901e-10 1.10238e-10 1.33907e-11 8.72015e-13 0 
0 2.57406e-11 2.14808e-10 9.4654e-10 3.08152e-09 8.21949e-09 1.87947e-08 3.77368e-08 6.75122e-08 1.08702e-07 1.58715e-07 2.11473e-07 2.58584e-07 2.91824e-07 3.05934e-07 3.00588e-07 2.80754e-07 2.55577e-07 2.36568e-07 2.35965e-07 2.6552e-07 3.34788e-07 4.47089e-07 5.92339e-07 7.40694e-07 8.46277e-07 8.64869e-07 7.7512e-07 5.9392e-07 3.78834e-07 1.9829e-07 8.57911e-08 3.14395e-08 1.00035e-08 2.79155e-09 6.7901e-10 1.41248e-10 2.41451e-11 3.07364e-12 2.08958e-13 0 
0 4.02625e-12 3.26886e-11 1.40329e-10 4.45968e-10 1.16411e-09 2.6122e-09 5.1622e-09 9.11664e-09 1.45315e-08 2.10607e-08 2.79231e-08 3.40544e-08 3.84185e-08 4.03629e-08 3.98702e-08 3.76142e-08 3.48284e-08 3.30762e-08 3.40154e-08 3.91671e-08 4.95675e-08 6.51382e-08 8.38202e-08 1.01071e-07 1.10786e-07 1.0806e-07 9.22979e-08 6.81284e-08 4.30193e-08 2.31347e-08 1.06263e-08 4.20083e-09 1.43936e-09 4.28402e-10 1.10238e-10 2.41451e-11 4.33236e-12 5.77248e-13 4.09534e-14 0 
0 4.79415e-13 3.79195e-12 1.58796e-11 4.93198e-11 1.26096e-10 2.77834e-10 5.40546e-10 9.42362e-10 1.4867e-09 2.1381e-09 2.81981e-09 3.42899e-09 3.86664e-09 4.07176e-09 4.04583e-09 3.85899e-09 3.63816e-09 3.54423e-09 3.74548e-09 4.3866e-09 5.54355e-09 7.15686e-09 8.96217e-09 1.04813e-08 1.11523e-08 1.05978e-08 8.87427e-09 6.48635e-09 4.11368e-09 2.25812e-09 1.0735e-09 4.42989e-10 1.59009e-10 4.96265e-11 1.33907e-11 3.07364e-12 5.77248e-13 8.03561e-14 5.94291e-15 0 
0 3.10269e-14 2.39428e-13 9.79494e-13 2.97696e-12 7.46325e-12 1.61611e-11 3.09757e-11 5.33304e-11 8.32947e-11 1.18879e-10 1.55959e-10 1.89105e-10 2.13166e-10 2.25059e-10 2.25071e-10 2.17218e-10 2.08634e-10 2.08297e-10 2.25366e-10 2.67071e-10 3.35837e-10 4.25737e-10 5.19879e-10 5.9194e-10 6.14593e-10 5.7281e-10 4.73862e-10 3.45227e-10 2.20409e-10 1.23019e-10 5.99927e-11 2.55735e-11 9.52946e-12 3.0975e-12 8.72015e-13 2.08958e-13 4.09534e-14 5.94291e-15 4.57458e-16 0 
0 0 0 0 0 0 0 0 0 0 0 0 0 0 0 0 0 0 0 0 0 0 0 0 0 0 0 0 0 0 0 0 0 0 0 0 0 0 0 0 0 
