0 0 0 0 0 0 0 0 0 0 0 0 0 0 0 0 0 0 0 0 0 0 0 0 0 0 0 0 0 0 0 0 0 0 0 0 0 0 0 0 0 
0 4.79735e-07 4.25144e-06 1.85461e-05 5.53028e-05 0.000125978 0.000233962 0.000371913 0.000525475 0.000678699 0.000817617 0.000931594 0.00101348 0.00105929 0.00106791 0.00104067 0.000981015 0.000894162 0.000786703 0.000666218 0.000540831 0.000418646 0.000307025 0.000211745 0.000136225 8.108e-05 4.43025e-05 2.2079e-05 9.98966e-06 4.09276e-06 1.51711e-06 5.08908e-07 1.54509e-07 4.24114e-08 1.0483e-08 2.31131e-09 4.45587e-10 7.19882e-11 8.80119e-12 5.82006e-13 0 
0 4.25144e-06 3.83789e-05 0.000163886 0.000456973 0.000941838 0.00156664 0.00225096 0.00292877 0.00355494 0.00409733 0.00453138 0.004839 0.0050094 0.00503986 0.00493572 0.00470945 0.00437906 0.00396598 0.0034931 0.00298321 0.00245846 0.00194087 0.00145325 0.00101908 0.000659692 0.000388511 0.000205563 9.68962e-05 4.05552e-05 1.50902e-05 5.01126e-06 1.49157e-06 3.98897e-07 9.57327e-08 2.04637e-08 3.82425e-09 5.99339e-10 7.11702e-11 4.57839e-12 0 
0 1.85461e-05 0.000163886 0.00064388 0.0015746 0.00283504 0.00424471 0.00569509 0.00711833 0.00844896 0.00961914 0.0105668 0.0112437 0.01162 0.0116866 0.011455 0.0109542 0.0102272 0.00932623 0.00830692 0.00722318 0.00612235 0.00504189 0.00400899 0.00304476 0.00217247 0.00142441 0.000837218 0.000431623 0.000192687 7.43782e-05 2.50066e-05 7.4008e-06 1.94518e-06 4.55744e-07 9.4794e-08 1.72184e-08 2.62336e-09 3.03149e-10 1.9005e-11 0 
0 5.53028e-05 0.000456973 0.0015746 0.0033511 0.00549196 0.00784443 0.0103169 0.0127915 0.0151305 0.017198 0.0188764 0.0200764 0.0207437 0.0208617 0.0204505 0.0195619 0.0182731 0.0166779 0.0148776 0.0129724 0.0110534 0.00919642 0.00745648 0.00586495 0.00443204 0.00316023 0.00206686 0.00119638 0.000592936 0.000247127 8.67992e-05 2.60903e-05 6.83008e-06 1.57544e-06 3.20649e-07 5.68394e-08 8.44579e-09 9.52306e-10 5.83195e-11 0 
0 0.000125978 0.000941838 0.00283504 0.00549196 0.00865058 0.0122016 0.0159847 0.0197891 0.0233902 0.0265751 0.029161 0.03101 0.0320383 0.0322201 0.0315862 0.0302167 0.0282308 0.0257731 0.0230001 0.0200671 0.0171163 0.0142684 0.0116166 0.00922235 0.0071122 0.00527907 0.00369753 0.00236041 0.00131077 0.000606669 0.000229713 7.18921e-05 1.90589e-05 4.37386e-06 8.77154e-07 1.52497e-07 2.21846e-08 2.4486e-09 1.4689e-10 0 
0 0.000233962 0.00156664 0.00424471 0.00784443 0.0122016 0.017157 0.022452 0.0277803 0.0328249 0.037287 0.0409105 0.0435039 0.0449503 0.0452068 0.0443136 0.0423904 0.0396066 0.0361631 0.0322785 0.02817 0.0240375 0.0200509 0.0163429 0.0130051 0.010087 0.00759458 0.00549249 0.00372408 0.002265 0.00116616 0.00048526 0.000161677 4.4154e-05 1.01969e-05 2.03019e-06 3.48032e-07 4.97764e-08 5.39666e-09 3.18081e-10 0 
0 0.000371913 0.00225096 0.00569509 0.0103169 0.0159847 0.022452 0.0293662 0.0363248 0.0429138 0.0487531 0.0536198 0.0575769 0.0602129 0.0607335 0.0590273 0.0557899 0.0518307 0.0472789 0.0422004 0.0368346 0.0314379 0.0262326 0.0213923 0.0170382 0.0132395 0.0100152 0.00733603 0.0051281 0.0033078 0.0018577 0.000850131 0.00030552 8.71778e-05 2.04747e-05 4.07656e-06 6.92721e-07 9.78085e-08 1.04527e-08 6.07156e-10 0 
0 0.000525475 0.00292877 0.00711833 0.0127915 0.0197891 0.0277803 0.0363248 0.0449252 0.0530991 0.0609457 0.0695637 0.0763965 0.0797735 0.0803696 0.0784707 0.0736218 0.0661434 0.0587527 0.0522051 0.0455564 0.0388868 0.0324543 0.0264737 0.0210951 0.0164051 0.0124324 0.00915222 0.00648872 0.00432829 0.0025841 0.00128295 0.000498046 0.000149705 3.60442e-05 7.22058e-06 1.22193e-06 1.70977e-07 1.80705e-08 1.03748e-09 0 
0 0.000678699 0.00355494 0.00844896 0.0151305 0.0233902 0.0328249 0.0429138 0.0530991 0.0636617 0.0764612 0.0847665 0.0886656 0.0904699 0.0908244 0.0898509 0.0873116 0.082276 0.0726791 0.0621082 0.0538368 0.0459408 0.0383459 0.0312852 0.0249359 0.0194008 0.0147153 0.0108563 0.00774724 0.00526228 0.00326794 0.00172685 0.000718314 0.000227717 5.64465e-05 1.14256e-05 1.93269e-06 2.68871e-07 2.81869e-08 1.60388e-09 0 
0 0.000817617 0.00409733 0.00961914 0.017198 0.0265751 0.037287 0.0487531 0.0609457 0.0764612 0.0868445 0.0917599 0.0944514 0.0957916 0.0960774 0.0953762 0.0935837 0.090336 0.0846153 0.0735279 0.0614762 0.0521933 0.0435581 0.0355417 0.0283334 0.0220503 0.0167331 0.0123583 0.00884695 0.00606773 0.00386038 0.00213194 0.000937807 0.000312024 7.96447e-05 1.63218e-05 2.76656e-06 3.83648e-07 3.99956e-08 2.26105e-09 0 
0 0.000931594 0.00453138 0.0105668 0.0188764 0.029161 0.0409105 0.0536198 0.0695637 0.0847665 0.0917599 0.0955956 0.0978359 0.0989876 0.0992459 0.0986596 0.0971649 0.0945443 0.090245 0.0826231 0.0691165 0.0573682 0.0477935 0.0389987 0.0310929 0.0242021 0.0183715 0.0135764 0.00973477 0.00671153 0.00433193 0.00246361 0.00112949 0.000390887 0.000102392 2.12398e-05 3.61198e-06 5.00217e-07 5.19664e-08 2.92497e-09 0 
0 0.00101348 0.004839 0.0112437 0.0200764 0.03101 0.0435039 0.0575769 0.0763965 0.0886656 0.0944514 0.0978359 0.0998692 0.100931 0.101177 0.100647 0.0992933 0.0969527 0.0932316 0.0870873 0.0754276 0.061381 0.0508317 0.041472 0.0330671 0.0257415 0.0195436 0.0144475 0.0103683 0.00716818 0.00466474 0.00270125 0.00127307 0.000453196 0.000121091 2.53722e-05 4.3295e-06 5.99514e-07 6.21703e-08 3.49051e-09 0 
0 0.00105929 0.0050094 0.01162 0.0207437 0.0320383 0.0449503 0.0602129 0.0797735 0.0904699 0.0957916 0.0989876 0.100931 0.101954 0.102194 0.101689 0.100398 0.0981784 0.0946947 0.0891007 0.0787501 0.0639009 0.0525344 0.0428494 0.0341667 0.0265992 0.0201966 0.0149329 0.0107212 0.00742205 0.00484958 0.00283481 0.00135642 0.00049085 0.000132759 2.80026e-05 4.79149e-06 6.63892e-07 6.88174e-08 3.86032e-09 0 
0 0.00106791 0.00503986 0.0116866 0.0208617 0.0322201 0.0452068 0.0607335 0.0803696 0.0908244 0.0960774 0.0992459 0.101177 0.102194 0.102433 0.101932 0.100651 0.0984489 0.0950005 0.0894878 0.0793488 0.0643884 0.052841 0.0430965 0.0343643 0.0267537 0.0203147 0.0150211 0.0107858 0.00746928 0.00488523 0.0028623 0.00137503 0.00049992 0.000135745 2.87085e-05 4.92038e-06 6.82481e-07 7.07994e-08 3.97407e-09 0 
0 0.00104067 0.00493572 0.011455 0.0204505 0.0315862 0.0443136 0.0590273 0.0784707 0.0898509 0.0953762 0.0986596 0.100647 0.101689 0.101932 0.101416 0.100096 0.0978194 0.0942285 0.0883968 0.0774422 0.0627881 0.0517954 0.0422541 0.0336926 0.0262307 0.0199173 0.0147266 0.010573 0.0073181 0.00477812 0.00278827 0.00133102 0.000480842 0.000130044 2.7468e-05 4.71044e-06 6.54361e-07 6.80174e-08 3.82634e-09 0 
0 0.000981015 0.00470945 0.0109542 0.0195619 0.0302167 0.0423904 0.0557899 0.0736218 0.0873116 0.0935837 0.0971649 0.0992933 0.100398 0.100651 0.100096 0.0986782 0.0962138 0.092248 0.0855219 0.0728102 0.0596249 0.0495464 0.0404296 0.0322375 0.0250971 0.0190554 0.0140875 0.0101101 0.00698766 0.00454172 0.00262305 0.00123226 0.000437986 0.000117186 2.46446e-05 4.2262e-06 5.8845e-07 6.13779e-08 3.46663e-09 0 
0 0.000894162 0.00437906 0.0102272 0.0182731 0.0282308 0.0396066 0.0518307 0.0661434 0.082276 0.090336 0.0945443 0.0969527 0.0981784 0.0984489 0.0978194 0.0962138 0.0933714 0.0885982 0.0797223 0.0661353 0.0555097 0.0462977 0.0377824 0.0301261 0.0234523 0.0178049 0.01316 0.00943769 0.0065059 0.0041956 0.00238256 0.00109182 0.000378829 9.98172e-05 2.08698e-05 3.58051e-06 5.00455e-07 5.24863e-08 2.983e-09 0 
0 0.000786703 0.00396598 0.00932623 0.0166779 0.0257731 0.0361631 0.0472789 0.0587527 0.0726791 0.0846153 0.090245 0.0932316 0.0946947 0.0950005 0.0942285 0.092248 0.0885982 0.0818859 0.0700568 0.0594801 0.0506521 0.0422824 0.0345062 0.0275132 0.0214173 0.0162581 0.0120128 0.00860494 0.00590713 0.00376522 0.00208903 0.000927563 0.000312853 8.10944e-05 1.68745e-05 2.90264e-06 4.08347e-07 4.31844e-08 2.4768e-09 0 
0 0.000666218 0.0034931 0.00830692 0.0148776 0.0230001 0.0322785 0.0422004 0.0522051 0.0621082 0.0735279 0.0826231 0.0870873 0.0891007 0.0894878 0.0883968 0.0855219 0.0797223 0.0700568 0.0608845 0.0529756 0.0452214 0.0377536 0.0308105 0.0245666 0.0191231 0.0145151 0.0107206 0.0076659 0.00523087 0.00328367 0.00177289 0.000761545 0.00025021 6.4068e-05 1.33279e-05 2.30827e-06 3.28092e-07 3.51057e-08 2.03783e-09 0 
0 0.000540831 0.00298321 0.00722318 0.0129724 0.0200671 0.02817 0.0368346 0.0455564 0.0538368 0.0614762 0.0691165 0.0754276 0.0787501 0.0793488 0.0774422 0.0728102 0.0661353 0.0594801 0.0529756 0.0462434 0.0394839 0.0329647 0.0269035 0.0214526 0.0167003 0.0126764 0.00935883 0.00667788 0.00452539 0.00279787 0.00147556 0.000618735 0.000200337 5.11949e-05 1.07261e-05 1.87964e-06 2.70773e-07 2.93653e-08 1.72644e-09 0 
0 0.000418646 0.00245846 0.00612235 0.0110534 0.0171163 0.0240375 0.0314379 0.0388868 0.0459408 0.0521933 0.0573682 0.061381 0.0639009 0.0643884 0.0627881 0.0596249 0.0555097 0.0506521 0.0452214 0.0394839 0.0337139 0.0281492 0.0229762 0.018325 0.0142714 0.0108405 0.00800974 0.00571444 0.00386385 0.00237887 0.00124961 0.000523912 0.000170623 4.40582e-05 9.34425e-06 1.65718e-06 2.41297e-07 2.64085e-08 1.56422e-09 0 
0 0.000307025 0.00194087 0.00504189 0.00919642 0.0142684 0.0200509 0.0262326 0.0324543 0.0383459 0.0435581 0.0477935 0.0508317 0.0525344 0.052841 0.0517954 0.0495464 0.0462977 0.0422824 0.0377536 0.0329647 0.0281492 0.0235064 0.0191926 0.0153213 0.0119663 0.00915634 0.00685477 0.00496779 0.00340791 0.00213402 0.00114922 0.000495703 0.000165156 4.32244e-05 9.2215e-06 1.63734e-06 2.38048e-07 2.59721e-08 1.53202e-09 0 
0 0.000211745 0.00145325 0.00400899 0.00745648 0.0116166 0.0163429 0.0213923 0.0264737 0.0312852 0.0355417 0.0389987 0.041472 0.0428494 0.0430965 0.0422541 0.0404296 0.0377824 0.0345062 0.0308105 0.0269035 0.0229762 0.0191926 0.0156894 0.0125961 0.0100621 0.00817829 0.00675734 0.00536052 0.00379881 0.00233856 0.00124455 0.000544541 0.000184044 4.81157e-05 1.01392e-05 1.7703e-06 2.52878e-07 2.71232e-08 1.57447e-09 0 
0 0.000136225 0.00101908 0.00304476 0.00586495 0.00922235 0.0130051 0.0170382 0.0210951 0.0249359 0.0283334 0.0310929 0.0330671 0.0341667 0.0343643 0.0336926 0.0322375 0.0301261 0.0275132 0.0245666 0.0214526 0.018325 0.0153213 0.0125961 0.0104512 0.00947808 0.0101089 0.0113559 0.010917 0.00796586 0.00433685 0.00188687 0.000715708 0.00022758 5.71702e-05 1.16046e-05 1.95968e-06 2.71912e-07 2.84296e-08 1.6135e-09 0 
0 8.108e-05 0.000659692 0.00217247 0.00443204 0.0071122 0.010087 0.0132395 0.0164051 0.0194008 0.0220503 0.0242021 0.0257415 0.0265992 0.0267537 0.0262307 0.0250971 0.0234523 0.0214173 0.0191231 0.0167003 0.0142714 0.0119663 0.0100621 0.00947808 0.0123177 0.0201817 0.0354108 0.0428466 0.0237306 0.0117359 0.0042138 0.00120208 0.000308755 6.87877e-05 1.29402e-05 2.07987e-06 2.78803e-07 2.83671e-08 1.57336e-09 0 
0 4.43025e-05 0.000388511 0.00142441 0.00316023 0.00527907 0.00759458 0.0100152 0.0124324 0.0147153 0.0167331 0.0183715 0.0195436 0.0201966 0.0203147 0.0199173 0.0190554 0.0178049 0.0162581 0.0145151 0.0126764 0.0108405 0.00915634 0.00817829 0.0101089 0.0201817 0.0507114 0.0772399 0.079193 0.0700539 0.0278142 0.00918861 0.00221391 0.000443415 8.11311e-05 1.34667e-05 2.02131e-06 2.61203e-07 2.59434e-08 1.41182e-09 0 
0 2.2079e-05 0.000205563 0.000837218 0.00206686 0.00369753 0.00549249 0.00733603 0.00915222 0.0108563 0.0123583 0.0135764 0.0144475 0.0149329 0.0150211 0.0147266 0.0140875 0.01316 0.0120128 0.0107206 0.00935883 0.00800974 0.00685477 0.00675734 0.0113559 0.0354108 0.0772399 0.0847989 0.0856725 0.0817059 0.0609373 0.0148245 0.00335744 0.000579791 8.805e-05 1.26011e-05 1.74302e-06 2.17429e-07 2.12184e-08 1.14069e-09 0 
0 9.98966e-06 9.68962e-05 0.000431623 0.00119638 0.00236041 0.00372408 0.0051281 0.00648872 0.00774724 0.00884695 0.00973477 0.0103683 0.0107212 0.0107858 0.010573 0.0101101 0.00943769 0.00860494 0.0076659 0.00667788 0.00571444 0.00496779 0.00536052 0.010917 0.0428466 0.079193 0.0856725 0.0865653 0.0834005 0.0699151 0.0169536 0.00363177 0.000589273 7.9607e-05 1.00922e-05 1.29874e-06 1.5784e-07 1.52805e-08 8.18555e-10 0 
0 4.09276e-06 4.05552e-05 0.000192687 0.000592936 0.00131077 0.002265 0.0033078 0.00432829 0.00526228 0.00606773 0.00671153 0.00716818 0.00742205 0.00746928 0.0073181 0.00698766 0.0065059 0.00590713 0.00523087 0.00452539 0.00386385 0.00340791 0.00379881 0.00796586 0.0237306 0.0700539 0.0817059 0.0834005 0.0780935 0.0448331 0.0120822 0.00268417 0.000429066 5.51505e-05 6.57309e-06 8.17125e-07 9.8726e-08 9.60101e-09 5.1745e-10 0 
0 1.51711e-06 1.50902e-05 7.43782e-05 0.000247127 0.000606669 0.00116616 0.0018577 0.0025841 0.00326794 0.00386038 0.00433193 0.00466474 0.00484958 0.00488523 0.00477812 0.00454172 0.0041956 0.00376522 0.00328367 0.00279787 0.00237887 0.00213402 0.00233856 0.00433685 0.0117359 0.0278142 0.0609373 0.0699151 0.0448331 0.0181529 0.00598933 0.00134514 0.000218185 2.81274e-05 3.37967e-06 4.28668e-07 5.29084e-08 5.24042e-09 2.86914e-10 0 
0 5.08908e-07 5.01126e-06 2.50066e-05 8.67992e-05 0.000229713 0.00048526 0.000850131 0.00128295 0.00172685 0.00213194 0.00246361 0.00270125 0.00283481 0.0028623 0.00278827 0.00262305 0.00238256 0.00208903 0.00177289 0.00147556 0.00124961 0.00114922 0.00124455 0.00188687 0.0042138 0.00918861 0.0148245 0.0169536 0.0120822 0.00598933 0.00199967 0.000461975 7.78836e-05 1.05927e-05 1.37894e-06 1.88194e-07 2.43157e-08 2.48293e-09 1.39303e-10 0 
0 1.54509e-07 1.49157e-06 7.4008e-06 2.60903e-05 7.18921e-05 0.000161677 0.00030552 0.000498046 0.000718314 0.000937807 0.00112949 0.00127307 0.00135642 0.00137503 0.00133102 0.00123226 0.00109182 0.000927563 0.000761545 0.000618735 0.000523912 0.000495703 0.000544541 0.000715708 0.00120208 0.00221391 0.00335744 0.00363177 0.00268417 0.00134514 0.000461975 0.000111781 2.01959e-05 3.08384e-06 4.63354e-07 7.02694e-08 9.63212e-09 1.02258e-09 5.92053e-11 0 
0 4.24114e-08 3.98897e-07 1.94518e-06 6.83008e-06 1.90589e-05 4.4154e-05 8.71778e-05 0.000149705 0.000227717 0.000312024 0.000390887 0.000453196 0.00049085 0.00049992 0.000480842 0.000437986 0.000378829 0.000312853 0.00025021 0.000200337 0.000170623 0.000165156 0.000184044 0.00022758 0.000308755 0.000443415 0.000579791 0.000589273 0.000429066 0.000218185 7.78836e-05 2.01959e-05 4.12712e-06 7.54469e-07 1.34517e-07 2.26924e-08 3.30587e-09 3.66596e-10 2.20176e-11 0 
0 1.0483e-08 9.57327e-08 4.55744e-07 1.57544e-06 4.37386e-06 1.01969e-05 2.04747e-05 3.60442e-05 5.64465e-05 7.96447e-05 0.000102392 0.000121091 0.000132759 0.000135745 0.000130044 0.000117186 9.98172e-05 8.10944e-05 6.4068e-05 5.11949e-05 4.40582e-05 4.32244e-05 4.81157e-05 5.71702e-05 6.87877e-05 8.11311e-05 8.805e-05 7.9607e-05 5.51505e-05 2.81274e-05 1.05927e-05 3.08384e-06 7.54469e-07 1.68014e-07 3.46869e-08 6.38443e-09 9.84796e-10 1.14326e-10 7.14726e-12 0 
0 2.31131e-09 2.04637e-08 9.4794e-08 3.20649e-07 8.77154e-07 2.03019e-06 4.07656e-06 7.22058e-06 1.14256e-05 1.63218e-05 2.12398e-05 2.53722e-05 2.80026e-05 2.87085e-05 2.7468e-05 2.46446e-05 2.08698e-05 1.68745e-05 1.33279e-05 1.07261e-05 9.34425e-06 9.2215e-06 1.01392e-05 1.16046e-05 1.29402e-05 1.34667e-05 1.26011e-05 1.00922e-05 6.57309e-06 3.37967e-06 1.37894e-06 4.63354e-07 1.34517e-07 3.46869e-08 7.91309e-09 1.55832e-09 2.53514e-10 3.08352e-11 2.01045e-12 0 
0 4.45587e-10 3.82425e-09 1.72184e-08 5.68394e-08 1.52497e-07 3.48032e-07 6.92721e-07 1.22193e-06 1.93269e-06 2.76656e-06 3.61198e-06 4.3295e-06 4.79149e-06 4.92038e-06 4.71044e-06 4.2262e-06 3.58051e-06 2.90264e-06 2.30827e-06 1.87964e-06 1.65718e-06 1.63734e-06 1.7703e-06 1.95968e-06 2.07987e-06 2.02131e-06 1.74302e-06 1.29874e-06 8.17125e-07 4.28668e-07 1.88194e-07 7.02694e-08 2.26924e-08 6.38443e-09 1.55832e-09 3.24637e-10 5.55445e-11 7.07679e-12 4.81537e-13 0 
0 7.19882e-11 5.99339e-10 2.62336e-09 8.44579e-09 2.21846e-08 4.97764e-08 9.78085e-08 1.70977e-07 2.68871e-07 3.83648e-07 5.00217e-07 5.99514e-07 6.63892e-07 6.82481e-07 6.54361e-07 5.8845e-07 5.00455e-07 4.08347e-07 3.28092e-07 2.70773e-07 2.41297e-07 2.38048e-07 2.52878e-07 2.71912e-07 2.78803e-07 2.61203e-07 2.17429e-07 1.5784e-07 9.8726e-08 5.29084e-08 2.43157e-08 9.63212e-09 3.30587e-09 9.84796e-10 2.53514e-10 5.55445e-11 9.97045e-12 1.32917e-12 9.43589e-14 0 
0 8.80119e-12 7.11702e-11 3.03149e-10 9.52306e-10 2.4486e-09 5.39666e-09 1.04527e-08 1.80705e-08 2.81869e-08 3.99956e-08 5.19664e-08 6.21703e-08 6.88174e-08 7.07994e-08 6.80174e-08 6.13779e-08 5.24863e-08 4.31844e-08 3.51057e-08 2.93653e-08 2.64085e-08 2.59721e-08 2.71232e-08 2.84296e-08 2.83671e-08 2.59434e-08 2.12184e-08 1.52805e-08 9.60101e-09 5.24042e-09 2.48293e-09 1.02258e-09 3.66596e-10 1.14326e-10 3.08352e-11 7.07679e-12 1.32917e-12 1.85076e-13 1.36932e-14 0 
0 5.82006e-13 4.57839e-12 1.9005e-11 5.83195e-11 1.4689e-10 3.18081e-10 6.07156e-10 1.03748e-09 1.60388e-09 2.26105e-09 2.92497e-09 3.49051e-09 3.86032e-09 3.97407e-09 3.82634e-09 3.46663e-09 2.983e-09 2.4768e-09 2.03783e-09 1.72644e-09 1.56422e-09 1.53202e-09 1.57447e-09 1.6135e-09 1.57336e-09 1.41182e-09 1.14069e-09 8.18555e-10 5.1745e-10 2.86914e-10 1.39303e-10 5.92053e-11 2.20176e-11 7.14726e-12 2.01045e-12 4.81537e-13 9.43589e-14 1.36932e-14 1.05425e-15 0 
0 0 0 0 0 0 0 0 0 0 0 0 0 0 0 0 0 0 0 0 0 0 0 0 0 0 0 0 0 0 0 0 0 0 0 0 0 0 0 0 0 
