0 0 0 0 0 0 0 0 0 0 0 0 0 0 0 0 0 0 0 0 0 0 0 0 0 0 0 0 0 0 0 0 0 0 0 0 0 0 0 0 0 
0 4.45869e-07 3.95966e-06 1.73435e-05 5.20183e-05 0.000119302 0.00022307 0.000356748 0.000506563 0.000656816 0.000793542 0.000906009 0.000986949 0.00103231 0.00104088 0.00101398 0.000955039 0.000869281 0.000763312 0.000644732 0.000521663 0.000402166 0.000293494 0.00020125 0.000128622 7.59985e-05 4.12033e-05 2.03707e-05 9.14428e-06 3.71854e-06 1.36903e-06 4.5647e-07 1.37867e-07 3.76762e-08 9.27826e-09 2.03946e-09 3.92201e-10 6.32358e-11 7.71859e-12 5.0975e-13 0 
0 3.95966e-06 3.58669e-05 0.000154193 0.00043398 0.000903358 0.00151558 0.00219168 0.00286437 0.00348701 0.00402666 0.00445853 0.0047646 0.00493418 0.0049646 0.00486116 0.00463624 0.00430768 0.00389675 0.00342623 0.00291896 0.00239739 0.00188403 0.00140229 0.000976014 0.000626182 0.000365068 0.000191104 8.9131e-05 3.69396e-05 1.36265e-05 4.49228e-06 1.32914e-06 3.53756e-07 8.45762e-08 1.80246e-08 3.36049e-09 5.25689e-10 6.23347e-11 4.00549e-12 0 
0 1.73435e-05 0.000154193 0.000612401 0.00151667 0.00275921 0.00415893 0.00560136 0.007016 0.00833751 0.00949907 0.0104395 0.0111111 0.0114845 0.0115508 0.0113212 0.0108245 0.0101033 0.00920927 0.00819735 0.00712078 0.00602628 0.00495092 0.00392215 0.00296235 0.002097 0.00136054 0.000789563 0.00040145 0.00017681 6.74406e-05 2.24547e-05 6.59575e-06 1.7238e-06 4.02176e-07 8.33904e-08 1.51118e-08 2.29842e-09 2.65256e-10 1.66132e-11 0 
0 5.20183e-05 0.00043398 0.00151667 0.00326771 0.00539392 0.00773118 0.010185 0.0126395 0.0149588 0.0170089 0.0186731 0.019863 0.0205248 0.0206421 0.0202345 0.0193537 0.0180759 0.0164943 0.0147091 0.0128195 0.0109157 0.0090724 0.00734353 0.00575977 0.0043319 0.00306523 0.00198211 0.00113044 0.000550981 0.000225988 7.83162e-05 2.33027e-05 6.05631e-06 1.38994e-06 2.81906e-07 4.98501e-08 7.39457e-09 8.32763e-10 5.0954e-11 0 
0 0.000119302 0.000903358 0.00275921 0.00539392 0.00852998 0.0120521 0.0158027 0.019574 0.0231439 0.0263013 0.0288651 0.0306984 0.0317181 0.0318987 0.0312705 0.029913 0.0279443 0.0255077 0.0227586 0.0198506 0.0169246 0.0141004 0.0114697 0.00909281 0.00699502 0.00516906 0.00359237 0.00226501 0.00123668 0.000561582 0.00020894 6.44989e-05 1.69353e-05 3.86183e-06 7.71259e-07 1.33723e-07 1.94185e-08 2.14071e-09 1.28313e-10 0 
0 0.00022307 0.00151558 0.00415893 0.00773118 0.0120521 0.016964 0.0222122 0.0274937 0.0324945 0.0369181 0.0405104 0.0430808 0.0445128 0.0447667 0.0438837 0.0419791 0.0392198 0.035806 0.0319547 0.0278815 0.0237843 0.0198317 0.0161549 0.0128443 0.00994822 0.00747129 0.00537762 0.0036143 0.00216689 0.00109424 0.000446016 0.000146009 3.9375e-05 9.01907e-06 1.78653e-06 3.05292e-07 4.35769e-08 4.71853e-09 2.7788e-10 0 
0 0.000356748 0.00219168 0.00560136 0.010185 0.0158027 0.0222122 0.0290652 0.0359629 0.0424947 0.0482797 0.0530485 0.0567295 0.0590641 0.0595161 0.0580137 0.0550979 0.0513149 0.0468234 0.0417901 0.0364703 0.0311198 0.025959 0.02116 0.0168427 0.013075 0.0098751 0.00721193 0.00501187 0.00319757 0.00176478 0.000790211 0.00027813 7.81141e-05 1.81567e-05 3.59228e-06 6.08131e-07 8.56703e-08 9.14275e-09 5.30599e-10 0 
0 0.000506563 0.00286437 0.007016 0.0126395 0.019574 0.0274937 0.0359629 0.0444882 0.0525806 0.0600884 0.0677944 0.0743326 0.0778577 0.0784901 0.0764416 0.0715665 0.0647334 0.0580826 0.0517029 0.0451168 0.0385042 0.0321267 0.0261972 0.0208644 0.0162139 0.0122734 0.00901688 0.0063672 0.00421298 0.00247879 0.00120501 0.00045723 0.000134876 3.2065e-05 6.37438e-06 1.07392e-06 1.49874e-07 1.58156e-08 9.07141e-10 0 
0 0.000656816 0.00348701 0.00833751 0.0149588 0.0231439 0.0324945 0.0424947 0.0525806 0.0626493 0.0743664 0.0833948 0.0878117 0.0898144 0.0901974 0.0891048 0.0862432 0.0805065 0.0708056 0.0613422 0.0533195 0.0454979 0.0379678 0.0309673 0.0246722 0.0191841 0.0145377 0.0107089 0.00761971 0.00514428 0.00315663 0.00163599 0.00066467 0.000206309 5.03867e-05 1.01072e-05 1.70081e-06 2.35908e-07 2.46883e-08 1.40331e-09 0 
0 0.000793542 0.00402666 0.00949907 0.0170089 0.0263013 0.0369181 0.0482797 0.0600884 0.0743664 0.0857826 0.0912505 0.0942002 0.0956539 0.0959567 0.0951848 0.0932164 0.0896254 0.0831794 0.0717105 0.0607642 0.0516936 0.0431358 0.0351877 0.0280409 0.0218112 0.0165389 0.0121996 0.00871322 0.00594749 0.00374649 0.00203308 0.000873609 0.000284148 7.13305e-05 1.44683e-05 2.43797e-06 3.36957e-07 3.50604e-08 1.97975e-09 0 
0 0.000906009 0.00445853 0.0104395 0.0186731 0.0288651 0.0405104 0.0530485 0.0677944 0.0833948 0.0912505 0.0954498 0.0978735 0.0991103 0.0993815 0.0987416 0.0971174 0.0942594 0.0895196 0.0809796 0.0677503 0.0567866 0.0473353 0.038616 0.0307773 0.0239451 0.0181638 0.0134083 0.00959559 0.00658928 0.00421701 0.00236032 0.00105766 0.000357498 9.19714e-05 1.88634e-05 3.18715e-06 4.3978e-07 4.55927e-08 2.56302e-09 0 
0 0.000986949 0.0047646 0.0111111 0.019863 0.0306984 0.0430808 0.0567295 0.0743326 0.0878117 0.0942002 0.0978735 0.100061 0.101196 0.101453 0.100877 0.0994127 0.0968746 0.092809 0.0859922 0.0736557 0.0606162 0.0503457 0.0410692 0.0327355 0.0254722 0.0193266 0.0142729 0.0102252 0.00704447 0.00454953 0.00259586 0.00119646 0.000415818 0.000109019 2.25692e-05 3.8247e-06 5.27573e-07 5.45899e-08 3.0609e-09 0 
0 0.00103231 0.00493418 0.0114845 0.0205248 0.0317181 0.0445128 0.0590641 0.0778577 0.0898144 0.0956539 0.0991103 0.101196 0.102288 0.102538 0.10199 0.100596 0.098195 0.0944029 0.0882368 0.0769868 0.0629361 0.0520296 0.0424362 0.0338269 0.0263234 0.019975 0.014755 0.0105762 0.00729779 0.00473461 0.00272883 0.00127754 0.000451282 0.000119713 2.49387e-05 4.23689e-06 5.8472e-07 6.04745e-08 3.38781e-09 0 
0 0.00104088 0.0049646 0.0115508 0.0206421 0.0318987 0.0447667 0.0595161 0.0784901 0.0901974 0.0959567 0.0993815 0.101453 0.102538 0.102788 0.102245 0.100861 0.0984799 0.0947285 0.0886578 0.0775981 0.0633783 0.0523336 0.0426826 0.0340241 0.0264778 0.0200931 0.0148434 0.0106412 0.00734558 0.00477097 0.00275683 0.00129608 0.00046002 0.00012251 2.5588e-05 4.3543e-06 6.0157e-07 6.22669e-08 3.4906e-09 0 
0 0.00101398 0.00486116 0.0113212 0.0202345 0.0312705 0.0438837 0.0580137 0.0764416 0.0891048 0.0951848 0.0987416 0.100877 0.10199 0.102245 0.101684 0.100256 0.0977912 0.0938758 0.0874287 0.0756324 0.0619178 0.0513035 0.0418491 0.0333597 0.0259606 0.0197003 0.0145525 0.0104309 0.00719613 0.00466513 0.00268433 0.00125403 0.000442391 0.00011739 2.44954e-05 4.17157e-06 5.77286e-07 5.98789e-08 3.36447e-09 0 
0 0.000955039 0.00463624 0.0108245 0.0193537 0.029913 0.0419791 0.0550979 0.0715665 0.0862432 0.0932164 0.0971174 0.0994127 0.100596 0.100861 0.100256 0.0987199 0.0960408 0.0916921 0.0841862 0.071141 0.058968 0.0490801 0.040042 0.0319187 0.0248383 0.0188472 0.0139199 0.00997268 0.00686856 0.00443067 0.00252186 0.00115926 0.000402581 0.000105769 2.19889e-05 3.74625e-06 5.19776e-07 5.4112e-08 3.05319e-09 0 
0 0.000869281 0.00430768 0.0101033 0.0180759 0.0279443 0.0392198 0.0513149 0.0647334 0.0805065 0.0896254 0.0942594 0.0968746 0.098195 0.0984799 0.0977912 0.0960408 0.0929276 0.0876394 0.0778256 0.0650809 0.0549789 0.0458626 0.0374193 0.0298273 0.0232095 0.0176091 0.0130018 0.00930673 0.0063908 0.00408748 0.00228585 0.00102493 0.000347776 9.00939e-05 1.86396e-05 3.1792e-06 4.42995e-07 4.63885e-08 2.63465e-09 0 
0 0.000763312 0.00389675 0.00920927 0.0164943 0.0255077 0.035806 0.0468234 0.0580826 0.0708056 0.0831794 0.0895196 0.092809 0.0944029 0.0947285 0.0938758 0.0916921 0.0876394 0.0800946 0.0686368 0.0588784 0.0501809 0.0418837 0.034173 0.027239 0.0211942 0.0160778 0.0118663 0.00848219 0.00579734 0.00366173 0.00199927 0.000868865 0.000287022 7.32755e-05 1.51083e-05 2.58604e-06 3.6293e-07 3.83431e-08 2.19869e-09 0 
0 0.000644732 0.00342623 0.00819735 0.0147091 0.0227586 0.0319547 0.0417901 0.0517029 0.0613422 0.0717105 0.0809796 0.0859922 0.0882368 0.0886578 0.0874287 0.0841862 0.0778256 0.0686368 0.0602485 0.0524841 0.0447997 0.0373955 0.0305114 0.0243204 0.0189228 0.0143529 0.0105879 0.00755325 0.00512854 0.00318786 0.00169338 0.000712791 0.000229897 5.81102e-05 1.19986e-05 2.07032e-06 2.93818e-07 3.14287e-08 1.82505e-09 0 
0 0.000521663 0.00291896 0.00712078 0.0128195 0.0198506 0.0278815 0.0364703 0.0451168 0.0533195 0.0607642 0.0677503 0.0736557 0.0769868 0.0775981 0.0756324 0.071141 0.0650809 0.0588784 0.0524841 0.0458137 0.0391126 0.0326495 0.0266405 0.0212366 0.0165249 0.0125345 0.00924238 0.00657809 0.00443444 0.00271463 0.00140994 0.00058077 0.000185173 4.68383e-05 9.759e-06 1.70596e-06 2.45585e-07 2.66406e-08 1.56741e-09 0 
0 0.000402166 0.00239739 0.00602628 0.0109157 0.0169246 0.0237843 0.0311198 0.0385042 0.0454979 0.0516936 0.0567866 0.0606162 0.0629361 0.0633783 0.0619178 0.058968 0.0549789 0.0501809 0.0447997 0.0391126 0.0333932 0.0278776 0.0227503 0.0181403 0.0141225 0.010721 0.00791249 0.00563215 0.00379058 0.00231409 0.00120032 0.000496107 0.000159641 4.09036e-05 8.6401e-06 1.52974e-06 2.22662e-07 2.43763e-08 1.44471e-09 0 
0 0.000293494 0.00188403 0.00495092 0.0090724 0.0141004 0.0198317 0.025959 0.0321267 0.0379678 0.0431358 0.0473353 0.0503457 0.0520296 0.0523336 0.0513035 0.0490801 0.0458626 0.0418837 0.0373955 0.0326495 0.0278776 0.0232771 0.0190033 0.0151682 0.0118447 0.0090609 0.00677965 0.00490739 0.00335725 0.00209058 0.00111558 0.00047592 0.000157039 4.08344e-05 8.68067e-06 1.53873e-06 2.23565e-07 2.43881e-08 1.43867e-09 0 
0 0.00020125 0.00140229 0.00392215 0.00734353 0.0114697 0.0161549 0.02116 0.0261972 0.0309673 0.0351877 0.038616 0.0410692 0.0424362 0.0426826 0.0418491 0.040042 0.0374193 0.034173 0.0305114 0.0266405 0.0227503 0.0190033 0.0155349 0.0124735 0.00996661 0.00810347 0.00669739 0.00531284 0.00376237 0.00231056 0.00122251 0.000530088 0.000177546 4.61161e-05 9.68098e-06 1.6869e-06 2.40711e-07 2.5803e-08 1.49727e-09 0 
0 0.000128622 0.000976014 0.00296235 0.00575977 0.00909281 0.0128443 0.0168427 0.0208644 0.0246722 0.0280409 0.0307773 0.0327355 0.0338269 0.0340241 0.0333597 0.0319187 0.0298273 0.027239 0.0243204 0.0212366 0.0181403 0.0151682 0.0124735 0.0103551 0.00939801 0.0100297 0.0112703 0.0108356 0.00790601 0.00430271 0.00186848 0.000704339 0.00022191 5.53261e-05 1.11798e-05 1.88349e-06 2.61012e-07 2.72692e-08 1.5468e-09 0 
0 7.59985e-05 0.000626182 0.002097 0.0043319 0.00699502 0.00994822 0.013075 0.0162139 0.0191841 0.0218112 0.0239451 0.0254722 0.0263234 0.0264778 0.0259606 0.0248383 0.0232095 0.0211942 0.0189228 0.0165249 0.0141225 0.0118447 0.00996661 0.00939801 0.0122236 0.0200335 0.0341534 0.0413089 0.023337 0.0116502 0.00418202 0.00119051 0.000303534 6.70245e-05 1.25348e-05 2.00885e-06 2.68911e-07 2.73393e-08 1.51552e-09 0 
0 4.12033e-05 0.000365068 0.00136054 0.00306523 0.00516906 0.00747129 0.0098751 0.0122734 0.0145377 0.0165389 0.0181638 0.0193266 0.019975 0.0200931 0.0197003 0.0188472 0.0176091 0.0160778 0.0143529 0.0125345 0.010721 0.0090609 0.00810347 0.0100297 0.0200335 0.0490533 0.0774446 0.0795533 0.0689406 0.027401 0.00912165 0.00219675 0.000438212 7.94816e-05 1.30952e-05 1.95803e-06 2.5262e-07 2.50717e-08 1.3637e-09 0 
0 2.03707e-05 0.000191104 0.000789563 0.00198211 0.00359237 0.00537762 0.00721193 0.00901688 0.0107089 0.0121996 0.0134083 0.0142729 0.014755 0.0148434 0.0145525 0.0139199 0.0130018 0.0118663 0.0105879 0.00924238 0.00791249 0.00677965 0.00669739 0.0112703 0.0341534 0.0774446 0.0854323 0.0863587 0.0820877 0.0594178 0.014703 0.00333261 0.000574314 8.65902e-05 1.22899e-05 1.69169e-06 2.10619e-07 2.05382e-08 1.10363e-09 0 
0 9.14428e-06 8.9131e-05 0.00040145 0.00113044 0.00226501 0.0036143 0.00501187 0.0063672 0.00761971 0.00871322 0.00959559 0.0102252 0.0105762 0.0106412 0.0104309 0.00997268 0.00930673 0.00848219 0.00755325 0.00657809 0.00563215 0.00490739 0.00531284 0.0108356 0.0413089 0.0795533 0.0863587 0.0872875 0.0839103 0.0688713 0.0165839 0.00360513 0.000584116 7.84418e-05 9.86257e-06 1.26208e-06 1.53044e-07 1.48048e-08 7.92769e-10 0 
0 3.71854e-06 3.69396e-05 0.00017681 0.000550981 0.00123668 0.00216689 0.00319757 0.00421298 0.00514428 0.00594749 0.00658928 0.00704447 0.00729779 0.00734558 0.00719613 0.00686856 0.0063908 0.00579734 0.00512854 0.00443444 0.00379058 0.00335725 0.00376237 0.00790601 0.023337 0.0689406 0.0820877 0.0839103 0.0784386 0.0434533 0.0119946 0.00266441 0.000425271 5.43655e-05 6.42846e-06 7.94546e-07 9.57786e-08 9.30767e-09 5.01474e-10 0 
0 1.36903e-06 1.36265e-05 6.74406e-05 0.000225988 0.000561582 0.00109424 0.00176478 0.00247879 0.00315663 0.00374649 0.00421701 0.00454953 0.00473461 0.00477097 0.00466513 0.00443067 0.00408748 0.00366173 0.00318786 0.00271463 0.00231409 0.00209058 0.00231056 0.00430271 0.0116502 0.027401 0.0594178 0.0688713 0.0434533 0.0180215 0.00594583 0.00133499 0.000216082 2.77025e-05 3.30381e-06 4.1682e-07 5.13418e-08 5.08216e-09 2.78173e-10 0 
0 4.5647e-07 4.49228e-06 2.24547e-05 7.83162e-05 0.00020894 0.000446016 0.000790211 0.00120501 0.00163599 0.00203308 0.00236032 0.00259586 0.00272883 0.00275683 0.00268433 0.00252186 0.00228585 0.00199927 0.00169338 0.00140994 0.00120032 0.00111558 0.00122251 0.00186848 0.00418202 0.00912165 0.014703 0.0165839 0.0119946 0.00594583 0.00198489 0.000458138 7.69961e-05 1.04107e-05 1.34598e-06 1.8291e-07 2.35973e-08 2.40849e-09 1.35097e-10 0 
0 1.37867e-07 1.32914e-06 6.59575e-06 2.33027e-05 6.44989e-05 0.000146009 0.00027813 0.00045723 0.00066467 0.000873609 0.00105766 0.00119646 0.00127754 0.00129608 0.00125403 0.00115926 0.00102493 0.000868865 0.000712791 0.00058077 0.000496107 0.00047592 0.000530088 0.000704339 0.00119051 0.00219675 0.00333261 0.00360513 0.00266441 0.00133499 0.000458138 0.000110618 1.9903e-05 3.02089e-06 4.51364e-07 6.82553e-08 9.34741e-09 9.92053e-10 5.74284e-11 0 
0 3.76762e-08 3.53756e-07 1.7238e-06 6.05631e-06 1.69353e-05 3.9375e-05 7.81141e-05 0.000134876 0.000206309 0.000284148 0.000357498 0.000415818 0.000451282 0.00046002 0.000442391 0.000402581 0.000347776 0.000287022 0.000229897 0.000185173 0.000159641 0.000157039 0.000177546 0.00022191 0.000303534 0.000438212 0.000574314 0.000584116 0.000425271 0.000216082 7.69961e-05 1.9903e-05 4.04829e-06 7.36223e-07 1.30794e-07 2.20315e-08 3.20807e-09 3.55685e-10 2.13595e-11 0 
0 9.27826e-09 8.45762e-08 4.02176e-07 1.38994e-06 3.86183e-06 9.01907e-06 1.81567e-05 3.2065e-05 5.03867e-05 7.13305e-05 9.19714e-05 0.000109019 0.000119713 0.00012251 0.00011739 0.000105769 9.00939e-05 7.32755e-05 5.81102e-05 4.68383e-05 4.09036e-05 4.08344e-05 4.61161e-05 5.53261e-05 6.70245e-05 7.94816e-05 8.65902e-05 7.84418e-05 5.43655e-05 2.77025e-05 1.04107e-05 3.02089e-06 7.36223e-07 1.63442e-07 3.36879e-08 6.19681e-09 9.55648e-10 1.10929e-10 6.93421e-12 0 
0 2.03946e-09 1.80246e-08 8.33904e-08 2.81906e-07 7.71259e-07 1.78653e-06 3.59228e-06 6.37438e-06 1.01072e-05 1.44683e-05 1.88634e-05 2.25692e-05 2.49387e-05 2.5588e-05 2.44954e-05 2.19889e-05 1.86396e-05 1.51083e-05 1.19986e-05 9.759e-06 8.6401e-06 8.68067e-06 9.68098e-06 1.11798e-05 1.25348e-05 1.30952e-05 1.22899e-05 9.86257e-06 6.42846e-06 3.30381e-06 1.34598e-06 4.51364e-07 1.30794e-07 3.36879e-08 7.68116e-09 1.51234e-09 2.46007e-10 2.99199e-11 1.95063e-12 0 
0 3.92201e-10 3.36049e-09 1.51118e-08 4.98501e-08 1.33723e-07 3.05292e-07 6.08131e-07 1.07392e-06 1.70081e-06 2.43797e-06 3.18715e-06 3.8247e-06 4.23689e-06 4.3543e-06 4.17157e-06 3.74625e-06 3.1792e-06 2.58604e-06 2.07032e-06 1.70596e-06 1.52974e-06 1.53873e-06 1.6869e-06 1.88349e-06 2.00885e-06 1.95803e-06 1.69169e-06 1.26208e-06 7.94546e-07 4.1682e-07 1.8291e-07 6.82553e-08 2.20315e-08 6.19681e-09 1.51234e-09 3.15036e-10 5.3899e-11 6.86678e-12 4.67221e-13 0 
0 6.32358e-11 5.25689e-10 2.29842e-09 7.39457e-09 1.94185e-08 4.35769e-08 8.56703e-08 1.49874e-07 2.35908e-07 3.36957e-07 4.3978e-07 5.27573e-07 5.8472e-07 6.0157e-07 5.77286e-07 5.19776e-07 4.42995e-07 3.6293e-07 2.93818e-07 2.45585e-07 2.22662e-07 2.23565e-07 2.40711e-07 2.61012e-07 2.68911e-07 2.5262e-07 2.10619e-07 1.53044e-07 9.57786e-08 5.13418e-08 2.35973e-08 9.34741e-09 3.20807e-09 9.55648e-10 2.46007e-10 5.3899e-11 9.67484e-12 1.28972e-12 9.15547e-14 0 
0 7.71859e-12 6.23347e-11 2.65256e-10 8.32763e-10 2.14071e-09 4.71853e-09 9.14275e-09 1.58156e-08 2.46883e-08 3.50604e-08 4.55927e-08 5.45899e-08 6.04745e-08 6.22669e-08 5.98789e-08 5.4112e-08 4.63885e-08 3.83431e-08 3.14287e-08 2.66406e-08 2.43763e-08 2.43881e-08 2.5803e-08 2.72692e-08 2.73393e-08 2.50717e-08 2.05382e-08 1.48048e-08 9.30767e-09 5.08216e-09 2.40849e-09 9.92053e-10 3.55685e-10 1.10929e-10 2.99199e-11 6.86678e-12 1.28972e-12 1.7958e-13 1.32862e-14 0 
0 5.0975e-13 4.00549e-12 1.66132e-11 5.0954e-11 1.28313e-10 2.7788e-10 5.30599e-10 9.07141e-10 1.40331e-09 1.97975e-09 2.56302e-09 3.0609e-09 3.38781e-09 3.4906e-09 3.36447e-09 3.05319e-09 2.63465e-09 2.19869e-09 1.82505e-09 1.56741e-09 1.44471e-09 1.43867e-09 1.49727e-09 1.5468e-09 1.51552e-09 1.3637e-09 1.10363e-09 7.92769e-10 5.01474e-10 2.78173e-10 1.35097e-10 5.74284e-11 2.13595e-11 6.93421e-12 1.95063e-12 4.67221e-13 9.15547e-14 1.32862e-14 1.0229e-15 0 
0 0 0 0 0 0 0 0 0 0 0 0 0 0 0 0 0 0 0 0 0 0 0 0 0 0 0 0 0 0 0 0 0 0 0 0 0 0 0 0 0 
