0 0 0 0 0 0 0 0 0 0 0 0 0 0 0 0 0 0 0 0 0 0 0 0 0 0 0 0 0 0 0 0 0 0 0 0 0 0 0 0 0 
0 1.31468e-05 5.10373e-05 0.000105074 0.000159368 0.000198162 0.000214421 0.000211045 0.000195781 0.00017616 0.00015731 0.000141938 0.000131113 0.00012504 0.000123584 0.000126522 0.000133602 0.000144459 0.000158443 0.000174415 0.000190589 0.000204541 0.000213484 0.000214838 0.000206959 0.00018978 0.000165029 0.000135846 0.000105884 7.82938e-05 5.50638e-05 3.69074e-05 2.35785e-05 1.43152e-05 8.2e-06 4.37191e-06 2.11718e-06 8.88551e-07 2.90608e-07 5.27388e-08 0 
0 5.10373e-05 0.00018273 0.000322753 0.000385274 0.000349664 0.000263285 0.000177009 0.000112797 7.15342e-05 4.70167e-05 3.31024e-05 2.55934e-05 2.20748e-05 2.13724e-05 2.31562e-05 2.77616e-05 3.61808e-05 5.01353e-05 7.20877e-05 0.000104948 0.000151163 0.000210995 0.000280315 0.000349072 0.000402295 0.000424909 0.000408954 0.00035846 0.000287563 0.000213022 0.000147174 9.556e-05 5.84833e-05 3.36233e-05 1.79548e-05 8.70055e-06 3.65239e-06 1.19466e-06 2.1681e-07 0 
0 0.000105074 0.000322753 0.00042886 0.000337913 0.000185391 8.05547e-05 3.06434e-05 1.10959e-05 4.1275e-06 1.69087e-06 8.09565e-07 4.74091e-07 3.49449e-07 3.27665e-07 3.88122e-07 5.67797e-07 9.90677e-07 1.97417e-06 4.28553e-06 9.66717e-06 2.16973e-05 4.66909e-05 9.35486e-05 0.000170707 0.000278998 0.000402663 0.00050675 0.000551358 0.000518899 0.000427601 0.00031489 0.000211623 0.00013172 7.63074e-05 4.08784e-05 1.98338e-05 8.32994e-06 2.72509e-06 4.94588e-07 0 
0 0.000159368 0.000385274 0.000337913 0.000153107 4.41239e-05 9.40082e-06 1.67748e-06 2.83117e-07 5.09856e-08 1.09667e-08 3.10382e-09 1.24451e-09 7.40443e-10 6.64672e-10 8.89194e-10 1.70666e-09 4.43308e-09 1.44989e-08 5.51817e-08 2.25875e-07 9.2454e-07 3.556e-06 1.22448e-05 3.65097e-05 9.24346e-05 0.000196703 0.000349159 0.000511745 0.000613444 0.000603064 0.000497215 0.000356034 0.000228724 0.000134402 7.24249e-05 3.52199e-05 1.48042e-05 4.84454e-06 8.79343e-07 0 
0 0.000198162 0.000349664 0.000185391 4.41239e-05 5.90993e-06 5.27391e-07 3.70201e-08 2.43612e-09 1.79383e-10 1.74467e-11 2.58409e-12 6.49749e-13 2.96888e-13 2.52569e-13 3.92583e-13 1.05298e-12 4.46555e-12 2.68868e-11 2.04368e-10 1.74394e-09 1.49854e-08 1.18096e-07 7.9298e-07 4.31006e-06 1.84251e-05 6.13945e-05 0.000160008 0.000327537 0.00052422 0.000650905 0.000633104 0.000500921 0.000338935 0.000203951 0.000110988 5.4176e-05 2.2803e-05 7.46552e-06 1.35529e-06 0 
0 0.000214421 0.000263285 8.05547e-05 9.40082e-06 5.27391e-07 1.73971e-08 4.20471e-10 9.44438e-12 2.50769e-13 9.86174e-15 6.9709e-16 1.02734e-16 3.46897e-17 2.77512e-17 5.12195e-17 2.01605e-16 1.49808e-15 1.8107e-14 3.02961e-13 5.97481e-12 1.19654e-10 2.13988e-09 3.08631e-08 3.33972e-07 2.59998e-06 1.43662e-05 5.68877e-05 0.000164949 0.000355896 0.00057102 0.000679185 0.000614371 0.000447779 0.000279117 0.000154154 7.56722e-05 3.19149e-05 1.04558e-05 1.89857e-06 0 
0 0.000211045 0.000177009 3.06434e-05 1.67748e-06 3.70201e-08 4.20471e-10 3.24792e-12 2.31128e-14 2.06025e-16 3.09778e-18 1.41944e-19 5.06879e-20 4.22615e-20 4.02932e-20 4.14997e-20 5.73211e-20 3.00722e-19 6.81982e-18 2.65207e-16 1.28162e-14 6.34148e-13 2.72398e-11 8.90626e-10 2.01752e-08 2.99361e-07 2.85095e-06 1.76186e-05 7.30618e-05 0.000211342 0.00043572 0.000639817 0.000675709 0.000540681 0.000353101 0.000198958 9.84198e-05 4.16223e-05 1.36486e-05 2.47904e-06 0 
0 0.000195781 0.000112797 1.10959e-05 2.83117e-07 2.43612e-09 9.44438e-12 2.31128e-14 5.16064e-17 1.64934e-19 5.85609e-21 2.15346e-21 1.90451e-21 2.16007e-21 2.17089e-21 1.8972e-21 1.58749e-21 2.21474e-21 7.08424e-21 2.18186e-19 2.50825e-17 3.08921e-15 3.20766e-13 2.39194e-11 1.14146e-09 3.2508e-08 5.37704e-07 5.22005e-06 3.09757e-05 0.000118869 0.000309191 0.000553899 0.000685119 0.00060816 0.000419632 0.000242293 0.000121004 5.1347e-05 1.68565e-05 3.06281e-06 0 
0 0.00017616 7.15342e-05 4.1275e-06 5.09856e-08 1.79383e-10 2.50769e-13 2.06025e-16 1.64934e-19 1.38036e-21 2.80884e-22 2.07332e-22 2.37969e-22 2.94114e-22 3.01504e-22 2.50838e-22 1.83613e-22 1.66858e-22 1.92748e-22 8.98613e-22 6.87052e-20 1.92418e-17 4.61822e-15 7.52761e-13 7.2834e-11 3.85301e-09 1.07805e-07 1.61112e-06 1.34562e-05 6.7272e-05 0.000215619 0.000460356 0.000658872 0.000648561 0.000474397 0.000281387 0.000142039 6.0504e-05 1.9888e-05 3.6151e-06 0 
0 0.00015731 4.70167e-05 1.69087e-06 1.09667e-08 1.74467e-11 9.86174e-15 3.09778e-18 5.85609e-21 2.80885e-22 6.03862e-23 4.26155e-23 4.95023e-23 6.0717e-23 6.23206e-23 5.17288e-23 3.69623e-23 2.75652e-23 2.22181e-23 5.07102e-23 8.61584e-22 2.12187e-19 1.05593e-16 3.44536e-14 6.23985e-12 5.71835e-10 2.5525e-08 5.60265e-07 6.34967e-06 4.01368e-05 0.000154043 0.000380888 0.000617125 0.000666794 0.000515686 0.000314161 0.000160311 6.8555e-05 2.25639e-05 4.10321e-06 0 
0 0.000141938 3.31024e-05 8.09565e-07 3.10382e-09 2.58409e-12 6.9709e-16 1.41945e-19 2.15346e-21 2.07332e-22 4.26155e-23 1.71502e-23 1.41219e-23 1.54692e-23 1.55009e-23 1.29196e-23 9.26236e-24 6.48268e-24 5.38251e-24 1.27461e-23 1.15854e-22 7.08014e-21 4.80206e-18 2.76023e-15 8.33582e-13 1.19579e-10 7.81464e-09 2.34868e-07 3.41844e-06 2.61829e-05 0.000116191 0.000322309 0.000575413 0.000670727 0.000544037 0.000339368 0.000174878 7.50526e-05 2.47321e-05 4.49921e-06 0 
0 0.000131113 2.55934e-05 4.74091e-07 1.24451e-09 6.49749e-13 1.02734e-16 5.06879e-20 1.90451e-21 2.37969e-22 4.95023e-23 1.41219e-23 6.43301e-24 4.91719e-24 4.40342e-24 3.60468e-24 2.62273e-24 1.93893e-24 2.23924e-24 7.07694e-24 5.20234e-23 1.31111e-21 5.19857e-19 4.4575e-16 1.94595e-13 3.85496e-11 3.31566e-09 1.25007e-07 2.17995e-06 1.91835e-05 9.44703e-05 0.000284111 0.000542709 0.000667883 0.000561249 0.000356505 0.000185119 7.96719e-05 2.62793e-05 4.78213e-06 0 
0 0.00012504 2.20748e-05 3.49449e-07 7.40443e-10 2.96888e-13 3.46897e-17 4.22615e-20 2.16007e-21 2.94114e-22 6.0717e-23 1.54692e-23 4.91719e-24 2.26732e-24 1.50459e-24 1.12198e-24 8.40408e-25 7.81746e-25 1.48535e-24 5.78456e-24 3.88927e-23 6.87849e-22 1.5037e-19 1.58456e-16 8.52198e-14 2.02644e-11 2.03603e-09 8.72735e-08 1.68607e-06 1.60517e-05 8.38285e-05 0.000263715 0.000522997 0.000663677 0.000569341 0.000365586 0.00019072 8.22257e-05 2.71378e-05 4.93928e-06 0 
0 0.000123584 2.13724e-05 3.27665e-07 6.64672e-10 2.52569e-13 2.77512e-17 4.02932e-20 2.17089e-21 3.01504e-22 6.23206e-23 1.55009e-23 4.40342e-24 1.50459e-24 6.891e-25 4.20956e-25 3.35304e-25 4.61029e-25 1.27616e-24 5.43198e-24 3.60634e-23 6.01142e-22 1.16751e-19 1.27878e-16 7.17735e-14 1.77169e-11 1.83762e-09 8.08649e-08 1.59527e-06 1.54317e-05 8.15449e-05 0.000258845 0.000517327 0.000660963 0.000569816 0.000366902 0.000191647 8.26657e-05 2.72877e-05 4.96687e-06 0 
0 0.000126522 2.31562e-05 3.88122e-07 8.89194e-10 3.92583e-13 5.12195e-17 4.14997e-20 1.8972e-21 2.50838e-22 5.17289e-23 1.29196e-23 3.60468e-24 1.12198e-24 4.20956e-25 2.19289e-25 1.97796e-25 3.78255e-25 1.23279e-24 5.52706e-24 3.97454e-23 8.08117e-22 2.32407e-19 2.28457e-16 1.13935e-13 2.53621e-11 2.40906e-09 9.85784e-08 1.83483e-06 1.69694e-05 8.66962e-05 0.000268215 0.000525088 0.000660192 0.000563334 0.000360865 0.000188095 8.10729e-05 2.67554e-05 4.86963e-06 0 
0 0.000133602 2.77616e-05 5.67797e-07 1.70666e-09 1.05298e-12 2.01605e-16 5.73211e-20 1.58749e-21 1.83613e-22 3.69623e-23 9.26236e-24 2.62273e-24 8.40408e-25 3.35304e-25 1.97796e-25 2.07251e-25 4.16406e-25 1.36292e-24 6.48249e-24 5.6448e-23 2.00473e-21 1.12343e-18 8.38146e-16 3.20996e-13 5.67063e-11 4.42421e-09 1.53878e-07 2.51518e-06 2.10459e-05 9.97477e-05 0.00029136 0.000544328 0.000659701 0.000549734 0.000347949 0.000180459 7.76406e-05 2.56074e-05 4.65981e-06 0 
0 0.000144459 3.61808e-05 9.90677e-07 4.43308e-09 4.46555e-12 1.49808e-15 3.00722e-19 2.21474e-21 1.66859e-22 2.75652e-23 6.48268e-24 1.93894e-24 7.81746e-25 4.61029e-25 3.78255e-25 4.16406e-25 6.98216e-25 2.03134e-24 1.09968e-23 1.49937e-22 1.68334e-20 1.15609e-17 5.63006e-15 1.46374e-12 1.84145e-10 1.07604e-08 2.94784e-07 3.98249e-06 2.87807e-05 0.000122183 0.000327798 0.000571246 0.000655971 0.000528293 0.000328729 0.000169294 7.26515e-05 2.39418e-05 4.35557e-06 0 
0 0.000158443 5.01353e-05 1.97417e-06 1.44989e-08 2.68868e-11 1.8107e-14 6.81982e-18 7.08424e-21 1.92748e-22 2.22181e-23 5.38251e-24 2.23924e-24 1.48535e-24 1.27616e-24 1.23279e-24 1.36292e-24 2.03134e-24 5.20271e-24 3.605e-23 1.4117e-21 4.8401e-19 2.10707e-16 6.00845e-14 9.63205e-12 7.92672e-10 3.2264e-08 6.55814e-07 6.98565e-06 4.20664e-05 0.000155649 0.000375133 0.000598988 0.000643937 0.000498134 0.000303948 0.000155289 6.64514e-05 2.1878e-05 3.97897e-06 0 
0 0.000174415 7.20877e-05 4.28553e-06 5.51817e-08 2.04368e-10 3.02961e-13 2.65207e-16 2.18186e-19 8.98613e-22 5.07102e-23 1.27461e-23 7.07694e-24 5.78455e-24 5.43198e-24 5.52705e-24 6.48249e-24 1.09968e-23 3.605e-23 6.11705e-22 9.00715e-20 2.46196e-17 5.61345e-15 8.71146e-13 8.04401e-11 4.07256e-09 1.0948e-07 1.58061e-06 1.2839e-05 6.28839e-05 0.000199178 0.000425163 0.000616035 0.000617546 0.000458679 0.000274583 0.000139228 5.94199e-05 1.95461e-05 3.55393e-06 0 
0 0.000190589 0.000104948 9.66717e-06 2.25875e-07 1.74394e-09 5.97481e-12 1.28162e-14 2.50825e-17 6.87052e-20 8.61584e-22 1.15854e-22 5.20234e-23 3.88927e-23 3.60634e-23 3.97454e-23 5.6448e-23 1.49937e-22 1.4117e-21 9.00715e-20 1.16678e-17 1.58594e-15 1.80695e-13 1.46092e-11 7.43193e-10 2.21419e-08 3.77092e-07 3.73766e-06 2.26444e-05 8.92723e-05 0.000241386 0.000457232 0.00060507 0.000570721 0.000410045 0.000241853 0.00012194 5.19412e-05 1.70756e-05 3.10418e-06 0 
0 0.000204541 0.000151163 2.16973e-05 9.2454e-07 1.49854e-08 1.19654e-10 6.34148e-13 3.08921e-15 1.92418e-17 2.12187e-19 7.08014e-21 1.31111e-21 6.87849e-22 6.01142e-22 8.08117e-22 2.00473e-21 1.68334e-20 4.8401e-19 2.46196e-17 1.58594e-15 1.04497e-13 5.86508e-12 2.41452e-10 6.53092e-09 1.08938e-07 1.11003e-06 7.20585e-06 3.1964e-05 0.000102926 0.000246387 0.000432622 0.000544807 0.000498899 0.000353279 0.000207161 0.000104242 4.43766e-05 1.45866e-05 2.6516e-06 0 
0 0.000213484 0.000210995 4.66909e-05 3.556e-06 1.18096e-07 2.13988e-09 2.72398e-11 3.20766e-13 4.61822e-15 1.05593e-16 4.80206e-18 5.19857e-19 1.5037e-19 1.16751e-19 2.32407e-19 1.12343e-18 1.15609e-17 2.10707e-16 5.61345e-15 1.80695e-13 5.86508e-12 1.62813e-10 3.34436e-09 4.5198e-08 3.7573e-07 1.96395e-06 7.3292e-06 2.30386e-05 6.60922e-05 0.000163752 0.000311695 0.000420231 0.000401423 0.000290496 0.000172007 8.689e-05 3.70431e-05 1.21821e-05 2.21488e-06 0 
0 0.000214838 0.000280315 9.35486e-05 1.22448e-05 7.9298e-07 3.08631e-08 8.90626e-10 2.39194e-11 7.52761e-13 3.44536e-14 2.76023e-15 4.4575e-16 1.58456e-16 1.27878e-16 2.28457e-16 8.38146e-16 5.63006e-15 6.00845e-14 8.71146e-13 1.46092e-11 2.41452e-10 3.34436e-09 3.26532e-08 1.87721e-07 5.61918e-07 9.5322e-07 1.36746e-06 2.78041e-06 9.56097e-06 4.01607e-05 0.000128949 0.000247401 0.000285534 0.000225139 0.000137937 7.05421e-05 3.0198e-05 9.94408e-06 1.8087e-06 0 
0 0.000206959 0.000349072 0.000170707 3.65097e-05 4.31006e-06 3.33972e-07 2.01752e-08 1.14146e-09 7.2834e-11 6.23985e-12 8.33582e-13 1.94595e-13 8.52198e-14 7.17735e-14 1.13935e-13 3.20996e-13 1.46374e-12 9.63205e-12 8.04401e-11 7.43193e-10 6.53092e-09 4.5198e-08 1.87721e-07 3.20484e-07 1.60696e-07 2.82841e-08 5.45944e-09 5.56422e-09 4.9432e-08 1.21926e-06 1.87595e-05 9.34936e-05 0.000170725 0.000162412 0.000106534 5.57377e-05 2.40319e-05 7.93076e-06 1.44342e-06 0 
0 0.00018978 0.000402295 0.000278998 9.24346e-05 1.84251e-05 2.59998e-06 2.99361e-07 3.2508e-08 3.85301e-09 5.71835e-10 1.19579e-10 3.85496e-11 2.02644e-11 1.77169e-11 2.53621e-11 5.67063e-11 1.84145e-10 7.92672e-10 4.07256e-09 2.21419e-08 1.08938e-07 3.7573e-07 5.61918e-07 1.60696e-07 3.66016e-09 8.58462e-12 2.62127e-14 7.24444e-15 8.86933e-13 1.24372e-09 5.65612e-07 1.95325e-05 8.34781e-05 0.000108893 7.9337e-05 4.28791e-05 1.86661e-05 6.17697e-06 1.1251e-06 0 
0 0.000165029 0.000424909 0.000402663 0.000196703 6.13945e-05 1.43662e-05 2.85095e-06 5.37704e-07 1.07805e-07 2.5525e-08 7.81464e-09 3.31566e-09 2.03603e-09 1.83762e-09 2.40906e-09 4.42421e-09 1.07604e-08 3.2264e-08 1.0948e-07 3.77092e-07 1.11003e-06 1.96395e-06 9.5322e-07 2.82841e-08 8.58462e-12 6.04282e-16 2.13449e-15 1.85801e-15 1.58151e-14 5.481e-14 4.40364e-09 2.59782e-06 3.58087e-05 6.97611e-05 5.74847e-05 3.21902e-05 1.4152e-05 4.69578e-06 8.55931e-07 0 
0 0.000135846 0.000408954 0.00050675 0.000349159 0.000160008 5.68877e-05 1.76186e-05 5.22005e-06 1.61112e-06 5.60265e-07 2.34868e-07 1.25007e-07 8.72735e-08 8.08649e-08 9.85784e-08 1.53878e-07 2.94784e-07 6.55814e-07 1.58061e-06 3.73766e-06 7.20585e-06 7.3292e-06 1.36746e-06 5.45944e-09 2.62127e-14 2.13449e-15 9.00324e-16 1.48925e-15 6.23474e-15 7.45935e-14 5.45099e-11 4.35157e-07 1.67633e-05 4.54838e-05 4.12041e-05 2.36683e-05 1.04748e-05 3.48164e-06 6.34902e-07 0 
0 0.000105884 0.00035846 0.000551358 0.000511745 0.000327537 0.000164949 7.30618e-05 3.09757e-05 1.34562e-05 6.34967e-06 3.41844e-06 2.17995e-06 1.68607e-06 1.59527e-06 1.83483e-06 2.51518e-06 3.98249e-06 6.98565e-06 1.2839e-05 2.26444e-05 3.1964e-05 2.30386e-05 2.78041e-06 5.56422e-09 7.24444e-15 1.85801e-15 1.48925e-15 4.32206e-15 1.73447e-14 2.2981e-13 1.44042e-11 2.2626e-07 1.11063e-05 3.22636e-05 2.9674e-05 1.70905e-05 7.56599e-06 2.51474e-06 4.58567e-07 0 
0 7.82938e-05 0.000287563 0.000518899 0.000613444 0.00052422 0.000355896 0.000211342 0.000118869 6.7272e-05 4.01368e-05 2.61829e-05 1.91835e-05 1.60517e-05 1.54317e-05 1.69694e-05 2.10459e-05 2.87807e-05 4.20664e-05 6.28839e-05 8.92723e-05 0.000102926 6.60922e-05 9.56097e-06 4.9432e-08 8.86933e-13 1.58151e-14 6.23474e-15 1.73447e-14 3.60073e-15 2.73158e-15 1.95903e-10 4.76707e-07 1.11824e-05 2.52826e-05 2.15109e-05 1.21063e-05 5.32392e-06 1.76619e-06 3.21896e-07 0 
0 5.50638e-05 0.000213022 0.000427601 0.000603064 0.000650905 0.00057102 0.00043572 0.000309191 0.000215619 0.000154043 0.000116191 9.44703e-05 8.38285e-05 8.15449e-05 8.66962e-05 9.97477e-05 0.000122183 0.000155649 0.000199178 0.000241386 0.000246387 0.000163752 4.01607e-05 1.21926e-06 1.24372e-09 5.481e-14 7.45935e-14 2.2981e-13 2.73158e-15 3.7738e-12 1.73899e-08 2.07354e-06 1.40644e-05 2.07446e-05 1.54551e-05 8.3647e-06 3.63757e-06 1.20295e-06 2.1905e-07 0 
0 3.69074e-05 0.000147174 0.00031489 0.000497215 0.000633104 0.000679185 0.000639817 0.000553899 0.000460356 0.000380888 0.000322309 0.000284111 0.000263715 0.000258845 0.000268215 0.00029136 0.000327798 0.000375133 0.000425163 0.000457232 0.000432622 0.000311695 0.000128949 1.87595e-05 5.65612e-07 4.40364e-09 5.45099e-11 1.44042e-11 1.95903e-10 1.73899e-08 8.31457e-07 7.52149e-06 1.67309e-05 1.64673e-05 1.07535e-05 5.58991e-06 2.40209e-06 7.91641e-07 1.44011e-07 0 
0 2.35785e-05 9.556e-05 0.000211623 0.000356034 0.000500921 0.000614371 0.000675709 0.000685119 0.000658872 0.000617125 0.000575413 0.000542709 0.000522997 0.000517327 0.000525088 0.000544328 0.000571246 0.000598988 0.000616035 0.00060507 0.000544807 0.000420231 0.000247401 9.34936e-05 1.95325e-05 2.59782e-06 4.35157e-07 2.2626e-07 4.76707e-07 2.07354e-06 7.52149e-06 1.46944e-05 1.60765e-05 1.19952e-05 7.11131e-06 3.58223e-06 1.52438e-06 5.009e-07 9.10414e-08 0 
0 1.43152e-05 5.84833e-05 0.00013172 0.000228724 0.000338935 0.000447779 0.000540681 0.00060816 0.000648561 0.000666794 0.000670727 0.000667883 0.000663677 0.000660963 0.000660192 0.000659701 0.000655971 0.000643937 0.000617546 0.000570721 0.000498899 0.000401423 0.000285534 0.000170725 8.34781e-05 3.58087e-05 1.67633e-05 1.11063e-05 1.11824e-05 1.40644e-05 1.67309e-05 1.60765e-05 1.2317e-05 7.89964e-06 4.42275e-06 2.18378e-06 9.23153e-07 3.02702e-07 5.4982e-08 0 
0 8.2e-06 3.36233e-05 7.63074e-05 0.000134402 0.000203951 0.000279117 0.000353101 0.000419632 0.000474397 0.000515686 0.000544037 0.000561249 0.000569341 0.000569816 0.000563334 0.000549734 0.000528293 0.000498134 0.000458679 0.000410045 0.000353279 0.000290496 0.000225139 0.000162412 0.000108893 6.97611e-05 4.54838e-05 3.22636e-05 2.52826e-05 2.07446e-05 1.64673e-05 1.19952e-05 7.89964e-06 4.72322e-06 2.56911e-06 1.25478e-06 5.28395e-07 1.73035e-07 3.14163e-08 0 
0 4.37191e-06 1.79548e-05 4.08784e-05 7.24249e-05 0.000110988 0.000154154 0.000198958 0.000242293 0.000281387 0.000314161 0.000339368 0.000356505 0.000365586 0.000366902 0.000360865 0.000347949 0.000328729 0.000303948 0.000274583 0.000241853 0.000207161 0.000172007 0.000137937 0.000106534 7.9337e-05 5.74847e-05 4.12041e-05 2.9674e-05 2.15109e-05 1.54551e-05 1.07535e-05 7.11131e-06 4.42275e-06 2.56911e-06 1.37952e-06 6.70242e-07 2.8168e-07 9.21768e-08 1.67315e-08 0 
0 2.11718e-06 8.70055e-06 1.98338e-05 3.52199e-05 5.4176e-05 7.56722e-05 9.84198e-05 0.000121004 0.000142039 0.000160311 0.000174878 0.000185119 0.00019072 0.000191647 0.000188095 0.000180459 0.000169294 0.000155289 0.000139228 0.00012194 0.000104242 8.689e-05 7.05421e-05 5.57377e-05 4.28791e-05 3.21902e-05 2.36683e-05 1.70905e-05 1.21063e-05 8.3647e-06 5.58991e-06 3.58223e-06 2.18378e-06 1.25478e-06 6.70242e-07 3.24891e-07 1.36413e-07 4.46238e-08 8.09885e-09 0 
0 8.88551e-07 3.65239e-06 8.32994e-06 1.48042e-05 2.2803e-05 3.19149e-05 4.16223e-05 5.1347e-05 6.0504e-05 6.8555e-05 7.50526e-05 7.96719e-05 8.22257e-05 8.26657e-05 8.10729e-05 7.76406e-05 7.26515e-05 6.64514e-05 5.94199e-05 5.19412e-05 4.43766e-05 3.70431e-05 3.0198e-05 2.40319e-05 1.86661e-05 1.4152e-05 1.04748e-05 7.56599e-06 5.32392e-06 3.63757e-06 2.40209e-06 1.52438e-06 9.23153e-07 5.28395e-07 2.8168e-07 1.36413e-07 5.72533e-08 1.87258e-08 3.39835e-09 0 
0 2.90608e-07 1.19466e-06 2.72509e-06 4.84454e-06 7.46552e-06 1.04558e-05 1.36486e-05 1.68565e-05 1.9888e-05 2.25639e-05 2.47321e-05 2.62793e-05 2.71378e-05 2.72877e-05 2.67554e-05 2.56074e-05 2.39418e-05 2.1878e-05 1.95461e-05 1.70756e-05 1.45866e-05 1.21821e-05 9.94408e-06 7.93076e-06 6.17697e-06 4.69578e-06 3.48164e-06 2.51474e-06 1.76619e-06 1.20295e-06 7.91641e-07 5.009e-07 3.02702e-07 1.73035e-07 9.21768e-08 4.46238e-08 1.87258e-08 6.12418e-09 1.11139e-09 0 
0 5.27388e-08 2.1681e-07 4.94588e-07 8.79343e-07 1.35529e-06 1.89857e-06 2.47904e-06 3.06281e-06 3.6151e-06 4.10321e-06 4.49921e-06 4.78213e-06 4.93928e-06 4.96687e-06 4.86963e-06 4.65981e-06 4.35557e-06 3.97897e-06 3.55393e-06 3.10418e-06 2.6516e-06 2.21488e-06 1.8087e-06 1.44342e-06 1.1251e-06 8.55931e-07 6.34902e-07 4.58567e-07 3.21896e-07 2.1905e-07 1.44011e-07 9.10414e-08 5.4982e-08 3.14163e-08 1.67315e-08 8.09885e-09 3.39835e-09 1.11139e-09 2.01686e-10 0 
0 0 0 0 0 0 0 0 0 0 0 0 0 0 0 0 0 0 0 0 0 0 0 0 0 0 0 0 0 0 0 0 0 0 0 0 0 0 0 0 0 
