0 0 0 0 0 0 0 0 0 0 0 0 0 0 0 0 0 0 0 0 0 0 0 0 0 0 0 0 0 0 0 0 0 0 0 0 0 0 0 0 0 
0 1.3189e-05 5.13895e-05 0.000106434 0.00016272 0.000204116 0.000222721 0.000220823 0.00020611 0.00018639 0.000167121 0.000151259 0.000140021 0.000133689 0.000132156 0.000135196 0.000142534 0.000153759 0.00016815 0.000184469 0.000200808 0.000214612 0.00022299 0.000223313 0.000213997 0.000195144 0.000168728 0.000138128 0.000107131 7.88958e-05 5.53199e-05 3.70037e-05 2.36106e-05 1.43247e-05 8.20249e-06 4.37248e-06 2.1173e-06 8.8857e-07 2.90611e-07 5.27389e-08 0 
0 5.13895e-05 0.000185602 0.000332581 0.000404339 0.000373759 0.000285875 0.000194662 0.000125372 8.02413e-05 5.31543e-05 3.76607e-05 2.92494e-05 2.52913e-05 2.44964e-05 2.64978e-05 3.16592e-05 4.10589e-05 5.65559e-05 8.07796e-05 0.000116777 0.000166982 0.000231323 0.00030484 0.000376191 0.000429102 0.000448039 0.000426033 0.00036912 0.000293169 0.000215521 0.000148128 9.5876e-05 5.85749e-05 3.36467e-05 1.79601e-05 8.70156e-06 3.65256e-06 1.19468e-06 2.16812e-07 0 
0 0.000106434 0.000332581 0.00045386 0.00036821 0.000207136 9.18965e-05 3.56307e-05 1.31426e-05 4.97571e-06 2.0708e-06 1.00443e-06 5.93731e-07 4.39924e-07 4.1287e-07 4.87451e-07 7.08139e-07 1.22319e-06 2.40782e-06 5.15648e-06 1.14707e-05 2.53992e-05 5.3976e-05 0.000106915 0.000192986 0.00031177 0.000443751 0.000549017 0.000585927 0.000541058 0.000438813 0.000319473 0.00021318 0.000132171 7.64206e-05 4.09031e-05 1.98384e-05 8.33066e-06 2.72518e-06 4.94593e-07 0 
0 0.00016272 0.000404339 0.00036821 0.000172834 5.13672e-05 1.12818e-05 2.07814e-06 3.62244e-07 6.72824e-08 1.48764e-08 4.30616e-09 1.75476e-09 1.0535e-09 9.4722e-10 1.26015e-09 2.38981e-09 6.101e-09 1.9534e-08 7.25976e-08 2.89883e-07 1.15793e-06 4.3537e-06 1.46949e-05 4.30852e-05 0.000107552 0.000225812 0.000394451 0.000565963 0.000661179 0.000633485 0.000511567 0.000361284 0.000230286 0.000134793 7.25092e-05 3.52354e-05 1.48066e-05 4.84481e-06 8.79359e-07 0 
0 0.000204116 0.000373759 0.000207136 5.13672e-05 7.17411e-06 6.70311e-07 4.94234e-08 3.41802e-09 2.63852e-10 2.6761e-11 4.10177e-12 1.05716e-12 4.89792e-13 4.17727e-13 6.43806e-13 1.69545e-12 7.00303e-12 4.08212e-11 2.99231e-10 2.45801e-09 2.03347e-08 1.54581e-07 1.00477e-06 5.31199e-06 2.22097e-05 7.27372e-05 0.000186716 0.000375356 0.00058567 0.000704618 0.000664783 0.000514135 0.000343121 0.000205022 0.000111218 5.42176e-05 2.28092e-05 7.46622e-06 1.35533e-06 0 
0 0.000222721 0.000285875 9.18965e-05 1.12818e-05 6.70311e-07 2.35869e-08 6.107e-10 1.47001e-11 4.16806e-13 1.73792e-14 1.28925e-15 1.96841e-16 6.77988e-17 5.44316e-17 9.92684e-17 3.80576e-16 2.72366e-15 3.14536e-14 5.0027e-13 9.35587e-12 1.77678e-10 3.01999e-09 4.15692e-08 4.31807e-07 3.25016e-06 1.74991e-05 6.79769e-05 0.00019386 0.000409534 0.000637191 0.000730755 0.000640248 0.000456838 0.000281536 0.000154678 7.57666e-05 3.19288e-05 1.04573e-05 1.89866e-06 0 
0 0.000220823 0.000194662 3.56307e-05 2.07814e-06 4.94234e-08 6.107e-10 5.15908e-12 4.01693e-14 3.90155e-16 6.29471e-18 2.42984e-19 4.55528e-20 2.79754e-20 2.55089e-20 3.06055e-20 6.88603e-20 5.89928e-19 1.36596e-17 4.97648e-16 2.24341e-14 1.03587e-12 4.16378e-11 1.28027e-09 2.74608e-08 3.89055e-07 3.57162e-06 2.14855e-05 8.73852e-05 0.000248183 0.00049841 0.000705236 0.000716546 0.000556976 0.000357737 0.000199985 9.86053e-05 4.16494e-05 1.36515e-05 2.47922e-06 0 
0 0.00020611 0.000125372 1.31426e-05 3.62244e-07 3.41802e-09 1.47001e-11 4.01693e-14 1.00258e-16 3.38784e-19 5.874e-21 1.27952e-21 7.11481e-22 6.79625e-22 6.6809e-22 6.23586e-22 7.13767e-22 1.56684e-21 9.11944e-21 4.53822e-19 4.91028e-17 5.5507e-15 5.31e-13 3.67014e-11 1.63632e-09 4.39559e-08 6.93245e-07 6.49195e-06 3.75663e-05 0.000141466 0.000359889 0.000623135 0.000739216 0.000633201 0.000427336 0.000244057 0.000121325 5.13938e-05 1.68615e-05 3.06311e-06 0 
0 0.00018639 8.02413e-05 4.97571e-06 6.72824e-08 2.63852e-10 4.16806e-13 3.90155e-16 3.38784e-19 1.36397e-21 1.16549e-22 7.01853e-23 5.95756e-23 6.40263e-23 6.42554e-23 5.64252e-23 5.19685e-23 6.00407e-23 1.00119e-22 1.14387e-21 1.45187e-19 3.78339e-17 8.24082e-15 1.22812e-12 1.0965e-10 5.41036e-09 1.42895e-07 2.042e-06 1.65203e-05 8.08099e-05 0.000253828 0.000525865 0.000721789 0.000682377 0.000485721 0.000284083 0.000142536 6.05766e-05 1.98958e-05 3.61555e-06 0 
0 0.000167121 5.31543e-05 2.0708e-06 1.48764e-08 2.6761e-11 1.73792e-14 6.29471e-18 5.874e-21 1.16549e-22 1.56963e-23 9.75488e-24 9.62407e-24 1.0662e-23 1.07328e-23 9.31147e-24 7.723e-24 6.52987e-24 6.97178e-24 3.05743e-23 1.26153e-21 4.47211e-19 2.01318e-16 5.93241e-14 9.80713e-12 8.30211e-10 3.46809e-08 7.22371e-07 7.88043e-06 4.85526e-05 0.000182638 0.000439636 0.000684216 0.000708075 0.000530693 0.000317879 0.000161007 6.86569e-05 2.25748e-05 4.10384e-06 0 
0 0.000151259 3.76607e-05 1.00443e-06 4.30616e-09 4.10177e-12 1.28925e-15 2.42984e-19 1.27952e-21 7.01853e-23 9.75488e-24 3.10045e-24 2.25232e-24 2.30326e-24 2.27607e-24 1.96401e-24 1.54885e-24 1.1809e-24 1.30125e-24 5.4574e-24 9.68632e-23 1.32917e-20 9.65658e-18 4.96372e-15 1.35627e-12 1.78336e-10 1.08326e-08 3.07094e-07 4.28024e-06 3.18388e-05 0.000138366 0.000374458 0.000643444 0.00071747 0.000562274 0.000344053 0.000175769 7.51835e-05 2.47461e-05 4.50002e-06 0 
0 0.000140021 2.92494e-05 5.93731e-07 1.75476e-09 1.05716e-12 1.96841e-16 4.55528e-20 7.11482e-22 5.95756e-23 9.62408e-24 2.25232e-24 8.8436e-25 6.30802e-25 5.5988e-25 4.71429e-25 3.66763e-25 3.04183e-25 5.12941e-25 2.51728e-24 2.95928e-23 1.65095e-21 1.07926e-18 8.26552e-16 3.24398e-13 5.8584e-11 4.66114e-09 1.65063e-07 2.74642e-06 2.34071e-05 0.00011277 0.00033127 0.000610114 0.00071801 0.000581871 0.000361954 0.000186168 7.98267e-05 2.62959e-05 4.78308e-06 0 
0 0.000133689 2.52913e-05 4.39924e-07 1.0535e-09 4.89792e-13 6.77988e-17 2.79754e-20 6.79625e-22 6.40264e-23 1.0662e-23 2.30326e-24 6.30802e-25 2.59624e-25 1.66418e-25 1.27104e-25 1.0341e-25 1.22496e-25 3.46724e-25 1.86213e-24 1.88339e-23 6.91546e-22 3.13292e-19 2.9868e-16 1.43899e-13 3.11005e-11 2.88306e-09 1.15812e-07 2.13051e-06 1.96131e-05 0.000100138 0.000307898 0.00058941 0.000715351 0.000591278 0.000371483 0.000191865 8.23951e-05 2.71559e-05 4.94032e-06 0 
0 0.000132156 2.44964e-05 4.1287e-07 9.4722e-10 4.17727e-13 5.44316e-17 2.55089e-20 6.6809e-22 6.42554e-23 1.07328e-23 2.27607e-24 5.59881e-25 1.66418e-25 6.92226e-26 4.26083e-26 4.04762e-26 8.07174e-26 3.08111e-25 1.72224e-24 1.70489e-23 5.82689e-22 2.42411e-19 2.41419e-16 1.21314e-13 2.72055e-11 2.60253e-09 1.07288e-07 2.01474e-06 1.88406e-05 9.73251e-05 0.000302028 0.000582969 0.000712605 0.000591925 0.000372876 0.00019281 8.2838e-05 2.73062e-05 4.96793e-06 0 
0 0.000135196 2.64978e-05 4.87451e-07 1.26015e-09 6.43806e-13 9.92684e-17 3.06055e-20 6.23586e-22 5.64252e-23 9.31148e-24 1.96401e-24 4.7143e-25 1.27104e-25 4.26083e-26 2.27719e-26 2.73e-26 7.45257e-26 3.15668e-25 1.85765e-24 2.02165e-23 8.82361e-22 4.82474e-19 4.25817e-16 1.90571e-13 3.86159e-11 3.38879e-09 1.30099e-07 2.30795e-06 2.06547e-05 0.000103213 0.000312186 0.000590229 0.00071035 0.000584514 0.00036655 0.000189199 8.12365e-05 2.67731e-05 4.87064e-06 0 
0 0.000142534 3.16592e-05 7.08139e-07 2.38981e-09 1.69545e-12 3.80576e-16 6.88603e-20 7.13767e-22 5.19685e-23 7.72301e-24 1.54885e-24 3.66763e-25 1.0341e-25 4.04762e-26 2.73e-26 3.57068e-26 9.13151e-26 3.8745e-25 2.57849e-24 3.72877e-23 3.01976e-21 2.28711e-18 1.52252e-15 5.258e-13 8.49027e-11 6.1418e-09 2.01039e-07 3.14032e-06 2.54796e-05 0.000118239 0.000337589 0.000608824 0.0007069 0.00056901 0.000353036 0.00018144 7.77858e-05 2.5623e-05 4.66071e-06 0 
0 0.000153759 4.10589e-05 1.22319e-06 6.101e-09 7.00303e-12 2.72366e-15 5.89928e-19 1.56684e-21 6.00407e-23 6.52987e-24 1.1809e-24 3.04183e-25 1.22496e-25 8.07174e-26 7.45257e-26 9.1315e-26 1.75607e-25 6.62658e-25 5.44669e-24 1.51999e-22 3.41878e-20 2.25613e-17 9.85963e-15 2.32717e-12 2.6917e-10 1.46581e-08 3.79602e-07 4.91958e-06 3.45731e-05 0.000143889 0.000377142 0.000634125 0.000698653 0.000544903 0.000333007 0.000170111 7.27723e-05 2.39548e-05 4.35632e-06 0 
0 0.00016815 5.65559e-05 2.40782e-06 1.9534e-08 4.08212e-11 3.14536e-14 1.36596e-17 9.11944e-21 1.00119e-22 6.97178e-24 1.30125e-24 5.1294e-25 3.46724e-25 3.08111e-25 3.15667e-25 3.8745e-25 6.62658e-25 2.43525e-24 3.05451e-23 2.49655e-21 9.92955e-19 3.89413e-16 1.00587e-13 1.47579e-11 1.12451e-09 4.29188e-08 8.29124e-07 8.51057e-06 4.99977e-05 0.000181566 0.00042722 0.000658144 0.00068058 0.00051161 0.000307325 0.000155928 6.65456e-05 2.18882e-05 3.97956e-06 0 
0 0.000184469 8.07796e-05 5.15648e-06 7.25976e-08 2.99231e-10 5.0027e-13 4.97648e-16 4.53822e-19 1.14387e-21 3.05743e-23 5.4574e-24 2.51728e-24 1.86213e-24 1.72224e-24 1.85765e-24 2.57849e-24 5.44668e-24 3.05451e-23 1.03009e-21 1.88591e-19 4.71206e-17 9.7597e-15 1.38585e-12 1.18153e-10 5.58165e-09 1.41651e-07 1.95494e-06 1.5374e-05 7.36822e-05 0.000229227 0.000477464 0.000668288 0.000646963 0.000468914 0.000277085 0.000139697 5.94892e-05 1.95536e-05 3.55437e-06 0 
0 0.000200808 0.000116777 1.14707e-05 2.89883e-07 2.45801e-09 9.35587e-12 2.24341e-14 4.91028e-17 1.45187e-19 1.26153e-21 9.68632e-23 2.95928e-23 1.88339e-23 1.70489e-23 2.02165e-23 3.72877e-23 1.51999e-22 2.49655e-21 1.8859e-19 2.26039e-17 2.81306e-15 2.945e-13 2.20084e-11 1.04311e-09 2.92292e-08 4.73178e-07 4.5089e-06 2.65573e-05 0.00010267 0.00027277 0.000504447 0.000646957 0.000592482 0.000417301 0.000243598 0.000122266 5.19895e-05 1.70809e-05 3.10449e-06 0 
0 0.000214612 0.000166982 2.53992e-05 1.15793e-06 2.03347e-08 1.77678e-10 1.03587e-12 5.5507e-15 3.78339e-17 4.47211e-19 1.32917e-20 1.65095e-21 6.91546e-22 5.82689e-22 8.82361e-22 3.01976e-21 3.41878e-20 9.92955e-19 4.71206e-17 2.81306e-15 1.7174e-13 8.95396e-12 3.4411e-10 8.7499e-09 1.38385e-07 1.34977e-06 8.46934e-06 3.66399e-05 0.000115804 0.000272433 0.000468034 0.000574193 0.000513614 0.000358115 0.000208321 0.00010446 4.44091e-05 1.45901e-05 2.65181e-06 0 
0 0.00022299 0.000231323 5.3976e-05 4.3537e-06 1.54581e-07 3.01999e-09 4.16378e-11 5.31e-13 8.24082e-15 2.01318e-16 9.65658e-18 1.07926e-18 3.13292e-19 2.42411e-19 4.82474e-19 2.28711e-18 2.25613e-17 3.89413e-16 9.7597e-15 2.945e-13 8.95396e-12 2.33262e-10 4.5163e-09 5.79167e-08 4.60732e-07 2.32537e-06 8.444e-06 2.59619e-05 7.30588e-05 0.000177716 0.000331648 0.000437793 0.000410629 0.000293611 0.000172767 8.70344e-05 3.70648e-05 1.21845e-05 2.21502e-06 0 
0 0.000223313 0.00030484 0.000106915 1.46949e-05 1.00477e-06 4.15692e-08 1.28027e-09 3.67014e-11 1.22812e-12 5.93241e-14 4.96372e-15 8.26552e-16 2.9868e-16 2.41419e-16 4.25817e-16 1.52252e-15 9.85963e-15 1.00587e-13 1.38585e-12 2.20084e-11 3.4411e-10 4.5163e-09 4.19775e-08 2.31616e-07 6.72857e-07 1.11997e-06 1.585e-06 3.16894e-06 1.06407e-05 4.35244e-05 0.000136387 0.000256305 0.000291095 0.000227182 0.000138453 7.06411e-05 3.02129e-05 9.94573e-06 1.8088e-06 0 
0 0.000213997 0.000376191 0.000192986 4.30852e-05 5.31199e-06 4.31807e-07 2.74608e-08 1.63632e-09 1.0965e-10 9.80713e-12 1.35627e-12 3.24398e-13 1.43899e-13 1.21314e-13 1.90571e-13 5.258e-13 2.32717e-12 1.47579e-11 1.18153e-10 1.04311e-09 8.7499e-09 5.79167e-08 2.31616e-07 3.86018e-07 1.92896e-07 3.45072e-08 6.78925e-09 6.88186e-09 5.86939e-08 1.37062e-06 2.0126e-05 9.72031e-05 0.000174113 0.00016385 0.000106912 5.58104e-05 2.40428e-05 7.93195e-06 1.44349e-06 0 
0 0.000195144 0.000429102 0.00031177 0.000107552 2.22097e-05 3.25016e-06 3.89055e-07 4.39559e-08 5.41036e-09 8.30211e-10 1.78336e-10 5.8584e-11 3.11005e-11 2.72055e-11 3.86159e-11 8.49027e-11 2.6917e-10 1.12451e-09 5.58165e-09 2.92292e-08 1.38385e-07 4.60732e-07 6.72857e-07 1.92896e-07 4.59144e-09 1.16918e-11 4.09935e-14 1.12836e-14 1.24684e-12 1.53456e-09 6.33243e-07 2.06116e-05 8.54983e-05 0.000109971 7.96343e-05 4.29359e-05 1.86744e-05 6.17786e-06 1.12515e-06 0 
0 0.000168728 0.000448039 0.000443751 0.000225812 7.27372e-05 1.74991e-05 3.57162e-06 6.93245e-07 1.42895e-07 3.46809e-08 1.08326e-08 4.66114e-09 2.88306e-09 2.60253e-09 3.38879e-09 6.1418e-09 1.46581e-08 4.29188e-08 1.41651e-07 4.73178e-07 1.34977e-06 2.32537e-06 1.11997e-06 3.45072e-08 1.16918e-11 3.1703e-16 2.33813e-15 1.42531e-15 8.53348e-15 7.89394e-14 5.27241e-09 2.80762e-06 3.6929e-05 7.05747e-05 5.77222e-05 3.22351e-05 1.41584e-05 4.69645e-06 8.55969e-07 0 
0 0.000138128 0.000426033 0.000549017 0.000394451 0.000186716 6.79769e-05 2.14855e-05 6.49195e-06 2.042e-06 7.22371e-07 3.07094e-07 1.65063e-07 1.15812e-07 1.07288e-07 1.30099e-07 2.01039e-07 3.79602e-07 8.29124e-07 1.95494e-06 4.5089e-06 8.46934e-06 8.444e-06 1.585e-06 6.78925e-09 4.09935e-14 2.33813e-15 6.25438e-16 5.39717e-16 1.67773e-15 1.97693e-14 6.96535e-11 4.80713e-07 1.73919e-05 4.60772e-05 4.13849e-05 2.3702e-05 1.04795e-05 3.48213e-06 6.34929e-07 0 
0 0.000107131 0.00036912 0.000585927 0.000565963 0.000375356 0.00019386 8.73852e-05 3.75663e-05 1.65203e-05 7.88043e-06 4.28024e-06 2.74642e-06 2.13051e-06 2.01474e-06 2.30795e-06 3.14032e-06 4.91958e-06 8.51057e-06 1.5374e-05 2.65573e-05 3.66399e-05 2.59619e-05 3.16894e-06 6.88186e-09 1.12836e-14 1.42531e-15 5.39717e-16 1.40296e-15 6.62851e-15 1.19234e-13 1.89536e-11 2.51149e-07 1.1532e-05 3.26807e-05 2.97995e-05 1.71135e-05 7.56917e-06 2.51507e-06 4.58585e-07 0 
0 7.88958e-05 0.000293169 0.000541058 0.000661179 0.00058567 0.000409534 0.000248183 0.000141466 8.08099e-05 4.85526e-05 3.18388e-05 2.34071e-05 1.96131e-05 1.88406e-05 2.06547e-05 2.54796e-05 3.45731e-05 4.99977e-05 7.36822e-05 0.00010267 0.000115804 7.30588e-05 1.06407e-05 5.86939e-08 1.24684e-12 8.53348e-15 1.67773e-15 6.62851e-15 1.08192e-15 7.28834e-16 2.42279e-10 5.20064e-07 1.15438e-05 2.55599e-05 2.15881e-05 1.21202e-05 5.32582e-06 1.76639e-06 3.21907e-07 0 
0 5.53199e-05 0.000215521 0.000438813 0.000633485 0.000704618 0.000637191 0.00049841 0.000359889 0.000253828 0.000182638 0.000138366 0.00011277 0.000100138 9.73251e-05 0.000103213 0.000118239 0.000143889 0.000181566 0.000229227 0.00027277 0.000272433 0.000177716 4.35244e-05 1.37062e-06 1.53456e-09 7.89394e-14 1.97693e-14 1.19234e-13 7.28834e-16 4.93781e-12 1.99455e-08 2.1986e-06 1.43814e-05 2.09087e-05 1.54961e-05 8.37191e-06 3.63857e-06 1.20305e-06 2.19056e-07 0 
0 3.70037e-05 0.000148128 0.000319473 0.000511567 0.000664783 0.000730755 0.000705236 0.000623135 0.000525865 0.000439636 0.000374458 0.00033127 0.000307898 0.000302028 0.000312186 0.000337589 0.000377142 0.00042722 0.000477464 0.000504447 0.000468034 0.000331648 0.000136387 2.0126e-05 6.33243e-07 5.27241e-09 6.96535e-11 1.89536e-11 2.42279e-10 1.99455e-08 8.93974e-07 7.77197e-06 1.69531e-05 1.65481e-05 1.07719e-05 5.59313e-06 2.40254e-06 7.91688e-07 1.44014e-07 0 
0 2.36106e-05 9.5876e-05 0.00021318 0.000361284 0.000514135 0.000640248 0.000716546 0.000739216 0.000721789 0.000684216 0.000643444 0.000610114 0.00058941 0.000582969 0.000590229 0.000608824 0.000634125 0.000658144 0.000668288 0.000646957 0.000574193 0.000437793 0.000256305 9.72031e-05 2.06116e-05 2.80762e-06 4.80713e-07 2.51149e-07 5.20064e-07 2.1986e-06 7.77197e-06 1.49282e-05 1.61857e-05 1.20272e-05 7.1183e-06 3.58347e-06 1.52456e-06 5.00919e-07 9.10426e-08 0 
0 1.43247e-05 5.85749e-05 0.000132171 0.000230286 0.000343121 0.000456838 0.000556976 0.000633201 0.000682377 0.000708075 0.00071747 0.00071801 0.000715351 0.000712605 0.00071035 0.0007069 0.000698653 0.00068058 0.000646963 0.000592482 0.000513614 0.000410629 0.000291095 0.000174113 8.54983e-05 3.6929e-05 1.73919e-05 1.1532e-05 1.15438e-05 1.43814e-05 1.69531e-05 1.61857e-05 1.23553e-05 7.90989e-06 4.42498e-06 2.18419e-06 9.23214e-07 3.02709e-07 5.49824e-08 0 
0 8.20249e-06 3.36467e-05 7.64206e-05 0.000134793 0.000205022 0.000281536 0.000357737 0.000427336 0.000485721 0.000530693 0.000562274 0.000581871 0.000591278 0.000591925 0.000584514 0.00056901 0.000544903 0.00051161 0.000468914 0.000417301 0.000358115 0.000293611 0.000227182 0.00016385 0.000109971 7.05747e-05 4.60772e-05 3.26807e-05 2.55599e-05 2.09087e-05 1.65481e-05 1.20272e-05 7.90989e-06 4.72594e-06 2.56972e-06 1.2549e-06 5.28413e-07 1.73037e-07 3.14164e-08 0 
0 4.37248e-06 1.79601e-05 4.09031e-05 7.25092e-05 0.000111218 0.000154678 0.000199985 0.000244057 0.000284083 0.000317879 0.000344053 0.000361954 0.000371483 0.000372876 0.00036655 0.000353036 0.000333007 0.000307325 0.000277085 0.000243598 0.000208321 0.000172767 0.000138453 0.000106912 7.96343e-05 5.77222e-05 4.13849e-05 2.97995e-05 2.15881e-05 1.54961e-05 1.07719e-05 7.1183e-06 4.42498e-06 2.56972e-06 1.37966e-06 6.70271e-07 2.81685e-07 9.21774e-08 1.67315e-08 0 
0 2.1173e-06 8.70156e-06 1.98384e-05 3.52354e-05 5.42176e-05 7.57666e-05 9.86053e-05 0.000121325 0.000142536 0.000161007 0.000175769 0.000186168 0.000191865 0.00019281 0.000189199 0.00018144 0.000170111 0.000155928 0.000139697 0.000122266 0.00010446 8.70344e-05 7.06411e-05 5.58104e-05 4.29359e-05 3.22351e-05 2.3702e-05 1.71135e-05 1.21202e-05 8.37191e-06 5.59313e-06 3.58347e-06 2.18419e-06 1.2549e-06 6.70271e-07 3.24897e-07 1.36414e-07 4.4624e-08 8.09886e-09 0 
0 8.8857e-07 3.65256e-06 8.33066e-06 1.48066e-05 2.28092e-05 3.19288e-05 4.16494e-05 5.13938e-05 6.05766e-05 6.86569e-05 7.51835e-05 7.98267e-05 8.23951e-05 8.2838e-05 8.12365e-05 7.77858e-05 7.27723e-05 6.65456e-05 5.94892e-05 5.19895e-05 4.44091e-05 3.70648e-05 3.02129e-05 2.40428e-05 1.86744e-05 1.41584e-05 1.04795e-05 7.56917e-06 5.32582e-06 3.63857e-06 2.40254e-06 1.52456e-06 9.23214e-07 5.28413e-07 2.81685e-07 1.36414e-07 5.72535e-08 1.87258e-08 3.39836e-09 0 
0 2.90611e-07 1.19468e-06 2.72518e-06 4.84481e-06 7.46622e-06 1.04573e-05 1.36515e-05 1.68615e-05 1.98958e-05 2.25748e-05 2.47461e-05 2.62959e-05 2.71559e-05 2.73062e-05 2.67731e-05 2.5623e-05 2.39548e-05 2.18882e-05 1.95536e-05 1.70809e-05 1.45901e-05 1.21845e-05 9.94573e-06 7.93195e-06 6.17786e-06 4.69645e-06 3.48213e-06 2.51507e-06 1.76639e-06 1.20305e-06 7.91688e-07 5.00919e-07 3.02709e-07 1.73037e-07 9.21774e-08 4.4624e-08 1.87258e-08 6.12419e-09 1.11139e-09 0 
0 5.27389e-08 2.16812e-07 4.94593e-07 8.79359e-07 1.35533e-06 1.89866e-06 2.47922e-06 3.06311e-06 3.61555e-06 4.10384e-06 4.50002e-06 4.78308e-06 4.94032e-06 4.96793e-06 4.87064e-06 4.66071e-06 4.35632e-06 3.97956e-06 3.55437e-06 3.10449e-06 2.65181e-06 2.21502e-06 1.8088e-06 1.44349e-06 1.12515e-06 8.55969e-07 6.34929e-07 4.58585e-07 3.21907e-07 2.19056e-07 1.44014e-07 9.10426e-08 5.49824e-08 3.14164e-08 1.67315e-08 8.09886e-09 3.39836e-09 1.11139e-09 2.01686e-10 0 
0 0 0 0 0 0 0 0 0 0 0 0 0 0 0 0 0 0 0 0 0 0 0 0 0 0 0 0 0 0 0 0 0 0 0 0 0 0 0 0 0 
