0 0 0 0 0 0 0 0 0 0 0 0 0 0 0 0 0 0 0 0 0 0 0 0 0 0 0 0 0 0 0 0 0 0 0 0 0 0 0 0 0 
0 1.35598e-05 5.45939e-05 0.000119701 0.000199052 0.000277606 0.000340453 0.000379156 0.000394004 0.000391327 0.000379181 0.000364406 0.000351628 0.000343431 0.000340893 0.000344039 0.000352069 0.000363408 0.000375677 0.00038574 0.000389974 0.000384883 0.000367979 0.00033867 0.000298723 0.000251957 0.000203185 0.000156899 0.000116279 8.28794e-05 5.68713e-05 3.75451e-05 2.37803e-05 1.43725e-05 8.21454e-06 4.37518e-06 2.11783e-06 8.88656e-07 2.90621e-07 5.27396e-08 0 
0 5.45939e-05 0.000213313 0.000440038 0.000657447 0.000779898 0.000773272 0.000672421 0.000538555 0.000415832 0.00032179 0.000257347 0.000217486 0.000196964 0.000192311 0.000202168 0.000227068 0.000268984 0.000330504 0.000413271 0.000515459 0.000628678 0.000736034 0.0008141 0.000840516 0.000804512 0.000713181 0.000588039 0.00045446 0.000332025 0.00023092 0.000153488 9.75285e-05 5.90287e-05 3.37578e-05 1.79842e-05 8.70612e-06 3.65328e-06 1.19476e-06 2.16817e-07 0 
0 0.000119701 0.000440038 0.000800064 0.000960524 0.00083075 0.000558174 0.000317521 0.000166327 8.63066e-05 4.71251e-05 2.84118e-05 1.95989e-05 1.5818e-05 1.50693e-05 1.68766e-05 2.18777e-05 3.20311e-05 5.13539e-05 8.71163e-05 0.00015096 0.000258238 0.000422347 0.000641389 0.000881771 0.00107659 0.00115634 0.0010954 0.000927558 0.00071574 0.000512855 0.000346011 0.000221386 0.000134395 7.6953e-05 4.10155e-05 1.98591e-05 8.33384e-06 2.72555e-06 4.94617e-07 0 
0 0.000199052 0.000657447 0.000960524 0.000806389 0.000434084 0.000169948 5.50428e-05 1.65355e-05 5.09162e-06 1.75311e-06 7.25774e-07 3.81709e-07 2.64058e-07 2.43475e-07 2.96935e-07 4.66582e-07 9.06661e-07 2.07036e-06 5.2528e-06 1.39969e-05 3.71601e-05 9.38063e-05 0.000216274 0.00043976 0.000764807 0.0011105 0.00133171 0.00133099 0.00113946 0.000865349 0.000601227 0.000389924 0.00023808 0.000136637 7.28908e-05 3.53038e-05 1.48169e-05 4.84598e-06 8.79431e-07 0 
0 0.000277606 0.000779898 0.00083075 0.000434084 0.000130727 2.69765e-05 4.47002e-06 6.87039e-07 1.12074e-07 2.19409e-08 5.7246e-09 2.15665e-09 1.23407e-09 1.09303e-09 1.48052e-09 2.9478e-09 8.11295e-09 2.85955e-08 1.18719e-07 5.33963e-07 2.40778e-06 1.01822e-05 3.82635e-05 0.000122541 0.000323401 0.000682786 0.00112548 0.00143746 0.00145306 0.00121737 0.000890148 0.00059122 0.000364665 0.000210126 0.000112262 5.44015e-05 2.28362e-05 7.46921e-06 1.35551e-06 0 
0 0.000340453 0.000773272 0.000558174 0.000169948 2.69765e-05 2.73112e-06 2.12459e-07 1.52344e-08 1.20315e-09 1.23516e-10 1.90046e-11 4.88763e-12 2.25072e-12 1.9035e-12 2.90652e-12 7.58519e-12 3.10782e-11 1.79924e-10 1.31141e-09 1.07218e-08 8.83668e-08 6.6997e-07 4.34714e-06 2.29133e-05 9.47065e-05 0.000299109 0.00070456 0.00121334 0.00153255 0.00148058 0.00117054 0.000807091 0.000505876 0.000293344 0.000157087 7.61856e-05 3.19893e-05 1.04639e-05 1.89905e-06 0 
0 0.000379156 0.000672421 0.000317521 5.50428e-05 4.47002e-06 2.12459e-07 7.36005e-09 2.32966e-10 8.44707e-12 4.33737e-13 3.78618e-14 6.46347e-15 2.35696e-15 1.89628e-15 3.29134e-15 1.14778e-14 7.20437e-14 7.10143e-13 9.4669e-12 1.46968e-10 2.31338e-09 3.27883e-08 3.81137e-07 3.40179e-06 2.23913e-05 0.000106355 0.000359089 0.000846672 0.00137933 0.00159243 0.00139793 0.00101567 0.000651376 0.000381159 0.000204792 9.94365e-05 4.1768e-05 1.36643e-05 2.47996e-06 0 
0 0.000394004 0.000538555 0.000166327 1.65355e-05 6.87039e-07 1.52344e-08 2.32966e-10 3.22532e-12 5.3227e-14 1.35654e-15 6.67562e-17 7.52997e-18 2.16938e-18 1.65901e-18 3.27385e-18 1.52889e-17 1.47613e-16 2.49076e-15 6.11177e-14 1.81435e-12 5.49486e-11 1.4666e-09 3.07416e-08 4.66635e-07 4.88928e-06 3.46413e-05 0.000165088 0.000525934 0.00110702 0.00155291 0.00154279 0.00119649 0.000790277 0.000467926 0.000252502 0.000122784 5.16004e-05 1.68835e-05 3.06438e-06 0 
0 0.000391327 0.000415832 8.63066e-05 5.09162e-06 1.12074e-07 1.20315e-09 8.44707e-12 5.3227e-14 4.1525e-16 5.43338e-18 1.55461e-19 1.21032e-20 2.92203e-21 2.16095e-21 4.62909e-21 2.74381e-20 3.94158e-19 1.10747e-17 4.85523e-16 2.6711e-14 1.5084e-12 7.35729e-11 2.70488e-09 6.80943e-08 1.10951e-06 1.14488e-05 7.4943e-05 0.000313403 0.000834696 0.00141599 0.00160209 0.00133615 0.00091304 0.000548162 0.000297315 0.00014483 6.09001e-05 1.993e-05 3.61751e-06 0 
0 0.000379181 0.00032179 4.71251e-05 1.75311e-06 2.19409e-08 1.23516e-10 4.33737e-13 1.35654e-15 5.43338e-18 3.94857e-20 7.3209e-22 4.75684e-23 1.15486e-23 8.60791e-24 1.77809e-23 1.09486e-22 2.0244e-21 8.74933e-20 6.41547e-18 6.11073e-16 6.00895e-14 5.01438e-12 3.04164e-10 1.20215e-08 2.90297e-07 4.18158e-06 3.61467e-05 0.000190935 0.000621772 0.0012481 0.00159614 0.00143124 0.00101306 0.000617193 0.000336588 0.000164269 6.91163e-05 2.26231e-05 4.10658e-06 0 
0 0.000364406 0.000257347 2.84118e-05 7.25774e-07 5.7246e-09 1.90046e-11 3.78618e-14 6.67562e-17 1.55461e-19 7.32091e-22 1.05141e-23 5.97735e-25 1.3903e-25 1.0288e-25 2.11329e-25 1.35744e-24 2.88871e-23 1.66554e-21 1.83133e-19 2.73075e-17 4.22833e-15 5.47781e-13 5.00867e-11 2.86563e-09 9.55585e-08 1.80899e-06 1.96075e-05 0.000124901 0.000476973 0.00109651 0.0015551 0.0014871 0.00108726 0.000671592 0.000368161 0.000180001 7.57795e-05 2.48087e-05 4.50356e-06 0 
0 0.000351628 0.000217486 1.95989e-05 3.81709e-07 2.15665e-09 4.88763e-12 6.46347e-15 7.52997e-18 1.21032e-20 4.75685e-23 5.97738e-25 2.48823e-26 4.31283e-27 2.97992e-27 6.91613e-27 5.69649e-26 1.47234e-24 9.84026e-23 1.38589e-20 2.84241e-18 6.11276e-16 1.08901e-13 1.34074e-11 1.00322e-09 4.22873e-08 9.76167e-07 1.24632e-05 9.08058e-05 0.000388303 0.000983676 0.0015061 0.00151352 0.00113552 0.00070931 0.000390505 0.000191209 8.05376e-05 2.63704e-05 4.78729e-06 0 
0 0.000343431 0.000196964 1.5818e-05 2.64058e-07 1.23407e-09 2.25072e-12 2.35696e-15 2.16938e-18 2.92203e-21 1.15486e-23 1.39031e-25 4.31289e-27 4.37532e-28 2.48616e-28 7.87287e-28 9.50412e-27 2.91884e-25 2.04498e-23 3.16052e-21 7.70395e-19 1.99763e-16 4.26936e-14 6.23204e-12 5.43889e-10 2.62276e-08 6.78569e-07 9.51853e-06 7.49012e-05 0.000341689 0.000915516 0.00146709 0.00152015 0.00115938 0.000729527 0.000402775 0.000197415 8.31787e-05 2.7238e-05 4.94496e-06 0 
0 0.000340893 0.000192311 1.50693e-05 2.43475e-07 1.09303e-09 1.9035e-12 1.89628e-15 1.65901e-18 2.16095e-21 8.60795e-24 1.02881e-25 2.97997e-27 2.48618e-28 1.25963e-28 4.63775e-28 6.34734e-27 2.03357e-25 1.43408e-23 2.24443e-21 5.66474e-19 1.52907e-16 3.4004e-14 5.15419e-12 4.65594e-10 2.31466e-08 6.14681e-07 8.81224e-06 7.06179e-05 0.00032736 0.000890457 0.00144627 0.00151339 0.00116079 0.000732368 0.000404786 0.000198481 8.36398e-05 2.73903e-05 4.97267e-06 0 
0 0.000344039 0.000202168 1.68766e-05 2.96935e-07 1.48052e-09 2.90652e-12 3.29134e-15 3.27385e-18 4.62909e-21 1.7781e-23 2.1133e-25 6.91619e-27 7.87286e-28 4.63771e-28 1.3739e-27 1.52997e-26 4.54752e-25 3.17346e-23 4.7799e-21 1.09932e-18 2.67775e-16 5.39403e-14 7.46037e-12 6.20855e-10 2.87473e-08 7.19174e-07 9.82086e-06 7.57136e-05 0.000340426 0.000904169 0.00144355 0.00149514 0.0011412 0.000718638 0.000396945 0.000194601 8.20008e-05 2.68533e-05 4.87517e-06 0 
0 0.000352069 0.000227068 2.18777e-05 4.66582e-07 2.9478e-09 7.58519e-12 1.14778e-14 1.52889e-17 2.74381e-20 1.09486e-22 1.35744e-24 5.69649e-26 9.50404e-27 6.34727e-27 1.52996e-26 1.28522e-25 3.29125e-24 2.14527e-22 2.79898e-20 5.15487e-18 9.94185e-16 1.5982e-13 1.79198e-11 1.23491e-09 4.85252e-08 1.05718e-06 1.28926e-05 9.07728e-05 0.000379414 0.000950132 0.00145163 0.0014629 0.0011014 0.000689655 0.000380163 0.000186251 7.84672e-05 2.56947e-05 4.66478e-06 0 
0 0.000363408 0.000268984 3.20311e-05 9.06661e-07 8.11295e-09 3.10782e-11 7.20437e-14 1.47613e-16 3.94158e-19 2.0244e-21 2.88871e-23 1.47234e-24 2.91883e-25 2.03355e-25 4.5475e-25 3.29125e-24 7.27953e-23 3.955e-21 3.87761e-19 5.0895e-17 6.952e-15 8.00429e-13 6.57535e-11 3.4241e-09 1.05403e-07 1.86884e-06 1.92521e-05 0.000118346 0.000443385 0.00101691 0.00145636 0.0014109 0.00104183 0.000647193 0.00035575 0.000174133 7.33428e-05 2.4015e-05 4.35975e-06 0 
0 0.000375677 0.000330504 5.13539e-05 2.07036e-06 2.85955e-08 1.79924e-10 7.10143e-13 2.49076e-15 1.10747e-17 8.74933e-20 1.66554e-21 9.84025e-23 2.04497e-23 1.43407e-23 3.17345e-23 2.14527e-22 3.955e-21 1.57518e-19 1.04096e-17 8.91236e-16 7.90104e-14 5.98274e-12 3.32262e-10 1.21512e-08 2.7469e-07 3.75117e-06 3.11887e-05 0.000161342 0.000526373 0.00108312 0.00143706 0.0013318 0.000963149 0.000593451 0.00032531 0.000159103 6.69972e-05 2.19361e-05 3.98231e-06 0 
0 0.00038574 0.000413271 8.71163e-05 5.2528e-06 1.18719e-07 1.31141e-09 9.4669e-12 6.11177e-14 4.85523e-16 6.41547e-18 1.83133e-19 1.38589e-20 3.16051e-21 2.24443e-21 4.7799e-21 2.79898e-20 3.87761e-19 1.04096e-17 4.35785e-16 2.29276e-14 1.24098e-12 5.81641e-11 2.06009e-09 5.00971e-08 7.91328e-07 7.96723e-06 5.15392e-05 0.000218009 0.000607458 0.00111206 0.0013681 0.00121856 0.000866671 0.000530978 0.00029061 0.000142087 5.98308e-05 1.95901e-05 3.55647e-06 0 
0 0.000389974 0.000515459 0.00015096 1.39969e-05 5.33963e-07 1.07218e-08 1.46968e-10 1.81435e-12 2.6711e-14 6.11073e-16 2.73075e-17 2.84241e-18 7.70395e-19 5.66474e-19 1.09932e-18 5.15487e-18 5.0895e-17 8.91236e-16 2.29276e-14 7.17199e-13 2.28813e-11 6.39834e-10 1.39109e-08 2.16209e-07 2.29207e-06 1.63664e-05 7.969e-05 0.000269648 0.000638018 0.0010505 0.00122234 0.00106576 0.000754444 0.000462485 0.000253439 0.000124014 5.22413e-05 1.7108e-05 3.10607e-06 0 
0 0.000384883 0.000628678 0.000258238 3.71601e-05 2.40778e-06 8.83668e-08 2.31338e-09 5.49486e-11 1.5084e-12 6.00895e-14 4.22833e-15 6.11276e-16 1.99763e-16 1.52907e-16 2.67775e-16 9.94185e-16 6.952e-15 7.90104e-14 1.24098e-12 2.28813e-11 4.2525e-10 6.97759e-09 9.08843e-08 8.7154e-07 5.91502e-06 2.83973e-05 9.95259e-05 0.000264703 0.000542159 0.000841857 0.000977757 0.000870358 0.000628917 0.000390615 0.000215476 0.000105743 4.45957e-05 1.46104e-05 2.653e-06 0 
0 0.000367979 0.000736034 0.000422347 9.38063e-05 1.01822e-05 6.6997e-07 3.27883e-08 1.4666e-09 7.35729e-11 5.01438e-12 5.47781e-13 1.08901e-13 4.26936e-14 3.4004e-14 5.39403e-14 1.5982e-13 8.00429e-13 5.98274e-12 5.81641e-11 6.39834e-10 6.97759e-09 6.69623e-08 5.10515e-07 2.85594e-06 1.12637e-05 3.21438e-05 7.32836e-05 0.00015006 0.000287458 0.000481519 0.000636523 0.000634745 0.000493079 0.000317835 0.000178216 8.80226e-05 3.72093e-05 1.22003e-05 2.21594e-06 0 
0 0.00033867 0.0008141 0.000641389 0.000216274 3.82635e-05 4.34714e-06 3.81137e-07 3.07416e-08 2.70488e-09 3.04164e-10 5.00867e-11 1.34074e-11 6.23204e-12 5.15419e-12 7.46037e-12 1.79198e-11 6.57535e-11 3.32262e-10 2.06009e-09 1.39109e-08 9.08843e-08 5.10515e-07 2.18108e-06 6.26905e-06 1.12387e-05 1.36026e-05 1.5108e-05 2.25195e-05 5.06265e-05 0.000132106 0.000275822 0.000379981 0.000352748 0.000246754 0.000142974 7.14647e-05 3.03329e-05 9.95873e-06 1.80956e-06 0 
0 0.000298723 0.000840516 0.000881771 0.00043976 0.000122541 2.29133e-05 3.40179e-06 4.66635e-07 6.80943e-08 1.20215e-08 2.86563e-09 1.00322e-09 5.43889e-10 4.65594e-10 6.20855e-10 1.23491e-09 3.4241e-09 1.21512e-08 5.00971e-08 2.16209e-07 8.7154e-07 2.85594e-06 6.26905e-06 7.08577e-06 3.29151e-06 7.32211e-07 1.83915e-07 1.6662e-07 7.74142e-07 7.83536e-06 5.53951e-05 0.000163736 0.000221323 0.000180898 0.000110972 5.65462e-05 2.41484e-05 7.9432e-06 1.44414e-06 0 
0 0.000251957 0.000804512 0.00107659 0.000764807 0.000323401 9.47065e-05 2.23913e-05 4.88928e-06 1.10951e-06 2.90297e-07 9.55585e-08 4.22873e-08 2.62276e-08 2.31466e-08 2.87473e-08 4.85252e-08 1.05403e-07 2.7469e-07 7.91328e-07 2.29207e-06 5.91502e-06 1.12637e-05 1.12387e-05 3.29151e-06 1.51024e-07 1.32413e-09 1.71636e-11 6.46568e-12 1.77729e-10 3.75928e-08 3.48233e-06 4.54024e-05 0.000119117 0.000124964 8.33624e-05 4.36054e-05 1.87685e-05 6.18766e-06 1.1257e-06 0 
0 0.000203185 0.000713181 0.00115634 0.0011105 0.000682786 0.000299109 0.000106355 3.46413e-05 1.14488e-05 4.18158e-06 1.80899e-06 9.76167e-07 6.78569e-07 6.14681e-07 7.19174e-07 1.05718e-06 1.86884e-06 3.75117e-06 7.96723e-06 1.63664e-05 2.83973e-05 3.21438e-05 1.36026e-05 7.32211e-07 1.32413e-09 9.57333e-14 7.37798e-17 6.01738e-16 6.94943e-16 1.74864e-11 8.09652e-08 9.03941e-06 5.79978e-05 8.30162e-05 6.09961e-05 3.28187e-05 1.42387e-05 4.70465e-06 8.56423e-07 0 
0 0.000156899 0.000588039 0.0010954 0.00133171 0.00112548 0.00070456 0.000359089 0.000165088 7.4943e-05 3.61467e-05 1.96075e-05 1.24632e-05 9.51853e-06 8.81224e-06 9.82086e-06 1.28926e-05 1.92521e-05 3.11887e-05 5.15392e-05 7.969e-05 9.95259e-05 7.32836e-05 1.5108e-05 1.83915e-07 1.71636e-11 7.37796e-17 2.35191e-18 1.11049e-17 4.24433e-17 1.51418e-14 2.74686e-09 2.15937e-06 3.01275e-05 5.56109e-05 4.40074e-05 2.41665e-05 1.05424e-05 3.48845e-06 6.35275e-07 0 
0 0.000116279 0.00045446 0.000927558 0.00133099 0.00143746 0.00121334 0.000846672 0.000525934 0.000313403 0.000190935 0.000124901 9.08058e-05 7.49012e-05 7.06179e-05 7.57136e-05 9.07728e-05 0.000118346 0.000161342 0.000218009 0.000269648 0.000264703 0.00015006 2.25195e-05 1.6662e-07 6.46568e-12 6.01737e-16 1.1105e-17 2.86128e-18 2.58763e-17 2.00388e-15 9.48512e-10 1.21157e-06 2.0281e-05 3.94886e-05 3.16655e-05 1.74406e-05 7.61308e-06 2.51945e-06 4.58824e-07 0 
0 8.28794e-05 0.000332025 0.00071574 0.00113946 0.00145306 0.00153255 0.00137933 0.00110702 0.000834696 0.000621772 0.000476973 0.000388303 0.000341689 0.00032736 0.000340426 0.000379414 0.000443385 0.000526373 0.000607458 0.000638018 0.000542159 0.000287458 5.06265e-05 7.74142e-07 1.77729e-10 6.94943e-16 4.24433e-17 2.58762e-17 1.36487e-17 1.70607e-13 5.9967e-09 1.93985e-06 1.86299e-05 3.00471e-05 2.27454e-05 1.23202e-05 5.35266e-06 1.76908e-06 3.22054e-07 0 
0 5.68713e-05 0.00023092 0.000512855 0.000865349 0.00121737 0.00148058 0.00159243 0.00155291 0.00141599 0.0012481 0.00109651 0.000983676 0.000915516 0.000890457 0.000904169 0.000950132 0.00101691 0.00108312 0.00111206 0.0010505 0.000841857 0.000481519 0.000132106 7.83536e-06 3.75928e-08 1.74864e-11 1.51418e-14 2.00388e-15 1.70607e-13 2.98416e-10 1.60199e-07 5.34514e-06 2.01177e-05 2.35084e-05 1.61104e-05 8.4769e-06 3.6528e-06 1.2045e-06 2.19136e-07 0 
0 3.75451e-05 0.000153488 0.000346011 0.000601227 0.000890148 0.00117054 0.00139793 0.00154279 0.00160209 0.00159614 0.0015551 0.0015061 0.00146709 0.00144627 0.00144355 0.00145163 0.00145636 0.00143706 0.0013681 0.00122234 0.000977757 0.000636523 0.000275822 5.53951e-05 3.48233e-06 8.09652e-08 2.74686e-09 9.48512e-10 5.9967e-09 1.60199e-07 2.69546e-06 1.27739e-05 2.06734e-05 1.7798e-05 1.1047e-05 5.64025e-06 2.40906e-06 7.92368e-07 1.44052e-07 0 
0 2.37803e-05 9.75285e-05 0.000221386 0.000389924 0.00059122 0.000807091 0.00101567 0.00119649 0.00133615 0.00143124 0.0014871 0.00151352 0.00152015 0.00151339 0.00149514 0.0014629 0.0014109 0.0013318 0.00121856 0.00106576 0.000870358 0.000634745 0.000379981 0.000163736 4.54024e-05 9.03941e-06 2.15937e-06 1.21157e-06 1.93985e-06 5.34514e-06 1.27739e-05 1.89454e-05 1.79143e-05 1.25124e-05 7.22192e-06 3.60156e-06 1.52714e-06 5.01197e-07 9.10588e-08 0 
0 1.43725e-05 5.90287e-05 0.000134395 0.00023808 0.000364665 0.000505876 0.000651376 0.000790277 0.00091304 0.00101306 0.00108726 0.00113552 0.00115938 0.00116079 0.0011412 0.0011014 0.00104183 0.000963149 0.000866671 0.000754444 0.000628917 0.000493079 0.000352748 0.000221323 0.000119117 5.79978e-05 3.01275e-05 2.0281e-05 1.86299e-05 2.01177e-05 2.06734e-05 1.79143e-05 1.29392e-05 8.06315e-06 4.458e-06 2.19016e-06 9.24102e-07 3.02808e-07 5.49884e-08 0 
0 8.21454e-06 3.37578e-05 7.6953e-05 0.000136637 0.000210126 0.000293344 0.000381159 0.000467926 0.000548162 0.000617193 0.000671592 0.00070931 0.000729527 0.000732368 0.000718638 0.000689655 0.000647193 0.000593451 0.000530978 0.000462485 0.000390615 0.000317835 0.000246754 0.000180898 0.000124964 8.30162e-05 5.56109e-05 3.94886e-05 3.00471e-05 2.35084e-05 1.7798e-05 1.25124e-05 8.06315e-06 4.76625e-06 2.57871e-06 1.2566e-06 5.28678e-07 1.73068e-07 3.14183e-08 0 
0 4.37518e-06 1.79842e-05 4.10155e-05 7.28908e-05 0.000112262 0.000157087 0.000204792 0.000252502 0.000297315 0.000336588 0.000368161 0.000390505 0.000402775 0.000404786 0.000396945 0.000380163 0.00035575 0.00032531 0.00029061 0.000253439 0.000215476 0.000178216 0.000142974 0.000110972 8.33624e-05 6.09961e-05 4.40074e-05 3.16655e-05 2.27454e-05 1.61104e-05 1.1047e-05 7.22192e-06 4.458e-06 2.57871e-06 1.38176e-06 6.70688e-07 2.81753e-07 9.21857e-08 1.67321e-08 0 
0 2.11783e-06 8.70612e-06 1.98591e-05 3.53038e-05 5.44015e-05 7.61856e-05 9.94365e-05 0.000122784 0.00014483 0.000164269 0.000180001 0.000191209 0.000197415 0.000198481 0.000194601 0.000186251 0.000174133 0.000159103 0.000142087 0.000124014 0.000105743 8.80226e-05 7.14647e-05 5.65462e-05 4.36054e-05 3.28187e-05 2.41665e-05 1.74406e-05 1.23202e-05 8.4769e-06 5.64025e-06 3.60156e-06 2.19016e-06 1.2566e-06 6.70688e-07 3.24984e-07 1.36429e-07 4.46259e-08 8.09899e-09 0 
0 8.88656e-07 3.65328e-06 8.33384e-06 1.48169e-05 2.28362e-05 3.19893e-05 4.1768e-05 5.16004e-05 6.09001e-05 6.91163e-05 7.57795e-05 8.05376e-05 8.31787e-05 8.36398e-05 8.20008e-05 7.84672e-05 7.33428e-05 6.69972e-05 5.98308e-05 5.22413e-05 4.45957e-05 3.72093e-05 3.03329e-05 2.41484e-05 1.87685e-05 1.42387e-05 1.05424e-05 7.61308e-06 5.35266e-06 3.6528e-06 2.40906e-06 1.52714e-06 9.24102e-07 5.28678e-07 2.81753e-07 1.36429e-07 5.72562e-08 1.87262e-08 3.39838e-09 0 
0 2.90621e-07 1.19476e-06 2.72555e-06 4.84598e-06 7.46921e-06 1.04639e-05 1.36643e-05 1.68835e-05 1.993e-05 2.26231e-05 2.48087e-05 2.63704e-05 2.7238e-05 2.73903e-05 2.68533e-05 2.56947e-05 2.4015e-05 2.19361e-05 1.95901e-05 1.7108e-05 1.46104e-05 1.22003e-05 9.95873e-06 7.9432e-06 6.18766e-06 4.70465e-06 3.48845e-06 2.51945e-06 1.76908e-06 1.2045e-06 7.92368e-07 5.01197e-07 3.02808e-07 1.73068e-07 9.21857e-08 4.46259e-08 1.87262e-08 6.12424e-09 1.11139e-09 0 
0 5.27396e-08 2.16817e-07 4.94617e-07 8.79431e-07 1.35551e-06 1.89905e-06 2.47996e-06 3.06438e-06 3.61751e-06 4.10658e-06 4.50356e-06 4.78729e-06 4.94496e-06 4.97267e-06 4.87517e-06 4.66478e-06 4.35975e-06 3.98231e-06 3.55647e-06 3.10607e-06 2.653e-06 2.21594e-06 1.80956e-06 1.44414e-06 1.1257e-06 8.56423e-07 6.35275e-07 4.58824e-07 3.22054e-07 2.19136e-07 1.44052e-07 9.10588e-08 5.49884e-08 3.14183e-08 1.67321e-08 8.09899e-09 3.39838e-09 1.11139e-09 2.01687e-10 0 
0 0 0 0 0 0 0 0 0 0 0 0 0 0 0 0 0 0 0 0 0 0 0 0 0 0 0 0 0 0 0 0 0 0 0 0 0 0 0 0 0 
