0 0 0 0 0 0 0 0 0 0 0 0 0 0 0 0 0 0 0 0 0 0 0 0 0 0 0 0 0 0 0 0 0 0 0 0 0 0 0 0 0 
0 1.33252e-05 5.25448e-05 0.000111041 0.000174628 0.000226488 0.000255757 0.000261817 0.000251337 0.000232756 0.000212766 0.000195446 0.000182782 0.000175486 0.000173635 0.000177019 0.00018524 0.000197647 0.000213152 0.000230037 0.000245854 0.000257553 0.000261953 0.000256511 0.000240191 0.000214025 0.000181012 0.000145271 0.000110822 8.05862e-05 5.60067e-05 3.72519e-05 2.36906e-05 1.43477e-05 8.20841e-06 4.37383e-06 2.11756e-06 8.88614e-07 2.90616e-07 5.27393e-08 0 
0 5.25448e-05 0.000195271 0.000367538 0.00047793 0.000475899 0.000390547 0.000282818 0.000192009 0.000128546 8.84147e-05 6.45295e-05 5.11761e-05 4.47625e-05 4.34385e-05 4.66462e-05 5.48709e-05 6.95752e-05 9.31864e-05 0.000128901 0.000179944 0.000247909 0.000330145 0.000417127 0.000492044 0.000535091 0.000532226 0.0004832 0.000402064 0.000309302 0.000222289 0.000150588 9.66597e-05 5.87955e-05 3.37017e-05 1.79722e-05 8.70388e-06 3.65293e-06 1.19472e-06 2.16814e-07 0 
0 0.000111041 0.000367538 0.000551968 0.00050378 0.00031779 0.0001561 6.63853e-05 2.66962e-05 1.09462e-05 4.88649e-06 2.50893e-06 1.54467e-06 1.17069e-06 1.10301e-06 1.28404e-06 1.8098e-06 2.9926e-06 5.58279e-06 1.12579e-05 2.35116e-05 4.88721e-05 9.76527e-05 0.000182145 0.000309394 0.000468417 0.000620682 0.000711258 0.000704079 0.000609157 0.000470337 0.000331497 0.000217062 0.000133255 7.66855e-05 4.09599e-05 1.9849e-05 8.3323e-06 2.72537e-06 4.94605e-07 0 
0 0.000174628 0.00047793 0.00050378 0.000276824 9.53282e-05 2.41446e-05 5.13347e-06 1.03141e-06 2.19055e-07 5.45296e-08 1.73797e-08 7.58728e-09 4.73319e-09 4.28472e-09 5.56741e-09 1.00341e-08 2.37958e-08 6.95619e-08 2.334e-07 8.3704e-07 3.00444e-06 1.02042e-05 3.1376e-05 8.45584e-05 0.000195099 0.000377938 0.000603279 0.0007825 0.000825872 0.000725655 0.000550837 0.000374637 0.000234067 0.000135711 7.27023e-05 3.52704e-05 1.48119e-05 4.84542e-06 8.79396e-07 0 
0 0.000226488 0.000475899 0.00031779 9.53282e-05 1.61434e-05 1.85059e-06 1.69021e-07 1.44775e-08 1.36754e-09 1.65756e-10 2.93595e-11 8.39226e-12 4.1193e-12 3.54979e-12 5.28104e-12 1.28842e-11 4.76411e-11 2.42202e-10 1.52185e-09 1.06242e-08 7.46728e-08 4.85677e-07 2.73656e-06 1.27578e-05 4.78798e-05 0.000142573 0.000333186 0.000602296 0.000832023 0.000886368 0.000757672 0.00054904 0.000353441 0.00020755 0.000111745 5.43117e-05 2.28231e-05 7.46777e-06 1.35543e-06 0 
0 0.000255757 0.000390547 0.0001561 2.41446e-05 1.85059e-06 8.61986e-08 2.99967e-09 9.70073e-11 3.63298e-12 1.93682e-13 1.75498e-14 3.09422e-15 1.15519e-15 9.41003e-16 1.63365e-15 5.6301e-15 3.45525e-14 3.30237e-13 4.24549e-12 6.34071e-11 9.60442e-10 1.31299e-08 1.47781e-07 1.28424e-06 8.30551e-06 3.94446e-05 0.000137663 0.000353163 0.000659756 0.000892184 0.000896481 0.000712439 0.000479826 0.000287328 0.000155891 7.59807e-05 3.196e-05 1.04608e-05 1.89886e-06 0 
0 0.000261817 0.000282818 6.63853e-05 5.13347e-06 1.69021e-07 2.99967e-09 3.7126e-11 4.23208e-13 5.89012e-15 1.30418e-16 5.77552e-18 6.19231e-19 1.82457e-19 1.42674e-19 2.77667e-19 1.33232e-18 1.39602e-17 2.62062e-16 7.2452e-15 2.44106e-13 8.41074e-12 2.54827e-10 6.02473e-09 1.02159e-07 1.183e-06 9.2007e-06 4.84464e-05 0.000175818 0.000443455 0.00077268 0.00093811 0.000838365 0.000599928 0.00036906 0.000202387 9.90283e-05 4.17104e-05 1.36581e-05 2.4796e-06 0 
0 0.000251337 0.000192009 2.66962e-05 1.03141e-06 1.44775e-08 9.70073e-11 4.23208e-13 1.68616e-15 8.65404e-18 8.24291e-20 3.33241e-21 7.94826e-22 4.13066e-22 3.56719e-22 4.91776e-22 1.13421e-21 6.86584e-21 1.89876e-19 1.1194e-17 8.56215e-16 6.75458e-14 4.56619e-12 2.28362e-10 7.61087e-09 1.58923e-07 2.03395e-06 1.6133e-05 8.18305e-05 0.000273432 0.000606925 0.00089526 0.000912608 0.000702127 0.000446609 0.000248237 0.000122064 5.14996e-05 1.68729e-05 3.06377e-06 0 
0 0.000232756 0.000128546 1.09462e-05 2.19055e-07 1.36754e-09 3.63298e-12 5.89012e-15 8.65404e-18 1.84863e-20 2.13286e-22 2.34165e-23 1.08464e-23 8.34798e-24 7.7319e-24 8.40782e-24 1.14462e-23 3.28165e-23 3.53566e-22 2.40456e-20 3.88753e-18 6.73099e-16 9.74691e-14 9.92971e-12 6.29118e-10 2.30283e-08 4.73797e-07 5.54582e-06 3.84483e-05 0.000165636 0.000456164 0.000806353 0.000937812 0.000779677 0.000514782 0.000290564 0.00014369 6.07416e-05 1.99134e-05 3.61656e-06 0 
0 0.000212766 8.84147e-05 4.88649e-06 5.45296e-08 1.65756e-10 1.93682e-13 1.30418e-16 8.24291e-20 2.13286e-22 4.66155e-24 8.13905e-25 5.27746e-25 4.96507e-25 4.78427e-25 4.57877e-25 4.68893e-25 7.96879e-25 4.31693e-24 1.56168e-22 3.23218e-20 1.10584e-17 3.14887e-15 6.03329e-13 6.76359e-11 4.07851e-09 1.28075e-07 2.12025e-06 1.93788e-05 0.000103987 0.000343483 0.00070875 0.000928699 0.00083183 0.000570153 0.000326943 0.000162637 6.88902e-05 2.25996e-05 4.10525e-06 0 
0 0.000195446 6.45295e-05 2.50893e-06 1.73797e-08 2.93595e-11 1.75498e-14 5.77552e-18 3.33241e-21 2.34166e-23 8.13907e-25 9.92966e-26 5.12736e-26 4.99613e-26 4.88541e-26 4.37562e-26 3.89352e-26 5.41142e-26 2.69143e-25 6.74381e-24 7.90619e-22 3.83348e-19 1.89124e-16 6.06867e-14 1.08413e-11 9.83008e-10 4.36267e-08 9.59342e-07 1.09897e-05 7.03946e-05 0.000268338 0.000625321 0.000903191 0.00086247 0.000611252 0.000355616 0.00017787 7.54848e-05 2.47781e-05 4.50184e-06 0 
0 0.000182782 5.11761e-05 1.54467e-06 7.58728e-09 8.39226e-12 3.09422e-15 6.19231e-19 7.94827e-22 1.08464e-23 5.27748e-25 5.12738e-26 1.08779e-26 6.93201e-27 6.33914e-27 5.46837e-27 4.88795e-27 9.29791e-27 6.73964e-26 1.3393e-24 9.09956e-23 3.43835e-20 2.47068e-17 1.15006e-14 2.8755e-12 3.49999e-10 1.99433e-08 5.38497e-07 7.26248e-06 5.28245e-05 0.0002228 0.000565454 0.000875926 0.000877448 0.000638154 0.000375536 0.000188658 8.01847e-05 2.63338e-05 4.78523e-06 0 
0 0.000175486 4.47625e-05 1.17069e-06 4.73319e-09 4.1193e-12 1.15519e-15 1.82457e-19 4.13066e-22 8.348e-24 4.96509e-25 4.99615e-26 6.93204e-27 1.73315e-27 1.0147e-27 8.33564e-28 1.06419e-27 4.33762e-27 3.93743e-26 6.79807e-25 3.40922e-23 9.037e-21 7.74413e-18 4.45149e-15 1.34697e-12 1.93786e-10 1.27269e-08 3.86191e-07 5.71481e-06 4.46703e-05 0.000199423 0.000530926 0.000856037 0.000882148 0.000651758 0.000386282 0.000194594 8.27884e-05 2.71976e-05 4.94269e-06 0 
0 0.000173635 4.34385e-05 1.10301e-06 4.28472e-09 3.54979e-12 9.41003e-16 1.42674e-19 3.5672e-22 7.73192e-24 4.78428e-25 4.88543e-26 6.33917e-27 1.0147e-27 2.76381e-28 2.0687e-28 5.67673e-28 3.63083e-27 3.4751e-26 5.85341e-25 2.77308e-23 6.82287e-21 6.02816e-18 3.62092e-15 1.14029e-12 1.69913e-10 1.14975e-08 3.57562e-07 5.39524e-06 4.28129e-05 0.000193447 0.000520556 0.000847559 0.00088001 0.000653108 0.000387918 0.000195591 8.32393e-05 2.73488e-05 4.97034e-06 0 
0 0.000177019 4.66462e-05 1.28404e-06 5.56741e-09 5.28104e-12 1.63365e-15 2.77667e-19 4.91776e-22 8.40784e-24 4.57879e-25 4.37564e-26 5.46839e-27 8.33567e-28 2.0687e-28 1.80037e-28 6.13324e-28 4.1021e-27 4.14776e-26 7.81194e-25 4.48168e-23 1.39658e-20 1.13365e-17 6.05149e-15 1.71325e-12 2.32592e-10 1.45433e-08 4.23835e-07 6.07274e-06 4.62948e-05 0.000202789 0.000532391 0.000850446 0.000872028 0.000642991 0.000380862 0.000191843 8.16181e-05 2.68135e-05 4.87294e-06 0 
0 0.00018524 5.48709e-05 1.8098e-06 1.00341e-08 1.28842e-11 5.6301e-15 1.33232e-18 1.13421e-21 1.14462e-23 4.68894e-25 3.89353e-26 4.88797e-27 1.06419e-27 5.67671e-28 6.13322e-28 1.33773e-27 7.01967e-27 7.63698e-26 1.88629e-24 1.64405e-22 7.47476e-20 4.74246e-17 1.94135e-14 4.32482e-12 4.76014e-10 2.4908e-08 6.27006e-07 7.99566e-06 5.56895e-05 0.000227367 0.000563877 0.000861155 0.00085689 0.000621852 0.000365813 0.000183791 7.8125e-05 2.56591e-05 4.66277e-06 0 
0 0.000197647 6.95752e-05 2.9926e-06 2.37958e-08 4.76411e-11 3.45525e-14 1.39602e-17 6.86584e-21 3.28166e-23 7.96881e-25 5.41143e-26 9.2979e-27 4.3376e-27 3.63081e-27 4.10208e-27 7.01965e-27 2.67303e-26 3.06872e-25 1.19078e-23 1.96253e-21 9.21799e-19 3.88796e-16 1.077e-13 1.68582e-11 1.36209e-09 5.48184e-08 1.11211e-06 1.19456e-05 7.28263e-05 0.000267886 0.000610442 0.00087266 0.000831546 0.000589981 0.000343719 0.000172071 7.30551e-05 2.39849e-05 4.35805e-06 0 
0 0.000213152 9.31864e-05 5.58279e-06 6.95619e-08 2.42202e-10 3.30237e-13 2.62062e-16 1.89876e-19 3.53567e-22 4.31693e-24 2.69143e-25 6.73962e-26 3.93741e-26 3.47509e-26 4.14775e-26 7.63696e-26 3.06872e-25 4.47093e-24 2.99478e-22 7.0488e-20 2.1328e-17 5.33944e-15 9.07605e-13 9.13174e-11 5.00722e-09 1.4496e-07 2.24318e-06 1.94291e-05 0.000100208 0.000323227 0.000662599 0.000874278 0.000792073 0.000547829 0.00031577 0.000157464 6.67676e-05 2.19119e-05 3.98093e-06 0 
0 0.000230037 0.000128901 1.12579e-05 2.334e-07 1.52185e-09 4.24549e-12 7.2452e-15 1.1194e-17 2.40456e-20 1.56168e-22 6.74381e-24 1.33929e-24 6.79805e-25 5.8534e-25 7.81193e-25 1.88629e-24 1.19078e-23 2.99478e-22 2.88852e-20 4.53726e-18 7.48478e-16 1.03391e-13 1.00655e-11 6.10588e-10 2.14471e-08 4.24776e-07 4.81017e-06 3.25234e-05 0.000138475 0.000384715 0.000701863 0.000851992 0.000734722 0.000496296 0.000283368 0.000140837 5.96543e-05 1.95714e-05 3.55539e-06 0 
0 0.000245854 0.000179944 2.35116e-05 8.3704e-07 1.06242e-08 6.34071e-11 2.44106e-13 8.56215e-16 3.88753e-18 3.23218e-20 7.90619e-22 9.09955e-23 3.40922e-23 2.77307e-23 4.48167e-23 1.64405e-22 1.96253e-21 7.0488e-20 4.53726e-18 3.77792e-16 3.24333e-14 2.37112e-12 1.2672e-10 4.43912e-09 9.56605e-08 1.24426e-06 9.96304e-06 5.13395e-05 0.000178198 0.000425764 0.000697266 0.000789968 0.0006569 0.000436869 0.000248053 0.000123075 5.21074e-05 1.70937e-05 3.10523e-06 0 
0 0.000257553 0.000247909 4.88721e-05 3.00444e-06 7.46728e-08 9.60442e-10 8.41074e-12 6.75458e-14 6.73099e-16 1.10584e-17 3.83348e-19 3.43835e-20 9.037e-21 6.82287e-21 1.39658e-20 7.47476e-20 9.21799e-19 2.1328e-17 7.48478e-16 3.24333e-14 1.43274e-12 5.45659e-11 1.56347e-09 3.05244e-08 3.84224e-07 3.10207e-06 1.67427e-05 6.43458e-05 0.00018423 0.000393433 0.000608534 0.000674087 0.000557925 0.000371566 0.000211401 0.000105023 4.4492e-05 1.45992e-05 2.65234e-06 0 
0 0.000261953 0.000330145 9.76527e-05 1.02042e-05 4.85677e-07 1.31299e-08 2.54827e-10 4.56619e-12 9.74691e-14 3.14887e-15 1.89124e-16 2.47068e-17 7.74413e-18 6.02816e-18 1.13365e-17 4.74246e-17 3.88796e-16 5.33944e-15 1.03391e-13 2.37112e-12 5.45659e-11 1.084e-09 1.63002e-08 1.66986e-07 1.09955e-06 4.76759e-06 1.53388e-05 4.25892e-05 0.000109143 0.000242206 0.000412252 0.000499957 0.000439953 0.000302853 0.000174928 8.74345e-05 3.7124e-05 1.2191e-05 2.2154e-06 0 
0 0.000256511 0.000417127 0.000182145 3.1376e-05 2.73656e-06 1.47781e-07 6.02473e-09 2.28362e-10 9.92971e-12 6.03329e-13 6.06867e-14 1.15006e-14 4.45149e-15 3.62092e-15 6.05149e-15 1.94135e-14 1.077e-13 9.07605e-13 1.00655e-11 1.2672e-10 1.56347e-09 1.63002e-08 1.22731e-07 5.67758e-07 1.44901e-06 2.21799e-06 2.95061e-06 5.46997e-06 1.65327e-05 6.00761e-05 0.000168914 0.000290865 0.000310631 0.000233876 0.000140067 7.09426e-05 3.02575e-05 9.95061e-06 1.80909e-06 0 
0 0.000240191 0.000492044 0.000309394 8.45584e-05 1.27578e-05 1.28424e-06 1.02159e-07 7.61087e-09 6.29118e-10 6.76359e-11 1.08413e-11 2.8755e-12 1.34697e-12 1.14029e-12 1.71325e-12 4.32482e-12 1.68582e-11 9.13174e-11 6.10588e-10 4.43912e-09 3.05244e-08 1.66986e-07 5.67758e-07 8.5253e-07 4.18625e-07 7.9814e-08 1.68984e-08 1.66863e-08 1.20207e-07 2.22978e-06 2.68233e-05 0.000113273 0.000187387 0.000169092 0.000108225 5.60553e-05 2.40786e-05 7.93581e-06 1.44371e-06 0 
0 0.000214025 0.000535091 0.000468417 0.000195099 4.78798e-05 8.30551e-06 1.183e-06 1.58923e-07 2.30283e-08 4.07851e-09 9.83008e-10 3.49999e-10 1.93786e-10 1.69913e-10 2.32592e-10 4.76014e-10 1.36209e-09 5.00722e-09 2.14471e-08 9.56605e-08 3.84224e-07 1.09955e-06 1.44901e-06 4.18625e-07 1.19605e-08 4.29249e-11 2.32746e-13 7.29262e-14 4.94368e-12 3.71492e-09 1.01623e-06 2.57346e-05 9.40857e-05 0.000114235 8.07553e-05 4.31436e-05 1.87042e-05 6.181e-06 1.12533e-06 0 
0 0.000181012 0.000532226 0.000620682 0.000377938 0.000142573 3.94446e-05 9.2007e-06 2.03395e-06 4.73797e-07 1.28075e-07 4.36267e-08 1.99433e-08 1.27269e-08 1.14975e-08 1.45433e-08 2.4908e-08 5.48184e-08 1.4496e-07 4.24776e-07 1.24426e-06 3.10207e-06 4.76759e-06 2.21799e-06 7.9814e-08 4.29249e-11 4.61217e-16 2.36333e-15 2.39613e-15 5.13182e-16 3.52171e-13 1.12377e-08 3.88605e-06 4.19323e-05 7.39454e-05 5.8664e-05 3.24081e-05 1.41826e-05 4.69896e-06 8.56109e-07 0 
0 0.000145271 0.0004832 0.000711258 0.000603279 0.000333186 0.000137663 4.84464e-05 1.6133e-05 5.54582e-06 2.12025e-06 9.59342e-07 5.38497e-07 3.86191e-07 3.57562e-07 4.23835e-07 6.27006e-07 1.11211e-06 2.24318e-06 4.81017e-06 9.96304e-06 1.67427e-05 1.53388e-05 2.95061e-06 1.68984e-08 2.32746e-13 2.36333e-15 2.77284e-16 2.13079e-16 4.4115e-17 1.60193e-16 1.93769e-10 7.29705e-07 2.02744e-05 4.85935e-05 4.21212e-05 2.38362e-05 1.0498e-05 3.484e-06 6.35033e-07 0 
0 0.000110822 0.000402064 0.000704079 0.0007825 0.000602296 0.000353163 0.000175818 8.18305e-05 3.84483e-05 1.93788e-05 1.09897e-05 7.26248e-06 5.71481e-06 5.39524e-06 6.07274e-06 7.99566e-06 1.19456e-05 1.94291e-05 3.25234e-05 5.13395e-05 6.43458e-05 4.25892e-05 5.46997e-06 1.66863e-08 7.29262e-14 2.39613e-15 2.13079e-16 6.24175e-17 1.44914e-16 5.20264e-15 5.67393e-11 3.88828e-07 1.34939e-05 3.44634e-05 3.03176e-05 1.72067e-05 7.58184e-06 2.51634e-06 4.58655e-07 0 
0 8.05862e-05 0.000309302 0.000609157 0.000825872 0.000832023 0.000659756 0.000443455 0.000273432 0.000165636 0.000103987 7.03946e-05 5.28245e-05 4.46703e-05 4.28129e-05 4.62948e-05 5.56895e-05 7.28263e-05 0.000100208 0.000138475 0.000178198 0.00018423 0.000109143 1.65327e-05 1.20207e-07 4.94368e-12 5.13182e-16 4.4115e-17 1.44914e-16 7.79411e-17 1.50462e-15 5.90148e-10 7.49082e-07 1.31855e-05 2.67427e-05 2.19084e-05 1.21767e-05 5.33349e-06 1.76716e-06 3.2195e-07 0 
0 5.60067e-05 0.000222289 0.000470337 0.000725655 0.000886368 0.000892184 0.00077268 0.000606925 0.000456164 0.000343483 0.000268338 0.0002228 0.000199423 0.000193447 0.000202789 0.000227367 0.000267886 0.000323227 0.000384715 0.000425764 0.000393433 0.000242206 6.00761e-05 2.22978e-06 3.71492e-09 3.52171e-13 1.60194e-16 5.20265e-15 1.50462e-15 1.53033e-11 3.54701e-08 2.81099e-06 1.57858e-05 2.16043e-05 1.56664e-05 8.40148e-06 3.64261e-06 1.20347e-06 2.19079e-07 0 
0 3.72519e-05 0.000150588 0.000331497 0.000550837 0.000757672 0.000896481 0.00093811 0.00089526 0.000806353 0.00070875 0.000625321 0.000565454 0.000530926 0.000520556 0.000532391 0.000563877 0.000610442 0.000662599 0.000701863 0.000697266 0.000608534 0.000412252 0.000168914 2.68233e-05 1.01623e-06 1.12377e-08 1.93769e-10 5.67393e-11 5.90148e-10 3.54701e-08 1.21235e-06 8.91675e-06 1.79133e-05 1.68879e-05 1.08484e-05 5.60638e-06 2.40439e-06 7.91882e-07 1.44025e-07 0 
0 2.36906e-05 9.66597e-05 0.000217062 0.000374637 0.00054904 0.000712439 0.000838365 0.000912608 0.000937812 0.000928699 0.000903191 0.000875926 0.000856037 0.000847559 0.000850446 0.000861155 0.00087266 0.000874278 0.000851992 0.000789968 0.000674087 0.000499957 0.000290865 0.000113273 2.57346e-05 3.88605e-06 7.29705e-07 3.88828e-07 7.49082e-07 2.81099e-06 8.91675e-06 1.59474e-05 1.66491e-05 1.21608e-05 7.14721e-06 3.58855e-06 1.52529e-06 5.00998e-07 9.10472e-08 0 
0 1.43477e-05 5.87955e-05 0.000133255 0.000234067 0.000353441 0.000479826 0.000599928 0.000702127 0.000779677 0.00083183 0.00086247 0.000877448 0.000882148 0.00088001 0.000872028 0.00085689 0.000831546 0.000792073 0.000734722 0.0006569 0.000557925 0.000439953 0.000310631 0.000187387 9.40857e-05 4.19323e-05 2.02744e-05 1.34939e-05 1.31855e-05 1.57858e-05 1.79133e-05 1.66491e-05 1.25154e-05 7.95246e-06 4.43422e-06 2.18586e-06 9.23465e-07 3.02737e-07 5.49841e-08 0 
0 8.20841e-06 3.37017e-05 7.66855e-05 0.000135711 0.00020755 0.000287328 0.00036906 0.000446609 0.000514782 0.000570153 0.000611252 0.000638154 0.000651758 0.000653108 0.000642991 0.000621852 0.000589981 0.000547829 0.000496296 0.000436869 0.000371566 0.000302853 0.000233876 0.000169092 0.000114235 7.39454e-05 4.85935e-05 3.44634e-05 2.67427e-05 2.16043e-05 1.68879e-05 1.21608e-05 7.95246e-06 4.7372e-06 2.57225e-06 1.25538e-06 5.28488e-07 1.73046e-07 3.14169e-08 0 
0 4.37383e-06 1.79722e-05 4.09599e-05 7.27023e-05 0.000111745 0.000155891 0.000202387 0.000248237 0.000290564 0.000326943 0.000355616 0.000375536 0.000386282 0.000387918 0.000380862 0.000365813 0.000343719 0.00031577 0.000283368 0.000248053 0.000211401 0.000174928 0.000140067 0.000108225 8.07553e-05 5.8664e-05 4.21212e-05 3.03176e-05 2.19084e-05 1.56664e-05 1.08484e-05 7.14721e-06 4.43422e-06 2.57225e-06 1.38025e-06 6.70388e-07 2.81704e-07 9.21797e-08 1.67317e-08 0 
0 2.11756e-06 8.70388e-06 1.9849e-05 3.52704e-05 5.43117e-05 7.59807e-05 9.90283e-05 0.000122064 0.00014369 0.000162637 0.00017787 0.000188658 0.000194594 0.000195591 0.000191843 0.000183791 0.000172071 0.000157464 0.000140837 0.000123075 0.000105023 8.74345e-05 7.09426e-05 5.60553e-05 4.31436e-05 3.24081e-05 2.38362e-05 1.72067e-05 1.21767e-05 8.40148e-06 5.60638e-06 3.58855e-06 2.18586e-06 1.25538e-06 6.70388e-07 3.24921e-07 1.36419e-07 4.46245e-08 8.0989e-09 0 
0 8.88614e-07 3.65293e-06 8.3323e-06 1.48119e-05 2.28231e-05 3.196e-05 4.17104e-05 5.14996e-05 6.07416e-05 6.88902e-05 7.54848e-05 8.01847e-05 8.27884e-05 8.32393e-05 8.16181e-05 7.8125e-05 7.30551e-05 6.67676e-05 5.96543e-05 5.21074e-05 4.4492e-05 3.7124e-05 3.02575e-05 2.40786e-05 1.87042e-05 1.41826e-05 1.0498e-05 7.58184e-06 5.33349e-06 3.64261e-06 2.40439e-06 1.52529e-06 9.23465e-07 5.28488e-07 2.81704e-07 1.36419e-07 5.72542e-08 1.87259e-08 3.39836e-09 0 
0 2.90616e-07 1.19472e-06 2.72537e-06 4.84542e-06 7.46777e-06 1.04608e-05 1.36581e-05 1.68729e-05 1.99134e-05 2.25996e-05 2.47781e-05 2.63338e-05 2.71976e-05 2.73488e-05 2.68135e-05 2.56591e-05 2.39849e-05 2.19119e-05 1.95714e-05 1.70937e-05 1.45992e-05 1.2191e-05 9.95061e-06 7.93581e-06 6.181e-06 4.69896e-06 3.484e-06 2.51634e-06 1.76716e-06 1.20347e-06 7.91882e-07 5.00998e-07 3.02737e-07 1.73046e-07 9.21797e-08 4.46245e-08 1.87259e-08 6.1242e-09 1.11139e-09 0 
0 5.27393e-08 2.16814e-07 4.94605e-07 8.79396e-07 1.35543e-06 1.89886e-06 2.4796e-06 3.06377e-06 3.61656e-06 4.10525e-06 4.50184e-06 4.78523e-06 4.94269e-06 4.97034e-06 4.87294e-06 4.66277e-06 4.35805e-06 3.98093e-06 3.55539e-06 3.10523e-06 2.65234e-06 2.2154e-06 1.80909e-06 1.44371e-06 1.12533e-06 8.56109e-07 6.35033e-07 4.58655e-07 3.2195e-07 2.19079e-07 1.44025e-07 9.10472e-08 5.49841e-08 3.14169e-08 1.67317e-08 8.0989e-09 3.39836e-09 1.11139e-09 2.01686e-10 0 
0 0 0 0 0 0 0 0 0 0 0 0 0 0 0 0 0 0 0 0 0 0 0 0 0 0 0 0 0 0 0 0 0 0 0 0 0 0 0 0 0 
