0 0 0 0 0 0 0 0 0 0 0 0 0 0 0 0 0 0 0 0 0 0 0 0 0 0 0 0 0 0 0 0 0 0 0 0 0 0 0 0 0 
0 1.31958e-05 5.14466e-05 0.000106657 0.000163277 0.000205121 0.000224146 0.000222526 0.000207931 0.00018821 0.000168878 0.000152937 0.00014163 0.000135254 0.000133707 0.000136765 0.000144146 0.000155432 0.000169888 0.000186258 0.000202613 0.000216375 0.000224635 0.000224761 0.000215181 0.000196031 0.00016933 0.000138492 0.000107327 7.89886e-05 5.53588e-05 3.70181e-05 2.36154e-05 1.43261e-05 8.20285e-06 4.37257e-06 2.11732e-06 8.88573e-07 2.90611e-07 5.2739e-08 0 
0 5.14466e-05 0.000186071 0.000334212 0.000407578 0.000377959 0.000289907 0.000197873 0.000127693 8.18658e-05 5.43086e-05 3.85228e-05 2.99435e-05 2.59031e-05 2.50908e-05 2.71329e-05 3.2398e-05 4.19798e-05 5.77616e-05 8.24006e-05 0.000118964 0.000169877 0.000234995 0.000309203 0.000380926 0.000433684 0.0004519 0.000428813 0.000370813 0.00029404 0.000215902 0.000148271 9.59227e-05 5.85883e-05 3.36501e-05 1.79608e-05 8.70171e-06 3.65258e-06 1.19468e-06 2.16812e-07 0 
0 0.000106657 0.000334212 0.000458124 0.000373563 0.000211105 9.40196e-05 3.65823e-05 1.35391e-05 5.14211e-06 2.14611e-06 1.04337e-06 6.17773e-07 4.58162e-07 4.30055e-07 5.07446e-07 7.36273e-07 1.26953e-06 2.49357e-06 5.32718e-06 1.18207e-05 2.61099e-05 5.53576e-05 0.000109414 0.000197077 0.000317656 0.000450931 0.000556174 0.000591586 0.00054457 0.000440541 0.000320164 0.000213411 0.000132237 7.6437e-05 4.09067e-05 1.98391e-05 8.33077e-06 2.72519e-06 4.94594e-07 0 
0 0.000163277 0.000407578 0.000373563 0.000176464 5.27439e-05 1.16486e-05 2.158e-06 3.78337e-07 7.06579e-08 1.56991e-08 4.56241e-09 1.8645e-09 1.12117e-09 1.00834e-09 1.34015e-09 2.53616e-09 6.45489e-09 2.05895e-08 7.61991e-08 3.02928e-07 1.20479e-06 4.51148e-06 1.51722e-05 4.43453e-05 0.000110394 0.000231153 0.000402504 0.000575241 0.000669015 0.000638286 0.000513759 0.000362067 0.000230515 0.00013485 7.25213e-05 3.52376e-05 1.48069e-05 4.84485e-06 8.79362e-07 0 
0 0.000205121 0.000377959 0.000211105 5.27439e-05 7.42246e-06 6.99244e-07 5.20093e-08 3.62864e-09 2.82456e-10 2.88604e-11 4.45028e-12 1.15196e-12 5.35009e-13 4.56491e-13 7.02506e-13 1.84412e-12 7.58193e-12 4.39448e-11 3.20075e-10 2.61161e-09 2.14607e-08 1.62102e-07 1.04756e-06 5.51067e-06 2.29462e-05 7.48986e-05 0.000191672 0.000383919 0.000596196 0.000713385 0.000669732 0.000516131 0.000343739 0.000205177 0.000111251 5.42236e-05 2.28101e-05 7.46632e-06 1.35534e-06 0 
0 0.000224146 0.000289907 9.40196e-05 1.16486e-05 6.99244e-07 2.48889e-08 6.52308e-10 1.58947e-11 4.55917e-13 1.92062e-14 1.43683e-15 2.2072e-16 7.62856e-17 6.12833e-17 1.11531e-16 4.25646e-16 3.02641e-15 3.46728e-14 5.46592e-13 1.01271e-11 1.90531e-10 3.20946e-09 4.38132e-08 4.51819e-07 3.38025e-06 1.81128e-05 7.00992e-05 0.000199229 0.000419097 0.000648404 0.000739043 0.000644226 0.000458187 0.000281889 0.000154754 7.57801e-05 3.19308e-05 1.04576e-05 1.89867e-06 0 
0 0.000222526 0.000197873 3.65823e-05 2.158e-06 5.20093e-08 6.52308e-10 5.59835e-12 4.42856e-14 4.36657e-16 7.13693e-18 2.72854e-19 4.72344e-20 2.75851e-20 2.4969e-20 3.07512e-20 7.43999e-20 6.69454e-19 1.5441e-17 5.56087e-16 2.4765e-14 1.12966e-12 4.48791e-11 1.36504e-09 2.89971e-08 4.07457e-07 3.71594e-06 2.22422e-05 9.01154e-05 0.000254962 0.000509404 0.000716076 0.000722961 0.000559436 0.000358419 0.000200134 9.86319e-05 4.16533e-05 1.36519e-05 2.47924e-06 0 
0 0.000207931 0.000127693 1.35391e-05 3.78337e-07 3.62864e-09 1.58947e-11 4.42856e-14 1.12714e-16 3.86389e-19 6.13707e-21 1.24055e-21 6.43693e-22 5.90245e-22 5.7699e-22 5.48757e-22 6.67501e-22 1.55322e-21 9.88544e-21 5.17612e-19 5.52808e-17 6.1558e-15 5.80448e-13 3.95852e-11 1.74381e-09 4.63608e-08 7.24995e-07 6.74515e-06 3.88458e-05 0.000145719 0.000369028 0.000634933 0.000747905 0.000637034 0.000428478 0.000244314 0.000121372 5.14005e-05 1.68623e-05 3.06315e-06 0 
0 0.00018821 8.18658e-05 5.14211e-06 7.06579e-08 2.82456e-10 4.55917e-13 4.36657e-16 3.86389e-19 1.4246e-21 1.0686e-22 6.15908e-23 5.04298e-23 5.25156e-23 5.24128e-23 4.67716e-23 4.48528e-23 5.28093e-23 9.63312e-23 1.23639e-21 1.66106e-19 4.2628e-17 9.12817e-15 1.33905e-12 1.17869e-10 5.74471e-09 1.5018e-07 2.12898e-06 1.71232e-05 8.33989e-05 0.000260857 0.000537289 0.000732105 0.000687629 0.000487415 0.000284478 0.000142608 6.0587e-05 1.98969e-05 3.61562e-06 0 
0 0.000168878 5.43086e-05 2.14611e-06 1.56991e-08 2.88604e-11 1.92062e-14 7.13693e-18 6.13708e-21 1.0686e-22 1.33333e-23 8.024e-24 7.78744e-24 8.45529e-24 8.47368e-24 7.43681e-24 6.31227e-24 5.37161e-24 6.13188e-24 2.99746e-23 1.39112e-21 5.10551e-19 2.25607e-16 6.53006e-14 1.06228e-11 8.86738e-10 3.66098e-08 7.55465e-07 8.18461e-06 5.01798e-05 0.000187975 0.000450063 0.000695408 0.000714571 0.000532956 0.000318426 0.000161108 6.86716e-05 2.25764e-05 4.10393e-06 0 
0 0.000152937 3.85228e-05 1.04337e-06 4.56241e-09 4.45028e-12 1.43683e-15 2.72854e-19 1.24055e-21 6.15908e-23 8.024e-24 2.45248e-24 1.75915e-24 1.77965e-24 1.75399e-24 1.52519e-24 1.21823e-24 9.333e-25 1.08825e-24 4.98469e-24 9.86853e-23 1.50836e-20 1.09237e-17 5.50574e-15 1.47807e-12 1.91386e-10 1.14759e-08 3.21969e-07 4.45272e-06 3.29404e-05 0.000142543 0.000383828 0.000654943 0.000724903 0.000565043 0.000344744 0.000175899 7.52023e-05 2.47482e-05 4.50013e-06 0 
0 0.00014163 2.99435e-05 6.17773e-07 1.8645e-09 1.15196e-12 2.2072e-16 4.72344e-20 6.43693e-22 5.04298e-23 7.78745e-24 1.75915e-24 6.7404e-25 4.75821e-25 4.21846e-25 3.57052e-25 2.79965e-25 2.35783e-25 4.25496e-25 2.23912e-24 2.85021e-23 1.78349e-21 1.22844e-18 9.21762e-16 3.55048e-13 6.30804e-11 4.95021e-09 1.73362e-07 2.86033e-06 2.42335e-05 0.000116237 0.000339812 0.00062161 0.000726043 0.000585019 0.000362761 0.000186321 7.9849e-05 2.62983e-05 4.78321e-06 0 
0 0.000135254 2.59031e-05 4.58162e-07 1.12117e-09 5.35009e-13 7.62856e-17 2.75851e-20 5.90245e-22 5.25156e-23 8.45529e-24 1.77965e-24 4.75822e-25 1.92246e-25 1.22574e-25 9.39902e-26 7.73792e-26 9.5521e-26 2.87773e-25 1.62459e-24 1.7542e-23 7.20758e-22 3.5737e-19 3.34043e-16 1.57851e-13 3.35458e-11 3.06579e-09 1.21742e-07 2.22007e-06 2.03114e-05 0.000103238 0.000315932 0.000600793 0.000723668 0.000594638 0.000372358 0.000192032 8.24196e-05 2.71586e-05 4.94047e-06 0 
0 0.000133707 2.50908e-05 4.30055e-07 1.00834e-09 4.56491e-13 6.12833e-17 2.4969e-20 5.7699e-22 5.24129e-23 8.47368e-24 1.75399e-24 4.21847e-25 1.22574e-25 5.01656e-26 3.09297e-26 3.03104e-26 6.41259e-26 2.56423e-25 1.49678e-24 1.57902e-23 6.03679e-22 2.76489e-19 2.70075e-16 1.331e-13 2.93474e-11 2.76756e-09 1.12778e-07 2.09926e-06 1.95089e-05 0.000100324 0.000309886 0.000594232 0.000720928 0.000595315 0.000373764 0.000192979 8.2863e-05 2.73089e-05 4.96808e-06 0 
0 0.000136765 2.71329e-05 5.07446e-07 1.34015e-09 7.02506e-13 1.11531e-16 3.07512e-20 5.48758e-22 4.67717e-23 7.43681e-24 1.52519e-24 3.57052e-25 9.39903e-26 3.09297e-26 1.66382e-26 2.0919e-26 6.0126e-26 2.65075e-25 1.6344e-24 1.90555e-23 9.32139e-22 5.49526e-19 4.75292e-16 2.08699e-13 4.15936e-11 3.59937e-09 1.36629e-07 2.40305e-06 2.13757e-05 0.000106345 0.000320166 0.000601377 0.000718419 0.000587759 0.000367394 0.000189361 8.12602e-05 2.67756e-05 4.87078e-06 0 
0 0.000144146 3.2398e-05 7.36273e-07 2.53616e-09 1.84412e-12 4.25646e-16 7.43999e-20 6.67501e-22 4.48528e-23 6.31228e-24 1.21823e-24 2.79965e-25 7.73792e-26 3.03103e-26 2.0919e-26 2.81825e-26 7.46171e-26 3.29981e-25 2.32747e-24 3.67997e-23 3.342e-21 2.59322e-18 1.69175e-15 5.73699e-13 9.11788e-11 6.50823e-09 2.10752e-07 3.26537e-06 2.63432e-05 0.000121728 0.000345931 0.000619798 0.000714459 0.000571957 0.000353792 0.000181584 7.78068e-05 2.56253e-05 4.66084e-06 0 
0 0.000155432 4.19798e-05 1.26953e-06 6.45489e-09 7.58193e-12 3.02641e-15 6.69454e-19 1.55322e-21 5.28093e-23 5.37161e-24 9.33301e-25 2.35783e-25 9.55209e-26 6.41259e-26 6.01259e-26 7.4617e-26 1.4672e-25 5.78201e-25 5.08969e-24 1.58856e-22 3.8999e-20 2.53865e-17 1.08853e-14 2.52584e-12 2.87845e-10 1.54808e-08 3.96923e-07 5.10574e-06 3.56939e-05 0.000147954 0.00038597 0.000644731 0.000705445 0.000547433 0.000333642 0.000170231 7.27897e-05 2.39567e-05 4.35643e-06 0 
0 0.000169888 5.77616e-05 2.49357e-06 2.05895e-08 4.39448e-11 3.46728e-14 1.5441e-17 9.88545e-21 9.63312e-23 6.13188e-24 1.08825e-24 4.25496e-25 2.87773e-25 2.56422e-25 2.65075e-25 3.29981e-25 5.782e-25 2.25747e-24 3.13561e-23 2.81438e-21 1.12746e-18 4.34011e-16 1.10172e-13 1.59135e-11 1.19619e-09 4.51375e-08 8.64131e-07 8.81072e-06 5.15185e-05 0.000186371 0.00043643 0.000668015 0.000686368 0.000513655 0.000307826 0.000156021 6.65593e-05 2.18897e-05 3.97965e-06 0 
0 0.000186258 8.24006e-05 5.32718e-06 7.61991e-08 3.20075e-10 5.46592e-13 5.56087e-16 5.17612e-19 1.23639e-21 2.99746e-23 4.98469e-24 2.23912e-24 1.62459e-24 1.49678e-24 1.6344e-24 2.32747e-24 5.08969e-24 3.13561e-23 1.15485e-21 2.15052e-19 5.28406e-17 1.07612e-14 1.50432e-12 1.26459e-10 5.90134e-09 1.48244e-07 2.02957e-06 1.58672e-05 7.57287e-05 0.000234725 0.000486586 0.000676908 0.00065158 0.000470465 0.000277456 0.000139766 5.94993e-05 1.95547e-05 3.55443e-06 0 
0 0.000202613 0.000118964 1.18207e-05 3.02928e-07 2.61161e-09 1.01271e-11 2.4765e-14 5.52808e-17 1.66106e-19 1.39112e-21 9.86853e-23 2.85021e-23 1.7542e-23 1.57902e-23 1.90555e-23 3.67997e-23 1.58856e-22 2.81438e-21 2.15052e-19 2.54017e-17 3.11267e-15 3.21043e-13 2.36611e-11 1.1075e-09 3.0699e-08 4.92526e-07 4.66037e-06 2.73083e-05 0.000105174 0.00027843 0.000512573 0.000653806 0.000595886 0.000418403 0.000243857 0.000122314 5.19966e-05 1.70817e-05 3.10453e-06 0 
0 0.000216375 0.000169877 2.61099e-05 1.20479e-06 2.14607e-08 1.90531e-10 1.12966e-12 6.1558e-15 4.2628e-17 5.10551e-19 1.50836e-20 1.78349e-21 7.20758e-22 6.03679e-22 9.32139e-22 3.342e-21 3.8999e-20 1.12746e-18 5.28406e-17 3.11267e-15 1.87495e-13 9.64899e-12 3.66343e-10 9.21404e-09 1.4436e-07 1.39717e-06 8.71365e-06 3.75248e-05 0.000118179 0.000277076 0.00047408 0.000578989 0.000515927 0.000358856 0.000208496 0.000104492 4.4414e-05 1.45907e-05 2.65184e-06 0 
0 0.000224635 0.000234995 5.53576e-05 4.51148e-06 1.62102e-07 3.20946e-09 4.48791e-11 5.80448e-13 9.12817e-15 2.25607e-16 1.09237e-17 1.22844e-18 3.5737e-19 2.76489e-19 5.49526e-19 2.59322e-18 2.53865e-17 4.34011e-16 1.07612e-14 3.21043e-13 9.64899e-12 2.48565e-10 4.76253e-09 6.05105e-08 4.77631e-07 2.39572e-06 8.65706e-06 2.65104e-05 7.43374e-05 0.000180204 0.000335074 0.000440694 0.000412101 0.000294097 0.000172884 8.70564e-05 3.70681e-05 1.21849e-05 2.21504e-06 0 
0 0.000224761 0.000309203 0.000109414 1.51722e-05 1.04756e-06 4.38132e-08 1.36504e-09 3.95852e-11 1.33905e-12 6.53006e-14 5.50574e-15 9.21762e-16 3.34043e-16 2.70075e-16 4.75292e-16 1.69175e-15 1.08853e-14 1.10172e-13 1.50432e-12 2.36611e-11 3.66343e-10 4.76253e-09 4.38827e-08 2.40374e-07 6.94603e-07 1.15226e-06 1.6267e-06 3.2425e-06 1.08415e-05 4.41345e-05 0.000137695 0.000257818 0.000292012 0.000227512 0.000138534 7.06566e-05 3.02152e-05 9.94599e-06 1.80882e-06 0 
0 0.000215181 0.000380926 0.000197077 4.43453e-05 5.51067e-06 4.51819e-07 2.89971e-08 1.74381e-09 1.17869e-10 1.06228e-11 1.47807e-12 3.55048e-13 1.57851e-13 1.331e-13 2.08699e-13 5.73699e-13 2.52584e-12 1.59135e-11 1.26459e-10 1.1075e-09 9.21404e-09 6.05105e-08 2.40374e-07 3.98908e-07 1.9921e-07 3.57365e-08 7.05417e-09 7.14327e-09 6.04893e-08 1.399e-06 2.03738e-05 9.78552e-05 0.000174692 0.00016409 0.000106974 5.58222e-05 2.40445e-05 7.93214e-06 1.4435e-06 0 
0 0.000196031 0.000433684 0.000317656 0.000110394 2.29462e-05 3.38025e-06 4.07457e-07 4.63608e-08 5.74471e-09 8.86738e-10 1.91386e-10 6.30804e-11 3.35458e-11 2.93474e-11 4.15936e-11 9.11788e-11 2.87845e-10 1.19619e-09 5.90134e-09 3.0699e-08 1.4436e-07 4.77631e-07 6.94603e-07 1.9921e-07 4.77845e-09 1.23449e-11 4.42504e-14 1.22449e-14 1.32217e-12 1.59234e-09 6.45927e-07 2.08062e-05 8.58524e-05 0.000110157 7.96846e-05 4.29454e-05 1.86758e-05 6.17801e-06 1.12516e-06 0 
0 0.00016933 0.0004519 0.000450931 0.000231153 7.48986e-05 1.81128e-05 3.71594e-06 7.24995e-07 1.5018e-07 3.66098e-08 1.14759e-08 4.95021e-09 3.06579e-09 2.76756e-09 3.59937e-09 6.50823e-09 1.54808e-08 4.51375e-08 1.48244e-07 4.92526e-07 1.39717e-06 2.39572e-06 1.15226e-06 3.57365e-08 1.23449e-11 3.01853e-16 2.38096e-15 1.41226e-15 7.64688e-15 8.41042e-14 5.44203e-09 2.84617e-06 3.71282e-05 7.07165e-05 5.77631e-05 3.22427e-05 1.41594e-05 4.69657e-06 8.55975e-07 0 
0 0.000138492 0.000428813 0.000556174 0.000402504 0.000191672 7.00992e-05 2.22422e-05 6.74515e-06 2.12898e-06 7.55465e-07 3.21969e-07 1.73362e-07 1.21742e-07 1.12778e-07 1.36629e-07 2.10752e-07 3.96923e-07 8.64131e-07 2.02957e-06 4.66037e-06 8.71365e-06 8.65706e-06 1.6267e-06 7.05417e-09 4.42504e-14 2.38096e-15 6.04524e-16 4.76992e-16 1.36496e-15 1.58841e-14 7.27103e-11 4.89197e-07 1.75045e-05 4.61815e-05 4.14163e-05 2.37078e-05 1.04803e-05 3.48221e-06 6.34934e-07 0 
0 0.000107327 0.000370813 0.000591586 0.000575241 0.000383919 0.000199229 9.01154e-05 3.88458e-05 1.71232e-05 8.18461e-06 4.45272e-06 2.86033e-06 2.22007e-06 2.09926e-06 2.40305e-06 3.26537e-06 5.10574e-06 8.81072e-06 1.58672e-05 2.73083e-05 3.75248e-05 2.65104e-05 3.2425e-06 7.14327e-09 1.22449e-14 1.41226e-15 4.76992e-16 1.17189e-15 5.64612e-15 1.06112e-13 1.98664e-11 2.55795e-07 1.16084e-05 3.27542e-05 2.98214e-05 1.71175e-05 7.56971e-06 2.51512e-06 4.58588e-07 0 
0 7.89886e-05 0.00029404 0.00054457 0.000669015 0.000596196 0.000419097 0.000254962 0.000145719 8.33989e-05 5.01798e-05 3.29404e-05 2.42335e-05 2.03114e-05 1.95089e-05 2.13757e-05 2.63432e-05 3.56939e-05 5.15185e-05 7.57287e-05 0.000105174 0.000118179 7.43374e-05 1.08415e-05 6.04893e-08 1.32217e-12 7.64688e-15 1.36496e-15 5.64612e-15 8.92955e-16 6.22493e-16 2.51496e-10 5.28079e-07 1.16084e-05 2.56087e-05 2.16016e-05 1.21226e-05 5.32615e-06 1.76642e-06 3.21909e-07 0 
0 5.53588e-05 0.000215902 0.000440541 0.000638286 0.000713385 0.000648404 0.000509404 0.000369028 0.000260857 0.000187975 0.000142543 0.000116237 0.000103238 0.000100324 0.000106345 0.000121728 0.000147954 0.000186371 0.000234725 0.00027843 0.000277076 0.000180204 4.41345e-05 1.399e-06 1.59234e-09 8.41042e-14 1.58841e-14 1.06112e-13 6.22493e-16 5.17695e-12 2.04321e-08 2.22134e-06 1.44378e-05 2.09376e-05 1.55033e-05 8.37317e-06 3.63874e-06 1.20307e-06 2.19057e-07 0 
0 3.70181e-05 0.000148271 0.000320164 0.000513759 0.000669732 0.000739043 0.000716076 0.000634933 0.000537289 0.000450063 0.000383828 0.000339812 0.000315932 0.000309886 0.000320166 0.000345931 0.00038597 0.00043643 0.000486586 0.000512573 0.00047408 0.000335074 0.000137695 2.03738e-05 6.45927e-07 5.44203e-09 7.27103e-11 1.98664e-11 2.51496e-10 2.04321e-08 9.05444e-07 7.81684e-06 1.69924e-05 1.65623e-05 1.07751e-05 5.59369e-06 2.40262e-06 7.91697e-07 1.44014e-07 0 
0 2.36154e-05 9.59227e-05 0.000213411 0.000362067 0.000516131 0.000644226 0.000722961 0.000747905 0.000732105 0.000695408 0.000654943 0.00062161 0.000600793 0.000594232 0.000601377 0.000619798 0.000644731 0.000668015 0.000676908 0.000653806 0.000578989 0.000440694 0.000257818 9.78552e-05 2.08062e-05 2.84617e-06 4.89197e-07 2.55795e-07 5.28079e-07 2.22134e-06 7.81684e-06 1.49696e-05 1.6205e-05 1.20328e-05 7.11952e-06 3.58368e-06 1.52459e-06 5.00923e-07 9.10428e-08 0 
0 1.43261e-05 5.85883e-05 0.000132237 0.000230515 0.000343739 0.000458187 0.000559436 0.000637034 0.000687629 0.000714571 0.000724903 0.000726043 0.000723668 0.000720928 0.000718419 0.000714459 0.000705445 0.000686368 0.00065158 0.000595886 0.000515927 0.000412101 0.000292012 0.000174692 8.58524e-05 3.71282e-05 1.75045e-05 1.16084e-05 1.16084e-05 1.44378e-05 1.69924e-05 1.6205e-05 1.2362e-05 7.91169e-06 4.42537e-06 2.18426e-06 9.23225e-07 3.0271e-07 5.49825e-08 0 
0 8.20285e-06 3.36501e-05 7.6437e-05 0.00013485 0.000205177 0.000281889 0.000358419 0.000428478 0.000487415 0.000532956 0.000565043 0.000585019 0.000594638 0.000595315 0.000587759 0.000571957 0.000547433 0.000513655 0.000470465 0.000418403 0.000358856 0.000294097 0.000227512 0.00016409 0.000110157 7.07165e-05 4.61815e-05 3.27542e-05 2.56087e-05 2.09376e-05 1.65623e-05 1.20328e-05 7.91169e-06 4.72642e-06 2.56983e-06 1.25492e-06 5.28416e-07 1.73038e-07 3.14164e-08 0 
0 4.37257e-06 1.79608e-05 4.09067e-05 7.25213e-05 0.000111251 0.000154754 0.000200134 0.000244314 0.000284478 0.000318426 0.000344744 0.000362761 0.000372358 0.000373764 0.000367394 0.000353792 0.000333642 0.000307826 0.000277456 0.000243857 0.000208496 0.000172884 0.000138534 0.000106974 7.96846e-05 5.77631e-05 4.14163e-05 2.98214e-05 2.16016e-05 1.55033e-05 1.07751e-05 7.11952e-06 4.42537e-06 2.56983e-06 1.37969e-06 6.70276e-07 2.81686e-07 9.21775e-08 1.67315e-08 0 
0 2.11732e-06 8.70171e-06 1.98391e-05 3.52376e-05 5.42236e-05 7.57801e-05 9.86319e-05 0.000121372 0.000142608 0.000161108 0.000175899 0.000186321 0.000192032 0.000192979 0.000189361 0.000181584 0.000170231 0.000156021 0.000139766 0.000122314 0.000104492 8.70564e-05 7.06566e-05 5.58222e-05 4.29454e-05 3.22427e-05 2.37078e-05 1.71175e-05 1.21226e-05 8.37317e-06 5.59369e-06 3.58368e-06 2.18426e-06 1.25492e-06 6.70276e-07 3.24898e-07 1.36415e-07 4.4624e-08 8.09886e-09 0 
0 8.88573e-07 3.65258e-06 8.33077e-06 1.48069e-05 2.28101e-05 3.19308e-05 4.16533e-05 5.14005e-05 6.0587e-05 6.86716e-05 7.52023e-05 7.9849e-05 8.24196e-05 8.2863e-05 8.12602e-05 7.78068e-05 7.27897e-05 6.65593e-05 5.94993e-05 5.19966e-05 4.4414e-05 3.70681e-05 3.02152e-05 2.40445e-05 1.86758e-05 1.41594e-05 1.04803e-05 7.56971e-06 5.32615e-06 3.63874e-06 2.40262e-06 1.52459e-06 9.23225e-07 5.28416e-07 2.81686e-07 1.36415e-07 5.72535e-08 1.87258e-08 3.39836e-09 0 
0 2.90611e-07 1.19468e-06 2.72519e-06 4.84485e-06 7.46632e-06 1.04576e-05 1.36519e-05 1.68623e-05 1.98969e-05 2.25764e-05 2.47482e-05 2.62983e-05 2.71586e-05 2.73089e-05 2.67756e-05 2.56253e-05 2.39567e-05 2.18897e-05 1.95547e-05 1.70817e-05 1.45907e-05 1.21849e-05 9.94599e-06 7.93214e-06 6.17801e-06 4.69657e-06 3.48221e-06 2.51512e-06 1.76642e-06 1.20307e-06 7.91697e-07 5.00923e-07 3.0271e-07 1.73038e-07 9.21775e-08 4.4624e-08 1.87258e-08 6.12419e-09 1.11139e-09 0 
0 5.2739e-08 2.16812e-07 4.94594e-07 8.79362e-07 1.35534e-06 1.89867e-06 2.47924e-06 3.06315e-06 3.61562e-06 4.10393e-06 4.50013e-06 4.78321e-06 4.94047e-06 4.96808e-06 4.87078e-06 4.66084e-06 4.35643e-06 3.97965e-06 3.55443e-06 3.10453e-06 2.65184e-06 2.21504e-06 1.80882e-06 1.4435e-06 1.12516e-06 8.55975e-07 6.34934e-07 4.58588e-07 3.21909e-07 2.19057e-07 1.44014e-07 9.10428e-08 5.49825e-08 3.14164e-08 1.67315e-08 8.09886e-09 3.39836e-09 1.11139e-09 2.01686e-10 0 
0 0 0 0 0 0 0 0 0 0 0 0 0 0 0 0 0 0 0 0 0 0 0 0 0 0 0 0 0 0 0 0 0 0 0 0 0 0 0 0 0 
