0 0 0 0 0 0 0 0 0 0 0 0 0 0 0 0 0 0 0 0 0 0 0 0 0 0 0 0 0 0 0 0 0 0 0 0 0 0 0 0 0 
0 1.3277e-05 5.21329e-05 0.000109374 0.000170231 0.000218023 0.000242947 0.000245571 0.000233088 0.000213779 0.000193881 0.000177023 0.000164862 0.000157922 0.000156195 0.000159461 0.000167374 0.000179385 0.000194563 0.000211389 0.000227629 0.000240418 0.000246656 0.000243724 0.000230318 0.000207076 0.000176605 0.000142774 0.000109564 8.00235e-05 5.57829e-05 3.71725e-05 2.36654e-05 1.43406e-05 8.20659e-06 4.37342e-06 2.11748e-06 8.886e-07 2.90614e-07 5.27392e-08 0 
0 5.21329e-05 0.000191781 0.000354604 0.000449706 0.000435125 0.000347186 0.000245164 0.000162858 0.000107024 7.24847e-05 5.22665e-05 4.11002e-05 3.57821e-05 3.46965e-05 3.73681e-05 4.42342e-05 5.66034e-05 7.6684e-05 0.00010748 0.000152228 0.000213007 0.000288393 0.000370834 0.000445633 0.000493998 0.000500731 0.000462589 0.000390604 0.00030387 0.000220073 0.000149801 9.64136e-05 5.87272e-05 3.36849e-05 1.79685e-05 8.70318e-06 3.65282e-06 1.19471e-06 2.16814e-07 0 
0 0.000109374 0.000354604 0.000514052 0.000448371 0.00027011 0.000127234 5.20903e-05 2.02235e-05 8.02982e-06 3.48535e-06 1.74937e-06 1.05974e-06 7.95982e-07 7.48794e-07 8.76573e-07 1.25041e-06 2.10383e-06 4.00971e-06 8.28282e-06 1.7744e-05 3.78454e-05 7.75716e-05 0.000148397 0.000258688 0.000402594 0.000549485 0.0006491 0.000661063 0.000585524 0.000459836 0.00032762 0.00021584 0.00013292 7.66046e-05 4.09427e-05 1.98458e-05 8.33181e-06 2.72531e-06 4.94602e-07 0 
0 0.000170231 0.000449706 0.000448371 0.000231361 7.50138e-05 1.79274e-05 3.59769e-06 6.8299e-07 1.37533e-07 3.26657e-08 1.00223e-08 4.25793e-09 2.61636e-09 2.36211e-09 3.09791e-09 5.69665e-09 1.39086e-08 4.2148e-08 1.47262e-07 5.51138e-07 2.0644e-06 7.30378e-06 2.33266e-05 6.51096e-05 0.000155366 0.000311634 0.000516791 0.000698103 0.000765668 0.000693882 0.000537923 0.000370395 0.000232894 0.000135431 7.2644e-05 3.52599e-05 1.48103e-05 4.84524e-06 8.79385e-07 0 
0 0.000218023 0.000435125 0.00027011 7.50138e-05 1.17492e-05 1.24091e-06 1.04086e-07 8.19109e-09 7.14401e-10 8.07119e-11 1.35045e-11 3.70624e-12 1.77844e-12 1.52636e-12 2.30247e-12 5.7885e-12 2.23561e-11 1.19947e-10 8.00916e-10 5.96247e-09 4.47001e-08 3.09298e-07 1.84501e-06 9.0493e-06 3.55097e-05 0.000110119 0.000268108 0.000507184 0.00073587 0.000820522 0.000726139 0.000537753 0.000350211 0.000206775 0.000111586 5.42835e-05 2.2819e-05 7.46731e-06 1.3554e-06 0 
0 0.000242947 0.000347186 0.000127234 1.79274e-05 1.24091e-06 5.17061e-08 1.60063e-09 4.60656e-11 1.54596e-12 7.48261e-14 6.26888e-15 1.04492e-15 3.78069e-16 3.0624e-16 5.41954e-16 1.94686e-15 1.26873e-14 1.30597e-13 1.82553e-12 2.97916e-11 4.93398e-10 7.35153e-09 8.96124e-08 8.36072e-07 5.74752e-06 2.87443e-05 0.000105027 0.000282255 0.000555647 0.000794373 0.000837833 0.000688495 0.000472533 0.00028554 0.000155523 7.59163e-05 3.19507e-05 1.04597e-05 1.8988e-06 0 
0 0.000245571 0.000245164 5.20903e-05 3.59769e-06 1.04086e-07 1.60063e-09 1.70371e-11 1.67117e-13 2.01926e-15 3.94661e-17 1.59059e-18 1.71142e-19 5.71709e-20 4.65591e-20 8.11888e-20 3.61035e-19 3.96373e-18 8.17661e-17 2.5189e-15 9.5156e-14 3.67949e-12 1.24638e-10 3.26923e-09 6.08429e-08 7.63447e-07 6.34801e-06 3.53236e-05 0.000134682 0.000357878 0.000661611 0.000851857 0.0007967 0.000586058 0.000365533 0.000201654 9.89008e-05 4.16921e-05 1.36562e-05 2.47949e-06 0 
0 0.000233088 0.000162858 2.02235e-05 6.8299e-07 8.19109e-09 4.60656e-11 1.67117e-13 5.54003e-16 2.39419e-18 2.2241e-20 1.65765e-21 5.23931e-22 3.01612e-22 2.67594e-22 3.42271e-22 6.92881e-22 2.66005e-21 4.92074e-20 3.15148e-18 2.77229e-16 2.51919e-14 1.95274e-12 1.10963e-10 4.14895e-09 9.57276e-08 1.33158e-06 1.12981e-05 6.05802e-05 0.000213348 0.000502305 0.000790012 0.000851338 0.000679415 0.000440537 0.000246954 0.00012184 5.14679e-05 1.68695e-05 3.06357e-06 0 
0 0.000213779 0.000107024 8.02982e-06 1.37533e-07 7.14401e-10 1.54596e-12 2.01926e-15 2.39419e-18 4.98984e-21 1.09062e-22 2.26363e-23 1.4903e-23 1.20717e-23 1.12943e-23 1.19939e-23 1.44617e-23 2.4191e-23 1.49119e-22 6.02869e-21 1.05848e-18 2.16186e-16 3.67587e-14 4.35081e-12 3.15637e-10 1.30019e-08 2.95384e-07 3.7456e-06 2.76747e-05 0.000125959 0.000367535 0.000693819 0.000859087 0.00074695 0.000505516 0.000288561 0.00014334 6.06919e-05 1.99081e-05 3.61626e-06 0 
0 0.000193881 7.24847e-05 3.48535e-06 3.26657e-08 8.07119e-11 7.48261e-14 3.94661e-17 2.2241e-20 1.09062e-22 4.59993e-24 1.34093e-24 1.16947e-24 1.1376e-24 1.10005e-24 1.04904e-24 9.68674e-25 1.06223e-24 3.11127e-24 5.68849e-23 7.92856e-21 3.11612e-18 1.06379e-15 2.4148e-13 3.15548e-11 2.1757e-09 7.64972e-08 1.38784e-06 1.3631e-05 7.75668e-05 0.000271323 0.000597666 0.00083722 0.000789413 0.000557426 0.000324123 0.00016214 6.88198e-05 2.25921e-05 4.10483e-06 0 
0 0.000177023 5.22665e-05 1.74937e-06 1.00223e-08 1.35045e-11 6.26888e-15 1.59059e-18 1.65765e-21 2.26363e-23 1.34094e-24 2.43396e-25 1.59206e-25 1.58922e-25 1.55307e-25 1.3941e-25 1.13421e-25 1.08137e-25 2.93428e-25 3.86073e-24 2.48281e-22 9.81158e-20 5.84872e-17 2.25892e-14 4.77157e-12 5.01051e-10 2.51766e-08 6.12446e-07 7.59354e-06 5.1784e-05 0.000209082 0.000519645 0.00080399 0.000811987 0.000595298 0.000351997 0.000177227 7.53936e-05 2.47685e-05 4.50129e-06 0 
0 0.000164862 4.11002e-05 1.05974e-06 4.25793e-09 3.70624e-12 1.04492e-15 1.71142e-19 5.23931e-22 1.49031e-23 1.16947e-24 1.59207e-25 4.34311e-26 2.91e-26 2.62973e-26 2.25559e-26 1.79806e-26 2.18904e-26 9.39681e-26 1.12911e-24 4.14905e-23 8.70412e-21 7.18059e-18 4.06834e-15 1.215e-12 1.72811e-10 1.12363e-08 3.3787e-07 4.95777e-06 3.85127e-05 0.000172139 0.000465508 0.000772969 0.000821302 0.00061968 0.000371264 0.000187893 8.0076e-05 2.63224e-05 4.78459e-06 0 
0 0.000157922 3.57821e-05 7.95982e-07 2.61636e-09 1.77844e-12 3.78069e-16 5.71709e-20 3.01612e-22 1.20717e-23 1.1376e-24 1.58922e-25 2.91001e-26 8.93671e-27 5.39458e-27 4.2401e-27 4.10771e-27 1.00212e-26 6.15974e-26 6.76417e-25 1.81821e-23 2.46138e-21 2.1781e-18 1.53273e-15 5.57042e-13 9.41044e-11 7.08231e-09 2.40196e-07 3.87837e-06 3.24347e-05 0.000153492 0.000435099 0.000751958 0.000823012 0.000631811 0.000381612 0.000193754 8.26688e-05 2.7185e-05 4.94198e-06 0 
0 0.000156195 3.46965e-05 7.48794e-07 2.36211e-09 1.52636e-12 3.0624e-16 4.65591e-20 2.67594e-22 1.12943e-23 1.10005e-24 1.55308e-25 2.62973e-26 5.39459e-27 1.7287e-27 1.1147e-27 1.84835e-27 8.05825e-27 5.53364e-26 5.9801e-25 1.52299e-23 1.90932e-21 1.68993e-18 1.24368e-15 4.70801e-13 8.24352e-11 6.39611e-09 2.22432e-07 3.66362e-06 3.1109e-05 0.000148967 0.000426563 0.000744088 0.000820539 0.000632892 0.000383163 0.000194733 8.31171e-05 2.73359e-05 4.96962e-06 0 
0 0.000159461 3.73681e-05 8.76573e-07 3.09791e-09 2.30247e-12 5.41954e-16 8.11888e-20 3.42271e-22 1.19939e-23 1.04904e-24 1.3941e-25 2.2556e-26 4.24011e-27 1.1147e-27 7.26736e-28 1.70517e-27 8.49986e-27 6.16506e-26 7.36032e-25 2.26472e-23 3.68682e-21 3.25779e-18 2.12307e-15 7.19897e-13 1.14471e-10 8.1837e-09 2.66042e-07 4.1526e-06 3.38252e-05 0.000156891 0.000438071 0.000749068 0.000814731 0.000623687 0.000376338 0.000191027 8.15018e-05 2.68013e-05 4.87225e-06 0 
0 0.000167374 4.42342e-05 1.25041e-06 5.69665e-09 5.7885e-12 1.94686e-15 3.61035e-19 6.92881e-22 1.44617e-23 9.68676e-25 1.13421e-25 1.79807e-26 4.10771e-27 1.84835e-27 1.70517e-27 3.10491e-27 1.23604e-26 9.20134e-26 1.36732e-24 6.5943e-23 1.90397e-20 1.43396e-17 7.10792e-15 1.88214e-12 2.40997e-10 1.43331e-08 4.00435e-07 5.53987e-06 4.1109e-05 0.000177474 0.000467841 0.000763716 0.000804065 0.000604462 0.000361778 0.000183065 7.80215e-05 2.56482e-05 4.66215e-06 0 
0 0.000179385 5.66034e-05 2.10383e-06 1.39086e-08 2.23561e-11 1.26873e-14 3.96373e-18 2.66005e-21 2.4191e-23 1.06223e-24 1.08137e-25 2.18904e-26 1.00212e-26 8.05823e-27 8.49984e-27 1.23604e-26 3.51998e-26 2.58387e-25 5.68413e-24 5.40221e-22 2.48055e-19 1.26451e-16 4.191e-14 7.71366e-12 7.1809e-10 3.25718e-08 7.28094e-07 8.43541e-06 5.45755e-05 0.000211904 0.000512819 0.000781754 0.000785161 0.000575211 0.00034034 0.000171465 7.29686e-05 2.39758e-05 4.35752e-06 0 
0 0.000194563 7.6684e-05 4.00971e-06 4.2148e-08 1.19947e-10 1.30597e-13 8.17661e-17 4.92074e-20 1.49119e-22 3.11127e-24 2.93428e-25 9.39679e-26 6.15973e-26 5.53362e-26 6.16504e-26 9.20132e-26 2.58387e-25 2.21405e-24 8.91274e-23 1.78251e-20 6.35934e-18 1.89986e-15 3.80819e-13 4.44652e-11 2.77657e-09 8.96731e-08 1.51574e-06 1.40632e-05 7.66289e-05 0.000260367 0.000565918 0.000793224 0.000753545 0.000536008 0.000313106 0.000156988 6.66995e-05 2.19047e-05 3.98051e-06 0 
0 0.000211389 0.00010748 8.28282e-06 1.47262e-07 8.00916e-10 1.82553e-12 2.5189e-15 3.15148e-18 6.02869e-21 5.68849e-23 3.86073e-24 1.12911e-24 6.76416e-25 5.98009e-25 7.36031e-25 1.36732e-24 5.68413e-24 8.91274e-23 7.18074e-21 1.29233e-18 2.51351e-16 4.0722e-14 4.60077e-12 3.19226e-10 1.26058e-08 2.75425e-07 3.37499e-06 2.42684e-05 0.000108664 0.000317202 0.000611649 0.00078422 0.000704646 0.00048737 0.000281379 0.000140482 5.96033e-05 1.95659e-05 3.55508e-06 0 
0 0.000227629 0.000152228 1.7744e-05 5.51138e-07 5.96247e-09 2.97916e-11 9.5156e-14 2.77229e-16 1.05848e-18 7.92856e-21 2.48281e-22 4.14905e-23 1.81821e-23 1.52299e-23 2.26471e-23 6.5943e-23 5.40221e-22 1.78251e-20 1.29233e-18 1.24356e-16 1.23553e-14 1.04062e-12 6.34817e-11 2.50581e-09 5.99055e-08 8.49793e-07 7.29465e-06 3.9703e-05 0.000144285 0.000360915 0.00062132 0.000737844 0.000634874 0.000430458 0.000246629 0.00012282 5.20705e-05 1.70897e-05 3.105e-06 0 
0 0.000240418 0.000213007 3.78454e-05 2.0644e-06 4.47001e-08 4.93398e-10 3.67949e-12 2.51919e-14 2.16186e-16 3.11612e-18 9.81158e-20 8.70412e-21 2.46138e-21 1.90932e-21 3.68682e-21 1.90397e-20 2.48055e-19 6.35934e-18 2.51351e-16 1.23553e-14 6.20043e-13 2.67296e-11 8.60013e-10 1.86376e-08 2.56765e-07 2.23446e-06 1.28094e-05 5.167e-05 0.00015423 0.000343157 0.000553849 0.000637707 0.000542631 0.000367086 0.000210397 0.000104842 4.44654e-05 1.45963e-05 2.65217e-06 0 
0 0.000246656 0.000288393 7.75716e-05 7.30378e-06 3.09298e-07 7.35153e-09 1.24638e-10 1.95274e-12 3.67587e-14 1.06379e-15 5.84872e-17 7.18059e-18 2.1781e-18 1.68993e-18 3.25779e-18 1.43396e-17 1.26451e-16 1.89986e-15 4.0722e-14 1.04062e-12 2.67296e-11 5.90983e-10 9.81962e-09 1.09932e-07 7.80101e-07 3.59273e-06 1.21323e-05 3.5107e-05 9.34977e-05 0.000215499 0.000380647 0.000476899 0.000429559 0.000299676 0.000174199 8.7301e-05 3.71043e-05 1.21889e-05 2.21528e-06 0 
0 0.000243724 0.000370834 0.000148397 2.33266e-05 1.84501e-06 8.96124e-08 3.26923e-09 1.10963e-10 4.35081e-12 2.4148e-13 2.25892e-14 4.06834e-15 1.53273e-15 1.24368e-15 2.12307e-15 7.10792e-15 4.191e-14 3.80819e-13 4.60077e-12 6.34817e-11 8.60013e-10 9.81962e-09 8.0352e-08 3.98547e-07 1.07077e-06 1.69486e-06 2.31174e-06 4.41771e-06 1.39251e-05 5.30518e-05 0.000155758 0.000277554 0.000303411 0.000231473 0.000139498 7.08375e-05 3.02421e-05 9.94893e-06 1.80899e-06 0 
0 0.000230318 0.000445633 0.000258688 6.51096e-05 9.0493e-06 8.36072e-07 6.08429e-08 4.14895e-09 3.15637e-10 3.15548e-11 4.77157e-12 1.215e-12 5.57042e-13 4.70801e-13 7.19897e-13 1.88214e-12 7.71366e-12 4.44652e-11 3.19226e-10 2.50581e-09 1.86376e-08 1.09932e-07 3.98547e-07 6.23736e-07 3.08531e-07 5.74089e-08 1.18222e-08 1.18011e-08 9.07957e-08 1.84343e-06 2.39897e-05 0.000106817 0.000182271 0.00016713 0.000107742 5.59664e-05 2.40657e-05 7.93443e-06 1.44363e-06 0 
0 0.000207076 0.000493998 0.000402594 0.000155366 3.55097e-05 5.74752e-06 7.63447e-07 9.57276e-08 1.30019e-08 2.1757e-09 5.01051e-10 1.72811e-10 9.41044e-11 8.24352e-11 1.14471e-10 2.40997e-10 7.1809e-10 2.77657e-09 1.26058e-08 5.99055e-08 2.56765e-07 7.80101e-07 1.07077e-06 3.08531e-07 8.20852e-09 2.57573e-11 1.19858e-13 3.57396e-14 2.88762e-12 2.62569e-09 8.44273e-07 2.36003e-05 9.06737e-05 0.000112591 8.0331e-05 4.30659e-05 1.86931e-05 6.17984e-06 1.12526e-06 0 
0 0.000176605 0.000500731 0.000549485 0.000311634 0.000110119 2.87443e-05 6.34801e-06 1.33158e-06 2.95384e-07 7.64972e-08 2.51766e-08 1.12363e-08 7.08231e-09 6.39611e-09 8.1837e-09 1.43331e-08 3.25718e-08 8.96731e-08 2.75425e-07 8.49793e-07 2.23446e-06 3.59273e-06 1.69486e-06 5.74089e-08 2.57573e-11 2.76716e-16 2.66768e-15 1.85173e-15 1.60689e-15 1.96245e-13 8.35123e-09 3.4214e-06 3.99058e-05 7.26235e-05 5.83012e-05 3.23421e-05 1.41734e-05 4.69802e-06 8.56056e-07 0 
0 0.000142774 0.000462589 0.0006491 0.000516791 0.000268108 0.000105027 3.53236e-05 1.12981e-05 3.7456e-06 1.38784e-06 6.12446e-07 3.3787e-07 2.40196e-07 2.22432e-07 2.66042e-07 4.00435e-07 7.28094e-07 1.51574e-06 3.37499e-06 7.29465e-06 1.28094e-05 1.21323e-05 2.31174e-06 1.18222e-08 1.19858e-13 2.66768e-15 4.0971e-16 2.3654e-16 1.28591e-16 8.9435e-16 1.29791e-10 6.19594e-07 1.9094e-05 4.75984e-05 4.18349e-05 2.37845e-05 1.04909e-05 3.48329e-06 6.34993e-07 0 
0 0.000109564 0.000390604 0.000661063 0.000698103 0.000507184 0.000282255 0.000134682 6.05802e-05 2.76747e-05 1.3631e-05 7.59354e-06 4.95777e-06 3.87837e-06 3.66362e-06 4.1526e-06 5.53987e-06 8.43541e-06 1.40632e-05 2.42684e-05 3.9703e-05 5.167e-05 3.5107e-05 4.41771e-06 1.18011e-08 3.57396e-14 1.85173e-15 2.3654e-16 1.49932e-16 6.70615e-16 1.97013e-14 3.7037e-11 3.2762e-07 1.26888e-05 3.37565e-05 3.01153e-05 1.71706e-05 7.57695e-06 2.51585e-06 4.58628e-07 0 
0 8.00235e-05 0.00030387 0.000585524 0.000765668 0.00073587 0.000555647 0.000357878 0.000213348 0.000125959 7.75668e-05 5.1784e-05 3.85127e-05 3.24347e-05 3.1109e-05 3.38252e-05 4.1109e-05 5.45755e-05 7.66289e-05 0.000108664 0.000144285 0.00015423 9.34977e-05 1.39251e-05 9.07957e-08 2.88762e-12 1.60689e-15 1.28591e-16 6.70615e-16 1.18682e-16 7.26368e-16 4.16368e-10 6.49251e-07 1.25164e-05 2.62743e-05 2.17832e-05 1.21547e-05 5.33052e-06 1.76686e-06 3.21933e-07 0 
0 5.57829e-05 0.000220073 0.000459836 0.000693882 0.000820522 0.000794373 0.000661611 0.000502305 0.000367535 0.000271323 0.000209082 0.000172139 0.000153492 0.000148967 0.000156891 0.000177474 0.000211904 0.000260367 0.000317202 0.000360915 0.000343157 0.000215499 5.30518e-05 1.84343e-06 2.62569e-09 1.96245e-13 8.94351e-16 1.97013e-14 7.26368e-16 9.81678e-12 2.83017e-08 2.55279e-06 1.52201e-05 2.13298e-05 1.55998e-05 8.38997e-06 3.64104e-06 1.20331e-06 2.1907e-07 0 
0 3.71725e-05 0.000149801 0.00032762 0.000537923 0.000726139 0.000837833 0.000851857 0.000790012 0.000693819 0.000597666 0.000519645 0.000465508 0.000435099 0.000426563 0.000438071 0.000467841 0.000512819 0.000565918 0.000611649 0.00062132 0.000553849 0.000380647 0.000155758 2.39897e-05 8.44273e-07 8.35123e-09 1.29791e-10 3.7037e-11 4.16368e-10 2.83017e-08 1.07578e-06 8.44907e-06 1.75311e-05 1.67543e-05 1.08185e-05 5.60122e-06 2.40367e-06 7.91807e-07 1.4402e-07 0 
0 2.36654e-05 9.64136e-05 0.00021584 0.000370395 0.000537753 0.000688495 0.0007967 0.000851338 0.000859087 0.00083722 0.00080399 0.000772969 0.000751958 0.000744088 0.000749068 0.000763716 0.000781754 0.000793224 0.00078422 0.000737844 0.000637707 0.000476899 0.000277554 0.000106817 2.36003e-05 3.4214e-06 6.19594e-07 3.2762e-07 6.49251e-07 2.55279e-06 8.44907e-06 1.55401e-05 1.64662e-05 1.21084e-05 7.13592e-06 3.58657e-06 1.52501e-06 5.00967e-07 9.10454e-08 0 
0 1.43406e-05 5.87272e-05 0.00013292 0.000232894 0.000350211 0.000472533 0.000586058 0.000679415 0.00074695 0.000789413 0.000811987 0.000821302 0.000823012 0.000820539 0.000814731 0.000804065 0.000785161 0.000753545 0.000704646 0.000634874 0.000542631 0.000429559 0.000303411 0.000182271 9.06737e-05 3.99058e-05 1.9094e-05 1.26888e-05 1.25164e-05 1.52201e-05 1.75311e-05 1.64662e-05 1.24526e-05 7.93582e-06 4.43062e-06 2.18521e-06 9.23367e-07 3.02726e-07 5.49834e-08 0 
0 8.20659e-06 3.36849e-05 7.66046e-05 0.000135431 0.000206775 0.00028554 0.000365533 0.000440537 0.000505516 0.000557426 0.000595298 0.00061968 0.000631811 0.000632892 0.000623687 0.000604462 0.000575211 0.000536008 0.00048737 0.000430458 0.000367086 0.000299676 0.000231473 0.00016713 0.000112591 7.26235e-05 4.75984e-05 3.37565e-05 2.62743e-05 2.13298e-05 1.67543e-05 1.21084e-05 7.93582e-06 4.7328e-06 2.57126e-06 1.25519e-06 5.28459e-07 1.73043e-07 3.14167e-08 0 
0 4.37342e-06 1.79685e-05 4.09427e-05 7.2644e-05 0.000111586 0.000155523 0.000201654 0.000246954 0.000288561 0.000324123 0.000351997 0.000371264 0.000381612 0.000383163 0.000376338 0.000361778 0.00034034 0.000313106 0.000281379 0.000246629 0.000210397 0.000174199 0.000139498 0.000107742 8.0331e-05 5.83012e-05 4.18349e-05 3.01153e-05 2.17832e-05 1.55998e-05 1.08185e-05 7.13592e-06 4.43062e-06 2.57126e-06 1.38002e-06 6.70343e-07 2.81697e-07 9.21788e-08 1.67316e-08 0 
0 2.11748e-06 8.70318e-06 1.98458e-05 3.52599e-05 5.42835e-05 7.59163e-05 9.89008e-05 0.00012184 0.00014334 0.00016214 0.000177227 0.000187893 0.000193754 0.000194733 0.000191027 0.000183065 0.000171465 0.000156988 0.000140482 0.00012282 0.000104842 8.7301e-05 7.08375e-05 5.59664e-05 4.30659e-05 3.23421e-05 2.37845e-05 1.71706e-05 1.21547e-05 8.38997e-06 5.60122e-06 3.58657e-06 2.18521e-06 1.25519e-06 6.70343e-07 3.24912e-07 1.36417e-07 4.46243e-08 8.09888e-09 0 
0 8.886e-07 3.65282e-06 8.33181e-06 1.48103e-05 2.2819e-05 3.19507e-05 4.16921e-05 5.14679e-05 6.06919e-05 6.88198e-05 7.53936e-05 8.0076e-05 8.26688e-05 8.31171e-05 8.15018e-05 7.80215e-05 7.29686e-05 6.66995e-05 5.96033e-05 5.20705e-05 4.44654e-05 3.71043e-05 3.02421e-05 2.40657e-05 1.86931e-05 1.41734e-05 1.04909e-05 7.57695e-06 5.33052e-06 3.64104e-06 2.40367e-06 1.52501e-06 9.23367e-07 5.28459e-07 2.81697e-07 1.36417e-07 5.7254e-08 1.87259e-08 3.39836e-09 0 
0 2.90614e-07 1.19471e-06 2.72531e-06 4.84524e-06 7.46731e-06 1.04597e-05 1.36562e-05 1.68695e-05 1.99081e-05 2.25921e-05 2.47685e-05 2.63224e-05 2.7185e-05 2.73359e-05 2.68013e-05 2.56482e-05 2.39758e-05 2.19047e-05 1.95659e-05 1.70897e-05 1.45963e-05 1.21889e-05 9.94893e-06 7.93443e-06 6.17984e-06 4.69802e-06 3.48329e-06 2.51585e-06 1.76686e-06 1.20331e-06 7.91807e-07 5.00967e-07 3.02726e-07 1.73043e-07 9.21788e-08 4.46243e-08 1.87259e-08 6.1242e-09 1.11139e-09 0 
0 5.27392e-08 2.16814e-07 4.94602e-07 8.79385e-07 1.3554e-06 1.8988e-06 2.47949e-06 3.06357e-06 3.61626e-06 4.10483e-06 4.50129e-06 4.78459e-06 4.94198e-06 4.96962e-06 4.87225e-06 4.66215e-06 4.35752e-06 3.98051e-06 3.55508e-06 3.105e-06 2.65217e-06 2.21528e-06 1.80899e-06 1.44363e-06 1.12526e-06 8.56056e-07 6.34993e-07 4.58628e-07 3.21933e-07 2.1907e-07 1.4402e-07 9.10454e-08 5.49834e-08 3.14167e-08 1.67316e-08 8.09888e-09 3.39836e-09 1.11139e-09 2.01686e-10 0 
0 0 0 0 0 0 0 0 0 0 0 0 0 0 0 0 0 0 0 0 0 0 0 0 0 0 0 0 0 0 0 0 0 0 0 0 0 0 0 0 0 
