0 0 0 0 0 0 0 0 0 0 0 0 0 0 0 0 0 0 0 0 0 0 0 0 0 0 0 0 0 0 0 0 0 0 0 0 0 0 0 0 0 
0 1.34123e-05 5.32966e-05 0.000114146 0.000183083 0.000243398 0.000282384 0.000296876 0.000292019 0.000276196 0.000256899 0.000239166 0.000225745 0.00021783 0.000215727 0.000219264 0.000227927 0.000240812 0.000256462 0.000272714 0.000286675 0.000294982 0.000294418 0.00028279 0.000259779 0.000227307 0.000189122 0.000149699 0.000112976 8.15201e-05 5.63682e-05 3.73772e-05 2.37296e-05 1.43587e-05 8.21115e-06 4.37444e-06 2.11768e-06 8.88633e-07 2.90618e-07 5.27395e-08 0 
0 5.32966e-05 0.000201759 0.000392515 0.000535655 0.000565218 0.000492297 0.000376745 0.00026852 0.000187397 0.000133398 0.000100002 8.08039e-05 7.14045e-05 6.94142e-05 7.40676e-05 8.59397e-05 0.000106805 0.000139482 0.000187357 0.000253166 0.000336731 0.000431949 0.000524673 0.000594242 0.000620537 0.000593988 0.000521397 0.000422235 0.000318448 0.000225886 0.00015183 9.70393e-05 5.8899e-05 3.37269e-05 1.79776e-05 8.7049e-06 3.65309e-06 1.19474e-06 2.16816e-07 0 
0 0.000114146 0.000392515 0.000630529 0.000630494 0.000438848 0.00023656 0.000109511 4.75908e-05 2.09283e-05 9.92563e-06 5.35022e-06 3.40988e-06 2.63431e-06 2.49033e-06 2.86488e-06 3.93602e-06 6.27168e-06 1.11753e-05 2.13949e-05 4.22743e-05 8.30135e-05 0.000156618 0.000275625 0.000440881 0.000626757 0.000778354 0.000837675 0.000784819 0.000650557 0.000487754 0.000337671 0.00021895 0.000133762 7.68061e-05 4.09852e-05 1.98536e-05 8.33301e-06 2.72545e-06 4.94611e-07 0 
0 0.000183083 0.000535655 0.000630494 0.000395826 0.000155681 4.48194e-05 1.08029e-05 2.45133e-06 5.83167e-07 1.60375e-07 5.54035e-08 2.56179e-08 1.64997e-08 1.50213e-08 1.91392e-08 3.30629e-08 7.37318e-08 1.99742e-07 6.15047e-07 2.01432e-06 6.59902e-06 2.05146e-05 5.80035e-05 0.000144333 0.00030781 0.000549487 0.000804808 0.000958659 0.000939307 0.000780711 0.000571875 0.000381263 0.000235849 0.000136129 7.27883e-05 3.52858e-05 1.48142e-05 4.84567e-06 8.79412e-07 0 
0 0.000243398 0.000565218 0.000438848 0.000155681 3.1275e-05 4.27829e-06 4.68566e-07 4.80366e-08 5.37103e-09 7.55093e-10 1.50795e-10 4.69567e-11 2.41719e-11 2.10081e-11 3.03569e-11 6.9536e-11 2.3462e-10 1.06482e-09 5.88543e-09 3.587e-08 2.19917e-07 1.2539e-06 6.25154e-06 2.60874e-05 8.85566e-05 0.000239784 0.000508347 0.000828474 0.00103271 0.00100855 0.000811128 0.00056703 0.000358391 0.00020871 0.000111981 5.4353e-05 2.28292e-05 7.46844e-06 1.35547e-06 0 
0 0.000282384 0.000492297 0.00023656 4.48194e-05 4.27829e-06 2.5264e-07 1.1264e-08 4.65965e-10 2.19887e-11 1.4365e-12 1.53429e-13 3.04216e-14 1.21244e-14 9.99266e-15 1.66679e-14 5.26799e-14 2.85133e-13 2.33226e-12 2.51431e-11 3.1155e-10 3.90895e-09 4.45463e-08 4.23356e-07 3.16089e-06 1.79013e-05 7.56865e-05 0.000237107 0.000544336 0.000903298 0.00109017 0.00100156 0.000751789 0.000491178 0.000290021 0.000156435 7.60747e-05 3.19735e-05 1.04622e-05 1.89895e-06 0 
0 0.000296876 0.000376745 0.000109511 1.08029e-05 4.68566e-07 1.1264e-08 1.91674e-10 2.99851e-12 5.61742e-14 1.61552e-15 8.83011e-17 1.08027e-17 3.27898e-18 2.55442e-18 4.9586e-18 2.20915e-17 1.98235e-16 3.04545e-15 6.71163e-14 1.77786e-12 4.80454e-11 1.15048e-09 2.18419e-08 3.0405e-07 2.96597e-06 1.99413e-05 9.26303e-05 0.00029885 0.000665967 0.00101928 0.00110316 0.000909577 0.00062197 0.000374432 0.000203476 9.92153e-05 4.17369e-05 1.3661e-05 2.47977e-06 0 
0 0.000292019 0.00026852 4.75908e-05 2.45133e-06 4.80366e-08 4.65965e-10 2.99851e-12 1.75847e-14 1.29741e-16 1.63348e-18 4.77216e-20 4.83045e-21 1.71944e-21 1.40907e-21 2.33487e-21 9.78976e-21 1.25157e-19 3.56898e-18 1.61677e-16 9.21469e-15 5.40034e-13 2.73661e-11 1.04546e-09 2.73264e-08 4.61732e-07 4.94289e-06 3.37992e-05 0.00015073 0.00044378 0.000859862 0.00111086 0.00102204 0.000739117 0.000455975 0.000250158 0.000122393 5.1546e-05 1.68778e-05 3.06405e-06 0 
0 0.000276196 0.000187397 2.09283e-05 5.83167e-07 5.37103e-09 2.19887e-11 5.61742e-14 1.29741e-16 3.96446e-19 2.6297e-21 1.00919e-22 1.98321e-23 9.84228e-24 8.52556e-24 1.16172e-23 2.99985e-23 2.02104e-22 6.04453e-21 5.1171e-19 6.02902e-17 7.37e-15 7.61334e-13 5.65456e-11 2.69207e-09 7.67644e-08 1.27911e-06 1.25912e-05 7.56262e-05 0.000285809 0.000686075 0.00105182 0.00108476 0.000834378 0.000529279 0.000293585 0.000144209 6.08143e-05 1.9921e-05 3.617e-06 0 
0 0.000256899 0.000133398 9.92563e-06 1.60375e-07 7.55093e-10 1.4365e-12 1.61552e-15 1.63348e-18 2.6297e-21 2.03951e-23 1.17618e-24 3.59554e-25 2.3132e-25 2.09079e-25 2.44369e-25 4.29443e-25 1.74743e-24 3.29961e-23 3.16571e-21 6.79335e-19 1.59429e-16 3.10065e-14 4.15793e-12 3.37424e-10 1.53317e-08 3.78894e-07 5.15466e-06 4.01865e-05 0.00018798 0.000541003 0.000964076 0.0011064 0.000904502 0.000590343 0.000331232 0.000163376 6.89936e-05 2.26104e-05 4.10587e-06 0 
0 0.000239166 0.000100002 5.35022e-06 5.54035e-08 1.50795e-10 1.53429e-13 8.83011e-17 4.77216e-20 1.0092e-22 1.17619e-24 5.87816e-26 1.62843e-26 1.17239e-26 1.08622e-26 1.14466e-26 1.60613e-26 5.54484e-26 9.28618e-25 6.69401e-23 1.74831e-20 6.87679e-18 2.24238e-15 4.87311e-13 6.11593e-11 4.06855e-09 1.38854e-07 2.46188e-06 2.37275e-05 0.000131601 0.00043682 0.000878045 0.00110226 0.000950811 0.000636874 0.00036116 0.000178831 7.56192e-05 2.47921e-05 4.50263e-06 0 
0 0.000225745 8.08039e-05 3.40988e-06 2.56179e-08 4.69567e-11 3.04216e-14 1.08027e-17 4.83045e-21 1.98321e-23 3.59556e-25 1.62845e-26 1.91443e-27 9.29273e-28 8.24213e-28 8.23269e-28 1.21382e-27 6.52637e-27 1.26839e-25 6.90648e-24 1.34231e-21 7.05436e-19 3.33768e-16 1.02795e-13 1.76787e-11 1.54931e-09 6.67894e-08 1.43442e-06 1.61115e-05 0.000100916 0.000370377 0.000810937 0.0010874 0.000977282 0.000668108 0.000382117 0.000189805 8.03452e-05 2.63506e-05 4.78618e-06 0 
0 0.00021783 7.14045e-05 2.63431e-06 1.64997e-08 2.41719e-11 1.21244e-14 3.27898e-18 1.71944e-21 9.84232e-24 2.31321e-25 1.1724e-26 9.29282e-28 1.4789e-28 8.03879e-29 8.52007e-29 2.60065e-28 2.67848e-27 5.33172e-26 2.36286e-24 3.45202e-22 1.92273e-19 1.12151e-16 4.21145e-14 8.66496e-12 8.88454e-10 4.37553e-08 1.0483e-06 1.28473e-05 8.62132e-05 0.00033485 0.000769671 0.00107269 0.000988322 0.000684302 0.000393505 0.000195859 8.29655e-05 2.72161e-05 4.94373e-06 0 
0 0.000215727 6.94142e-05 2.49033e-06 1.50213e-08 2.10081e-11 9.99266e-15 2.55442e-18 1.40908e-21 8.52559e-24 2.0908e-25 1.08624e-26 8.24223e-28 8.03887e-29 1.63849e-29 2.4337e-29 1.7762e-28 2.21938e-27 4.41062e-26 1.87748e-24 2.59429e-22 1.4431e-19 8.79251e-17 3.4434e-14 7.36072e-12 7.80545e-10 3.95578e-08 9.70334e-07 1.21178e-05 8.25473e-05 0.000324743 0.000755358 0.00106369 0.00098713 0.00068618 0.000395287 0.000196883 8.34207e-05 2.73677e-05 4.97141e-06 0 
0 0.000219264 7.40676e-05 2.86488e-06 1.91392e-08 3.03569e-11 1.66679e-14 4.9586e-18 2.33487e-21 1.16172e-23 2.4437e-25 1.14467e-26 8.23278e-28 8.52013e-29 2.43368e-29 3.88789e-29 2.40579e-28 2.97009e-27 6.39909e-26 3.14423e-24 5.19377e-22 2.88943e-19 1.5684e-16 5.50362e-14 1.06573e-11 1.03672e-09 4.88426e-08 1.12849e-06 1.34378e-05 8.82048e-05 0.000337035 0.000766098 0.00106096 0.000974928 0.000674549 0.00038788 0.000193074 8.1791e-05 2.68316e-05 4.87396e-06 0 
0 0.000227927 8.59397e-05 3.93602e-06 3.30629e-08 6.9536e-11 5.26799e-14 2.20915e-17 9.78976e-21 2.99986e-23 4.29445e-25 1.60614e-26 1.21383e-27 2.60064e-28 1.77618e-28 2.40577e-28 7.90803e-28 7.79596e-27 1.89907e-25 1.25027e-23 2.90937e-21 1.41406e-18 5.89424e-16 1.61393e-13 2.49858e-11 1.99876e-09 7.97913e-08 1.60932e-06 1.71995e-05 0.000103734 0.000370542 0.000797546 0.00106066 0.000950993 0.000650187 0.00037207 0.000184887 7.82792e-05 2.56753e-05 4.66368e-06 0 
0 0.000240812 0.000106805 6.27168e-06 7.37318e-08 2.3462e-10 2.85133e-13 1.98235e-16 1.25157e-19 2.02105e-22 1.74743e-24 5.54485e-26 6.52634e-27 2.67846e-27 2.21936e-27 2.97007e-27 7.79592e-27 6.09845e-26 1.67902e-24 1.595e-22 4.30879e-20 1.47106e-17 4.14621e-15 7.87567e-13 8.76314e-11 5.2512e-09 1.64111e-07 2.70777e-06 2.46641e-05 0.000131215 0.000423969 0.000841607 0.00105501 0.000913233 0.000613942 0.000348957 0.000172987 7.31842e-05 2.39985e-05 4.35882e-06 0 
0 0.000256462 0.000139482 1.11753e-05 1.99742e-07 1.06482e-09 2.33226e-12 3.04545e-15 3.56898e-18 6.04453e-21 3.29961e-23 9.28617e-25 1.26839e-25 5.33169e-26 4.41059e-26 6.39905e-26 1.89906e-25 1.67902e-24 5.82797e-23 6.7496e-21 1.31667e-18 2.72988e-16 4.71405e-14 5.66314e-12 4.1634e-10 1.73527e-08 3.98544e-07 5.10695e-06 3.80354e-05 0.000172733 0.00049194 0.000883851 0.00103302 0.000859108 0.000566939 0.000319906 0.000158187 6.68698e-05 2.19228e-05 3.98155e-06 0 
0 0.000272714 0.000187357 2.13949e-05 6.15047e-07 5.88543e-09 2.51431e-11 6.71163e-14 1.61677e-16 5.1171e-19 3.16571e-21 6.69401e-23 6.90647e-24 2.36286e-24 1.87747e-24 3.14423e-24 1.25027e-23 1.595e-22 6.7496e-21 5.68626e-19 6.39562e-17 7.46289e-15 7.3708e-13 5.24398e-11 2.39623e-09 6.57319e-08 1.05732e-06 1.01094e-05 5.96483e-05 0.000225802 0.000557876 0.000900792 0.000981725 0.000786603 0.000510741 0.000286475 0.000141381 5.97317e-05 1.95796e-05 3.55587e-06 0 
0 0.000286675 0.000253166 4.22743e-05 2.01432e-06 3.587e-08 3.1155e-10 1.77786e-12 9.21469e-15 6.02902e-17 6.79335e-19 1.74831e-20 1.34231e-21 3.45202e-22 2.59428e-22 5.19377e-22 2.90937e-21 4.30879e-20 1.31667e-18 6.39562e-17 3.9286e-15 2.48043e-13 1.34586e-11 5.44206e-10 1.48203e-08 2.56481e-07 2.77524e-06 1.91326e-05 8.72909e-05 0.000272225 0.000584465 0.000859357 0.000888314 0.000694928 0.000447356 0.000250314 0.000123474 5.21647e-05 1.70998e-05 3.10559e-06 0 
0 0.000294982 0.000336731 8.30135e-05 6.59902e-06 2.19917e-07 3.90895e-09 4.80454e-11 5.40034e-13 7.37e-15 1.59429e-16 6.87679e-18 7.05436e-19 1.92273e-19 1.4431e-19 2.88943e-19 1.41406e-18 1.47106e-17 2.72988e-16 7.46289e-15 2.48043e-13 8.37609e-12 2.4568e-10 5.51294e-09 8.63576e-08 8.98188e-07 6.18361e-06 2.93093e-05 0.00010118 0.0002633 0.000512145 0.000723411 0.000742993 0.000584816 0.000379092 0.000213047 0.000105317 4.45345e-05 1.46038e-05 2.65261e-06 0 
0 0.000294418 0.000431949 0.000156618 2.05146e-05 1.2539e-06 4.45463e-08 1.15048e-09 2.73661e-11 7.61334e-13 3.10065e-14 2.24238e-15 3.33768e-16 1.12151e-16 8.79251e-17 1.5684e-16 5.89424e-16 4.14621e-15 4.71405e-14 7.3708e-13 1.34586e-11 2.4568e-10 3.89483e-09 4.74477e-08 4.03037e-07 2.26545e-06 8.64067e-06 2.50506e-05 6.35424e-05 0.000149488 0.000305029 0.000479715 0.000545051 0.00045901 0.000308446 0.000176182 8.76612e-05 3.7157e-05 1.21946e-05 2.21561e-06 0 
0 0.00028279 0.000524673 0.000275625 5.80035e-05 6.25154e-06 4.23356e-07 2.18419e-08 1.04546e-09 5.65456e-11 4.15793e-12 4.87311e-13 1.02795e-13 4.21145e-14 3.4434e-14 5.50362e-14 1.61393e-13 7.87567e-13 5.66314e-12 5.24398e-11 5.44206e-10 5.51294e-09 4.74477e-08 2.99719e-07 1.19665e-06 2.73891e-06 3.90224e-06 4.91668e-06 8.53487e-06 2.35759e-05 7.74224e-05 0.000198552 0.000318472 0.000324692 0.000238369 0.000141106 7.11317e-05 3.0285e-05 9.95359e-06 1.80926e-06 0 
0 0.000259779 0.000594242 0.000440881 0.000144333 2.60874e-05 3.16089e-06 3.0405e-07 2.73264e-08 2.69207e-09 3.37424e-10 6.11593e-11 1.76787e-11 8.66496e-12 7.36072e-12 1.06573e-11 2.49858e-11 8.76314e-11 4.1634e-10 2.39623e-09 1.48203e-08 8.63576e-08 4.03037e-07 1.19665e-06 1.64593e-06 7.9504e-07 1.59256e-07 3.56368e-08 3.43213e-08 2.15633e-07 3.31152e-06 3.37675e-05 0.000127586 0.000197965 0.000172973 0.000109154 5.62239e-05 2.41028e-05 7.93839e-06 1.44386e-06 0 
0 0.000227307 0.000620537 0.000626757 0.00030781 8.85566e-05 1.79013e-05 2.96597e-06 4.61732e-07 7.67644e-08 1.53317e-08 4.06855e-09 1.54931e-09 8.88454e-10 7.80545e-10 1.03672e-09 1.99876e-09 5.2512e-09 1.73527e-08 6.57319e-08 2.56481e-07 8.98188e-07 2.26545e-06 2.73891e-06 7.9504e-07 2.63497e-08 1.25132e-10 9.01835e-13 3.06962e-13 1.51768e-11 7.66758e-09 1.49558e-06 3.07892e-05 0.000101465 0.000117616 8.16043e-05 4.32965e-05 1.87257e-05 6.18324e-06 1.12545e-06 0 
0 0.000189122 0.000593988 0.000778354 0.000549487 0.000239784 7.56865e-05 1.99413e-05 4.94289e-06 1.27911e-06 3.78894e-07 1.38854e-07 6.67894e-08 4.37553e-08 3.95578e-08 4.88426e-08 7.97913e-08 1.64111e-07 3.98544e-07 1.05732e-06 2.77524e-06 6.18361e-06 8.64067e-06 3.90224e-06 1.59256e-07 1.25132e-10 2.35101e-15 1.1617e-15 2.88644e-15 5.85383e-17 1.19467e-12 2.08729e-08 5.06609e-06 4.64596e-05 7.67288e-05 5.94063e-05 3.25411e-05 1.42009e-05 4.70083e-06 8.56213e-07 0 
0 0.000149699 0.000521397 0.000837675 0.000804808 0.000508347 0.000237107 9.26303e-05 3.37992e-05 1.25912e-05 5.15466e-06 2.46188e-06 1.43442e-06 1.0483e-06 9.70334e-07 1.12849e-06 1.60932e-06 2.70777e-06 5.10695e-06 1.01094e-05 1.91326e-05 2.93093e-05 2.50506e-05 4.91668e-06 3.56368e-08 9.01835e-13 1.1617e-15 8.84641e-17 1.4074e-16 2.27257e-17 3.46028e-16 4.46049e-10 1.02595e-06 2.29665e-05 5.07149e-05 4.27142e-05 2.39418e-05 1.05123e-05 3.48545e-06 6.35112e-07 0 
0 0.000112976 0.000422235 0.000784819 0.000958659 0.000828474 0.000544336 0.00029885 0.00015073 7.56262e-05 4.01865e-05 2.37275e-05 1.61115e-05 1.28473e-05 1.21178e-05 1.34378e-05 1.71995e-05 2.46641e-05 3.80354e-05 5.96483e-05 8.72909e-05 0.00010118 6.35424e-05 8.53487e-06 3.43213e-08 3.06962e-13 2.88644e-15 1.4074e-16 2.2885e-17 9.35999e-18 2.06789e-16 1.3765e-10 5.5557e-07 1.53372e-05 3.5976e-05 3.07389e-05 1.72809e-05 7.59183e-06 2.51734e-06 4.58709e-07 0 
0 8.15201e-05 0.000318448 0.000650557 0.000939307 0.00103271 0.000903298 0.000665967 0.00044378 0.000285809 0.00018798 0.000131601 0.000100916 8.62132e-05 8.25473e-05 8.82048e-05 0.000103734 0.000131215 0.000172733 0.000225802 0.000272225 0.0002633 0.000149488 2.35759e-05 2.15633e-07 1.51768e-11 5.85383e-17 2.27257e-17 9.35998e-18 6.3929e-17 6.74235e-15 1.22091e-09 1.00942e-06 1.46965e-05 2.77422e-05 2.21697e-05 1.22221e-05 5.33959e-06 1.76777e-06 3.21983e-07 0 
0 5.63682e-05 0.000225886 0.000487754 0.000780711 0.00100855 0.00109017 0.00101928 0.000859862 0.000686075 0.000541003 0.00043682 0.000370377 0.00033485 0.000324743 0.000337035 0.000370542 0.000423969 0.00049194 0.000557876 0.000584465 0.000512145 0.000305029 7.74224e-05 3.31152e-06 7.66758e-09 1.19467e-12 3.46028e-16 2.0679e-16 6.74235e-15 3.87201e-11 5.68382e-08 3.43727e-06 1.70331e-05 2.21861e-05 1.58052e-05 8.42529e-06 3.64584e-06 1.2038e-06 2.19097e-07 0 
0 3.73772e-05 0.00015183 0.000337671 0.000571875 0.000811128 0.00100156 0.00110316 0.00111086 0.00105182 0.000964076 0.000878045 0.000810937 0.000769671 0.000755358 0.000766098 0.000797546 0.000841607 0.000883851 0.000900792 0.000859357 0.000723411 0.000479715 0.000198552 3.37675e-05 1.49558e-06 2.08729e-08 4.46049e-10 1.3765e-10 1.22091e-09 5.68382e-08 1.5563e-06 9.97833e-06 1.87367e-05 1.7169e-05 1.09107e-05 5.61706e-06 2.40587e-06 7.92036e-07 1.44033e-07 0 
0 2.37296e-05 9.70393e-05 0.00021895 0.000381263 0.00056703 0.000751789 0.000909577 0.00102204 0.00108476 0.0011064 0.00110226 0.0010874 0.00107269 0.00106369 0.00106096 0.00106066 0.00105501 0.00103302 0.000981725 0.000888314 0.000742993 0.000545051 0.000318472 0.000127586 3.07892e-05 5.06609e-06 1.02595e-06 5.5557e-07 1.00942e-06 3.43727e-06 9.97833e-06 1.68316e-05 1.70362e-05 1.22703e-05 7.17068e-06 3.59266e-06 1.52588e-06 5.01061e-07 9.10509e-08 0 
0 1.43587e-05 5.8899e-05 0.000133762 0.000235849 0.000358391 0.000491178 0.00062197 0.000739117 0.000834378 0.000904502 0.000950811 0.000977282 0.000988322 0.00098713 0.000974928 0.000950993 0.000913233 0.000859108 0.000786603 0.000694928 0.000584816 0.00045901 0.000324692 0.000197965 0.000101465 4.64596e-05 2.29665e-05 1.53372e-05 1.46965e-05 1.70331e-05 1.87367e-05 1.70362e-05 1.26471e-05 7.98713e-06 4.44171e-06 2.18722e-06 9.23666e-07 3.0276e-07 5.49854e-08 0 
0 8.21115e-06 3.37269e-05 7.68061e-05 0.000136129 0.00020871 0.000290021 0.000374432 0.000455975 0.000529279 0.000590343 0.000636874 0.000668108 0.000684302 0.00068618 0.000674549 0.000650187 0.000613942 0.000566939 0.000510741 0.000447356 0.000379092 0.000308446 0.000238369 0.000172973 0.000117616 7.67288e-05 5.07149e-05 3.5976e-05 2.77422e-05 2.21861e-05 1.7169e-05 1.22703e-05 7.98713e-06 4.74633e-06 2.57428e-06 1.25576e-06 5.28548e-07 1.73053e-07 3.14174e-08 0 
0 4.37444e-06 1.79776e-05 4.09852e-05 7.27883e-05 0.000111981 0.000156435 0.000203476 0.000250158 0.000293585 0.000331232 0.00036116 0.000382117 0.000393505 0.000395287 0.00038788 0.00037207 0.000348957 0.000319906 0.000286475 0.000250314 0.000213047 0.000176182 0.000141106 0.000109154 8.16043e-05 5.94063e-05 4.27142e-05 3.07389e-05 2.21697e-05 1.58052e-05 1.09107e-05 7.17068e-06 4.44171e-06 2.57428e-06 1.38073e-06 6.70483e-07 2.8172e-07 9.21816e-08 1.67318e-08 0 
0 2.11768e-06 8.7049e-06 1.98536e-05 3.52858e-05 5.4353e-05 7.60747e-05 9.92153e-05 0.000122393 0.000144209 0.000163376 0.000178831 0.000189805 0.000195859 0.000196883 0.000193074 0.000184887 0.000172987 0.000158187 0.000141381 0.000123474 0.000105317 8.76612e-05 7.11317e-05 5.62239e-05 4.32965e-05 3.25411e-05 2.39418e-05 1.72809e-05 1.22221e-05 8.42529e-06 5.61706e-06 3.59266e-06 2.18722e-06 1.25576e-06 6.70483e-07 3.24941e-07 1.36422e-07 4.46249e-08 8.09893e-09 0 
0 8.88633e-07 3.65309e-06 8.33301e-06 1.48142e-05 2.28292e-05 3.19735e-05 4.17369e-05 5.1546e-05 6.08143e-05 6.89936e-05 7.56192e-05 8.03452e-05 8.29655e-05 8.34207e-05 8.1791e-05 7.82792e-05 7.31842e-05 6.68698e-05 5.97317e-05 5.21647e-05 4.45345e-05 3.7157e-05 3.0285e-05 2.41028e-05 1.87257e-05 1.42009e-05 1.05123e-05 7.59183e-06 5.33959e-06 3.64584e-06 2.40587e-06 1.52588e-06 9.23666e-07 5.28548e-07 2.8172e-07 1.36422e-07 5.72549e-08 1.8726e-08 3.39837e-09 0 
0 2.90618e-07 1.19474e-06 2.72545e-06 4.84567e-06 7.46844e-06 1.04622e-05 1.3661e-05 1.68778e-05 1.9921e-05 2.26104e-05 2.47921e-05 2.63506e-05 2.72161e-05 2.73677e-05 2.68316e-05 2.56753e-05 2.39985e-05 2.19228e-05 1.95796e-05 1.70998e-05 1.46038e-05 1.21946e-05 9.95359e-06 7.93839e-06 6.18324e-06 4.70083e-06 3.48545e-06 2.51734e-06 1.76777e-06 1.2038e-06 7.92036e-07 5.01061e-07 3.0276e-07 1.73053e-07 9.21816e-08 4.46249e-08 1.8726e-08 6.12421e-09 1.11139e-09 0 
0 5.27395e-08 2.16816e-07 4.94611e-07 8.79412e-07 1.35547e-06 1.89895e-06 2.47977e-06 3.06405e-06 3.617e-06 4.10587e-06 4.50263e-06 4.78618e-06 4.94373e-06 4.97141e-06 4.87396e-06 4.66368e-06 4.35882e-06 3.98155e-06 3.55587e-06 3.10559e-06 2.65261e-06 2.21561e-06 1.80926e-06 1.44386e-06 1.12545e-06 8.56213e-07 6.35112e-07 4.58709e-07 3.21983e-07 2.19097e-07 1.44033e-07 9.10509e-08 5.49854e-08 3.14174e-08 1.67318e-08 8.09893e-09 3.39837e-09 1.11139e-09 2.01686e-10 0 
0 0 0 0 0 0 0 0 0 0 0 0 0 0 0 0 0 0 0 0 0 0 0 0 0 0 0 0 0 0 0 0 0 0 0 0 0 0 0 0 0 
