0 0 0 0 0 0 0 0 0 0 0 0 0 0 0 0 0 0 0 0 0 0 0 0 0 0 0 0 0 0 0 0 0 0 0 0 0 0 0 0 0 
0 1.33418e-05 5.26876e-05 0.000111624 0.000176191 0.000229553 0.000260481 0.000267912 0.000258285 0.000240067 0.000220108 0.000202658 0.000189828 0.000182409 0.000180512 0.000183933 0.000192255 0.000204783 0.00022037 0.000237221 0.000252808 0.000264018 0.000267649 0.000261203 0.000243755 0.00021649 0.000182547 0.000146126 0.000111245 8.07725e-05 5.60798e-05 3.72775e-05 2.36987e-05 1.435e-05 8.20898e-06 4.37396e-06 2.11759e-06 8.88618e-07 2.90617e-07 5.27393e-08 0 
0 5.26876e-05 0.000196492 0.000372146 0.00048826 0.000491302 0.00040744 0.000297886 0.000203931 0.000137501 9.51333e-05 6.97535e-05 5.54976e-05 4.86282e-05 4.7204e-05 5.06338e-05 5.94202e-05 7.5083e-05 0.000100127 0.000137807 0.000191311 0.000261997 0.000346689 0.000435086 0.000509623 0.000550254 0.000543534 0.000490405 0.000405971 0.000311113 0.000223014 0.000150842 9.67382e-05 5.88171e-05 3.3707e-05 1.79733e-05 8.70409e-06 3.65296e-06 1.19473e-06 2.16815e-07 0 
0 0.000111624 0.000372146 0.00056593 0.000525124 0.000337022 0.000168214 7.25847e-05 2.95818e-05 1.22775e-05 5.53889e-06 2.86818e-06 1.77657e-06 1.35098e-06 1.27362e-06 1.47957e-06 2.07606e-06 3.41066e-06 6.31186e-06 1.26134e-05 2.60909e-05 5.37053e-05 0.000106266 0.000196274 0.000330042 0.000494365 0.000647736 0.000733973 0.000719213 0.000617197 0.000473815 0.000332755 0.000217452 0.000133361 7.67109e-05 4.09652e-05 1.985e-05 8.33245e-06 2.72539e-06 4.94607e-07 0 
0 0.000176191 0.00048826 0.000525124 0.000295406 0.000104085 2.69507e-05 5.85621e-06 1.2019e-06 2.60393e-07 6.59647e-08 2.13245e-08 9.40412e-09 5.89968e-09 5.34602e-09 6.92245e-09 1.23835e-08 2.9051e-08 8.37943e-08 2.76942e-07 9.77504e-07 3.45303e-06 1.15488e-05 3.50019e-05 9.3063e-05 0.000211913 0.000404932 0.000636924 0.000813733 0.000847102 0.000736411 0.000555076 0.000376001 0.000234439 0.000135799 7.27205e-05 3.52737e-05 1.48124e-05 4.84547e-06 8.794e-07 0 
0 0.000229553 0.000491302 0.000337022 0.000104085 1.81548e-05 2.14625e-06 2.02363e-07 1.78897e-08 1.74079e-09 2.16584e-10 3.91828e-11 1.13707e-11 5.62835e-12 4.85751e-12 7.18946e-12 1.7346e-11 6.31111e-11 3.14492e-10 1.93191e-09 1.31682e-08 9.03555e-08 5.74256e-07 3.16725e-06 1.44852e-05 5.34411e-05 0.000156625 0.000360145 0.000639651 0.000867623 0.000909425 0.000768234 0.000552705 0.000354469 0.000207794 0.000111795 5.43205e-05 2.28244e-05 7.46792e-06 1.35544e-06 0 
0 0.000260481 0.00040744 0.000168214 2.69507e-05 2.14625e-06 1.04218e-07 3.78833e-09 1.27943e-10 4.99089e-12 2.75794e-13 2.57267e-14 4.63112e-15 1.7491e-15 1.42776e-15 2.46119e-15 8.35307e-15 5.01373e-14 4.66189e-13 5.80991e-12 8.39608e-11 1.23025e-09 1.62879e-08 1.77956e-07 1.50592e-06 9.51749e-06 4.43139e-05 0.000151898 0.00038257 0.000700363 0.000927894 0.000916675 0.000720336 0.000482166 0.000287892 0.000156006 7.60007e-05 3.19629e-05 1.04611e-05 1.89888e-06 0 
0 0.000267912 0.000297886 7.25847e-05 5.85621e-06 2.02363e-07 3.78833e-09 4.95924e-11 5.97771e-13 8.76777e-15 2.0332e-16 9.34144e-18 1.01944e-18 2.97612e-19 2.31473e-19 4.56004e-19 2.18214e-18 2.22938e-17 4.03955e-16 1.07293e-14 3.46465e-13 1.14368e-11 3.32431e-10 7.56156e-09 1.23847e-07 1.39173e-06 1.05544e-05 5.44052e-05 0.000193631 0.000478415 0.000815007 0.000968778 0.000852382 0.000604426 0.000370179 0.000202617 9.9068e-05 4.1716e-05 1.36587e-05 2.47964e-06 0 
0 0.000258285 0.000203931 2.95818e-05 1.2019e-06 1.78897e-08 1.27943e-10 5.97771e-13 2.54986e-15 1.39528e-17 1.38158e-19 4.80822e-21 9.8407e-22 4.95108e-22 4.25537e-22 5.95885e-22 1.46827e-21 1.07848e-20 3.17406e-19 1.79293e-17 1.30194e-15 9.74581e-14 6.26174e-12 2.98637e-10 9.53601e-09 1.91849e-07 2.37991e-06 1.84007e-05 9.13376e-05 0.00029889 0.000648346 0.000933912 0.000933676 0.000709585 0.000448548 0.000248641 0.000122133 5.15095e-05 1.68739e-05 3.06383e-06 0 
0 0.000240067 0.000137501 1.22775e-05 2.60393e-07 1.74079e-09 4.99089e-12 8.76777e-15 1.39528e-17 3.12539e-20 2.98573e-22 2.7134e-23 1.05257e-23 7.75804e-24 7.15546e-24 7.90124e-24 1.18185e-23 4.10031e-23 5.3531e-22 4.09583e-20 6.30502e-18 1.0266e-15 1.40055e-13 1.34946e-11 8.12984e-10 2.84786e-08 5.6465e-07 6.41321e-06 4.33892e-05 0.000182909 0.000492342 0.000848901 0.000965472 0.000790565 0.000517763 0.000291196 0.0001438 6.07571e-05 1.9915e-05 3.61666e-06 0 
0 0.000220108 9.51333e-05 5.53889e-06 6.59647e-08 2.16584e-10 2.75794e-13 2.0332e-16 1.38158e-19 2.98574e-22 5.30994e-24 7.69068e-25 4.31773e-25 3.88919e-25 3.73028e-25 3.62387e-25 4.04555e-25 8.05063e-25 5.50841e-24 2.47865e-22 5.50943e-20 1.77057e-17 4.7134e-15 8.47988e-13 8.97988e-11 5.15158e-09 1.551e-07 2.48107e-06 2.2065e-05 0.000115715 0.000373616 0.000751758 0.000961462 0.000846118 0.000574277 0.000327837 0.000162793 6.89121e-05 2.26019e-05 4.10538e-06 0 
0 0.000202658 6.97535e-05 2.86818e-06 2.13245e-08 3.91828e-11 2.57267e-14 9.34144e-18 4.80822e-21 2.7134e-23 7.6907e-25 8.01816e-26 3.70584e-26 3.47205e-26 3.37923e-26 3.07074e-26 2.94085e-26 4.72027e-26 2.94153e-25 9.14138e-24 1.30787e-21 6.3752e-19 2.92529e-16 8.76274e-14 1.4709e-11 1.26286e-09 5.35146e-08 1.1332e-06 1.25991e-05 7.87685e-05 0.000293476 0.00066696 0.000939271 0.000879654 0.000616454 0.000356768 0.000178072 7.55133e-05 2.4781e-05 4.50201e-06 0 
0 0.000189828 5.54976e-05 1.77657e-06 9.40412e-09 1.13707e-11 4.63112e-15 1.01944e-18 9.84071e-22 1.05258e-23 4.31775e-25 3.70586e-26 7.1482e-27 4.37702e-27 3.99354e-27 3.50204e-27 3.38049e-27 7.65125e-27 6.68861e-26 1.5985e-24 1.3275e-22 5.82465e-20 3.91066e-17 1.69231e-14 3.96099e-12 4.54994e-10 2.46832e-08 6.40238e-07 8.36464e-06 5.9319e-05 0.000244506 0.000605297 0.000913783 0.000896711 0.000644206 0.0003769 0.000188899 8.02186e-05 2.63374e-05 4.78543e-06 0 
0 0.000182409 4.86282e-05 1.35098e-06 5.89968e-09 5.62835e-12 1.7491e-15 2.97612e-19 4.95109e-22 7.75806e-24 3.8892e-25 3.47206e-26 4.37704e-27 1.01547e-27 5.87057e-28 4.98218e-28 7.29615e-28 3.54892e-27 3.69524e-26 7.51741e-25 4.64265e-23 1.52459e-20 1.24089e-17 6.61635e-15 1.87033e-12 2.53482e-10 1.58245e-08 4.60668e-07 6.59695e-06 5.02452e-05 0.000219199 0.000569363 0.000894544 0.000902532 0.000658313 0.000387776 0.000194859 8.28258e-05 2.72015e-05 4.94291e-06 0 
0 0.000180512 4.7204e-05 1.27362e-06 5.34602e-09 4.85751e-12 1.42776e-15 2.31473e-19 4.25537e-22 7.15548e-24 3.7303e-25 3.37925e-26 3.99356e-27 5.87059e-28 1.51632e-28 1.24176e-28 4.12164e-28 2.98435e-27 3.22695e-26 6.38667e-25 3.73308e-23 1.14619e-20 9.67144e-18 5.38677e-15 1.58431e-12 2.22332e-10 1.42976e-08 4.26493e-07 6.22687e-06 4.8145e-05 0.000212605 0.000558299 0.000885899 0.000900541 0.00065976 0.00038944 0.000195861 8.32776e-05 2.73528e-05 4.97057e-06 0 
0 0.000183933 5.06338e-05 1.47957e-06 6.92245e-09 7.18946e-12 2.46119e-15 4.56004e-19 5.95885e-22 7.90125e-24 3.62389e-25 3.07076e-26 3.50206e-27 4.9822e-28 1.24176e-28 1.21569e-28 4.66259e-28 3.46904e-27 3.98509e-26 8.87798e-25 6.24212e-23 2.35714e-20 1.80195e-17 8.93206e-15 2.36487e-12 3.02733e-10 1.80084e-08 5.0385e-07 6.99051e-06 5.19526e-05 0.000222482 0.000570128 0.000887905 0.000891778 0.000649341 0.000382311 0.000192101 8.16545e-05 2.68174e-05 4.87316e-06 0 
0 0.000192255 5.94202e-05 2.07606e-06 1.23835e-08 1.7346e-11 8.35307e-15 2.18214e-18 1.46828e-21 1.18185e-23 4.04556e-25 2.94087e-26 3.3805e-27 7.29614e-28 4.12162e-28 4.66257e-28 1.08445e-27 6.3349e-27 7.96846e-26 2.37557e-24 2.52364e-22 1.25235e-19 7.39686e-17 2.82039e-14 5.89241e-12 6.13075e-10 3.0587e-08 7.40589e-07 9.15874e-06 6.22524e-05 0.000248604 0.000601991 0.000896918 0.000875024 0.000627562 0.000367105 0.00018402 7.81575e-05 2.56625e-05 4.66296e-06 0 
0 0.000204783 7.5083e-05 3.41066e-06 2.9051e-08 6.31111e-11 5.01373e-14 2.22938e-17 1.07848e-20 4.10032e-23 8.05065e-25 4.72028e-26 7.65124e-27 3.5489e-27 2.98433e-27 3.46902e-27 6.33488e-27 2.71441e-26 3.66806e-25 1.70986e-23 3.31443e-21 1.50237e-18 5.90227e-16 1.52965e-13 2.25447e-11 1.72807e-09 6.65189e-08 1.30146e-06 1.35858e-05 8.09435e-05 0.000291428 0.000648718 0.0009057 0.000847376 0.000594819 0.000344801 0.000172262 7.30822e-05 2.39878e-05 4.35821e-06 0 
0 0.00022037 0.000100127 6.31186e-06 8.37943e-08 3.14492e-10 4.66189e-13 4.03955e-16 3.17406e-19 5.3531e-22 5.50841e-24 2.94152e-25 6.68859e-26 3.69522e-26 3.22694e-26 3.98507e-26 7.96843e-26 3.66805e-25 6.38038e-24 5.00229e-22 1.17978e-19 3.34387e-17 7.83991e-15 1.25348e-12 1.19329e-10 6.23438e-09 1.73283e-07 2.59434e-06 2.18929e-05 0.000110528 0.000349235 0.000699923 0.000903396 0.00080514 0.000551692 0.000316623 0.000157615 6.6789e-05 2.19142e-05 3.98106e-06 0 
0 0.000237221 0.000137807 1.26134e-05 2.76942e-07 1.93191e-09 5.80991e-12 1.07293e-14 1.79293e-17 4.09583e-20 2.47865e-22 9.14137e-24 1.5985e-24 7.51739e-25 6.38665e-25 8.87795e-25 2.37557e-24 1.70986e-23 5.00229e-22 4.87554e-20 7.23584e-18 1.12284e-15 1.46187e-13 1.3466e-11 7.77066e-10 2.61312e-08 4.98956e-07 5.48559e-06 3.62319e-05 0.00015126 0.000412102 0.000736097 0.000876065 0.000744874 0.000499213 0.000284006 0.00014095 5.96704e-05 1.95731e-05 3.55549e-06 0 
0 0.000252808 0.000191311 2.60909e-05 9.77504e-07 1.31682e-08 8.39608e-11 3.46465e-13 1.30194e-15 6.30502e-18 5.50943e-20 1.30787e-21 1.3275e-22 4.64265e-23 3.73307e-23 6.24211e-23 2.52364e-22 3.31443e-21 1.17978e-19 7.23584e-18 5.70974e-16 4.64302e-14 3.22048e-12 1.63852e-10 5.49067e-09 1.13837e-07 1.43357e-06 1.11831e-05 5.64366e-05 0.000192407 0.000451525 0.00072564 0.000808342 0.000664333 0.000438974 0.000248514 0.000123157 5.21192e-05 1.7095e-05 3.10531e-06 0 
0 0.000264018 0.000261997 5.37053e-05 3.45303e-06 9.03555e-08 1.23025e-09 1.14368e-11 9.74581e-14 1.0266e-15 1.77057e-17 6.3752e-19 5.82465e-20 1.52459e-20 1.14619e-20 2.35714e-20 1.25235e-19 1.50237e-18 3.34387e-17 1.12284e-15 4.64302e-14 1.95613e-12 7.11456e-11 1.95253e-09 3.66689e-08 4.46315e-07 3.50395e-06 1.84884e-05 6.97574e-05 0.000196525 0.000413079 0.000628799 0.000686923 0.000563128 0.000373055 0.000211731 0.000105083 4.45006e-05 1.46001e-05 2.6524e-06 0 
0 0.000267649 0.000346689 0.000106266 1.15488e-05 5.74256e-07 1.62879e-08 3.32431e-10 6.26174e-12 1.40055e-13 4.7134e-15 2.92529e-16 3.91066e-17 1.24089e-17 9.67144e-18 1.80195e-17 7.39686e-17 5.90227e-16 7.83991e-15 1.46187e-13 3.22048e-12 7.11456e-11 1.35824e-09 1.96798e-08 1.95061e-07 1.24913e-06 5.29558e-06 1.67307e-05 4.57334e-05 0.000115491 0.000252617 0.000424041 0.000508211 0.000443559 0.000303933 0.000175173 8.7479e-05 3.71305e-05 1.21917e-05 2.21544e-06 0 
0 0.000261203 0.000435086 0.000196274 3.50019e-05 3.16725e-06 1.77956e-07 7.56156e-09 2.98637e-10 1.34946e-11 8.47988e-13 8.76274e-14 1.69231e-14 6.61635e-15 5.38677e-15 8.93206e-15 2.82039e-14 1.52965e-13 1.25348e-12 1.3466e-11 1.63852e-10 1.95253e-09 1.96798e-08 1.43661e-07 6.47562e-07 1.62134e-06 2.4508e-06 3.22971e-06 5.91932e-06 1.76116e-05 6.28725e-05 0.000173942 0.000295762 0.000313209 0.000234717 0.000140264 7.09787e-05 3.02628e-05 9.95119e-06 1.80912e-06 0 
0 0.000243755 0.000509623 0.000330042 9.3063e-05 1.44852e-05 1.50592e-06 1.23847e-07 9.53601e-09 8.12984e-10 8.97988e-11 1.4709e-11 3.96099e-12 1.87033e-12 1.58431e-12 2.36487e-12 5.89241e-12 2.25447e-11 1.19329e-10 7.77066e-10 5.49067e-09 3.66689e-08 1.95061e-07 6.47562e-07 9.57471e-07 4.68831e-07 9.01827e-08 1.92861e-08 1.8964e-08 1.3334e-07 2.39206e-06 2.79476e-05 0.000115723 0.000189268 0.000169798 0.000108396 5.60866e-05 2.40831e-05 7.93629e-06 1.44374e-06 0 
0 0.00021649 0.000550254 0.000494365 0.000211913 5.34411e-05 9.51749e-06 1.39173e-06 1.91849e-07 2.84786e-08 5.15158e-09 1.26286e-09 4.54994e-10 2.53482e-10 2.22332e-10 3.02733e-10 6.13075e-10 1.72807e-09 6.23438e-09 2.61312e-08 1.13837e-07 4.46315e-07 1.24913e-06 1.62134e-06 4.68831e-07 1.37522e-08 5.18677e-11 2.96512e-13 9.45106e-14 6.03111e-12 4.22399e-09 1.08833e-06 2.65691e-05 9.5367e-05 0.000114838 8.0909e-05 4.31715e-05 1.87081e-05 6.18141e-06 1.12535e-06 0 
0 0.000182547 0.000543534 0.000647736 0.000404932 0.000156625 4.43139e-05 1.05544e-05 2.37991e-06 5.6465e-07 1.551e-07 5.35146e-08 2.46832e-08 1.58245e-08 1.42976e-08 1.80084e-08 3.0587e-08 6.65189e-08 1.73283e-07 4.98956e-07 1.43357e-06 3.50395e-06 5.29558e-06 2.4508e-06 9.01827e-08 5.18677e-11 6.01638e-16 2.16995e-15 2.58143e-15 3.36837e-16 4.37253e-13 1.2542e-08 4.07332e-06 4.27047e-05 7.44359e-05 5.87968e-05 3.24321e-05 1.41859e-05 4.6993e-06 8.56128e-07 0 
0 0.000146126 0.000490405 0.000733973 0.000636924 0.000360145 0.000151898 5.44052e-05 1.84007e-05 6.41321e-06 2.48107e-06 1.1332e-06 6.40238e-07 4.60668e-07 4.26493e-07 5.0385e-07 7.40589e-07 1.30146e-06 2.59434e-06 5.48559e-06 1.11831e-05 1.84884e-05 1.67307e-05 3.22971e-06 1.92861e-08 2.96512e-13 2.16995e-15 2.33215e-16 2.04374e-16 3.43876e-17 1.23794e-16 2.24692e-10 7.75191e-07 2.07285e-05 4.8965e-05 4.22267e-05 2.38551e-05 1.05006e-05 3.48426e-06 6.35047e-07 0 
0 0.000111245 0.000405971 0.000719213 0.000813733 0.000639651 0.00038257 0.000193631 9.13376e-05 4.33892e-05 2.2065e-05 1.25991e-05 8.36464e-06 6.59695e-06 6.22687e-06 6.99051e-06 9.15874e-06 1.35858e-05 2.18929e-05 3.62319e-05 5.64366e-05 6.97574e-05 4.57334e-05 5.91932e-06 1.8964e-08 9.45106e-14 2.58143e-15 2.04374e-16 5.03616e-17 8.14011e-17 3.04489e-15 6.64132e-11 4.14245e-07 1.38041e-05 3.47277e-05 3.03923e-05 1.72199e-05 7.58363e-06 2.51652e-06 4.58665e-07 0 
0 8.07725e-05 0.000311113 0.000617197 0.000847102 0.000867623 0.000700363 0.000478415 0.00029889 0.000182909 0.000115715 7.87685e-05 5.9319e-05 5.02452e-05 4.8145e-05 5.19526e-05 6.22524e-05 8.09435e-05 0.000110528 0.00015126 0.000192407 0.000196525 0.000115491 1.76116e-05 1.3334e-07 6.03111e-12 3.36837e-16 3.43876e-17 8.1401e-17 7.56067e-17 1.96921e-15 6.71368e-10 7.89769e-07 1.34418e-05 2.69177e-05 2.19547e-05 1.21848e-05 5.33458e-06 1.76727e-06 3.21956e-07 0 
0 5.60798e-05 0.000223014 0.000473815 0.000736411 0.000909425 0.000927894 0.000815007 0.000648346 0.000492342 0.000373616 0.000293476 0.000244506 0.000219199 0.000212605 0.000222482 0.000248604 0.000291428 0.000349235 0.000412102 0.000451525 0.000413079 0.000252617 6.28725e-05 2.39206e-06 4.22399e-09 4.37253e-13 1.23794e-16 3.04489e-15 1.96921e-15 1.80372e-11 3.85604e-08 2.913e-06 1.60001e-05 2.17065e-05 1.5691e-05 8.40572e-06 3.64319e-06 1.20353e-06 2.19082e-07 0 
0 3.72775e-05 0.000150842 0.000332755 0.000555076 0.000768234 0.000916675 0.000968778 0.000933912 0.000848901 0.000751758 0.00066696 0.000605297 0.000569363 0.000558299 0.000570128 0.000601991 0.000648718 0.000699923 0.000736097 0.00072564 0.000628799 0.000424041 0.000173942 2.79476e-05 1.08833e-06 1.2542e-08 2.24692e-10 6.64132e-11 6.71368e-10 3.85604e-08 1.26718e-06 9.09626e-06 1.80567e-05 1.69375e-05 1.08595e-05 5.60828e-06 2.40465e-06 7.91909e-07 1.44026e-07 0 
0 2.36987e-05 9.67382e-05 0.000217452 0.000376001 0.000552705 0.000720336 0.000852382 0.000933676 0.000965472 0.000961462 0.000939271 0.000913783 0.000894544 0.000885899 0.000887905 0.000896918 0.0009057 0.000903396 0.000876065 0.000808342 0.000686923 0.000508211 0.000295762 0.000115723 2.65691e-05 4.07332e-06 7.75191e-07 4.14245e-07 7.89769e-07 2.913e-06 9.09626e-06 1.61007e-05 1.67171e-05 1.21801e-05 7.15138e-06 3.58928e-06 1.52539e-06 5.01009e-07 9.10478e-08 0 
0 1.435e-05 5.88171e-05 0.000133361 0.000234439 0.000354469 0.000482166 0.000604426 0.000709585 0.000790565 0.000846118 0.000879654 0.000896711 0.000902532 0.000900541 0.000891778 0.000875024 0.000847376 0.00080514 0.000744874 0.000664333 0.000563128 0.000443559 0.000313209 0.000189268 9.5367e-05 4.27047e-05 2.07285e-05 1.38041e-05 1.34418e-05 1.60001e-05 1.80567e-05 1.67171e-05 1.25387e-05 7.95861e-06 4.43555e-06 2.1861e-06 9.235e-07 3.02741e-07 5.49843e-08 0 
0 8.20898e-06 3.3707e-05 7.67109e-05 0.000135799 0.000207794 0.000287892 0.000370179 0.000448548 0.000517763 0.000574277 0.000616454 0.000644206 0.000658313 0.00065976 0.000649341 0.000627562 0.000594819 0.000551692 0.000499213 0.000438974 0.000373055 0.000303933 0.000234717 0.000169798 0.000114838 7.44359e-05 4.8965e-05 3.47277e-05 2.69177e-05 2.17065e-05 1.69375e-05 1.21801e-05 7.95861e-06 4.73882e-06 2.57261e-06 1.25545e-06 5.28498e-07 1.73047e-07 3.1417e-08 0 
0 4.37396e-06 1.79733e-05 4.09652e-05 7.27205e-05 0.000111795 0.000156006 0.000202617 0.000248641 0.000291196 0.000327837 0.000356768 0.0003769 0.000387776 0.00038944 0.000382311 0.000367105 0.000344801 0.000316623 0.000284006 0.000248514 0.000211731 0.000175173 0.000140264 0.000108396 8.0909e-05 5.87968e-05 4.22267e-05 3.03923e-05 2.19547e-05 1.5691e-05 1.08595e-05 7.15138e-06 4.43555e-06 2.57261e-06 1.38034e-06 6.70405e-07 2.81707e-07 9.21801e-08 1.67317e-08 0 
0 2.11759e-06 8.70409e-06 1.985e-05 3.52737e-05 5.43205e-05 7.60007e-05 9.9068e-05 0.000122133 0.0001438 0.000162793 0.000178072 0.000188899 0.000194859 0.000195861 0.000192101 0.00018402 0.000172262 0.000157615 0.00014095 0.000123157 0.000105083 8.7479e-05 7.09787e-05 5.60866e-05 4.31715e-05 3.24321e-05 2.38551e-05 1.72199e-05 1.21848e-05 8.40572e-06 5.60828e-06 3.58928e-06 2.1861e-06 1.25545e-06 6.70405e-07 3.24925e-07 1.36419e-07 4.46246e-08 8.0989e-09 0 
0 8.88618e-07 3.65296e-06 8.33245e-06 1.48124e-05 2.28244e-05 3.19629e-05 4.1716e-05 5.15095e-05 6.07571e-05 6.89121e-05 7.55133e-05 8.02186e-05 8.28258e-05 8.32776e-05 8.16545e-05 7.81575e-05 7.30822e-05 6.6789e-05 5.96704e-05 5.21192e-05 4.45006e-05 3.71305e-05 3.02628e-05 2.40831e-05 1.87081e-05 1.41859e-05 1.05006e-05 7.58363e-06 5.33458e-06 3.64319e-06 2.40465e-06 1.52539e-06 9.235e-07 5.28498e-07 2.81707e-07 1.36419e-07 5.72544e-08 1.87259e-08 3.39836e-09 0 
0 2.90617e-07 1.19473e-06 2.72539e-06 4.84547e-06 7.46792e-06 1.04611e-05 1.36587e-05 1.68739e-05 1.9915e-05 2.26019e-05 2.4781e-05 2.63374e-05 2.72015e-05 2.73528e-05 2.68174e-05 2.56625e-05 2.39878e-05 2.19142e-05 1.95731e-05 1.7095e-05 1.46001e-05 1.21917e-05 9.95119e-06 7.93629e-06 6.18141e-06 4.6993e-06 3.48426e-06 2.51652e-06 1.76727e-06 1.20353e-06 7.91909e-07 5.01009e-07 3.02741e-07 1.73047e-07 9.21801e-08 4.46246e-08 1.87259e-08 6.1242e-09 1.11139e-09 0 
0 5.27393e-08 2.16815e-07 4.94607e-07 8.794e-07 1.35544e-06 1.89888e-06 2.47964e-06 3.06383e-06 3.61666e-06 4.10538e-06 4.50201e-06 4.78543e-06 4.94291e-06 4.97057e-06 4.87316e-06 4.66296e-06 4.35821e-06 3.98106e-06 3.55549e-06 3.10531e-06 2.6524e-06 2.21544e-06 1.80912e-06 1.44374e-06 1.12535e-06 8.56128e-07 6.35047e-07 4.58665e-07 3.21956e-07 2.19082e-07 1.44026e-07 9.10478e-08 5.49843e-08 3.1417e-08 1.67317e-08 8.0989e-09 3.39836e-09 1.11139e-09 2.01686e-10 0 
0 0 0 0 0 0 0 0 0 0 0 0 0 0 0 0 0 0 0 0 0 0 0 0 0 0 0 0 0 0 0 0 0 0 0 0 0 0 0 0 0 
