0 0 0 0 0 0 0 0 0 0 0 0 0 0 0 0 0 0 0 0 0 0 0 0 0 0 0 0 0 0 0 0 0 0 0 0 0 0 0 0 0 
0 1.33323e-05 5.26059e-05 0.00011129 0.000175294 0.000227791 0.000257759 0.000264394 0.000254269 0.000235834 0.000215853 0.000198476 0.00018574 0.000178391 0.000176521 0.00017992 0.000188186 0.000200646 0.000216188 0.000233063 0.000248787 0.000260284 0.000264364 0.000258502 0.000241707 0.000215076 0.000181669 0.000145638 0.000111004 8.06664e-05 5.60383e-05 3.7263e-05 2.36941e-05 1.43487e-05 8.20866e-06 4.37388e-06 2.11757e-06 8.88615e-07 2.90616e-07 5.27393e-08 0 
0 5.26059e-05 0.000195792 0.000369501 0.000482314 0.000482405 0.000397649 0.000289126 0.000196982 0.000132271 9.12037e-05 6.66946e-05 5.29651e-05 4.63619e-05 4.49963e-05 4.82964e-05 5.67551e-05 7.1859e-05 9.6069e-05 0.000132606 0.000184684 0.000253798 0.000337082 0.000424682 0.000499466 0.000541519 0.000537039 0.000486279 0.000403739 0.000310081 0.000222602 0.000150698 9.66937e-05 5.88049e-05 3.3704e-05 1.79727e-05 8.70397e-06 3.65294e-06 1.19472e-06 2.16815e-07 0 
0 0.00011129 0.000369501 0.000557888 0.000512768 0.000325831 0.000161133 6.89472e-05 2.78833e-05 1.14917e-05 5.15294e-06 2.65527e-06 1.63896e-06 1.24392e-06 1.1723e-06 1.3635e-06 1.91815e-06 3.16305e-06 5.88079e-06 1.18135e-05 2.45721e-05 5.08659e-05 0.000101219 0.000188017 0.000318014 0.000479306 0.000632099 0.000720902 0.000710541 0.000612606 0.000471835 0.000332041 0.000217231 0.000133301 7.66965e-05 4.09622e-05 1.98494e-05 8.33236e-06 2.72538e-06 4.94606e-07 0 
0 0.000175294 0.000482314 0.000512768 0.000284577 9.89505e-05 2.52967e-05 5.42813e-06 1.10046e-06 2.35697e-07 5.91086e-08 1.89526e-08 8.30947e-09 5.19607e-09 4.70573e-09 6.10551e-09 1.09692e-08 2.58943e-08 7.52684e-08 2.50938e-07 8.93893e-07 3.1869e-06 1.07538e-05 3.28652e-05 8.80683e-05 0.000202076 0.000389209 0.000617428 0.000795736 0.000834933 0.000730273 0.000552665 0.000375227 0.000234228 0.000135749 7.27102e-05 3.52718e-05 1.48121e-05 4.84544e-06 8.79398e-07 0 
0 0.000227791 0.000482405 0.000325831 9.89505e-05 1.69672e-05 1.97052e-06 1.82415e-07 1.58351e-08 1.51471e-09 1.85637e-10 3.31769e-11 9.54434e-12 4.7015e-12 4.05408e-12 6.01814e-12 1.46134e-11 5.36666e-11 2.70532e-10 1.68366e-09 1.16355e-08 8.09523e-08 5.21396e-07 2.91138e-06 1.34633e-05 5.01646e-05 0.000148382 0.000344412 0.000617983 0.000847109 0.000896219 0.000762214 0.000550623 0.000353886 0.000207656 0.000111767 5.43156e-05 2.28237e-05 7.46784e-06 1.35543e-06 0 
0 0.000257759 0.000397649 0.000161133 2.52967e-05 1.97052e-06 9.34156e-08 3.31138e-09 1.09073e-10 4.15597e-12 2.24957e-13 2.0636e-14 3.67053e-15 1.37709e-15 1.12275e-15 1.94332e-15 6.65398e-15 4.04536e-14 3.82158e-13 4.84873e-12 7.14136e-11 1.06662e-09 1.43849e-08 1.59881e-07 1.37386e-06 8.79909e-06 4.14411e-05 0.000143541 0.000365406 0.000676827 0.000907349 0.000905131 0.000715842 0.000480839 0.000287572 0.00015594 7.59894e-05 3.19613e-05 1.04609e-05 1.89887e-06 0 
0 0.000264394 0.000289126 6.89472e-05 5.42813e-06 1.82415e-07 3.31138e-09 4.19692e-11 4.89862e-13 6.97101e-15 1.57404e-16 7.07972e-18 7.64275e-19 2.23967e-19 1.74652e-19 3.42103e-19 1.64153e-18 1.70212e-17 3.14775e-16 8.556e-15 2.83131e-13 9.57989e-12 2.85196e-10 6.63329e-09 1.10838e-07 1.26731e-06 9.75187e-06 5.08906e-05 0.000183182 0.000458046 0.000790539 0.000951185 0.000844389 0.000601871 0.000369545 0.000202487 9.90455e-05 4.17128e-05 1.36584e-05 2.47962e-06 0 
0 0.000254269 0.000196982 2.78833e-05 1.10046e-06 1.58351e-08 1.09073e-10 4.89862e-13 2.00897e-15 1.05944e-17 1.02468e-19 3.86453e-21 8.66551e-22 4.44607e-22 3.83151e-22 5.31717e-22 1.25804e-21 8.26903e-21 2.35938e-19 1.36657e-17 1.02251e-15 7.88915e-14 5.21957e-12 2.55842e-10 8.37358e-09 1.72117e-07 2.17392e-06 1.70581e-05 8.57398e-05 0.000283995 0.000624299 0.00091166 0.000921634 0.000705343 0.000447448 0.000248412 0.000122094 5.15039e-05 1.68733e-05 3.06379e-06 0 
0 0.000235834 0.000132271 1.14917e-05 2.35697e-07 1.51471e-09 4.15597e-12 6.97101e-15 1.05944e-17 2.30541e-20 2.44509e-22 2.4736e-23 1.06394e-23 8.06011e-24 7.45407e-24 8.14907e-24 1.15069e-23 3.5859e-23 4.18971e-22 3.01086e-20 4.77111e-18 8.04858e-16 1.13643e-13 1.13073e-11 7.01278e-10 2.51962e-08 5.10346e-07 5.89807e-06 4.04716e-05 0.000172771 0.000471266 0.000824327 0.000949625 0.000784363 0.000516071 0.000290838 0.000143738 6.07483e-05 1.99141e-05 3.61661e-06 0 
0 0.000215853 9.12037e-05 5.15294e-06 5.91086e-08 1.85637e-10 2.24957e-13 1.57404e-16 1.02468e-19 2.44509e-22 4.88716e-24 7.88794e-25 4.8137e-25 4.45721e-25 4.28819e-25 4.12425e-25 4.36899e-25 7.94928e-25 4.75303e-24 1.88952e-22 4.04957e-20 1.3498e-17 3.73548e-15 6.9689e-13 7.62621e-11 4.5026e-09 1.38894e-07 2.26623e-06 2.04753e-05 0.000108816 0.000356015 0.000726853 0.000942652 0.000837969 0.000571935 0.000327331 0.000162705 6.88997e-05 2.26006e-05 4.10531e-06 0 
0 0.000198476 6.66946e-05 2.65527e-06 1.89526e-08 3.31769e-11 2.0636e-14 7.07972e-18 3.86453e-21 2.47361e-23 7.88795e-25 9.0082e-26 4.43854e-26 4.26208e-26 4.16109e-26 3.74488e-26 3.43102e-26 5.06955e-26 2.77438e-25 7.62857e-24 9.74847e-22 4.75466e-19 2.27495e-16 7.09028e-14 1.23366e-11 1.09304e-09 4.75695e-08 1.02947e-06 1.16451e-05 7.38347e-05 0.000278766 0.000642799 0.000918522 0.000869842 0.000613498 0.000356115 0.000177958 7.54972e-05 2.47794e-05 4.50191e-06 0 
0 0.00018574 5.29651e-05 1.63896e-06 8.30947e-09 9.54434e-12 3.67053e-15 7.64275e-19 8.66551e-22 1.06394e-23 4.81371e-25 4.43856e-26 9.04632e-27 5.67567e-27 5.18752e-27 4.50142e-27 4.15078e-27 8.49749e-27 6.67114e-26 1.43345e-24 1.06164e-22 4.2957e-20 3.00112e-17 1.35447e-14 3.29321e-12 3.9113e-10 2.18282e-08 5.79455e-07 7.71063e-06 5.54888e-05 0.00023179 0.000582148 0.000891986 0.000885703 0.000640765 0.000376127 0.000188762 8.01994e-05 2.63354e-05 4.78532e-06 0 
0 0.000178391 4.63619e-05 1.24392e-06 5.19607e-09 4.7015e-12 1.37709e-15 2.23967e-19 4.44607e-22 8.06013e-24 4.45723e-25 4.2621e-26 5.6757e-27 1.37465e-27 8.00609e-28 6.66136e-28 9.00045e-28 3.9572e-27 3.80746e-26 7.04739e-25 3.86672e-23 1.12591e-20 9.45571e-18 5.265e-15 1.54787e-12 2.17127e-10 1.39569e-08 4.16143e-07 6.07323e-06 4.69557e-05 0.000207607 0.000547015 0.000872357 0.000890877 0.000654584 0.000386929 0.000194709 8.28046e-05 2.71993e-05 4.94278e-06 0 
0 0.000176521 4.49963e-05 1.1723e-06 4.70573e-09 4.05408e-12 1.12275e-15 1.74652e-19 3.83152e-22 7.45409e-24 4.28821e-25 4.16111e-26 5.18755e-27 8.00612e-28 2.13134e-28 1.6539e-28 4.92234e-28 3.32044e-27 3.34591e-26 6.03516e-25 3.13047e-23 8.48285e-21 7.3644e-18 4.2843e-15 1.3107e-12 1.90407e-10 1.26094e-08 3.85284e-07 5.73315e-06 4.49988e-05 0.000201375 0.000536352 0.000863805 0.000888801 0.000655976 0.000388576 0.000195708 8.32559e-05 2.73505e-05 4.97044e-06 0 
0 0.00017992 4.82964e-05 1.3635e-06 6.10551e-09 6.01814e-12 1.94332e-15 3.42103e-19 5.31718e-22 8.14909e-24 4.12427e-25 3.7449e-26 4.50144e-27 6.66138e-28 1.6539e-28 1.51333e-28 5.42685e-28 3.79674e-27 4.05037e-26 8.19006e-25 5.12993e-23 1.74121e-20 1.37949e-17 7.13632e-15 1.96384e-12 2.60059e-10 1.5921e-08 4.56047e-07 6.44595e-06 4.86158e-05 0.000210943 0.000548193 0.000866325 0.000880486 0.000645729 0.000381489 0.000191955 8.16339e-05 2.68152e-05 4.87303e-06 0 
0 0.000188186 5.67551e-05 1.91815e-06 1.09692e-08 1.46134e-11 6.65398e-15 1.64153e-18 1.25804e-21 1.15069e-23 4.369e-25 3.43104e-26 4.15079e-27 9.00044e-28 4.92231e-28 5.42683e-28 1.21635e-27 6.67724e-27 7.72431e-26 2.06669e-24 1.96039e-22 9.29822e-20 5.72484e-17 2.27405e-14 4.9301e-12 5.2986e-10 2.71717e-08 6.72822e-07 8.46935e-06 5.83854e-05 0.000236172 0.000579857 0.00087633 0.00086466 0.000624314 0.000366372 0.00018389 7.81391e-05 2.56606e-05 4.66285e-06 0 
0 0.000200646 7.1859e-05 3.16305e-06 2.58943e-08 5.36666e-11 4.04536e-14 1.70212e-17 8.26903e-21 3.5859e-23 7.9493e-25 5.06956e-26 8.49748e-27 3.95718e-27 3.32042e-27 3.79672e-27 6.67722e-27 2.6707e-26 3.28613e-25 1.38047e-23 2.44539e-21 1.13364e-18 4.63986e-16 1.24953e-13 1.90665e-11 1.50653e-09 5.94992e-08 1.1887e-06 1.26151e-05 7.61672e-05 0.000277665 0.00062652 0.0008867 0.000838335 0.000592068 0.000344187 0.000172154 7.30668e-05 2.39862e-05 4.35812e-06 0 
0 0.000216188 9.6069e-05 5.88079e-06 7.52684e-08 2.70532e-10 3.82158e-13 3.14775e-16 2.35938e-19 4.18971e-22 4.75303e-24 2.77438e-25 6.67112e-26 3.80744e-26 3.34589e-26 4.05036e-26 7.72428e-26 3.28612e-25 5.16857e-24 3.70992e-22 8.76574e-20 2.58027e-17 6.28267e-15 1.04059e-12 1.02273e-10 5.49432e-09 1.56342e-07 2.38574e-06 2.04378e-05 0.000104467 0.000334059 0.000678315 0.000886672 0.000797682 0.000549496 0.000316139 0.000157529 6.67769e-05 2.19129e-05 3.98098e-06 0 
0 0.000233063 0.000132606 1.18135e-05 2.50938e-07 1.68366e-09 4.84873e-12 8.556e-15 1.36657e-17 3.01086e-20 1.88952e-22 7.62856e-24 1.43345e-24 7.04737e-25 6.03515e-25 8.19004e-25 2.06669e-24 1.38046e-23 3.70992e-22 3.60466e-20 5.52893e-18 8.88747e-16 1.19726e-13 1.13859e-11 6.76229e-10 2.33186e-08 4.54744e-07 5.08553e-06 3.40471e-05 0.000143768 0.000396157 0.000716315 0.000862255 0.000739082 0.000497554 0.000283644 0.000140886 5.96613e-05 1.95721e-05 3.55544e-06 0 
0 0.000248787 0.000184684 2.45721e-05 8.93893e-07 1.16355e-08 7.14136e-11 2.83131e-13 1.02251e-15 4.77111e-18 4.04957e-20 9.74847e-22 1.06164e-22 3.86671e-23 3.13047e-23 5.12993e-23 1.96039e-22 2.44539e-21 8.76574e-20 5.52893e-18 4.50004e-16 3.77553e-14 2.69939e-12 1.4129e-10 4.85735e-09 1.02975e-07 1.32119e-06 1.04628e-05 5.34425e-05 0.000184103 0.000436561 0.000709272 0.00079781 0.000660093 0.000437777 0.000248252 0.000123111 5.21125e-05 1.70942e-05 3.10527e-06 0 
0 0.000260284 0.000253798 5.08659e-05 3.1869e-06 8.09523e-08 1.06662e-09 9.57989e-12 7.88915e-14 8.04858e-16 1.3498e-17 4.75466e-19 4.2957e-20 1.12591e-20 8.48285e-21 1.74121e-20 9.29822e-20 1.13364e-18 2.58027e-17 8.88747e-16 3.77553e-14 1.6347e-12 6.10549e-11 1.71776e-09 3.29898e-08 4.0939e-07 3.26635e-06 1.74613e-05 6.65878e-05 0.000189357 0.000401688 0.000617118 0.000679564 0.000560157 0.000372207 0.000211543 0.000105049 4.44957e-05 1.45996e-05 2.65236e-06 0 
0 0.000264364 0.000337082 0.000101219 1.07538e-05 5.21396e-07 1.43849e-08 2.85196e-10 5.21957e-12 1.13643e-13 3.73548e-15 2.27495e-16 3.00112e-17 9.45571e-18 7.3644e-18 1.37949e-17 5.72484e-17 4.63986e-16 6.28267e-15 1.19726e-13 2.69939e-12 6.10549e-11 1.19264e-09 1.76542e-08 1.78346e-07 1.16058e-06 4.98449e-06 1.59139e-05 4.38952e-05 0.000111795 0.000246582 0.00041724 0.000503471 0.000441496 0.000303316 0.000175033 8.74536e-05 3.71268e-05 1.21913e-05 2.21542e-06 0 
0 0.000258502 0.000424682 0.000188017 3.28652e-05 2.91138e-06 1.59881e-07 6.63329e-09 2.55842e-10 1.13073e-11 6.9689e-13 7.09028e-14 1.35447e-14 5.265e-15 4.2843e-15 7.13632e-15 2.27405e-14 1.24953e-13 1.04059e-12 1.13859e-11 1.4129e-10 1.71776e-09 1.76542e-08 1.31194e-07 6.0028e-07 1.51965e-06 2.31379e-06 3.0658e-06 5.65612e-06 1.6982e-05 6.12476e-05 0.000171034 0.000292941 0.000311729 0.000234235 0.000140152 7.0958e-05 3.02597e-05 9.95086e-06 1.8091e-06 0 
0 0.000241707 0.000499466 0.000318014 8.80683e-05 1.34633e-05 1.37386e-06 1.10838e-07 8.37358e-09 7.01278e-10 7.62621e-11 1.23366e-11 3.29321e-12 1.54787e-12 1.3107e-12 1.96384e-12 4.9301e-12 1.90665e-11 1.02273e-10 6.76229e-10 4.85735e-09 3.29898e-08 1.78346e-07 6.0028e-07 8.95496e-07 4.392e-07 8.40529e-08 1.78719e-08 1.76163e-08 1.25608e-07 2.29719e-06 2.72945e-05 0.000114307 0.000188185 0.000169392 0.000108298 5.60687e-05 2.40805e-05 7.93602e-06 1.44373e-06 0 
0 0.000215076 0.000541519 0.000479306 0.000202076 5.01646e-05 8.79909e-06 1.26731e-06 1.72117e-07 2.51962e-08 4.5026e-09 1.09304e-09 3.9113e-10 2.17127e-10 1.90407e-10 2.60059e-10 5.2986e-10 1.50653e-09 5.49432e-09 2.33186e-08 1.02975e-07 4.0939e-07 1.16058e-06 1.51965e-06 4.392e-07 1.26891e-08 4.65085e-11 2.57943e-13 8.14185e-14 5.37831e-12 3.92271e-09 1.04619e-06 2.60852e-05 9.46274e-05 0.000114491 8.08207e-05 4.31554e-05 1.87058e-05 6.18118e-06 1.12534e-06 0 
0 0.000181669 0.000537039 0.000632099 0.000389209 0.000148382 4.14411e-05 9.75187e-06 2.17392e-06 5.10346e-07 1.38894e-07 4.75695e-08 2.18282e-08 1.39569e-08 1.26094e-08 1.5921e-08 2.71717e-08 5.94992e-08 1.56342e-07 4.54744e-07 1.32119e-06 3.26635e-06 4.98449e-06 2.31379e-06 8.40529e-08 4.65085e-11 5.14696e-16 2.285e-15 2.4775e-15 4.29057e-16 3.85994e-13 1.17731e-08 3.96435e-06 4.22581e-05 7.41532e-05 5.87203e-05 3.24183e-05 1.4184e-05 4.6991e-06 8.56117e-07 0 
0 0.000145638 0.000486279 0.000720902 0.000617428 0.000344412 0.000143541 5.08906e-05 1.70581e-05 5.89807e-06 2.26623e-06 1.02947e-06 5.79455e-07 4.16143e-07 3.85284e-07 4.56047e-07 6.72822e-07 1.1887e-06 2.38574e-06 5.08553e-06 1.04628e-05 1.74613e-05 1.59139e-05 3.0658e-06 1.78719e-08 2.57943e-13 2.285e-15 2.58114e-16 2.0958e-16 3.93347e-17 1.38186e-16 2.06321e-10 7.4865e-07 2.04657e-05 4.87507e-05 4.21659e-05 2.38442e-05 1.04991e-05 3.48411e-06 6.35039e-07 0 
0 0.000111004 0.000403739 0.000710541 0.000795736 0.000617983 0.000365406 0.000183182 8.57398e-05 4.04716e-05 2.04753e-05 1.16451e-05 7.71063e-06 6.07323e-06 5.73315e-06 6.44595e-06 8.46935e-06 1.26151e-05 2.04378e-05 3.40471e-05 5.34425e-05 6.65878e-05 4.38952e-05 5.65612e-06 1.76163e-08 8.14185e-14 2.4775e-15 2.0958e-16 5.66958e-17 1.13471e-16 4.15842e-15 6.06553e-11 3.99405e-07 1.36245e-05 3.45752e-05 3.03492e-05 1.72123e-05 7.5826e-06 2.51642e-06 4.58659e-07 0 
0 8.06664e-05 0.000310081 0.000612606 0.000834933 0.000847109 0.000676827 0.000458046 0.000283995 0.000172771 0.000108816 7.38347e-05 5.54888e-05 4.69557e-05 4.49988e-05 4.86158e-05 5.83854e-05 7.61672e-05 0.000104467 0.000143768 0.000184103 0.000189357 0.000111795 1.6982e-05 1.25608e-07 5.37831e-12 4.29057e-16 3.93347e-17 1.1347e-16 7.66978e-17 1.6867e-15 6.23299e-10 7.66064e-07 1.32936e-05 2.68168e-05 2.19281e-05 1.21801e-05 5.33396e-06 1.76721e-06 3.21952e-07 0 
0 5.60383e-05 0.000222602 0.000471835 0.000730273 0.000896219 0.000907349 0.000790539 0.000624299 0.000471266 0.000356015 0.000278766 0.00023179 0.000207607 0.000201375 0.000210943 0.000236172 0.000277665 0.000334059 0.000396157 0.000436561 0.000401688 0.000246582 6.12476e-05 2.29719e-06 3.92271e-09 3.85994e-13 1.38186e-16 4.15843e-15 1.6867e-15 1.64072e-11 3.67483e-08 2.85378e-06 1.58763e-05 2.16476e-05 1.56768e-05 8.40328e-06 3.64285e-06 1.20349e-06 2.1908e-07 0 
0 3.7263e-05 0.000150698 0.000332041 0.000552665 0.000762214 0.000905131 0.000951185 0.00091166 0.000824327 0.000726853 0.000642799 0.000582148 0.000547015 0.000536352 0.000548193 0.000579857 0.00062652 0.000678315 0.000716315 0.000709272 0.000617118 0.00041724 0.000171034 2.72945e-05 1.04619e-06 1.17731e-08 2.06321e-10 6.06553e-11 6.23299e-10 3.67483e-08 1.23529e-06 8.99239e-06 1.79739e-05 1.69089e-05 1.08531e-05 5.60718e-06 2.4045e-06 7.91893e-07 1.44025e-07 0 
0 2.36941e-05 9.66937e-05 0.000217231 0.000375227 0.000550623 0.000715842 0.000844389 0.000921634 0.000949625 0.000942652 0.000918522 0.000891986 0.000872357 0.000863805 0.000866325 0.00087633 0.0008867 0.000886672 0.000862255 0.00079781 0.000679564 0.000503471 0.000292941 0.000114307 2.60852e-05 3.96435e-06 7.4865e-07 3.99405e-07 7.66064e-07 2.85378e-06 8.99239e-06 1.60122e-05 1.66779e-05 1.2169e-05 7.14898e-06 3.58886e-06 1.52533e-06 5.01003e-07 9.10474e-08 0 
0 1.43487e-05 5.88049e-05 0.000133301 0.000234228 0.000353886 0.000480839 0.000601871 0.000705343 0.000784363 0.000837969 0.000869842 0.000885703 0.000890877 0.000888801 0.000880486 0.00086466 0.000838335 0.000797682 0.000739082 0.000660093 0.000560157 0.000441496 0.000311729 0.000188185 9.46274e-05 4.22581e-05 2.04657e-05 1.36245e-05 1.32936e-05 1.58763e-05 1.79739e-05 1.66779e-05 1.25253e-05 7.95507e-06 4.43479e-06 2.18597e-06 9.2348e-07 3.02739e-07 5.49842e-08 0 
0 8.20866e-06 3.3704e-05 7.66965e-05 0.000135749 0.000207656 0.000287572 0.000369545 0.000447448 0.000516071 0.000571935 0.000613498 0.000640765 0.000654584 0.000655976 0.000645729 0.000624314 0.000592068 0.000549496 0.000497554 0.000437777 0.000372207 0.000303316 0.000234235 0.000169392 0.000114491 7.41532e-05 4.87507e-05 3.45752e-05 2.68168e-05 2.16476e-05 1.69089e-05 1.2169e-05 7.95507e-06 4.73789e-06 2.5724e-06 1.25541e-06 5.28492e-07 1.73047e-07 3.1417e-08 0 
0 4.37388e-06 1.79727e-05 4.09622e-05 7.27102e-05 0.000111767 0.00015594 0.000202487 0.000248412 0.000290838 0.000327331 0.000356115 0.000376127 0.000386929 0.000388576 0.000381489 0.000366372 0.000344187 0.000316139 0.000283644 0.000248252 0.000211543 0.000175033 0.000140152 0.000108298 8.08207e-05 5.87203e-05 4.21659e-05 3.03492e-05 2.19281e-05 1.56768e-05 1.08531e-05 7.14898e-06 4.43479e-06 2.5724e-06 1.38029e-06 6.70396e-07 2.81705e-07 9.21799e-08 1.67317e-08 0 
0 2.11757e-06 8.70397e-06 1.98494e-05 3.52718e-05 5.43156e-05 7.59894e-05 9.90455e-05 0.000122094 0.000143738 0.000162705 0.000177958 0.000188762 0.000194709 0.000195708 0.000191955 0.00018389 0.000172154 0.000157529 0.000140886 0.000123111 0.000105049 8.74536e-05 7.0958e-05 5.60687e-05 4.31554e-05 3.24183e-05 2.38442e-05 1.72123e-05 1.21801e-05 8.40328e-06 5.60718e-06 3.58886e-06 2.18597e-06 1.25541e-06 6.70396e-07 3.24923e-07 1.36419e-07 4.46245e-08 8.0989e-09 0 
0 8.88615e-07 3.65294e-06 8.33236e-06 1.48121e-05 2.28237e-05 3.19613e-05 4.17128e-05 5.15039e-05 6.07483e-05 6.88997e-05 7.54972e-05 8.01994e-05 8.28046e-05 8.32559e-05 8.16339e-05 7.81391e-05 7.30668e-05 6.67769e-05 5.96613e-05 5.21125e-05 4.44957e-05 3.71268e-05 3.02597e-05 2.40805e-05 1.87058e-05 1.4184e-05 1.04991e-05 7.5826e-06 5.33396e-06 3.64285e-06 2.4045e-06 1.52533e-06 9.2348e-07 5.28492e-07 2.81705e-07 1.36419e-07 5.72543e-08 1.87259e-08 3.39836e-09 0 
0 2.90616e-07 1.19472e-06 2.72538e-06 4.84544e-06 7.46784e-06 1.04609e-05 1.36584e-05 1.68733e-05 1.99141e-05 2.26006e-05 2.47794e-05 2.63354e-05 2.71993e-05 2.73505e-05 2.68152e-05 2.56606e-05 2.39862e-05 2.19129e-05 1.95721e-05 1.70942e-05 1.45996e-05 1.21913e-05 9.95086e-06 7.93602e-06 6.18118e-06 4.6991e-06 3.48411e-06 2.51642e-06 1.76721e-06 1.20349e-06 7.91893e-07 5.01003e-07 3.02739e-07 1.73047e-07 9.21799e-08 4.46245e-08 1.87259e-08 6.1242e-09 1.11139e-09 0 
0 5.27393e-08 2.16815e-07 4.94606e-07 8.79398e-07 1.35543e-06 1.89887e-06 2.47962e-06 3.06379e-06 3.61661e-06 4.10531e-06 4.50191e-06 4.78532e-06 4.94278e-06 4.97044e-06 4.87303e-06 4.66285e-06 4.35812e-06 3.98098e-06 3.55544e-06 3.10527e-06 2.65236e-06 2.21542e-06 1.8091e-06 1.44373e-06 1.12534e-06 8.56117e-07 6.35039e-07 4.58659e-07 3.21952e-07 2.1908e-07 1.44025e-07 9.10474e-08 5.49842e-08 3.1417e-08 1.67317e-08 8.0989e-09 3.39836e-09 1.11139e-09 2.01686e-10 0 
0 0 0 0 0 0 0 0 0 0 0 0 0 0 0 0 0 0 0 0 0 0 0 0 0 0 0 0 0 0 0 0 0 0 0 0 0 0 0 0 0 
