0 0 0 0 0 0 0 0 0 0 0 0 0 0 0 0 0 0 0 0 0 0 0 0 0 0 0 0 0 0 0 0 0 0 0 0 0 0 0 0 0 
0 1.33316e-05 5.25997e-05 0.000111265 0.000175227 0.000227659 0.000257556 0.000264131 0.000253969 0.00023552 0.000215537 0.000198165 0.000185437 0.000178093 0.000176225 0.000179623 0.000187884 0.000200339 0.000215878 0.000232754 0.000248487 0.000260006 0.000264119 0.0002583 0.000241553 0.00021497 0.000181602 0.000145601 0.000110986 8.06583e-05 5.60351e-05 3.72619e-05 2.36938e-05 1.43486e-05 8.20863e-06 4.37388e-06 2.11757e-06 8.88615e-07 2.90616e-07 5.27393e-08 0 
0 5.25997e-05 0.00019574 0.000369302 0.000481869 0.000481741 0.000396922 0.000288479 0.000196471 0.000131888 9.0916e-05 6.6471e-05 5.27803e-05 4.61966e-05 4.48352e-05 4.81259e-05 5.65604e-05 7.16233e-05 9.57717e-05 0.000132225 0.000184196 0.000253194 0.000336371 0.000423909 0.000498709 0.000540865 0.00053655 0.000485967 0.00040357 0.000310003 0.00022257 0.000150687 9.66903e-05 5.88039e-05 3.37038e-05 1.79726e-05 8.70396e-06 3.65294e-06 1.19472e-06 2.16815e-07 0 
0 0.000111265 0.000369302 0.000557286 0.00051185 0.000325006 0.000160614 6.86822e-05 2.77601e-05 1.1435e-05 5.12517e-06 2.63999e-06 1.62911e-06 1.23626e-06 1.16505e-06 1.35519e-06 1.90683e-06 3.14527e-06 5.84974e-06 1.17557e-05 2.4462e-05 5.06594e-05 0.00010085 0.000187412 0.000317128 0.000478191 0.000630934 0.000719921 0.000709886 0.000612258 0.000471684 0.000331986 0.000217214 0.000133296 7.66954e-05 4.0962e-05 1.98494e-05 8.33235e-06 2.72538e-06 4.94606e-07 0 
0 0.000175227 0.000481869 0.00051185 0.00028378 9.8576e-05 2.5177e-05 5.39738e-06 1.09322e-06 2.33946e-07 5.86254e-08 1.87861e-08 8.23291e-09 5.14695e-09 4.66105e-09 6.04843e-09 1.08702e-08 2.56725e-08 7.46666e-08 2.49094e-07 8.87933e-07 3.16783e-06 1.06965e-05 3.27105e-05 8.77049e-05 0.000201356 0.000388051 0.000615981 0.000794389 0.000834016 0.000729807 0.000552481 0.000375168 0.000234212 0.000135745 7.27094e-05 3.52717e-05 1.48121e-05 4.84544e-06 8.79398e-07 0 
0 0.000227659 0.000481741 0.000325006 9.8576e-05 1.68815e-05 1.95797e-06 1.81004e-07 1.56913e-08 1.49903e-09 1.83508e-10 3.27666e-11 9.42016e-12 4.63864e-12 3.99963e-12 5.93862e-12 1.44273e-11 5.30198e-11 2.67502e-10 1.66643e-09 1.15283e-08 8.02896e-08 5.17643e-07 2.89309e-06 1.33897e-05 4.99274e-05 0.000147782 0.000343257 0.000616377 0.000845574 0.000895222 0.000761756 0.000550464 0.000353842 0.000207645 0.000111765 5.43152e-05 2.28236e-05 7.46783e-06 1.35543e-06 0 
0 0.000257556 0.000396922 0.000160614 2.5177e-05 1.95797e-06 9.26541e-08 3.27822e-09 1.07779e-10 4.09945e-12 2.21555e-13 2.02985e-14 3.60726e-15 1.35268e-15 1.10274e-15 1.90928e-15 6.54176e-15 3.98094e-14 3.76519e-13 4.78359e-12 7.05543e-11 1.05529e-09 1.42518e-08 1.58605e-07 1.36446e-06 8.74755e-06 4.12335e-05 0.000142932 0.000364146 0.000675081 0.000905808 0.000904257 0.000715499 0.000480737 0.000287548 0.000155935 7.59885e-05 3.19611e-05 1.04609e-05 1.89887e-06 0 
0 0.000264131 0.000288479 6.86822e-05 5.39738e-06 1.81004e-07 3.27822e-09 4.14485e-11 4.82622e-13 6.85246e-15 1.54419e-16 6.93446e-18 7.48035e-19 2.19305e-19 1.71059e-19 3.34876e-19 1.60699e-18 1.66811e-17 3.08956e-16 8.41237e-15 2.78888e-13 9.45378e-12 2.81946e-10 6.56862e-09 1.09922e-07 1.25846e-06 9.69431e-06 5.06365e-05 0.000182421 0.000456546 0.000788716 0.00094986 0.000843782 0.000601676 0.000369497 0.000202477 9.90438e-05 4.17126e-05 1.36584e-05 2.47962e-06 0 
0 0.000253969 0.000196471 2.77601e-05 1.09322e-06 1.56913e-08 1.07779e-10 4.82622e-13 1.97346e-15 1.03785e-17 1.00215e-19 3.80484e-21 8.58736e-22 4.41192e-22 3.80287e-22 5.27392e-22 1.24438e-21 8.11091e-21 2.30771e-19 1.3391e-17 1.0042e-15 7.76543e-14 5.14898e-12 2.529e-10 8.29256e-09 1.70725e-07 2.15924e-06 1.69616e-05 8.53341e-05 0.000282905 0.000622518 0.000909992 0.000920722 0.000705019 0.000447364 0.000248395 0.000122091 5.15035e-05 1.68733e-05 3.06379e-06 0 
0 0.00023552 0.000131888 1.1435e-05 2.33946e-07 1.49903e-09 4.09945e-12 6.85246e-15 1.03785e-17 2.2539e-20 2.41038e-22 2.45853e-23 1.06557e-23 8.0868e-24 7.48002e-24 8.17241e-24 1.14943e-23 3.55227e-23 4.11627e-22 2.94257e-20 4.67266e-18 7.90342e-16 1.1188e-13 1.11587e-11 6.93568e-10 2.49665e-08 5.065e-07 5.86122e-06 4.02611e-05 0.000172033 0.000469713 0.000822494 0.000948429 0.000783891 0.000515942 0.00029081 0.000143733 6.07477e-05 1.9914e-05 3.6166e-06 0 
0 0.000215537 9.0916e-05 5.12517e-06 5.86254e-08 1.83508e-10 2.21555e-13 1.54419e-16 1.00215e-19 2.41038e-22 4.86109e-24 7.90912e-25 4.85675e-25 4.50514e-25 4.3351e-25 4.16689e-25 4.3981e-25 7.9476e-25 4.70442e-24 1.85256e-22 3.95756e-20 1.32268e-17 3.67107e-15 6.86736e-13 7.53358e-11 4.45748e-09 1.37752e-07 2.25092e-06 2.0361e-05 0.000108315 0.000354724 0.000725002 0.000941237 0.000837351 0.000571756 0.000327292 0.000162698 6.88988e-05 2.26005e-05 4.1053e-06 0 
0 0.000198165 6.6471e-05 2.63999e-06 1.87861e-08 3.27666e-11 2.02985e-14 6.93446e-18 3.80484e-21 2.45854e-23 7.90914e-25 9.09367e-26 4.50219e-26 4.33025e-26 4.22843e-26 3.80329e-26 3.47368e-26 5.10079e-26 2.76445e-25 7.53057e-24 9.54027e-22 4.65153e-19 2.23257e-16 6.97886e-14 1.21754e-11 1.08129e-09 4.71524e-08 1.02211e-06 1.15767e-05 7.34775e-05 0.00027769 0.000641009 0.000916965 0.000869098 0.000613272 0.000356065 0.000177949 7.54959e-05 2.47792e-05 4.5019e-06 0 
0 0.000185437 5.27803e-05 1.62911e-06 8.23291e-09 9.42016e-12 3.60726e-15 7.48035e-19 8.58736e-22 1.06557e-23 4.85677e-25 4.5022e-26 9.21368e-27 5.7904e-27 5.29283e-27 4.58971e-27 4.21833e-27 8.57136e-27 6.67489e-26 1.42289e-24 1.0447e-22 4.19924e-20 2.94228e-17 1.3321e-14 3.24805e-12 3.86731e-10 2.16284e-08 5.75147e-07 7.66379e-06 5.52118e-05 0.000230861 0.000580436 0.000890353 0.000884869 0.000640502 0.000376067 0.000188752 8.01979e-05 2.63352e-05 4.78531e-06 0 
0 0.000178093 4.61966e-05 1.23626e-06 5.14695e-09 4.63864e-12 1.35268e-15 2.19305e-19 4.41193e-22 8.08682e-24 4.50515e-25 4.33027e-26 5.79043e-27 1.40697e-27 8.19877e-28 6.81232e-28 9.15047e-28 3.9925e-27 3.81877e-26 7.0185e-25 3.81623e-23 1.10086e-20 9.26543e-18 5.1758e-15 1.52611e-12 2.14628e-10 1.38264e-08 4.1299e-07 6.03575e-06 4.67181e-05 0.000206761 0.000545364 0.000870697 0.000889995 0.0006543 0.000386864 0.000194698 8.2803e-05 2.71991e-05 4.94277e-06 0 
0 0.000176225 4.48352e-05 1.16505e-06 4.66105e-09 3.99963e-12 1.10274e-15 1.71059e-19 3.80288e-22 7.48003e-24 4.33511e-25 4.22845e-26 5.29286e-27 8.19879e-28 2.18766e-28 1.69114e-28 4.99191e-28 3.34935e-27 3.35737e-26 6.01385e-25 3.09111e-23 8.29568e-21 7.21581e-18 4.21154e-15 1.29225e-12 1.88212e-10 1.24914e-08 3.82366e-07 5.69781e-06 4.47715e-05 0.000200555 0.000534731 0.000862152 0.000887912 0.000655688 0.00038851 0.000195696 8.32542e-05 2.73503e-05 4.97043e-06 0 
0 0.000179623 4.81259e-05 1.35519e-06 6.04843e-09 5.93862e-12 1.90928e-15 3.34876e-19 5.27393e-22 8.17243e-24 4.16691e-25 3.8033e-26 4.58973e-27 6.81235e-28 1.69114e-28 1.53954e-28 5.49252e-28 3.82509e-27 4.0583e-26 8.14694e-25 5.0581e-23 1.7024e-20 1.3522e-17 7.01752e-15 1.93674e-12 2.57121e-10 1.5775e-08 4.52659e-07 6.40694e-06 4.83745e-05 0.0002101 0.000546572 0.000864709 0.000879632 0.000645453 0.000381426 0.000191943 8.16323e-05 2.6815e-05 4.87302e-06 0 
0 0.000187884 5.65604e-05 1.90683e-06 1.08702e-08 1.44273e-11 6.54176e-15 1.60699e-18 1.24438e-21 1.14943e-23 4.39812e-25 3.47369e-26 4.21835e-27 9.15046e-28 4.99188e-28 5.4925e-28 1.22766e-27 6.70834e-27 7.71188e-26 2.04667e-24 1.92485e-22 9.09368e-20 5.61617e-17 2.23772e-14 4.86479e-12 5.24111e-10 2.69321e-08 6.68009e-07 8.41989e-06 5.81054e-05 0.000235263 0.000578219 0.000874787 0.000863876 0.000624067 0.000366316 0.00018388 7.81377e-05 2.56604e-05 4.66284e-06 0 
0 0.000200339 7.16233e-05 3.14527e-06 2.56725e-08 5.30198e-11 3.98094e-14 1.66811e-17 8.11091e-21 3.55228e-23 7.94761e-25 5.10081e-26 8.57135e-27 3.99248e-27 3.34933e-27 3.82508e-27 6.70832e-27 2.6696e-26 3.26173e-25 1.35935e-23 2.39089e-21 1.11001e-18 4.5571e-16 1.23077e-13 1.88291e-11 1.49115e-09 5.90049e-08 1.18067e-06 1.25453e-05 7.58207e-05 0.000276657 0.000624874 0.000885273 0.000837649 0.000591858 0.00034414 0.000172145 7.30657e-05 2.3986e-05 4.35811e-06 0 
0 0.000215878 9.57717e-05 5.84974e-06 7.46666e-08 2.67502e-10 3.76519e-13 3.08956e-16 2.30771e-19 4.11627e-22 4.70442e-24 2.76445e-25 6.67487e-26 3.81875e-26 3.35735e-26 4.05829e-26 7.71185e-26 3.26173e-25 5.09088e-24 3.62911e-22 8.57325e-20 2.53072e-17 6.17948e-15 1.02621e-12 1.011e-10 5.44263e-09 1.55144e-07 2.37082e-06 2.03328e-05 0.000104026 0.000332944 0.000676709 0.000885415 0.000797116 0.000549328 0.000316102 0.000157523 6.67759e-05 2.19128e-05 3.98098e-06 0 
0 0.000232754 0.000132225 1.17557e-05 2.49094e-07 1.66643e-09 4.78359e-12 8.41237e-15 1.3391e-17 2.94257e-20 1.85256e-22 7.53056e-24 1.42289e-24 7.01848e-25 6.01383e-25 8.14692e-25 2.04666e-24 1.35935e-23 3.62911e-22 3.52423e-20 5.41878e-18 8.7334e-16 1.17951e-13 1.12439e-11 6.69236e-10 2.31208e-08 4.51599e-07 5.0568e-06 3.38889e-05 0.000143221 0.000394981 0.000714841 0.000861215 0.000738642 0.000497428 0.000283616 0.000140881 5.96606e-05 1.95721e-05 3.55543e-06 0 
0 0.000248487 0.000184196 2.4462e-05 8.87933e-07 1.15283e-08 7.05543e-11 2.78888e-13 1.0042e-15 4.67266e-18 3.95756e-20 9.54027e-22 1.0447e-22 3.81622e-23 3.0911e-23 5.0581e-23 1.92485e-22 2.39089e-21 8.57325e-20 5.41878e-18 4.42062e-16 3.71758e-14 2.66399e-12 1.39733e-10 4.81303e-09 1.02205e-07 1.31315e-06 1.04108e-05 5.32247e-05 0.000183495 0.000435455 0.000708049 0.000797016 0.000659771 0.000437685 0.000248232 0.000123107 5.2112e-05 1.70942e-05 3.10526e-06 0 
0 0.000260006 0.000253194 5.06594e-05 3.16783e-06 8.02896e-08 1.05529e-09 9.45378e-12 7.76543e-14 7.90342e-16 1.32268e-17 4.65153e-19 4.19924e-20 1.10086e-20 8.29568e-21 1.7024e-20 9.09368e-20 1.11001e-18 2.53072e-17 8.7334e-16 3.71758e-14 1.6129e-12 6.03604e-11 1.70138e-09 3.27299e-08 4.06755e-07 3.24923e-06 1.73868e-05 6.63563e-05 0.00018883 0.000400844 0.000616245 0.00067901 0.000559932 0.000372142 0.000211529 0.000105046 4.44953e-05 1.45996e-05 2.65236e-06 0 
0 0.000264119 0.000336371 0.00010085 1.06965e-05 5.17643e-07 1.42518e-08 2.81946e-10 5.14898e-12 1.1188e-13 3.67107e-15 2.23257e-16 2.94228e-17 9.26543e-18 7.21581e-18 1.3522e-17 5.61617e-17 4.5571e-16 6.17948e-15 1.17951e-13 2.66399e-12 6.03604e-11 1.1811e-09 1.75113e-08 1.77155e-07 1.15422e-06 4.96197e-06 1.58544e-05 4.37605e-05 0.000111522 0.000246134 0.000416732 0.000503115 0.00044134 0.000303269 0.000175022 8.74517e-05 3.71265e-05 1.21913e-05 2.21542e-06 0 
0 0.0002583 0.000423909 0.000187412 3.27105e-05 2.89309e-06 1.58605e-07 6.56862e-09 2.529e-10 1.11587e-11 6.86736e-13 6.97886e-14 1.3321e-14 5.1758e-15 4.21154e-15 7.01752e-15 2.23772e-14 1.23077e-13 1.02621e-12 1.12439e-11 1.39733e-10 1.70138e-09 1.75113e-08 1.30307e-07 5.96886e-07 1.5123e-06 2.30385e-06 3.05388e-06 5.63689e-06 1.69357e-05 6.11275e-05 0.000170817 0.00029273 0.000311617 0.000234199 0.000140143 7.09565e-05 3.02595e-05 9.95083e-06 1.8091e-06 0 
0 0.000241553 0.000498709 0.000317128 8.77049e-05 1.33897e-05 1.36446e-06 1.09922e-07 8.29256e-09 6.93568e-10 7.53358e-11 1.21754e-11 3.24805e-12 1.52611e-12 1.29225e-12 1.93674e-12 4.86479e-12 1.88291e-11 1.011e-10 6.69236e-10 4.81303e-09 3.27299e-08 1.77155e-07 5.96886e-07 8.91024e-07 4.3706e-07 8.36114e-08 1.77703e-08 1.75194e-08 1.25048e-07 2.29024e-06 2.72462e-05 0.000114201 0.000188104 0.000169362 0.00010829 5.60673e-05 2.40803e-05 7.936e-06 1.44372e-06 0 
0 0.00021497 0.000540865 0.000478191 0.000201356 4.99274e-05 8.74755e-06 1.25846e-06 1.70725e-07 2.49665e-08 4.45748e-09 1.08129e-09 3.86731e-10 2.14628e-10 1.88212e-10 2.57121e-10 5.24111e-10 1.49115e-09 5.44263e-09 2.31208e-08 1.02205e-07 4.06755e-07 1.15422e-06 1.5123e-06 4.3706e-07 1.2613e-08 4.61305e-11 2.55263e-13 8.05125e-14 5.33239e-12 3.90104e-09 1.0431e-06 2.60494e-05 9.45722e-05 0.000114465 8.0814e-05 4.31542e-05 1.87057e-05 6.18116e-06 1.12534e-06 0 
0 0.000181602 0.00053655 0.000630934 0.000388051 0.000147782 4.12335e-05 9.69431e-06 2.15924e-06 5.065e-07 1.37752e-07 4.71524e-08 2.16284e-08 1.38264e-08 1.24914e-08 1.5775e-08 2.69321e-08 5.90049e-08 1.55144e-07 4.51599e-07 1.31315e-06 3.24923e-06 4.96197e-06 2.30385e-06 8.36114e-08 4.61305e-11 5.08869e-16 2.29324e-15 2.46939e-15 4.36931e-16 3.82408e-13 1.17175e-08 3.95631e-06 4.22249e-05 7.4132e-05 5.87146e-05 3.24173e-05 1.41839e-05 4.69909e-06 8.56116e-07 0 
0 0.000145601 0.000485967 0.000719921 0.000615981 0.000343257 0.000142932 5.06365e-05 1.69616e-05 5.86122e-06 2.25092e-06 1.02211e-06 5.75147e-07 4.1299e-07 3.82366e-07 4.52659e-07 6.68009e-07 1.18067e-06 2.37082e-06 5.0568e-06 1.04108e-05 1.73868e-05 1.58544e-05 3.05388e-06 1.77703e-08 2.55263e-13 2.29324e-15 2.60033e-16 2.09948e-16 3.97714e-17 1.39924e-16 2.05008e-10 7.467e-07 2.04462e-05 4.87347e-05 4.21614e-05 2.38434e-05 1.0499e-05 3.4841e-06 6.35038e-07 0 
0 0.000110986 0.00040357 0.000709886 0.000794389 0.000616377 0.000364146 0.000182421 8.53341e-05 4.02611e-05 2.0361e-05 1.15767e-05 7.66379e-06 6.03575e-06 5.69781e-06 6.40694e-06 8.41989e-06 1.25453e-05 2.03328e-05 3.38889e-05 5.32247e-05 6.63563e-05 4.37605e-05 5.63689e-06 1.75194e-08 8.05125e-14 2.46939e-15 2.09948e-16 5.72313e-17 1.16331e-16 4.25517e-15 6.02448e-11 3.98316e-07 1.36112e-05 3.45638e-05 3.0346e-05 1.72117e-05 7.58252e-06 2.51641e-06 4.58659e-07 0 
0 8.06583e-05 0.000310003 0.000612258 0.000834016 0.000845574 0.000675081 0.000456546 0.000282905 0.000172033 0.000108315 7.34775e-05 5.52118e-05 4.67181e-05 4.47715e-05 4.83745e-05 5.81054e-05 7.58207e-05 0.000104026 0.000143221 0.000183495 0.00018883 0.000111522 1.69357e-05 1.25048e-07 5.33239e-12 4.36931e-16 3.97714e-17 1.16331e-16 7.68028e-17 1.66723e-15 6.19843e-10 7.64318e-07 1.32825e-05 2.68092e-05 2.19261e-05 1.21798e-05 5.33391e-06 1.7672e-06 3.21952e-07 0 
0 5.60351e-05 0.00022257 0.000471684 0.000729807 0.000895222 0.000905808 0.000788716 0.000622518 0.000469713 0.000354724 0.00027769 0.000230861 0.000206761 0.000200555 0.0002101 0.000235263 0.000276657 0.000332944 0.000394981 0.000435455 0.000400844 0.000246134 6.11275e-05 2.29024e-06 3.90104e-09 3.82408e-13 1.39924e-16 4.25517e-15 1.66723e-15 1.62913e-11 3.66162e-08 2.8494e-06 1.5867e-05 2.16432e-05 1.56758e-05 8.40309e-06 3.64283e-06 1.20349e-06 2.1908e-07 0 
0 3.72619e-05 0.000150687 0.000331986 0.000552481 0.000761756 0.000904257 0.00094986 0.000909992 0.000822494 0.000725002 0.000641009 0.000580436 0.000545364 0.000534731 0.000546572 0.000578219 0.000624874 0.000676709 0.000714841 0.000708049 0.000616245 0.000416732 0.000170817 2.72462e-05 1.0431e-06 1.17175e-08 2.05008e-10 6.02448e-11 6.19843e-10 3.66162e-08 1.23294e-06 8.98466e-06 1.79678e-05 1.69068e-05 1.08526e-05 5.6071e-06 2.40449e-06 7.91892e-07 1.44025e-07 0 
0 2.36938e-05 9.66903e-05 0.000217214 0.000375168 0.000550464 0.000715499 0.000843782 0.000920722 0.000948429 0.000941237 0.000916965 0.000890353 0.000870697 0.000862152 0.000864709 0.000874787 0.000885273 0.000885415 0.000861215 0.000797016 0.00067901 0.000503115 0.00029273 0.000114201 2.60494e-05 3.95631e-06 7.467e-07 3.98316e-07 7.64318e-07 2.8494e-06 8.98466e-06 1.60056e-05 1.66749e-05 1.21681e-05 7.1488e-06 3.58883e-06 1.52533e-06 5.01002e-07 9.10474e-08 0 
0 1.43486e-05 5.88039e-05 0.000133296 0.000234212 0.000353842 0.000480737 0.000601676 0.000705019 0.000783891 0.000837351 0.000869098 0.000884869 0.000889995 0.000887912 0.000879632 0.000863876 0.000837649 0.000797116 0.000738642 0.000659771 0.000559932 0.00044134 0.000311617 0.000188104 9.45722e-05 4.22249e-05 2.04462e-05 1.36112e-05 1.32825e-05 1.5867e-05 1.79678e-05 1.66749e-05 1.25243e-05 7.95481e-06 4.43473e-06 2.18596e-06 9.23478e-07 3.02739e-07 5.49842e-08 0 
0 8.20863e-06 3.37038e-05 7.66954e-05 0.000135745 0.000207645 0.000287548 0.000369497 0.000447364 0.000515942 0.000571756 0.000613272 0.000640502 0.0006543 0.000655688 0.000645453 0.000624067 0.000591858 0.000549328 0.000497428 0.000437685 0.000372142 0.000303269 0.000234199 0.000169362 0.000114465 7.4132e-05 4.87347e-05 3.45638e-05 2.68092e-05 2.16432e-05 1.69068e-05 1.21681e-05 7.95481e-06 4.73782e-06 2.57238e-06 1.2554e-06 5.28492e-07 1.73047e-07 3.1417e-08 0 
0 4.37388e-06 1.79726e-05 4.0962e-05 7.27094e-05 0.000111765 0.000155935 0.000202477 0.000248395 0.00029081 0.000327292 0.000356065 0.000376067 0.000386864 0.00038851 0.000381426 0.000366316 0.00034414 0.000316102 0.000283616 0.000248232 0.000211529 0.000175022 0.000140143 0.00010829 8.0814e-05 5.87146e-05 4.21614e-05 3.0346e-05 2.19261e-05 1.56758e-05 1.08526e-05 7.1488e-06 4.43473e-06 2.57238e-06 1.38028e-06 6.70395e-07 2.81705e-07 9.21799e-08 1.67317e-08 0 
0 2.11757e-06 8.70396e-06 1.98494e-05 3.52717e-05 5.43152e-05 7.59885e-05 9.90438e-05 0.000122091 0.000143733 0.000162698 0.000177949 0.000188752 0.000194698 0.000195696 0.000191943 0.00018388 0.000172145 0.000157523 0.000140881 0.000123107 0.000105046 8.74517e-05 7.09565e-05 5.60673e-05 4.31542e-05 3.24173e-05 2.38434e-05 1.72117e-05 1.21798e-05 8.40309e-06 5.6071e-06 3.58883e-06 2.18596e-06 1.2554e-06 6.70395e-07 3.24923e-07 1.36419e-07 4.46245e-08 8.0989e-09 0 
0 8.88615e-07 3.65294e-06 8.33235e-06 1.48121e-05 2.28236e-05 3.19611e-05 4.17126e-05 5.15035e-05 6.07477e-05 6.88988e-05 7.54959e-05 8.01979e-05 8.2803e-05 8.32542e-05 8.16323e-05 7.81377e-05 7.30657e-05 6.67759e-05 5.96606e-05 5.2112e-05 4.44953e-05 3.71265e-05 3.02595e-05 2.40803e-05 1.87057e-05 1.41839e-05 1.0499e-05 7.58252e-06 5.33391e-06 3.64283e-06 2.40449e-06 1.52533e-06 9.23478e-07 5.28492e-07 2.81705e-07 1.36419e-07 5.72543e-08 1.87259e-08 3.39836e-09 0 
0 2.90616e-07 1.19472e-06 2.72538e-06 4.84544e-06 7.46783e-06 1.04609e-05 1.36584e-05 1.68733e-05 1.9914e-05 2.26005e-05 2.47792e-05 2.63352e-05 2.71991e-05 2.73503e-05 2.6815e-05 2.56604e-05 2.3986e-05 2.19128e-05 1.95721e-05 1.70942e-05 1.45996e-05 1.21913e-05 9.95083e-06 7.936e-06 6.18116e-06 4.69909e-06 3.4841e-06 2.51641e-06 1.7672e-06 1.20349e-06 7.91892e-07 5.01002e-07 3.02739e-07 1.73047e-07 9.21799e-08 4.46245e-08 1.87259e-08 6.1242e-09 1.11139e-09 0 
0 5.27393e-08 2.16815e-07 4.94606e-07 8.79398e-07 1.35543e-06 1.89887e-06 2.47962e-06 3.06379e-06 3.6166e-06 4.1053e-06 4.5019e-06 4.78531e-06 4.94277e-06 4.97043e-06 4.87302e-06 4.66284e-06 4.35811e-06 3.98098e-06 3.55543e-06 3.10526e-06 2.65236e-06 2.21542e-06 1.8091e-06 1.44372e-06 1.12534e-06 8.56116e-07 6.35038e-07 4.58659e-07 3.21952e-07 2.1908e-07 1.44025e-07 9.10474e-08 5.49842e-08 3.1417e-08 1.67317e-08 8.0989e-09 3.39836e-09 1.11139e-09 2.01686e-10 0 
0 0 0 0 0 0 0 0 0 0 0 0 0 0 0 0 0 0 0 0 0 0 0 0 0 0 0 0 0 0 0 0 0 0 0 0 0 0 0 0 0 
