0 0 0 0 0 0 0 0 0 0 0 0 0 0 0 0 0 0 0 0 0 0 0 0 0 0 0 0 0 0 0 0 0 0 0 0 0 0 0 0 0 
0 1.353e-05 5.43293e-05 0.000118547 0.000195643 0.000270045 0.000327124 0.000359562 0.000368905 0.000362201 0.000347563 0.000331493 0.000318183 0.000309861 0.000307399 0.000310757 0.000319201 0.000331319 0.000344948 0.000357156 0.000364437 0.000363236 0.000350784 0.000326026 0.000290213 0.000246759 0.000200323 0.000155482 0.000115649 8.26273e-05 5.67802e-05 3.75154e-05 2.37715e-05 1.43701e-05 8.21396e-06 4.37506e-06 2.1178e-06 8.88652e-07 2.90621e-07 5.27396e-08 0 
0 5.43293e-05 0.000210918 0.000429861 0.000630003 0.000728347 0.000701145 0.000591691 0.000460853 0.000347253 0.000263342 0.000207335 0.000173331 0.000156048 0.000152198 0.00016057 0.000181759 0.000217813 0.000271603 0.000345568 0.00043948 0.000547392 0.000655109 0.000740862 0.000781501 0.000762846 0.000687646 0.000574482 0.000448197 0.000329486 0.000230007 0.000153195 9.74437e-05 5.90066e-05 3.37526e-05 1.79831e-05 8.70592e-06 3.65325e-06 1.19476e-06 2.16817e-07 0 
0 0.000118547 0.000429861 0.000761469 0.00087834 0.00072279 0.000460868 0.000249434 0.000124893 6.22823e-05 3.28842e-05 1.93064e-05 1.30711e-05 1.04411e-05 9.92868e-06 1.11898e-05 1.47057e-05 2.19652e-05 3.61089e-05 6.30477e-05 0.000112756 0.000199457 0.000337836 0.000531983 0.000758845 0.000960623 0.00106661 0.00103894 0.00089845 0.000703208 0.000508243 0.00034453 0.000220964 0.000134287 7.69283e-05 4.10105e-05 1.98582e-05 8.3337e-06 2.72553e-06 4.94616e-07 0 
0 0.000195643 0.000630003 0.00087834 0.000690125 0.000344798 0.000125353 3.78246e-05 1.0631e-05 3.08046e-06 1.00617e-06 3.99275e-07 2.03767e-07 1.38629e-07 1.27443e-07 1.57021e-07 2.52247e-07 5.06189e-07 1.20303e-06 3.19407e-06 8.9348e-06 2.49339e-05 6.61664e-05 0.000160322 0.000342667 0.000626818 0.000956892 0.00120198 0.00124835 0.00109884 0.000849321 0.000595936 0.000388415 0.0002377 0.000136552 7.28738e-05 3.53009e-05 1.48164e-05 4.84593e-06 8.79428e-07 0 
0 0.000270045 0.000728347 0.00072279 0.000344798 9.42369e-05 1.76322e-05 2.64979e-06 3.70389e-07 5.53173e-08 1.00247e-08 2.45761e-09 8.85696e-10 4.94479e-10 4.3604e-10 5.99579e-10 1.23338e-09 3.5594e-09 1.33067e-08 5.90571e-08 2.85152e-07 1.38173e-06 6.26905e-06 2.51966e-05 8.6026e-05 0.000241585 0.000542699 0.000951415 0.00128605 0.00136052 0.00117579 0.000875509 0.000586948 0.00036359 0.000209888 0.000112215 5.43935e-05 2.2835e-05 7.46909e-06 1.35551e-06 0 
0 0.000327124 0.000701145 0.000460868 0.000125353 1.76322e-05 1.57231e-06 1.07376e-07 6.77227e-09 4.74389e-10 4.38376e-11 6.19584e-12 1.49993e-12 6.67894e-13 5.61478e-13 8.75133e-13 2.38783e-12 1.04378e-11 6.54877e-11 5.22845e-10 4.70925e-09 4.28072e-08 3.56966e-07 2.53319e-06 1.45003e-05 6.46624e-05 0.000219482 0.000555241 0.00102583 0.0013796 0.00139733 0.00113795 0.000797116 0.000503332 0.000292783 0.000156979 7.61673e-05 3.19867e-05 1.04637e-05 1.89903e-06 0 
0 0.000359562 0.000591691 0.000249434 3.78246e-05 2.64979e-06 1.07376e-07 3.15152e-09 8.46571e-11 2.63238e-12 1.1812e-13 9.2479e-15 1.46101e-15 5.10343e-16 4.07468e-16 7.26142e-16 2.68112e-15 1.82861e-14 1.99833e-13 2.99431e-12 5.26378e-11 9.39629e-10 1.50482e-08 1.96144e-07 1.94294e-06 1.40382e-05 7.25254e-05 0.000265071 0.000676042 0.0011877 0.00146025 0.00133813 0.000995986 0.000646214 0.000380015 0.000204573 9.94e-05 4.17629e-05 1.36637e-05 2.47993e-06 0 
0 0.000368905 0.000460853 0.000124893 1.0631e-05 3.70389e-07 6.77227e-09 8.46571e-11 9.59724e-13 1.31343e-14 2.84043e-16 1.22439e-17 1.25839e-18 3.45354e-19 2.62044e-19 5.32246e-19 2.6581e-18 2.83854e-17 5.43157e-16 1.53703e-14 5.31013e-13 1.87513e-11 5.81014e-10 1.40063e-08 2.41363e-07 2.82917e-06 2.21137e-05 0.000115098 0.00039891 0.000912527 0.00138015 0.00145017 0.00116304 0.000781135 0.000465875 0.000252109 0.00012272 5.15914e-05 1.68826e-05 3.06432e-06 0 
0 0.000362201 0.000347253 6.22823e-05 3.08046e-06 5.53173e-08 4.74389e-10 2.63238e-12 1.31343e-14 8.2345e-17 8.90047e-19 2.21475e-20 1.67444e-21 4.31933e-22 3.27277e-22 6.62336e-22 3.80004e-21 5.88194e-20 1.90338e-18 9.85572e-17 6.47392e-15 4.37504e-13 2.54095e-11 1.10028e-09 3.21326e-08 5.9673e-07 6.8939e-06 4.97778e-05 0.000227709 0.000662122 0.00122109 0.00147752 0.00128626 0.000898709 0.000544888 0.000296686 0.000144727 6.08859e-05 1.99285e-05 3.61743e-06 0 
0 0.000347563 0.000263342 3.28842e-05 1.00617e-06 1.00247e-08 4.38376e-11 1.1812e-13 2.84043e-16 8.90047e-19 5.32218e-21 9.51892e-23 7.46274e-24 2.21113e-24 1.72546e-24 3.14091e-24 1.55585e-23 2.58791e-22 1.22999e-20 1.08013e-18 1.25605e-16 1.51214e-14 1.53627e-12 1.12077e-10 5.23735e-09 1.46565e-07 2.39613e-06 2.30733e-05 0.000134068 0.000478141 0.00104857 0.00144607 0.00136464 0.000992906 0.000612487 0.000335679 0.00016412 6.9096e-05 2.2621e-05 4.10647e-06 0 
0 0.000331493 0.000207335 1.93064e-05 3.99275e-07 2.45761e-09 6.19584e-12 9.2479e-15 1.22439e-17 2.21475e-20 9.51892e-23 1.50276e-24 1.0779e-25 3.24795e-26 2.55893e-26 4.40886e-26 2.10836e-25 3.66679e-24 2.08006e-22 2.66354e-20 4.91848e-18 9.49608e-16 1.52473e-13 1.70516e-11 1.17127e-09 4.58773e-08 9.96863e-07 1.21387e-05 8.54926e-05 0.00035841 0.000902639 0.00138815 0.001406 0.0010615 0.000665449 0.000366966 0.000179805 7.57529e-05 2.48059e-05 4.50341e-06 0 
0 0.000318183 0.000173331 1.30711e-05 2.03767e-07 8.85696e-10 1.49993e-12 1.46101e-15 1.25839e-18 1.67444e-21 7.46277e-24 1.07791e-25 4.90868e-27 1.02412e-27 7.58487e-28 1.42209e-27 9.14391e-27 2.04915e-25 1.24351e-23 1.85041e-21 4.66762e-19 1.26735e-16 2.83394e-14 4.31834e-12 3.92162e-10 1.96026e-08 5.23591e-07 7.55671e-06 6.11103e-05 0.000287358 0.000798539 0.00133006 0.00142185 0.00110525 0.000701962 0.000389065 0.000190973 8.05056e-05 2.63671e-05 4.7871e-06 0 
0 0.000309861 0.000156048 1.04411e-05 1.38629e-07 4.94479e-10 6.67894e-13 5.10343e-16 3.45354e-19 4.31933e-22 2.21115e-24 3.248e-26 1.02414e-27 8.58337e-29 4.38807e-29 1.31392e-28 1.60933e-27 4.60338e-26 2.80229e-24 4.12925e-22 1.20511e-19 3.9682e-17 1.07189e-14 1.94916e-12 2.07674e-10 1.19376e-08 3.58934e-07 5.7107e-06 4.99816e-05 0.000250916 0.000737724 0.00128778 0.00142268 0.00112638 0.000721417 0.000401178 0.000197152 8.31432e-05 2.72344e-05 4.94475e-06 0 
0 0.000307399 0.000152198 9.92868e-06 1.27443e-07 4.3604e-10 5.61478e-13 4.07468e-16 2.62044e-19 3.27278e-22 1.72547e-24 2.55897e-26 7.58505e-28 4.38815e-29 1.49497e-29 6.9489e-29 1.1e-27 3.32519e-26 2.02014e-24 2.94387e-22 8.81273e-20 3.02289e-17 8.50597e-15 1.60775e-12 1.77459e-10 1.0524e-08 3.24975e-07 5.28611e-06 4.7117e-05 0.00024027 0.00071677 0.00126792 0.00141503 0.00112716 0.000724059 0.000403145 0.000198211 8.36032e-05 2.73865e-05 4.97246e-06 0 
0 0.000310757 0.00016057 1.11898e-05 1.57021e-07 5.99579e-10 8.75133e-13 7.26142e-16 5.32246e-19 6.62337e-22 3.14093e-24 4.40891e-26 1.42211e-27 1.31392e-28 6.94879e-29 2.08161e-28 2.40932e-27 6.78535e-26 4.23085e-24 6.35077e-22 1.77102e-19 5.46422e-17 1.38662e-14 2.38141e-12 2.4121e-10 1.32762e-08 3.85015e-07 5.95005e-06 5.09179e-05 0.000251452 0.000731413 0.00126978 0.00140051 0.00110903 0.000710699 0.000395376 0.000194342 8.19656e-05 2.68497e-05 4.87497e-06 0 
0 0.000319201 0.000181759 1.47057e-05 2.52247e-07 1.23338e-09 2.38783e-12 2.68112e-15 2.6581e-18 3.80004e-21 1.55585e-23 2.10837e-25 9.14391e-27 1.60931e-27 1.09998e-27 2.4093e-27 1.8127e-26 4.28805e-25 2.697e-23 3.9212e-21 8.93446e-19 2.16417e-16 4.34192e-14 5.99191e-12 4.98484e-10 2.31144e-08 5.80076e-07 7.96427e-06 6.20004e-05 0.000283871 0.000776693 0.00128643 0.0013761 0.00107243 0.000682551 0.000378759 0.000186019 7.84356e-05 2.56915e-05 4.66459e-06 0 
0 0.000331319 0.000217813 2.19652e-05 5.06189e-07 3.5594e-09 1.04378e-11 1.82861e-14 2.83854e-17 5.88194e-20 2.58791e-22 3.66679e-24 2.04914e-25 4.60334e-26 3.32515e-26 6.7853e-26 4.28804e-25 8.90255e-24 5.18323e-22 6.05347e-20 9.80647e-18 1.65983e-15 2.35331e-13 2.34936e-11 1.45985e-09 5.24811e-08 1.06232e-06 1.2231e-05 8.26849e-05 0.000338066 0.000844177 0.00130459 0.00133519 0.00101721 0.000641209 0.000354568 0.000173938 7.3316e-05 2.40122e-05 4.35959e-06 0 
0 0.000344948 0.000271603 3.61089e-05 1.20303e-06 1.33067e-08 6.54877e-11 1.99833e-13 5.43157e-16 1.90338e-18 1.22999e-20 2.08006e-22 1.24351e-23 2.80228e-24 2.02013e-24 4.23083e-24 2.69699e-23 5.18323e-22 2.37268e-20 1.88038e-18 1.95731e-16 2.11418e-14 1.93919e-12 1.28869e-10 5.54452e-09 1.44546e-07 2.2293e-06 2.05351e-05 0.000116069 0.000411255 0.000916707 0.00130413 0.0012692 0.000943312 0.000588667 0.000324364 0.000158945 6.69754e-05 2.19338e-05 3.98218e-06 0 
0 0.000357156 0.000345568 6.30477e-05 3.19407e-06 5.90571e-08 5.22845e-10 2.99431e-12 1.53703e-14 9.85572e-17 1.08013e-18 2.66354e-20 1.85041e-21 4.12925e-22 2.94387e-22 6.35077e-22 3.9212e-21 6.05347e-20 1.88038e-18 9.29786e-17 5.83726e-15 3.77739e-13 2.10559e-11 8.77159e-10 2.47042e-08 4.43819e-07 4.98716e-06 3.5402e-05 0.000162424 0.000488479 0.000961901 0.00125871 0.00116949 0.000851382 0.000527292 0.000289876 0.000141963 5.98135e-05 1.95883e-05 3.55637e-06 0 
0 0.000364437 0.00043948 0.000112756 8.9348e-06 2.85152e-07 4.70925e-09 5.26378e-11 5.31013e-13 6.47392e-15 1.25605e-16 4.91848e-18 4.66762e-19 1.20511e-19 8.81273e-20 1.77102e-19 8.93446e-19 9.80647e-18 1.95731e-16 5.83726e-15 2.13617e-13 7.98774e-12 2.60601e-10 6.54582e-09 1.15929e-07 1.37788e-06 1.08472e-05 5.73817e-05 0.000208868 0.000529126 0.000928552 0.00113884 0.00102898 0.000742924 0.000459669 0.000252869 0.000123916 5.22275e-05 1.71066e-05 3.10598e-06 0 
0 0.000363236 0.000547392 0.000199457 2.49339e-05 1.38173e-06 4.28072e-08 9.39629e-10 1.87513e-11 4.37504e-13 1.51214e-14 9.49608e-16 1.26735e-16 3.9682e-17 3.02289e-17 5.46422e-17 2.16417e-16 1.65983e-15 2.11418e-14 3.77739e-13 7.98774e-12 1.70574e-10 3.20376e-09 4.73603e-08 5.0915e-07 3.81767e-06 1.99483e-05 7.51276e-05 0.000212865 0.000462219 0.000757213 0.000919114 0.000843416 0.000620103 0.000388385 0.000215014 0.000105663 4.45842e-05 1.46092e-05 2.65292e-06 0 
0 0.000350784 0.000655109 0.000337836 6.61664e-05 6.26905e-06 3.56966e-07 1.50482e-08 5.81014e-10 2.54095e-11 1.53627e-12 1.52473e-13 2.83394e-14 1.07189e-14 8.50597e-15 1.38662e-14 4.34192e-14 2.35331e-13 1.93919e-12 2.10559e-11 2.60601e-10 3.20376e-09 3.45543e-08 2.93801e-07 1.81154e-06 7.76097e-06 2.37088e-05 5.72216e-05 0.000123335 0.000248203 0.000435623 0.000599214 0.00061492 0.000485918 0.000315918 0.000177807 8.79505e-05 3.71989e-05 1.21991e-05 2.21588e-06 0 
0 0.000326026 0.000740862 0.000531983 0.000160322 2.51966e-05 2.53319e-06 1.96144e-07 1.40063e-08 1.10028e-09 1.12077e-10 1.70516e-11 4.31834e-12 1.94916e-12 1.60775e-12 2.38141e-12 5.99191e-12 2.34936e-11 1.28869e-10 8.77159e-10 6.54582e-09 4.73603e-08 2.93801e-07 1.37483e-06 4.26615e-06 8.09714e-06 1.01831e-05 1.16531e-05 1.80078e-05 4.2496e-05 0.000117033 0.000256309 0.000365561 0.000346506 0.000244947 0.000142578 7.13948e-05 3.03229e-05 9.95766e-06 1.8095e-06 0 
0 0.000290213 0.000781501 0.000758845 0.000342667 8.6026e-05 1.45003e-05 1.94294e-06 2.41363e-07 3.21326e-08 5.23735e-09 1.17127e-09 3.92162e-10 2.07674e-10 1.77459e-10 2.4121e-10 4.98484e-10 1.45985e-09 5.54452e-09 2.47042e-08 1.15929e-07 5.0915e-07 1.81154e-06 4.26615e-06 5.04775e-06 2.36674e-06 5.1404e-07 1.25767e-07 1.15614e-07 5.76149e-07 6.42409e-06 4.94522e-05 0.00015473 0.000215869 0.000179115 0.000110571 5.64759e-05 2.41385e-05 7.94216e-06 1.44408e-06 0 
0 0.000246759 0.000762846 0.000960623 0.000626818 0.000241585 6.46624e-05 1.40382e-05 2.82917e-06 5.9673e-07 1.46565e-07 4.58773e-08 1.96026e-08 1.19376e-08 1.0524e-08 1.32762e-08 2.31144e-08 5.24811e-08 1.44546e-07 4.43819e-07 1.37788e-06 3.81767e-06 7.76097e-06 8.09714e-06 2.36674e-06 1.00725e-07 7.66481e-10 8.68421e-12 3.20675e-12 1.00564e-10 2.60181e-08 2.8643e-06 4.15199e-05 0.000114836 0.000123264 8.29648e-05 4.35364e-05 1.8759e-05 6.18669e-06 1.12565e-06 0 
0 0.000200323 0.000687646 0.00106661 0.000956892 0.000542699 0.000219482 7.25254e-05 2.21137e-05 6.8939e-06 2.39613e-06 9.96863e-07 5.23591e-07 3.58934e-07 3.24975e-07 3.85015e-07 5.80076e-07 1.06232e-06 2.2293e-06 4.98716e-06 1.08472e-05 1.99483e-05 2.37088e-05 1.01831e-05 5.1404e-07 7.66481e-10 4.05673e-14 1.39741e-16 1.06543e-15 2.58182e-16 9.3914e-12 5.91678e-08 7.90745e-06 5.51119e-05 8.15349e-05 6.06312e-05 3.27557e-05 1.42302e-05 4.70379e-06 8.56376e-07 0 
0 0.000155482 0.000574482 0.00103894 0.00120198 0.000951415 0.000555241 0.000265071 0.000115098 4.97778e-05 2.30733e-05 1.21387e-05 7.55671e-06 5.7107e-06 5.28611e-06 5.95005e-06 7.96427e-06 1.2231e-05 2.05351e-05 3.5402e-05 5.73817e-05 7.51276e-05 5.72216e-05 1.16531e-05 1.25767e-07 8.68421e-12 1.39741e-16 5.3789e-18 2.39834e-17 3.92966e-17 6.39784e-15 1.80487e-09 1.81815e-06 2.82989e-05 5.44456e-05 4.37082e-05 2.41151e-05 1.05356e-05 3.48777e-06 6.35238e-07 0 
0 0.000115649 0.000448197 0.00089845 0.00124835 0.00128605 0.00102583 0.000676042 0.00039891 0.000227709 0.000134068 8.54926e-05 6.11103e-05 4.99816e-05 4.7117e-05 5.09179e-05 6.20004e-05 8.26849e-05 0.000116069 0.000162424 0.000208868 0.000212865 0.000123335 1.80078e-05 1.15614e-07 3.20675e-12 1.06543e-15 2.39834e-17 3.8718e-18 1.75211e-17 7.85334e-16 6.07511e-10 1.0118e-06 1.90137e-05 3.86503e-05 3.14504e-05 1.74039e-05 7.60823e-06 2.51897e-06 4.58798e-07 0 
0 8.26273e-05 0.000329486 0.000703208 0.00109884 0.00136052 0.0013796 0.0011877 0.000912527 0.000662122 0.000478141 0.00035841 0.000287358 0.000250916 0.00024027 0.000251452 0.000283871 0.000338066 0.000411255 0.000488479 0.000529126 0.000462219 0.000248203 4.2496e-05 5.76149e-07 1.00564e-10 2.58182e-16 3.92966e-17 1.75211e-17 2.03061e-17 8.08566e-14 4.14998e-09 1.66782e-06 1.76364e-05 2.94992e-05 2.26117e-05 1.22976e-05 5.34967e-06 1.76878e-06 3.22038e-07 0 
0 5.67802e-05 0.000230007 0.000508243 0.000849321 0.00117579 0.00139733 0.00146025 0.00138015 0.00122109 0.00104857 0.000902639 0.000798539 0.000737724 0.00071677 0.000731413 0.000776693 0.000844177 0.000916707 0.000961901 0.000928552 0.000757213 0.000435623 0.000117033 6.42409e-06 2.60181e-08 9.3914e-12 6.39784e-15 7.85334e-16 8.08566e-14 1.85941e-10 1.26018e-07 4.82583e-06 1.93583e-05 2.31965e-05 1.60396e-05 8.46501e-06 3.6512e-06 1.20434e-06 2.19127e-07 0 
0 3.75154e-05 0.000153195 0.00034453 0.000595936 0.000875509 0.00113795 0.00133813 0.00145017 0.00147752 0.00144607 0.00138815 0.00133006 0.00128778 0.00126792 0.00126978 0.00128643 0.00130459 0.00130413 0.00125871 0.00113884 0.000919114 0.000599214 0.000256309 4.94522e-05 2.8643e-06 5.91678e-08 1.80487e-09 6.07511e-10 4.14998e-09 1.26018e-07 2.37341e-06 1.2064e-05 2.02086e-05 1.76508e-05 1.10155e-05 5.6349e-06 2.40833e-06 7.92291e-07 1.44048e-07 0 
0 2.37715e-05 9.74437e-05 0.000220964 0.000388415 0.000586948 0.000797116 0.000995986 0.00116304 0.00128626 0.00136464 0.001406 0.00142185 0.00142268 0.00141503 0.00140051 0.0013761 0.00133519 0.0012692 0.00116949 0.00102898 0.000843416 0.00061492 0.000365561 0.00015473 4.15199e-05 7.90745e-06 1.81815e-06 1.0118e-06 1.66782e-06 4.82583e-06 1.2064e-05 1.8434e-05 1.77075e-05 1.24561e-05 7.21008e-06 3.59951e-06 1.52685e-06 5.01166e-07 9.1057e-08 0 
0 1.43701e-05 5.90066e-05 0.000134287 0.0002377 0.00036359 0.000503332 0.000646214 0.000781135 0.000898709 0.000992906 0.0010615 0.00110525 0.00112638 0.00112716 0.00110903 0.00107243 0.00101721 0.000943312 0.000851382 0.000742924 0.000620103 0.000485918 0.000346506 0.000215869 0.000114836 5.51119e-05 2.82989e-05 1.90137e-05 1.76364e-05 1.93583e-05 2.02086e-05 1.77075e-05 1.28712e-05 8.04555e-06 4.45424e-06 2.18948e-06 9.24002e-07 3.02797e-07 5.49877e-08 0 
0 8.21396e-06 3.37526e-05 7.69283e-05 0.000136552 0.000209888 0.000292783 0.000380015 0.000465875 0.000544888 0.000612487 0.000665449 0.000701962 0.000721417 0.000724059 0.000710699 0.000682551 0.000641209 0.000588667 0.000527292 0.000459669 0.000388385 0.000315918 0.000244947 0.000179115 0.000123264 8.15349e-05 5.44456e-05 3.86503e-05 2.94992e-05 2.31965e-05 1.76508e-05 1.24561e-05 8.04555e-06 4.76165e-06 2.57769e-06 1.25641e-06 5.28648e-07 1.73065e-07 3.14181e-08 0 
0 4.37506e-06 1.79831e-05 4.10105e-05 7.28738e-05 0.000112215 0.000156979 0.000204573 0.000252109 0.000296686 0.000335679 0.000366966 0.000389065 0.000401178 0.000403145 0.000395376 0.000378759 0.000354568 0.000324364 0.000289876 0.000252869 0.000215014 0.000177807 0.000142578 0.000110571 8.29648e-05 6.06312e-05 4.37082e-05 3.14504e-05 2.26117e-05 1.60396e-05 1.10155e-05 7.21008e-06 4.45424e-06 2.57769e-06 1.38152e-06 6.70641e-07 2.81746e-07 9.21848e-08 1.6732e-08 0 
0 2.1178e-06 8.70592e-06 1.98582e-05 3.53009e-05 5.43935e-05 7.61673e-05 9.94e-05 0.00012272 0.000144727 0.00016412 0.000179805 0.000190973 0.000197152 0.000198211 0.000194342 0.000186019 0.000173938 0.000158945 0.000141963 0.000123916 0.000105663 8.79505e-05 7.13948e-05 5.64759e-05 4.35364e-05 3.27557e-05 2.41151e-05 1.74039e-05 1.22976e-05 8.46501e-06 5.6349e-06 3.59951e-06 2.18948e-06 1.25641e-06 6.70641e-07 3.24974e-07 1.36428e-07 4.46257e-08 8.09898e-09 0 
0 8.88652e-07 3.65325e-06 8.3337e-06 1.48164e-05 2.2835e-05 3.19867e-05 4.17629e-05 5.15914e-05 6.08859e-05 6.9096e-05 7.57529e-05 8.05056e-05 8.31432e-05 8.36032e-05 8.19656e-05 7.84356e-05 7.3316e-05 6.69754e-05 5.98135e-05 5.22275e-05 4.45842e-05 3.71989e-05 3.03229e-05 2.41385e-05 1.8759e-05 1.42302e-05 1.05356e-05 7.60823e-06 5.34967e-06 3.6512e-06 2.40833e-06 1.52685e-06 9.24002e-07 5.28648e-07 2.81746e-07 1.36428e-07 5.72559e-08 1.87261e-08 3.39838e-09 0 
0 2.90621e-07 1.19476e-06 2.72553e-06 4.84593e-06 7.46909e-06 1.04637e-05 1.36637e-05 1.68826e-05 1.99285e-05 2.2621e-05 2.48059e-05 2.63671e-05 2.72344e-05 2.73865e-05 2.68497e-05 2.56915e-05 2.40122e-05 2.19338e-05 1.95883e-05 1.71066e-05 1.46092e-05 1.21991e-05 9.95766e-06 7.94216e-06 6.18669e-06 4.70379e-06 3.48777e-06 2.51897e-06 1.76878e-06 1.20434e-06 7.92291e-07 5.01166e-07 3.02797e-07 1.73065e-07 9.21848e-08 4.46257e-08 1.87261e-08 6.12423e-09 1.11139e-09 0 
0 5.27396e-08 2.16817e-07 4.94616e-07 8.79428e-07 1.35551e-06 1.89903e-06 2.47993e-06 3.06432e-06 3.61743e-06 4.10647e-06 4.50341e-06 4.7871e-06 4.94475e-06 4.97246e-06 4.87497e-06 4.66459e-06 4.35959e-06 3.98218e-06 3.55637e-06 3.10598e-06 2.65292e-06 2.21588e-06 1.8095e-06 1.44408e-06 1.12565e-06 8.56376e-07 6.35238e-07 4.58798e-07 3.22038e-07 2.19127e-07 1.44048e-07 9.1057e-08 5.49877e-08 3.14181e-08 1.6732e-08 8.09898e-09 3.39838e-09 1.11139e-09 2.01686e-10 0 
0 0 0 0 0 0 0 0 0 0 0 0 0 0 0 0 0 0 0 0 0 0 0 0 0 0 0 0 0 0 0 0 0 0 0 0 0 0 0 0 0 
