0 0 0 0 0 0 0 0 0 0 0 0 0 0 0 0 0 0 0 0 0 0 0 0 0 0 0 0 0 0 0 0 0 0 0 0 0 0 0 0 0 
0 1.36052e-05 5.49986e-05 0.000121486 0.000204431 0.000289835 0.000362638 0.000412735 0.000438206 0.000443851 0.000437312 0.000425813 0.000414658 0.000407044 0.000404438 0.000406995 0.000413817 0.000423065 0.000432023 0.000437271 0.000435109 0.000422299 0.000396981 0.000359448 0.000312342 0.000260057 0.000207534 0.000159001 0.000117195 8.32394e-05 5.69994e-05 3.75865e-05 2.37924e-05 1.43757e-05 8.21531e-06 4.37535e-06 2.11786e-06 8.88661e-07 2.90622e-07 5.27397e-08 0 
0 5.49986e-05 0.000217012 0.000456112 0.00070239 0.000868488 0.000904188 0.000827179 0.0006951 0.000559969 0.000448897 0.00036895 0.000317766 0.000290781 0.000284454 0.000297197 0.000329299 0.00038231 0.000457809 0.00055534 0.000669519 0.000787269 0.000887409 0.000945123 0.000941404 0.00087266 0.00075327 0.00060857 0.000463663 0.000335666 0.000232203 0.000153894 9.76445e-05 5.90587e-05 3.37648e-05 1.79857e-05 8.70639e-06 3.65332e-06 1.19477e-06 2.16817e-07 0 
0 0.000121486 0.000456112 0.00086369 0.00110558 0.00103844 0.000763006 0.00047331 0.000268288 0.000149192 8.63454e-05 5.44999e-05 3.88252e-05 3.18965e-05 3.04833e-05 3.37727e-05 4.27647e-05 6.04951e-05 9.28847e-05 0.000149877 0.000245789 0.000396415 0.000609496 0.00086841 0.00111976 0.00128577 0.0013076 0.00118504 0.000971551 0.000733974 0.000519378 0.000348065 0.000221963 0.000134541 7.6986e-05 4.10223e-05 1.98603e-05 8.33402e-06 2.72557e-06 4.94618e-07 0 
0 0.000204431 0.00070239 0.00110558 0.00103549 0.000633282 0.000282053 0.00010332 3.48214e-05 1.19014e-05 4.48427e-06 1.99548e-06 1.10468e-06 7.86213e-07 7.28618e-07 8.73322e-07 1.32161e-06 2.43129e-06 5.18598e-06 1.21747e-05 2.98458e-05 7.26952e-05 0.000168197 0.000355242 0.000661098 0.00105172 0.00140085 0.00155558 0.00146286 0.00120046 0.000888397 0.000608614 0.00039199 0.000238593 0.000136751 7.29135e-05 3.53078e-05 1.48174e-05 4.84604e-06 8.79435e-07 0 
0 0.000289835 0.000868488 0.00103844 0.000633282 0.000225642 5.51682e-05 1.08118e-05 1.95429e-06 3.70474e-07 8.26996e-08 2.39842e-08 9.74217e-09 5.81254e-09 5.18689e-09 6.84867e-09 1.29019e-08 3.27625e-08 1.04489e-07 3.87309e-07 1.54384e-06 6.15716e-06 2.30766e-05 7.71851e-05 0.000220908 0.000521993 0.000986953 0.00146199 0.00169973 0.00159946 0.00127895 0.000910888 0.000597106 0.00036612 0.000210445 0.000112324 5.4412e-05 2.28377e-05 7.46938e-06 1.35552e-06 0 
0 0.000362638 0.000904188 0.000763006 0.000282053 5.51682e-05 6.94359e-06 6.74479e-07 6.01526e-08 5.82349e-09 7.14646e-10 1.2699e-10 3.61867e-11 1.76401e-11 1.50713e-11 2.22254e-11 5.37855e-11 1.97463e-10 9.97491e-10 6.22958e-09 4.32139e-08 3.01553e-07 1.94416e-06 1.08228e-05 4.94722e-05 0.000178977 0.00049711 0.00103109 0.00157247 0.00179212 0.00160918 0.00121778 0.000820989 0.000509338 0.000294097 0.000157231 7.62098e-05 3.19927e-05 1.04643e-05 1.89907e-06 0 
0 0.000412735 0.000827179 0.00047331 0.00010332 1.08118e-05 6.74479e-07 3.09688e-08 1.29501e-09 6.09319e-11 3.93202e-12 4.12752e-13 8.03502e-14 3.15152e-14 2.56858e-14 4.26335e-14 1.34959e-13 7.35889e-13 6.09029e-12 6.65944e-11 8.37367e-10 1.06479e-08 1.22647e-07 1.17332e-06 8.76328e-06 4.91027e-05 0.000201179 0.000589442 0.00120887 0.00173187 0.00180775 0.00148727 0.00104352 0.000658458 0.0003827 0.000205085 9.94849e-05 4.17747e-05 1.3665e-05 2.48e-06 0 
0 0.000438206 0.0006951 0.000268288 3.48214e-05 1.95429e-06 6.01526e-08 1.29501e-09 2.51616e-11 5.7031e-13 1.91997e-14 1.18273e-15 1.56507e-16 4.92363e-17 3.82357e-17 7.14849e-17 2.96775e-16 2.41359e-15 3.2908e-14 6.34153e-13 1.4558e-11 3.39836e-10 7.04245e-09 1.16429e-07 1.42413e-06 1.23142e-05 7.35793e-05 0.000299953 0.000821581 0.0014947 0.00185121 0.00168614 0.00124475 0.000802939 0.000470703 0.000253027 0.00012287 5.16122e-05 1.68848e-05 3.06445e-06 0 
0 0.000443851 0.000559969 0.000149192 1.19014e-05 3.70474e-07 5.82349e-09 6.09319e-11 5.7031e-13 6.44481e-15 1.16695e-16 4.32495e-18 3.96451e-19 1.01333e-19 7.51759e-20 1.56855e-19 8.40532e-19 9.99291e-18 2.19115e-16 7.24304e-15 2.95059e-13 1.22898e-11 4.45879e-10 1.24191e-08 2.42968e-07 3.16781e-06 2.69178e-05 0.000148394 0.00052856 0.00120398 0.00177212 0.00180211 0.00140963 0.000933105 0.000552621 0.00029816 0.000144968 6.09187e-05 1.99319e-05 3.61762e-06 0 
0 0.000437312 0.000448897 8.63454e-05 4.48427e-06 8.26996e-08 7.14646e-10 3.93202e-12 1.91997e-14 1.16695e-16 1.21597e-18 2.87589e-20 1.93546e-21 4.23741e-22 3.04394e-22 6.82922e-22 4.46597e-21 7.36212e-20 2.45963e-18 1.31441e-16 8.92481e-15 6.22823e-13 3.72331e-11 1.65163e-09 4.91289e-08 9.23296e-07 1.07101e-05 7.67693e-05 0.000342373 0.000947285 0.00163119 0.00184561 0.00153134 0.00104159 0.000623638 0.000337813 0.000164468 6.91431e-05 2.26259e-05 4.10674e-06 0 
0 0.000425813 0.00036895 5.44999e-05 1.99548e-06 2.39842e-08 1.2699e-10 4.12752e-13 1.18273e-15 4.32495e-18 2.87589e-20 4.79079e-22 2.56739e-23 5.02549e-24 3.52049e-24 8.28531e-24 6.21943e-23 1.30859e-21 6.11438e-20 4.83548e-18 4.98913e-16 5.31489e-14 4.78576e-12 3.11035e-10 1.30512e-08 3.31128e-07 4.95496e-06 4.39364e-05 0.000234457 0.000757377 0.00148361 0.00184088 0.0016112 0.0011241 0.000680054 0.000369776 0.000180262 7.58148e-05 2.48123e-05 4.50376e-06 0 
0 0.000414658 0.000317766 3.88252e-05 1.10468e-06 9.74217e-09 3.61867e-11 8.03502e-14 1.56507e-16 3.96451e-19 1.93546e-21 2.56739e-23 1.13183e-24 1.9061e-25 1.28145e-25 3.2562e-25 2.82981e-24 7.11077e-23 4.16658e-21 4.35298e-19 6.07842e-17 8.79827e-15 1.0664e-12 9.14629e-11 4.92828e-09 1.55537e-07 2.80048e-06 2.8961e-05 0.000175726 0.000633884 0.00136353 0.00181401 0.00165574 0.00117914 0.00071948 0.000392455 0.000191526 8.05802e-05 2.63747e-05 4.78753e-06 0 
0 0.000407044 0.000290781 3.18965e-05 7.86213e-07 5.81254e-09 1.76401e-11 3.15152e-14 4.92363e-17 1.01333e-19 4.23741e-22 5.0255e-24 1.9061e-25 2.73375e-26 1.7471e-26 4.84697e-26 4.81734e-25 1.35347e-23 8.89383e-22 1.08098e-19 1.7925e-17 3.09147e-15 4.44265e-13 4.46842e-11 2.78041e-09 9.95171e-08 1.99374e-06 2.25306e-05 0.000147191 0.000565817 0.00128588 0.00178475 0.00167271 0.00120721 0.000740792 0.000404944 0.000197767 8.32261e-05 2.72429e-05 4.94522e-06 0 
0 0.000404438 0.000284454 3.04833e-05 7.28618e-07 5.18689e-09 1.50713e-11 2.56858e-14 3.82357e-17 7.51759e-20 3.04394e-22 3.5205e-24 1.28146e-25 1.74711e-26 1.09427e-26 3.10762e-26 3.19789e-25 9.20651e-24 6.17956e-22 7.74097e-20 1.33138e-17 2.38562e-15 3.56048e-13 3.71236e-11 2.38748e-09 8.79903e-08 1.80777e-06 2.08691e-05 0.000138865 0.000542879 0.00125356 0.00176347 0.00166789 0.00120965 0.000743935 0.00040702 0.000198844 8.36887e-05 2.73953e-05 4.97295e-06 0 
0 0.000406995 0.000297197 3.37727e-05 8.73322e-07 6.84867e-09 2.22254e-11 4.26335e-14 7.14849e-17 1.56855e-19 6.82922e-22 8.28533e-24 3.25621e-25 4.84697e-26 3.10762e-26 8.32512e-26 7.8985e-25 2.13491e-23 1.34773e-21 1.5539e-19 2.43086e-17 3.95932e-15 5.39279e-13 5.16744e-11 3.08197e-09 1.06426e-07 2.07057e-06 2.28677e-05 0.000146894 0.000558539 0.00126272 0.00175126 0.00164353 0.00118795 0.000729703 0.000399085 0.000194949 8.20479e-05 2.68581e-05 4.87544e-06 0 
0 0.000413817 0.000329299 4.27647e-05 1.32161e-06 1.29019e-08 5.37855e-11 1.34959e-13 2.96775e-16 8.40532e-19 4.46597e-21 6.21944e-23 2.82981e-24 4.81733e-25 3.19788e-25 7.89849e-25 6.56334e-24 1.55388e-22 8.4108e-21 7.97455e-19 1.00551e-16 1.31753e-14 1.45494e-12 1.14732e-10 5.7453e-09 1.70459e-07 2.91896e-06 2.90399e-05 0.000171461 0.000608923 0.00130406 0.00174082 0.00159822 0.00114345 0.000699563 0.00038208 0.000186564 7.85096e-05 2.56991e-05 4.66502e-06 0 
0 0.000423065 0.00038231 6.04951e-05 2.43129e-06 3.27625e-08 1.97463e-10 7.35889e-13 2.41359e-15 9.99291e-18 7.36212e-20 1.30859e-21 7.11077e-23 1.35347e-23 9.2065e-24 2.13491e-23 1.55388e-22 3.04601e-21 1.28484e-19 9.04854e-18 8.29403e-16 7.87763e-14 6.37367e-12 3.7623e-10 1.452e-08 3.43454e-07 4.85899e-06 4.13322e-05 0.000214975 0.000688871 0.00136074 0.00171766 0.00152797 0.0010775 0.000655551 0.00035737 0.000174399 7.33791e-05 2.40188e-05 4.35996e-06 0 
0 0.000432023 0.000457809 9.28847e-05 5.18598e-06 1.04489e-07 9.97491e-10 6.09029e-12 3.2908e-14 2.19115e-16 2.45963e-18 6.11438e-20 4.16658e-21 8.89383e-22 6.17956e-22 1.34773e-21 8.4108e-21 1.28484e-19 3.9106e-18 1.89254e-16 1.16353e-14 7.38026e-13 4.03796e-11 1.65427e-09 4.59251e-08 8.14907e-07 9.04218e-06 6.29887e-05 0.000278714 0.000784629 0.00140455 0.0016617 0.00142786 0.000991864 0.00060016 0.000326616 0.000159318 6.70269e-05 2.19392e-05 3.98248e-06 0 
0 0.000437271 0.00055534 0.000149877 1.21747e-05 3.87309e-07 6.22958e-09 6.65944e-11 6.34153e-13 7.24304e-15 1.31441e-16 4.83548e-18 4.35298e-19 1.08098e-19 7.74097e-20 1.5539e-19 7.97455e-19 9.04854e-18 1.89254e-16 5.97492e-15 2.33007e-13 9.31745e-12 3.2551e-10 8.75634e-09 1.65989e-07 2.10684e-06 1.75818e-05 9.68304e-05 0.000354796 0.000863095 0.00139328 0.00155 0.00129361 0.000888908 0.000536197 0.000291636 0.000142258 5.98547e-05 1.95926e-05 3.55662e-06 0 
0 0.000435109 0.000669519 0.000245789 2.98458e-05 1.54384e-06 4.32139e-08 8.37367e-10 1.4558e-11 2.95059e-13 8.92481e-15 4.98913e-16 6.07842e-17 1.7925e-17 1.33138e-17 2.43086e-17 1.00551e-16 8.29403e-16 1.16353e-14 2.33007e-13 5.58667e-12 1.36187e-10 2.9323e-09 4.99105e-08 6.2156e-07 5.42469e-06 3.27753e-05 0.000138205 0.000411124 0.000862362 0.00127333 0.00136019 0.00112235 0.000771438 0.00046655 0.000254253 0.000124152 5.22608e-05 1.71101e-05 3.10619e-06 0 
0 0.000422299 0.000787269 0.000396415 7.26952e-05 6.15716e-06 3.01553e-07 1.06479e-08 3.39836e-10 1.22898e-11 6.22823e-13 5.31489e-14 8.79827e-15 3.09147e-15 2.38562e-15 3.95932e-15 1.31753e-14 7.87763e-14 7.38026e-13 9.31745e-12 1.36187e-10 2.00008e-09 2.60992e-08 2.74282e-07 2.16647e-06 1.24098e-05 5.15325e-05 0.000159454 0.000379586 0.000702038 0.000995195 0.00107548 0.000912682 0.000642284 0.000393935 0.000216159 0.000105861 4.46127e-05 1.46122e-05 2.6531e-06 0 
0 0.000396981 0.000887409 0.000609496 0.000168197 2.30766e-05 1.94416e-06 1.22647e-07 7.04245e-09 4.45879e-10 3.72331e-11 4.78576e-12 1.0664e-12 4.44265e-13 3.56048e-13 5.39279e-13 1.45494e-12 6.37367e-12 4.03796e-11 3.2551e-10 2.9323e-09 2.60992e-08 2.0548e-07 1.30198e-06 6.17462e-06 2.11539e-05 5.37296e-05 0.000111046 0.000208053 0.000366005 0.000566267 0.000700694 0.000667085 0.00050438 0.000320805 0.000178845 8.81329e-05 3.72252e-05 1.2202e-05 2.21604e-06 0 
0 0.000359448 0.000945123 0.00086841 0.000355242 7.71851e-05 1.08228e-05 1.17332e-06 1.16429e-07 1.24191e-08 1.65163e-09 3.11035e-10 9.14629e-11 4.46842e-11 3.71236e-11 5.16744e-11 1.14732e-10 3.7623e-10 1.65427e-09 8.75634e-09 4.99105e-08 2.74282e-07 1.30198e-06 4.76662e-06 1.20305e-05 1.95723e-05 2.21879e-05 2.34101e-05 3.27993e-05 6.78699e-05 0.000161579 0.000311199 0.000404639 0.000363024 0.000249668 0.000143605 7.15755e-05 3.03487e-05 9.96042e-06 1.80966e-06 0 
0 0.000312342 0.000941404 0.00111976 0.000661098 0.000220908 4.94722e-05 8.76328e-06 1.42413e-06 2.42968e-07 4.91289e-08 1.30512e-08 4.92828e-09 2.78041e-09 2.38748e-09 3.08197e-09 5.7453e-09 1.452e-08 4.59251e-08 1.65989e-07 6.2156e-07 2.16647e-06 6.17462e-06 1.20305e-05 1.25819e-05 5.75193e-06 1.33193e-06 3.49572e-07 3.08858e-07 1.27443e-06 1.0949e-05 6.70155e-05 0.000179915 0.000230634 0.000183859 0.000111628 5.66605e-05 2.41644e-05 7.94488e-06 1.44423e-06 0 
0 0.000260057 0.00087266 0.00128577 0.00105172 0.000521993 0.000178977 4.91027e-05 1.23142e-05 3.16781e-06 9.23296e-07 3.31128e-07 1.55537e-07 9.95171e-08 8.79903e-08 1.06426e-07 1.70459e-07 3.43454e-07 8.14907e-07 2.10684e-06 5.42469e-06 1.24098e-05 2.11539e-05 1.95723e-05 5.75193e-06 2.99703e-07 3.3376e-09 5.42606e-11 2.11221e-11 4.65328e-10 7.00316e-08 4.84369e-06 5.27767e-05 0.000126646 0.000127845 8.40246e-05 4.37195e-05 1.87841e-05 6.18927e-06 1.12579e-06 0 
0 0.000207534 0.00075327 0.0013076 0.00140085 0.000986953 0.00049711 0.000201179 7.35793e-05 2.69178e-05 1.07101e-05 4.95496e-06 2.80048e-06 1.99374e-06 1.80777e-06 2.07057e-06 2.91896e-06 4.85899e-06 9.04218e-06 1.75818e-05 3.27753e-05 5.15325e-05 5.37296e-05 2.21879e-05 1.33193e-06 3.3376e-09 4.09018e-13 1.07614e-16 1.9202e-16 3.70439e-15 5.00458e-11 1.37598e-07 1.13314e-05 6.32029e-05 8.55605e-05 6.16101e-05 3.29237e-05 1.42528e-05 4.70607e-06 8.565e-07 0 
0 0.000159001 0.00060857 0.00118504 0.00155558 0.00146199 0.00103109 0.000589442 0.000299953 0.000148394 7.67693e-05 4.39364e-05 2.8961e-05 2.25306e-05 2.08691e-05 2.28677e-05 2.90399e-05 4.13322e-05 6.29887e-05 9.68304e-05 0.000138205 0.000159454 0.000111046 2.34101e-05 3.49572e-07 5.42606e-11 1.07614e-16 2.42632e-18 2.78854e-18 4.12636e-17 6.45794e-14 5.58612e-09 2.88778e-06 3.34853e-05 5.76282e-05 4.45139e-05 2.42527e-05 1.05539e-05 3.48959e-06 6.35337e-07 0 
0 0.000117195 0.000463663 0.000971551 0.00146286 0.00169973 0.00157247 0.00120887 0.000821581 0.00052856 0.000342373 0.000234457 0.000175726 0.000147191 0.000138865 0.000146894 0.000171461 0.000214975 0.000278714 0.000354796 0.000411124 0.000379586 0.000208053 3.27993e-05 3.08858e-07 2.11221e-11 1.9202e-16 2.78855e-18 2.16479e-18 4.01139e-17 9.58055e-15 2.01324e-09 1.64286e-06 2.26159e-05 4.09427e-05 3.20306e-05 1.75023e-05 7.62122e-06 2.52026e-06 4.58867e-07 0 
0 8.32394e-05 0.000335666 0.000733974 0.00120046 0.00159946 0.00179212 0.00173187 0.0014947 0.00120398 0.000947285 0.000757377 0.000633884 0.000565817 0.000542879 0.000558539 0.000608923 0.000688871 0.000784629 0.000863095 0.000862362 0.000702038 0.000366005 6.78699e-05 1.27443e-06 4.65328e-10 3.70439e-15 4.12636e-17 4.01139e-17 1.01405e-17 6.03074e-13 1.1173e-08 2.50437e-06 2.04371e-05 3.09944e-05 2.29723e-05 1.23582e-05 5.3577e-06 1.76958e-06 3.22081e-07 0 
0 5.69994e-05 0.000232203 0.000519378 0.000888397 0.00127895 0.00160918 0.00180775 0.00185121 0.00177212 0.00163119 0.00148361 0.00136353 0.00128588 0.00125356 0.00126272 0.00130406 0.00136074 0.00140455 0.00139328 0.00127333 0.000995195 0.000566267 0.000161579 1.0949e-05 7.00316e-08 5.00458e-11 6.45794e-14 9.58055e-15 6.03074e-13 6.64265e-10 2.40413e-07 6.35353e-06 2.14689e-05 2.40443e-05 1.62303e-05 8.49695e-06 3.65548e-06 1.20477e-06 2.19151e-07 0 
0 3.75865e-05 0.000153894 0.000348065 0.000608614 0.000910888 0.00121778 0.00148727 0.00168614 0.00180211 0.00184561 0.00184088 0.00181401 0.00178475 0.00176347 0.00175126 0.00174082 0.00171766 0.0016617 0.00155 0.00136019 0.00107548 0.000700694 0.000311199 6.70155e-05 4.84369e-06 1.37598e-07 5.58612e-09 2.01324e-09 1.1173e-08 2.40413e-07 3.34276e-06 1.40704e-05 2.1483e-05 1.80492e-05 1.11004e-05 5.64925e-06 2.4103e-06 7.92496e-07 1.44059e-07 0 
0 2.37924e-05 9.76445e-05 0.000221963 0.00039199 0.000597106 0.000820989 0.00104352 0.00124475 0.00140963 0.00153134 0.0016112 0.00165574 0.00167271 0.00166789 0.00164353 0.00159822 0.00152797 0.00142786 0.00129361 0.00112235 0.000912682 0.000667085 0.000404639 0.000179915 5.27767e-05 1.13314e-05 2.88778e-06 1.64286e-06 2.50437e-06 6.35353e-06 1.40704e-05 1.98421e-05 1.8269e-05 1.26079e-05 7.24192e-06 3.60502e-06 1.52764e-06 5.0125e-07 9.10618e-08 0 
0 1.43757e-05 5.90587e-05 0.000134541 0.000238593 0.00036612 0.000509338 0.000658458 0.000802939 0.000933105 0.00104159 0.0011241 0.00117914 0.00120721 0.00120965 0.00118795 0.00114345 0.0010775 0.000991864 0.000888908 0.000771438 0.000642284 0.00050438 0.000363024 0.000230634 0.000126646 6.32029e-05 3.34853e-05 2.26159e-05 2.04371e-05 2.14689e-05 2.1483e-05 1.8269e-05 1.30549e-05 8.09291e-06 4.46435e-06 2.1913e-06 9.24271e-07 3.02827e-07 5.49895e-08 0 
0 8.21531e-06 3.37648e-05 7.6986e-05 0.000136751 0.000210445 0.000294097 0.0003827 0.000470703 0.000552621 0.000623638 0.000680054 0.00071948 0.000740792 0.000743935 0.000729703 0.000699563 0.000655551 0.00060016 0.000536197 0.00046655 0.000393935 0.000320805 0.000249668 0.000183859 0.000127845 8.55605e-05 5.76282e-05 4.09427e-05 3.09944e-05 2.40443e-05 1.80492e-05 1.26079e-05 8.09291e-06 4.77401e-06 2.58044e-06 1.25692e-06 5.28728e-07 1.73074e-07 3.14187e-08 0 
0 4.37535e-06 1.79857e-05 4.10223e-05 7.29135e-05 0.000112324 0.000157231 0.000205085 0.000253027 0.00029816 0.000337813 0.000369776 0.000392455 0.000404944 0.00040702 0.000399085 0.00038208 0.00035737 0.000326616 0.000291636 0.000254253 0.000216159 0.000178845 0.000143605 0.000111628 8.40246e-05 6.16101e-05 4.45139e-05 3.20306e-05 2.29723e-05 1.62303e-05 1.11004e-05 7.24192e-06 4.46435e-06 2.58044e-06 1.38216e-06 6.70768e-07 2.81766e-07 9.21873e-08 1.67322e-08 0 
0 2.11786e-06 8.70639e-06 1.98603e-05 3.53078e-05 5.4412e-05 7.62098e-05 9.94849e-05 0.00012287 0.000144968 0.000164468 0.000180262 0.000191526 0.000197767 0.000198844 0.000194949 0.000186564 0.000174399 0.000159318 0.000142258 0.000124152 0.000105861 8.81329e-05 7.15755e-05 5.66605e-05 4.37195e-05 3.29237e-05 2.42527e-05 1.75023e-05 1.23582e-05 8.49695e-06 5.64925e-06 3.60502e-06 2.1913e-06 1.25692e-06 6.70768e-07 3.25001e-07 1.36432e-07 4.46262e-08 8.09902e-09 0 
0 8.88661e-07 3.65332e-06 8.33402e-06 1.48174e-05 2.28377e-05 3.19927e-05 4.17747e-05 5.16122e-05 6.09187e-05 6.91431e-05 7.58148e-05 8.05802e-05 8.32261e-05 8.36887e-05 8.20479e-05 7.85096e-05 7.33791e-05 6.70269e-05 5.98547e-05 5.22608e-05 4.46127e-05 3.72252e-05 3.03487e-05 2.41644e-05 1.87841e-05 1.42528e-05 1.05539e-05 7.62122e-06 5.3577e-06 3.65548e-06 2.4103e-06 1.52764e-06 9.24271e-07 5.28728e-07 2.81766e-07 1.36432e-07 5.72567e-08 1.87262e-08 3.39839e-09 0 
0 2.90622e-07 1.19477e-06 2.72557e-06 4.84604e-06 7.46938e-06 1.04643e-05 1.3665e-05 1.68848e-05 1.99319e-05 2.26259e-05 2.48123e-05 2.63747e-05 2.72429e-05 2.73953e-05 2.68581e-05 2.56991e-05 2.40188e-05 2.19392e-05 1.95926e-05 1.71101e-05 1.46122e-05 1.2202e-05 9.96042e-06 7.94488e-06 6.18927e-06 4.70607e-06 3.48959e-06 2.52026e-06 1.76958e-06 1.20477e-06 7.92496e-07 5.0125e-07 3.02827e-07 1.73074e-07 9.21873e-08 4.46262e-08 1.87262e-08 6.12425e-09 1.11139e-09 0 
0 5.27397e-08 2.16817e-07 4.94618e-07 8.79435e-07 1.35552e-06 1.89907e-06 2.48e-06 3.06445e-06 3.61762e-06 4.10674e-06 4.50376e-06 4.78753e-06 4.94522e-06 4.97295e-06 4.87544e-06 4.66502e-06 4.35996e-06 3.98248e-06 3.55662e-06 3.10619e-06 2.6531e-06 2.21604e-06 1.80966e-06 1.44423e-06 1.12579e-06 8.565e-07 6.35337e-07 4.58867e-07 3.22081e-07 2.19151e-07 1.44059e-07 9.10618e-08 5.49895e-08 3.14187e-08 1.67322e-08 8.09902e-09 3.39839e-09 1.11139e-09 2.01687e-10 0 
0 0 0 0 0 0 0 0 0 0 0 0 0 0 0 0 0 0 0 0 0 0 0 0 0 0 0 0 0 0 0 0 0 0 0 0 0 0 0 0 0 
