0 0 0 0 0 0 0 0 0 0 0 0 0 0 0 0 0 0 0 0 0 0 0 0 0 0 0 0 0 0 0 0 0 0 0 0 0 0 0 0 0 
0 1.35531e-05 5.45344e-05 0.00011944 0.000198278 0.000275876 0.000337379 0.000374599 0.000388121 0.000384454 0.00037168 0.000356567 0.00034364 0.000335401 0.000332879 0.000336082 0.000344225 0.000355772 0.000368393 0.000378996 0.000383982 0.000379836 0.000363998 0.000335764 0.000296782 0.000250781 0.000202542 0.000156583 0.00011614 8.28238e-05 5.68513e-05 3.75386e-05 2.37784e-05 1.4372e-05 8.21441e-06 4.37516e-06 2.11782e-06 8.88655e-07 2.90621e-07 5.27396e-08 0 
0 5.45344e-05 0.000212772 0.000437726 0.000651145 0.000767894 0.000756212 0.000653033 0.000519639 0.000398946 0.000307268 0.000244836 0.00020639 0.000186656 0.000182201 0.000191699 0.000215702 0.00025621 0.000315893 0.000396608 0.00049693 0.000609061 0.000716728 0.000796844 0.000826789 0.000794944 0.000707388 0.000584997 0.000453068 0.000331465 0.00023072 0.000153424 9.75101e-05 5.90239e-05 3.37567e-05 1.7984e-05 8.70608e-06 3.65327e-06 1.19476e-06 2.16817e-07 0 
0 0.00011944 0.000437726 0.000791184 0.000941235 0.000804786 0.000534191 0.000300366 0.00015569 8.00409e-05 4.33632e-05 2.59826e-05 1.78454e-05 1.43682e-05 1.36823e-05 1.53457e-05 1.99566e-05 2.93545e-05 4.73379e-05 8.08454e-05 0.00014113 0.000243323 0.000401233 0.00061452 0.000852142 0.00104919 0.00113554 0.00108254 0.000921027 0.00071296 0.000511841 0.000345688 0.000221295 0.000134372 7.69476e-05 4.10145e-05 1.98589e-05 8.33381e-06 2.72554e-06 4.94616e-07 0 
0 0.000198278 0.000651145 0.000941235 0.000778237 0.00041173 0.000158432 5.04725e-05 1.49293e-05 4.53255e-06 1.54163e-06 6.31982e-07 3.30068e-07 2.27452e-07 2.09578e-07 2.56201e-07 4.04645e-07 7.92192e-07 1.82583e-06 4.68148e-06 1.26162e-05 3.38857e-05 8.65438e-05 0.000201866 0.0004153 0.000730875 0.00107369 0.00130142 0.00131213 0.00113036 0.000861806 0.000600068 0.000389596 0.000237998 0.000136619 7.28872e-05 3.53032e-05 1.48168e-05 4.84596e-06 8.7943e-07 0 
0 0.000275876 0.000767894 0.000804786 0.00041173 0.000121221 2.44505e-05 3.9605e-06 5.9546e-07 9.51677e-08 1.83005e-08 4.70636e-09 1.75492e-09 9.98475e-10 8.83459e-10 1.20084e-09 2.40907e-09 6.70353e-09 2.39524e-08 1.00993e-07 4.6177e-07 2.11729e-06 9.10137e-06 3.47418e-05 0.00011294 0.000302445 0.000647922 0.00108349 0.00140205 0.001432 0.0012081 0.000886927 0.000590288 0.000364432 0.000210075 0.000112252 5.43997e-05 2.28359e-05 7.46919e-06 1.35551e-06 0 
0 0.000337379 0.000756212 0.000534191 0.000158432 2.44505e-05 2.40344e-06 1.81403e-07 1.26263e-08 9.69839e-10 9.71661e-11 1.4659e-11 3.71758e-12 1.69865e-12 1.43461e-12 2.201e-12 5.80351e-12 2.41376e-11 1.42369e-10 1.05982e-09 8.86148e-09 7.47116e-08 5.79086e-07 3.83638e-06 2.06132e-05 8.67259e-05 0.000278582 0.000667316 0.00116821 0.00149699 0.00146176 0.00116332 0.000804907 0.000505323 0.000293223 0.000157064 7.61817e-05 3.19887e-05 1.04639e-05 1.89905e-06 0 
0 0.000374599 0.000653033 0.000300366 5.04725e-05 3.9605e-06 1.81403e-07 6.0473e-09 1.84272e-10 6.44782e-12 3.20901e-13 2.73149e-14 4.58003e-15 1.65359e-15 1.32804e-15 2.31918e-15 8.19533e-15 5.24395e-14 5.29401e-13 7.25116e-12 1.15859e-10 1.87764e-09 2.73766e-08 3.26793e-07 2.98817e-06 2.01003e-05 9.73686e-05 0.000334937 0.000804436 0.00133372 0.00156206 0.00138455 0.00101134 0.000650252 0.000380911 0.000204745 9.94287e-05 4.17669e-05 1.36642e-05 2.47995e-06 0 
0 0.000388121 0.000519639 0.00015569 1.49293e-05 5.9546e-07 1.26263e-08 1.84272e-10 2.43574e-12 3.84908e-14 9.44358e-16 4.50677e-17 4.97427e-18 1.41637e-18 1.081e-18 2.14845e-18 1.01939e-17 1.00753e-16 1.75033e-15 4.43915e-14 1.36494e-12 4.28349e-11 1.18349e-09 2.56243e-08 4.0057e-07 4.30786e-06 3.12286e-05 0.000151932 0.000493722 0.00105968 0.00151253 0.00152184 0.00118909 0.00078828 0.000467481 0.000252417 0.00012277 5.15984e-05 1.68833e-05 3.06437e-06 0 
0 0.000384454 0.000398946 8.00409e-05 4.53255e-06 9.51677e-08 9.69839e-10 6.44782e-12 3.84908e-14 2.85457e-16 3.57305e-18 9.88062e-20 7.5779e-21 1.83804e-21 1.36358e-21 2.90368e-21 1.72628e-20 2.53504e-19 7.36475e-18 3.35576e-16 1.92357e-14 1.1324e-12 5.75127e-11 2.19615e-09 5.72227e-08 9.61099e-07 1.01813e-05 6.8191e-05 0.000291249 0.000791879 0.00136968 0.00157359 0.00132504 0.000909898 0.00054745 0.000297179 0.000144808 6.0897e-05 1.99297e-05 3.61749e-06 0 
0 0.00037168 0.000307268 4.33632e-05 1.54163e-06 1.83005e-08 9.71661e-11 3.20901e-13 9.44358e-16 3.57305e-18 2.47634e-20 4.49937e-22 3.00167e-23 7.57656e-24 5.70218e-24 1.14788e-23 6.80044e-23 1.2476e-21 5.54914e-20 4.24602e-18 4.23578e-16 4.36511e-14 3.8125e-12 2.41363e-10 9.91693e-09 2.47803e-07 3.67595e-06 3.25854e-05 0.000176016 0.000585595 0.00120003 0.00156145 0.00141631 0.00100863 0.000616168 0.000336392 0.000164237 6.91119e-05 2.26227e-05 4.10656e-06 0 
0 0.000356567 0.000244836 2.59826e-05 6.31982e-07 4.70636e-09 1.4659e-11 2.73149e-14 4.50677e-17 9.88062e-20 4.49937e-22 6.50783e-24 3.84973e-25 9.4208e-26 7.06462e-26 1.39947e-25 8.51039e-25 1.75698e-23 1.02308e-21 1.17112e-19 1.83583e-17 2.9917e-15 4.07331e-13 3.90232e-11 2.32925e-09 8.06237e-08 1.57587e-06 1.75497e-05 0.000114453 0.000446782 0.0010493 0.00151618 0.00146882 0.00108158 0.000670252 0.000367902 0.000179958 7.57738e-05 2.48081e-05 4.50353e-06 0 
0 0.00034364 0.00020639 1.78454e-05 3.30068e-07 1.75492e-09 3.71758e-12 4.58003e-15 4.97427e-18 7.57791e-21 3.00167e-23 3.84976e-25 1.61899e-26 2.88843e-27 2.02065e-27 4.51383e-27 3.57722e-26 9.05934e-25 6.00182e-23 8.67047e-21 1.8703e-18 4.24566e-16 7.97264e-14 1.03126e-11 8.07058e-10 3.53895e-08 8.45053e-07 1.11011e-05 8.28782e-05 0.000362414 0.000938258 0.0014648 0.00149276 0.00112882 0.000707705 0.000390193 0.000191158 8.05307e-05 2.63697e-05 4.78725e-06 0 
0 0.000335401 0.000186656 1.43682e-05 2.27452e-07 9.98475e-10 1.69865e-12 1.65359e-15 1.41637e-18 1.83805e-21 7.5766e-24 9.42091e-26 2.88847e-27 2.76773e-28 1.53286e-28 4.8924e-28 6.01332e-27 1.83623e-25 1.26054e-23 1.96075e-21 5.01161e-19 1.37379e-16 3.09975e-14 4.76102e-12 4.35166e-10 2.18565e-08 5.8553e-07 8.45738e-06 6.82256e-05 0.000318323 0.000871725 0.00142487 0.00149802 0.00115207 0.000727753 0.000402428 0.000197358 8.31711e-05 2.72372e-05 4.94491e-06 0 
0 0.000332879 0.000182201 1.36823e-05 2.09578e-07 8.83459e-10 1.43461e-12 1.32804e-15 1.081e-18 1.36358e-21 5.70222e-24 7.06472e-26 2.02069e-27 1.53287e-28 7.26515e-29 2.82459e-28 4.03162e-27 1.28828e-25 8.88227e-24 1.39229e-21 3.68014e-19 1.05038e-16 2.46674e-14 3.93515e-12 3.72367e-10 1.92841e-08 5.30337e-07 7.82949e-06 6.43211e-05 0.000304931 0.000847638 0.00140423 0.00149104 0.00115333 0.00073055 0.000404429 0.000198422 8.36319e-05 2.73895e-05 4.97263e-06 0 
0 0.000336082 0.000191699 1.53457e-05 2.56201e-07 1.20084e-09 2.201e-12 2.31918e-15 2.14845e-18 2.90368e-21 1.14789e-23 1.39948e-25 4.51388e-27 4.89239e-28 2.82457e-28 8.44989e-28 9.56452e-27 2.83341e-25 1.95029e-23 2.98157e-21 7.20087e-19 1.85302e-16 3.93779e-14 5.7264e-12 4.98747e-10 2.40371e-08 6.22297e-07 8.74577e-06 6.9089e-05 0.000317568 0.000861666 0.00140264 0.00147365 0.00113406 0.0007169 0.000396604 0.000194545 8.19932e-05 2.68525e-05 4.87513e-06 0 
0 0.000344225 0.000215702 1.99566e-05 4.04645e-07 2.40907e-09 5.80351e-12 8.19533e-15 1.01939e-17 1.72628e-20 6.80045e-23 8.51042e-25 3.57722e-26 6.01327e-27 4.03157e-27 9.56446e-27 7.90532e-26 2.00655e-24 1.31348e-22 1.77281e-20 3.4347e-18 6.98357e-16 1.18177e-13 1.39035e-11 1.00086e-09 4.08664e-08 9.20007e-07 1.15331e-05 8.31305e-05 0.000354998 0.00090766 0.00141288 0.00144323 0.00109498 0.0006881 0.000379857 0.000186201 7.84603e-05 2.5694e-05 4.66474e-06 0 
0 0.000355772 0.00025621 2.93545e-05 7.92192e-07 6.70353e-09 2.41376e-11 5.24395e-14 1.00753e-16 2.53504e-19 1.2476e-21 1.75698e-23 9.05932e-25 1.83622e-25 1.28827e-25 2.8334e-25 2.00655e-24 4.42475e-23 2.46353e-21 2.52142e-19 3.47545e-17 4.98903e-15 6.02795e-13 5.18061e-11 2.81051e-09 8.96828e-08 1.63974e-06 1.73346e-05 0.000108955 0.000416681 0.000974902 0.00142093 0.00139379 0.00103638 0.000645882 0.000355493 0.000174091 7.3337e-05 2.40144e-05 4.35972e-06 0 
0 0.000368393 0.000315893 4.73379e-05 1.82583e-06 2.39524e-08 1.42369e-10 5.29401e-13 1.75033e-15 7.36475e-18 5.54914e-20 1.02308e-21 6.00181e-23 1.26054e-23 8.88225e-24 1.95029e-23 1.31348e-22 2.46353e-21 1.01571e-19 7.00286e-18 6.27326e-16 5.8218e-14 4.60851e-12 2.66808e-10 1.01318e-08 2.36735e-07 3.32543e-06 2.83163e-05 0.000149553 0.000497479 0.00104299 0.00140621 0.00131769 0.000958756 0.000592403 0.000325104 0.000159068 6.69925e-05 2.19356e-05 3.98228e-06 0 
0 0.000378996 0.000396608 8.08454e-05 4.68148e-06 1.00993e-07 1.05982e-09 7.25116e-12 4.43915e-14 3.35576e-16 4.24602e-18 1.17112e-19 8.67047e-21 1.96075e-21 1.39229e-21 2.98157e-21 1.77281e-20 2.52142e-19 7.00286e-18 3.04694e-16 1.67004e-14 9.42114e-13 4.59658e-11 1.69041e-09 4.25297e-08 6.92137e-07 7.1485e-06 4.72547e-05 0.000203728 0.000577943 0.00107617 0.00134284 0.00120751 0.000863282 0.000530168 0.00029045 0.00014206 5.9827e-05 1.95897e-05 3.55645e-06 0 
0 0.000383982 0.00049693 0.00014113 1.26162e-05 4.6177e-07 8.86148e-09 1.15859e-10 1.36494e-12 1.92357e-14 4.23578e-16 1.83583e-17 1.8703e-18 5.01161e-19 3.68014e-19 7.20087e-19 3.4347e-18 3.47545e-17 6.27326e-16 1.67004e-14 5.41742e-13 1.7931e-11 5.19642e-10 1.1682e-08 1.87145e-07 2.03726e-06 1.48804e-05 7.38682e-05 0.000254261 0.000611321 0.00102158 0.00120311 0.00105747 0.000751881 0.000461863 0.000253313 0.000123992 5.22382e-05 1.71077e-05 3.10605e-06 0 
0 0.000379836 0.000609061 0.000243323 3.38857e-05 2.11729e-06 7.47116e-08 1.87764e-09 4.28349e-11 1.1324e-12 4.36511e-14 2.9917e-15 4.24566e-16 1.37379e-16 1.05038e-16 1.85302e-16 6.98357e-16 4.98903e-15 5.8218e-14 9.42114e-13 1.7931e-11 3.44146e-10 5.82638e-09 7.8148e-08 7.69516e-07 5.3447e-06 2.61691e-05 9.32668e-05 0.000251754 0.000522731 0.000821845 0.000964225 0.00086425 0.000626941 0.000390118 0.000215374 0.000105725 4.45932e-05 1.46101e-05 2.65298e-06 0 
0 0.000363998 0.000716728 0.000401233 8.65438e-05 9.10137e-06 5.79086e-07 2.73766e-08 1.18349e-09 5.75127e-11 3.8125e-12 4.07331e-13 7.97264e-14 3.09975e-14 2.46674e-14 3.93779e-14 1.18177e-13 6.02795e-13 4.60851e-12 4.59658e-11 5.19642e-10 5.82638e-09 5.74478e-08 4.49186e-07 2.57016e-06 1.0333e-05 2.99577e-05 6.92111e-05 0.000143425 0.000277923 0.000470618 0.00062784 0.000630203 0.000491455 0.000317402 0.000178124 8.80064e-05 3.7207e-05 1.22e-05 2.21593e-06 0 
0 0.000335764 0.000796844 0.00061452 0.000201866 3.47418e-05 3.83638e-06 3.26793e-07 2.56243e-08 2.19615e-09 2.41363e-10 3.90232e-11 1.03126e-11 4.76102e-12 3.93515e-12 5.7264e-12 1.39035e-11 5.18061e-11 2.66808e-10 1.69041e-09 1.1682e-08 7.8148e-08 4.49186e-07 1.95997e-06 5.73439e-06 1.04171e-05 1.27209e-05 1.42272e-05 2.13853e-05 4.86213e-05 0.00012847 0.000271214 0.000376632 0.000351315 0.000246342 0.000142884 7.14488e-05 3.03306e-05 9.95849e-06 1.80954e-06 0 
0 0.000296782 0.000826789 0.000852142 0.0004153 0.00011294 2.06132e-05 2.98817e-06 4.0057e-07 5.72227e-08 9.91693e-09 2.32925e-09 8.07058e-10 4.35166e-10 3.72367e-10 4.98747e-10 1.00086e-09 2.81051e-09 1.01318e-08 4.25297e-08 1.87145e-07 7.69516e-07 2.57016e-06 5.73439e-06 6.55055e-06 3.04949e-06 6.74635e-07 1.6843e-07 1.53109e-07 7.23006e-07 7.48368e-06 5.3962e-05 0.000161615 0.000220058 0.000180488 0.00011088 5.65301e-05 2.41461e-05 7.94296e-06 1.44412e-06 0 
0 0.000250781 0.000794944 0.00104919 0.000730875 0.000302445 8.67259e-05 2.01003e-05 4.30786e-06 9.61099e-07 2.47803e-07 8.06237e-08 3.53895e-08 2.18565e-08 1.92841e-08 2.40371e-08 4.08664e-08 8.96828e-08 2.36735e-07 6.92137e-07 2.03726e-06 5.3447e-06 1.0333e-05 1.04171e-05 3.04949e-06 1.37505e-07 1.16673e-09 1.46602e-11 5.49744e-12 1.55783e-10 3.45232e-08 3.32841e-06 4.44738e-05 0.000118115 0.00012457 8.32708e-05 4.35896e-05 1.87663e-05 6.18744e-06 1.12569e-06 0 
0 0.000202542 0.000707388 0.00113554 0.00107369 0.000647922 0.000278582 9.73686e-05 3.12286e-05 1.01813e-05 3.67595e-06 1.57587e-06 8.45053e-07 5.8553e-07 5.30337e-07 6.22297e-07 9.20007e-07 1.63974e-06 3.32543e-06 7.1485e-06 1.48804e-05 2.61691e-05 2.99577e-05 1.27209e-05 6.74635e-07 1.16673e-09 7.84775e-14 8.34119e-17 6.93333e-16 5.52539e-16 1.51427e-11 7.52957e-08 8.76386e-06 5.73175e-05 8.26718e-05 6.09117e-05 3.28042e-05 1.42367e-05 4.70445e-06 8.56412e-07 0 
0 0.000156583 0.000584997 0.00108254 0.00130142 0.00108349 0.000667316 0.000334937 0.000151932 6.8191e-05 3.25854e-05 1.75497e-05 1.11011e-05 8.45738e-06 7.82949e-06 8.74577e-06 1.15331e-05 1.73346e-05 2.83163e-05 4.72547e-05 7.38682e-05 9.32668e-05 6.92111e-05 1.42272e-05 1.6843e-07 1.46602e-11 8.34118e-17 2.74996e-18 1.33786e-17 4.19741e-17 1.24089e-14 2.49246e-09 2.0751e-06 2.96943e-05 5.53394e-05 4.39381e-05 2.41546e-05 1.05409e-05 3.4883e-06 6.35267e-07 0 
0 0.00011614 0.000453068 0.000921027 0.00131213 0.00140205 0.00116821 0.000804436 0.000493722 0.000291249 0.000176016 0.000114453 8.28782e-05 6.82256e-05 6.43211e-05 6.9089e-05 8.31305e-05 0.000108955 0.000149553 0.000203728 0.000254261 0.000251754 0.000143425 2.13853e-05 1.53109e-07 5.49744e-12 6.93332e-16 1.33786e-17 3.02141e-18 2.38277e-17 1.61472e-15 8.55608e-10 1.16209e-06 1.99805e-05 3.92932e-05 3.16156e-05 1.74321e-05 7.61196e-06 2.51934e-06 4.58818e-07 0 
0 8.28238e-05 0.000331465 0.00071296 0.00113036 0.001432 0.00149699 0.00133372 0.00105968 0.000791879 0.000585595 0.000446782 0.000362414 0.000318323 0.000304931 0.000317568 0.000354998 0.000416681 0.000497479 0.000577943 0.000611321 0.000522731 0.000277923 4.86213e-05 7.23006e-07 1.55783e-10 5.52539e-16 4.1974e-17 2.38276e-17 1.49045e-17 1.43529e-13 5.50698e-09 1.87319e-06 1.83952e-05 2.99195e-05 2.27144e-05 1.2315e-05 5.35197e-06 1.76901e-06 3.2205e-07 0 
0 5.68513e-05 0.00023072 0.000511841 0.000861806 0.0012081 0.00146176 0.00156206 0.00151253 0.00136968 0.00120003 0.0010493 0.000938258 0.000871725 0.000847638 0.000861666 0.00090766 0.000974902 0.00104299 0.00107617 0.00102158 0.000821845 0.000470618 0.00012847 7.48368e-06 3.45232e-08 1.51427e-11 1.24089e-14 1.61472e-15 1.43529e-13 2.67463e-10 1.51542e-07 5.22018e-06 1.99393e-05 2.34359e-05 1.6094e-05 8.47415e-06 3.65243e-06 1.20446e-06 2.19134e-07 0 
0 3.75386e-05 0.000153424 0.000345688 0.000600068 0.000886927 0.00116332 0.00138455 0.00152184 0.00157359 0.00156145 0.00151618 0.0014648 0.00142487 0.00140423 0.00140264 0.00141288 0.00142093 0.00140621 0.00134284 0.00120311 0.000964225 0.00062784 0.000271214 5.3962e-05 3.32841e-06 7.52957e-08 2.49246e-09 8.55608e-10 5.50698e-09 1.51542e-07 2.61722e-06 1.2606e-05 2.05649e-05 1.77638e-05 1.10397e-05 5.63901e-06 2.40889e-06 7.9235e-07 1.44051e-07 0 
0 2.37784e-05 9.75101e-05 0.000221295 0.000389596 0.000590288 0.000804907 0.00101134 0.00118909 0.00132504 0.00141631 0.00146882 0.00149276 0.00149802 0.00149104 0.00147365 0.00144323 0.00139379 0.00131769 0.00120751 0.00105747 0.00086425 0.000630203 0.000376632 0.000161615 4.44738e-05 8.76386e-06 2.0751e-06 1.16209e-06 1.87319e-06 5.22018e-06 1.2606e-05 1.88258e-05 1.78662e-05 1.24993e-05 7.21918e-06 3.60109e-06 1.52708e-06 5.0119e-07 9.10584e-08 0 
0 1.4372e-05 5.90239e-05 0.000134372 0.000237998 0.000364432 0.000505323 0.000650252 0.00078828 0.000909898 0.00100863 0.00108158 0.00112882 0.00115207 0.00115333 0.00113406 0.00109498 0.00103638 0.000958756 0.000863282 0.000751881 0.000626941 0.000491455 0.000351315 0.000220058 0.000118115 5.73175e-05 2.96943e-05 1.99805e-05 1.83952e-05 1.99393e-05 2.05649e-05 1.78662e-05 1.29235e-05 8.05907e-06 4.45713e-06 2.19e-06 9.24079e-07 3.02806e-07 5.49882e-08 0 
0 8.21441e-06 3.37567e-05 7.69476e-05 0.000136619 0.000210075 0.000293223 0.000380911 0.000467481 0.00054745 0.000616168 0.000670252 0.000707705 0.000727753 0.00073055 0.0007169 0.0006881 0.000645882 0.000592403 0.000530168 0.000461863 0.000390118 0.000317402 0.000246342 0.000180488 0.00012457 8.26718e-05 5.53394e-05 3.92932e-05 2.99195e-05 2.34359e-05 1.77638e-05 1.24993e-05 8.05907e-06 4.76519e-06 2.57848e-06 1.25655e-06 5.28671e-07 1.73067e-07 3.14183e-08 0 
0 4.37516e-06 1.7984e-05 4.10145e-05 7.28872e-05 0.000112252 0.000157064 0.000204745 0.000252417 0.000297179 0.000336392 0.000367902 0.000390193 0.000402428 0.000404429 0.000396604 0.000379857 0.000355493 0.000325104 0.00029045 0.000253313 0.000215374 0.000178124 0.000142884 0.00011088 8.32708e-05 6.09117e-05 4.39381e-05 3.16156e-05 2.27144e-05 1.6094e-05 1.10397e-05 7.21918e-06 4.45713e-06 2.57848e-06 1.38171e-06 6.70677e-07 2.81751e-07 9.21855e-08 1.67321e-08 0 
0 2.11782e-06 8.70608e-06 1.98589e-05 3.53032e-05 5.43997e-05 7.61817e-05 9.94287e-05 0.00012277 0.000144808 0.000164237 0.000179958 0.000191158 0.000197358 0.000198422 0.000194545 0.000186201 0.000174091 0.000159068 0.00014206 0.000123992 0.000105725 8.80064e-05 7.14488e-05 5.65301e-05 4.35896e-05 3.28042e-05 2.41546e-05 1.74321e-05 1.2315e-05 8.47415e-06 5.63901e-06 3.60109e-06 2.19e-06 1.25655e-06 6.70677e-07 3.24982e-07 1.36429e-07 4.46258e-08 8.09899e-09 0 
0 8.88655e-07 3.65327e-06 8.33381e-06 1.48168e-05 2.28359e-05 3.19887e-05 4.17669e-05 5.15984e-05 6.0897e-05 6.91119e-05 7.57738e-05 8.05307e-05 8.31711e-05 8.36319e-05 8.19932e-05 7.84603e-05 7.3337e-05 6.69925e-05 5.9827e-05 5.22382e-05 4.45932e-05 3.7207e-05 3.03306e-05 2.41461e-05 1.87663e-05 1.42367e-05 1.05409e-05 7.61196e-06 5.35197e-06 3.65243e-06 2.40889e-06 1.52708e-06 9.24079e-07 5.28671e-07 2.81751e-07 1.36429e-07 5.72561e-08 1.87261e-08 3.39838e-09 0 
0 2.90621e-07 1.19476e-06 2.72554e-06 4.84596e-06 7.46919e-06 1.04639e-05 1.36642e-05 1.68833e-05 1.99297e-05 2.26227e-05 2.48081e-05 2.63697e-05 2.72372e-05 2.73895e-05 2.68525e-05 2.5694e-05 2.40144e-05 2.19356e-05 1.95897e-05 1.71077e-05 1.46101e-05 1.22e-05 9.95849e-06 7.94296e-06 6.18744e-06 4.70445e-06 3.4883e-06 2.51934e-06 1.76901e-06 1.20446e-06 7.9235e-07 5.0119e-07 3.02806e-07 1.73067e-07 9.21855e-08 4.46258e-08 1.87261e-08 6.12424e-09 1.11139e-09 0 
0 5.27396e-08 2.16817e-07 4.94616e-07 8.7943e-07 1.35551e-06 1.89905e-06 2.47995e-06 3.06437e-06 3.61749e-06 4.10656e-06 4.50353e-06 4.78725e-06 4.94491e-06 4.97263e-06 4.87513e-06 4.66474e-06 4.35972e-06 3.98228e-06 3.55645e-06 3.10605e-06 2.65298e-06 2.21593e-06 1.80954e-06 1.44412e-06 1.12569e-06 8.56412e-07 6.35267e-07 4.58818e-07 3.2205e-07 2.19134e-07 1.44051e-07 9.10584e-08 5.49882e-08 3.14183e-08 1.67321e-08 8.09899e-09 3.39838e-09 1.11139e-09 2.01687e-10 0 
0 0 0 0 0 0 0 0 0 0 0 0 0 0 0 0 0 0 0 0 0 0 0 0 0 0 0 0 0 0 0 0 0 0 0 0 0 0 0 0 0 
