0 0 0 0 0 0 0 0 0 0 0 0 0 0 0 0 0 0 0 0 0 0 0 0 0 0 0 0 0 0 0 0 0 0 0 0 0 0 0 0 0 
0 1.31555e-05 5.11096e-05 0.000105351 0.000160044 0.000199348 0.000216054 0.000212947 0.000197772 0.000178118 0.000159178 0.000143706 0.000132799 0.000126675 0.000125204 0.000128162 0.000135294 0.000146224 0.000160292 0.000176339 0.000192556 0.000206493 0.000215342 0.000216511 0.000208364 0.000190864 0.000165786 0.00013632 0.000106146 7.8422e-05 5.5119e-05 3.69283e-05 2.35856e-05 1.43173e-05 8.20055e-06 4.37204e-06 2.11721e-06 8.88555e-07 2.90609e-07 5.27388e-08 0 
0 5.11096e-05 0.000183316 0.000324736 0.000389056 0.000354353 0.000267604 0.000180336 0.000115141 7.3144e-05 4.81447e-05 3.39366e-05 2.62606e-05 2.26609e-05 2.19416e-05 2.37655e-05 2.84737e-05 3.70747e-05 5.13166e-05 7.36951e-05 0.00010715 0.000154131 0.000214846 0.000285016 0.000354344 0.00040759 0.000429559 0.000412451 0.000360682 0.00028875 0.000213559 0.000147381 9.56293e-05 5.85035e-05 3.36285e-05 1.7956e-05 8.70077e-06 3.65243e-06 1.19466e-06 2.16811e-07 0 
0 0.000105351 0.000324736 0.000433805 0.000343752 0.000189481 8.26477e-05 3.15506e-05 1.1464e-05 4.27863e-06 1.75805e-06 8.43817e-07 4.95032e-07 3.65249e-07 3.42539e-07 4.05486e-07 5.92406e-07 1.03163e-06 2.05099e-06 4.44082e-06 9.99109e-06 2.23676e-05 4.80222e-05 9.60182e-05 0.00017488 0.00028524 0.000410652 0.000515162 0.000558408 0.000523525 0.000429989 0.000315882 0.000211964 0.00013182 7.63326e-05 4.08839e-05 1.98348e-05 8.3301e-06 2.72511e-06 4.94589e-07 0 
0 0.000160044 0.000389056 0.000343752 0.000156795 4.54456e-05 9.73758e-06 1.74804e-06 2.96844e-07 5.37743e-08 1.16278e-08 3.30515e-09 1.32936e-09 7.92305e-10 7.11448e-10 9.50751e-10 1.82061e-09 4.71333e-09 1.53527e-08 5.81655e-08 2.36962e-07 9.6542e-07 3.6973e-06 1.26838e-05 3.77024e-05 9.52171e-05 0.000202161 0.000357855 0.000522454 0.000623163 0.000609436 0.000500292 0.000357179 0.000229068 0.000134489 7.24438e-05 3.52234e-05 1.48048e-05 4.8446e-06 8.79346e-07 0 
0 0.000199348 0.000354353 0.000189481 4.54456e-05 6.135e-06 5.52271e-07 3.91321e-08 2.59972e-09 1.93172e-10 1.89399e-11 2.82382e-12 7.13426e-13 3.26861e-13 2.78205e-13 4.31719e-13 1.15385e-12 4.86846e-12 2.91304e-11 2.19883e-10 1.86267e-09 1.58896e-08 1.24362e-07 8.299e-07 4.48721e-06 1.91038e-05 6.34616e-05 0.000164975 0.000336671 0.000536351 0.000661887 0.000639788 0.000503777 0.000339855 0.000204188 0.000111039 5.41853e-05 2.28044e-05 7.46568e-06 1.3553e-06 0 
0 0.000216054 0.000267604 8.26477e-05 9.73758e-06 5.52271e-07 1.8444e-08 4.51693e-10 1.02814e-11 2.76463e-13 1.09957e-14 7.84561e-16 1.16427e-16 3.94662e-17 3.15942e-17 5.81772e-17 2.27813e-16 1.68047e-15 2.01328e-14 3.33577e-13 6.51173e-12 1.29084e-10 2.28611e-09 3.26788e-08 3.50872e-07 2.71417e-06 1.49253e-05 5.89022e-05 0.000170323 0.000366177 0.000584188 0.000689847 0.000619893 0.000449755 0.000279652 0.000154271 7.56933e-05 3.1918e-05 1.04561e-05 1.89859e-06 0 
0 0.000212947 0.000180336 3.15506e-05 1.74804e-06 3.91321e-08 4.51693e-10 3.54957e-12 2.57005e-14 2.32921e-16 3.54748e-18 1.53691e-19 4.69381e-20 3.67384e-20 3.47099e-20 3.6841e-20 5.6646e-20 3.39243e-19 7.79252e-18 2.9929e-16 1.42703e-14 6.9676e-13 2.95501e-11 9.54848e-10 2.14051e-08 3.1482e-07 2.97744e-06 1.83093e-05 7.56722e-05 0.000218239 0.000447886 0.00065305 0.000684292 0.000544204 0.000354122 0.000199186 9.84613e-05 4.16284e-05 1.36492e-05 2.47908e-06 0 
0 0.000197772 0.000115141 1.1464e-05 2.96844e-07 2.59972e-09 1.02814e-11 2.57005e-14 5.8631e-17 1.88407e-19 5.60346e-21 1.83056e-21 1.47433e-21 1.63006e-21 1.63226e-21 1.43912e-21 1.26871e-21 1.95831e-21 7.17607e-21 2.50454e-19 2.85369e-17 3.45699e-15 3.53337e-13 2.59669e-11 1.22312e-09 3.44461e-08 5.64614e-07 5.4443e-06 3.21601e-05 0.000123027 0.00031883 0.000567621 0.000696309 0.000613519 0.000421318 0.000242684 0.000121076 5.13574e-05 1.68576e-05 3.06288e-06 0 
0 0.000178118 7.3144e-05 4.27863e-06 5.37743e-08 1.93172e-10 2.76463e-13 2.32921e-16 1.88407e-19 1.30981e-21 2.23615e-22 1.57685e-22 1.69485e-22 2.05506e-22 2.10071e-22 1.75681e-22 1.33582e-22 1.29719e-22 1.58042e-22 9.0817e-22 7.9084e-20 2.19097e-17 5.16108e-15 8.26877e-13 7.87803e-11 4.11231e-09 1.13798e-07 1.6863e-06 1.40013e-05 6.97332e-05 0.000222774 0.000473122 0.000671695 0.000655726 0.00047686 0.000281983 0.00014215 6.05203e-05 1.98897e-05 3.6152e-06 0 
0 0.000159178 4.81447e-05 1.75805e-06 1.16278e-08 1.89399e-11 1.09957e-14 3.54748e-18 5.60347e-21 2.23615e-22 4.35463e-23 2.99676e-23 3.35233e-23 4.05102e-23 4.14688e-23 3.45774e-23 2.53635e-23 1.96654e-23 1.64803e-23 4.3059e-23 8.98946e-22 2.44587e-19 1.1952e-16 3.82399e-14 6.80525e-12 6.14233e-10 2.70717e-08 5.88309e-07 6.61993e-06 4.1654e-05 0.00015934 0.000392188 0.000630629 0.00067546 0.000518932 0.000314979 0.000160465 6.85778e-05 2.25663e-05 4.10335e-06 0 
0 0.000143706 3.39366e-05 8.43817e-07 3.30515e-09 2.82382e-12 7.84561e-16 1.53691e-19 1.83056e-21 1.57685e-22 2.99676e-23 1.14946e-23 9.19266e-24 9.95538e-24 9.95597e-24 8.33263e-24 6.08232e-24 4.37037e-24 3.81042e-24 1.01912e-23 1.06147e-22 7.85927e-21 5.49137e-18 3.08928e-15 9.15173e-13 1.29108e-10 8.31997e-09 2.4728e-07 3.56977e-06 2.71968e-05 0.000120269 0.000332247 0.000588976 0.000680465 0.000547962 0.000340396 0.000175076 7.50818e-05 2.47352e-05 4.49939e-06 0 
0 0.000132799 2.62606e-05 4.95032e-07 1.32936e-09 7.13426e-13 1.16427e-16 4.69381e-20 1.47433e-21 1.69485e-22 3.35233e-23 9.19267e-24 4.06086e-24 3.06331e-24 2.73952e-24 2.25198e-24 1.66105e-24 1.26228e-24 1.56768e-24 5.44096e-24 4.40475e-23 1.32165e-21 5.97733e-19 5.01846e-16 2.14641e-13 4.17721e-11 3.53957e-09 1.3186e-07 2.27907e-06 1.9938e-05 9.78205e-05 0.000293045 0.000556059 0.000678269 0.000565671 0.000357699 0.000185351 7.97064e-05 2.6283e-05 4.78234e-06 0 
0 0.000126675 2.26609e-05 3.65249e-07 7.92305e-10 3.26861e-13 3.94662e-17 3.67384e-20 1.63006e-21 2.05506e-22 4.05102e-23 9.95538e-24 3.06331e-24 1.37883e-24 9.08274e-25 6.80011e-25 5.18005e-25 5.06335e-25 1.04815e-24 4.38189e-24 3.21214e-23 6.6097e-22 1.72706e-19 1.78963e-16 9.42308e-14 2.19999e-11 2.17654e-09 9.21446e-08 1.7637e-06 1.66869e-05 8.68079e-05 0.00027206 0.000536104 0.00067435 0.000574035 0.000366876 0.000190974 8.22635e-05 2.71418e-05 4.93951e-06 0 
0 0.000125204 2.19416e-05 3.42539e-07 7.11448e-10 2.78205e-13 3.15942e-17 3.47099e-20 1.63226e-21 2.10071e-22 4.14689e-23 9.95597e-24 2.73952e-24 9.08274e-25 4.07616e-25 2.49091e-25 2.05206e-25 3.05322e-25 9.09855e-25 4.10883e-24 2.9677e-23 5.73161e-22 1.33927e-19 1.44472e-16 7.9378e-14 1.92362e-11 1.96449e-09 8.5375e-08 1.66855e-06 1.60397e-05 8.44272e-05 0.000266998 0.000530272 0.00067162 0.000574542 0.000368208 0.000191904 8.27041e-05 2.72919e-05 4.9671e-06 0 
0 0.000128162 2.37655e-05 4.05486e-07 9.50751e-10 4.31719e-13 5.81772e-17 3.6841e-20 1.43912e-21 1.75682e-22 3.45774e-23 8.33263e-24 2.25198e-24 6.80012e-25 2.49091e-25 1.30101e-25 1.24218e-25 2.57465e-25 8.89482e-25 4.21635e-24 3.30459e-23 7.90068e-22 2.67014e-19 2.57466e-16 1.25753e-13 2.74922e-11 2.57204e-09 1.03971e-07 1.91763e-06 1.76277e-05 8.97184e-05 0.000276532 0.000537957 0.000670556 0.000567864 0.000362107 0.00018834 8.11093e-05 2.67594e-05 4.86985e-06 0 
0 0.000135294 2.84737e-05 5.92406e-07 1.82061e-09 1.15385e-12 2.27813e-16 5.6646e-20 1.26871e-21 1.33583e-22 2.53635e-23 6.08232e-24 1.66105e-24 5.18005e-25 2.05206e-25 1.24218e-25 1.37054e-25 2.91084e-25 1.00581e-24 5.10704e-24 4.91123e-23 2.10567e-21 1.2875e-18 9.39898e-16 3.52872e-13 6.12712e-11 4.71158e-09 1.61982e-07 2.62498e-06 2.18406e-05 0.000103143 0.000300141 0.000557124 0.000669484 0.000553865 0.000349062 0.000180676 7.76729e-05 2.56109e-05 4.66001e-06 0 
0 0.000146224 3.70747e-05 1.03163e-06 4.71333e-09 4.86846e-12 1.68047e-15 3.39243e-19 1.95831e-21 1.29719e-22 1.96654e-23 4.37037e-24 1.26228e-24 5.06335e-25 3.05322e-25 2.57465e-25 2.91084e-25 5.03727e-25 1.54626e-24 9.12157e-24 1.43804e-22 1.91432e-20 1.31449e-17 6.26921e-15 1.5999e-12 1.98054e-10 1.14179e-08 3.09453e-07 4.14794e-06 2.98241e-05 0.000126192 0.000337232 0.000583801 0.000664859 0.000531861 0.000329665 0.000169475 7.26784e-05 2.39447e-05 4.35574e-06 0 
0 0.000160292 5.13166e-05 2.05099e-06 1.53527e-08 2.91304e-11 2.01328e-14 7.79252e-18 7.17607e-21 1.58042e-22 1.64803e-23 3.81042e-24 1.56768e-24 1.04814e-24 9.09855e-25 8.89481e-25 1.00581e-24 1.54626e-24 4.24093e-24 3.29104e-23 1.54391e-21 5.55467e-19 2.37074e-16 6.63282e-14 1.04536e-11 8.47668e-10 3.40798e-08 6.86033e-07 7.25675e-06 4.35047e-05 0.000160472 0.000385178 0.000610893 0.000651608 0.000501036 0.000304687 0.00015543 6.64724e-05 2.18803e-05 3.9791e-06 0 
0 0.000176339 7.36951e-05 4.44082e-06 5.81655e-08 2.19883e-10 3.33577e-13 2.9929e-16 2.50454e-19 9.0817e-22 4.3059e-23 1.01912e-23 5.44096e-24 4.38188e-24 4.10883e-24 4.21635e-24 5.10703e-24 9.12157e-24 3.29104e-23 6.6087e-22 1.03694e-19 2.7888e-17 6.24201e-15 9.52292e-13 8.65965e-11 4.32641e-09 1.15029e-07 1.64652e-06 1.32935e-05 6.48594e-05 0.000204825 0.000435351 0.000626638 0.000623733 0.000460886 0.000275131 0.000139332 5.94353e-05 1.95478e-05 3.55402e-06 0 
0 0.000192556 0.00010715 9.99109e-06 2.36962e-07 1.86267e-09 6.51173e-12 1.42703e-14 2.85369e-17 7.9084e-20 8.98946e-22 1.06147e-22 4.40475e-23 3.21214e-23 2.9677e-23 3.30459e-23 4.91123e-23 1.43804e-22 1.54391e-21 1.03694e-19 1.32477e-17 1.77033e-15 1.98447e-13 1.58038e-11 7.93124e-10 2.33534e-08 3.93884e-07 3.87496e-06 2.33531e-05 9.17487e-05 0.000247347 0.00046652 0.000613625 0.000575308 0.000411608 0.000242234 0.000122011 5.19519e-05 1.70768e-05 3.10425e-06 0 
0 0.000206493 0.000154131 2.23676e-05 9.6542e-07 1.58896e-08 1.29084e-10 6.9676e-13 3.45699e-15 2.19097e-17 2.44587e-19 7.85927e-21 1.32165e-21 6.6097e-22 5.73161e-22 7.90068e-22 2.10567e-21 1.91432e-20 5.55467e-19 2.7888e-17 1.77033e-15 1.14948e-13 6.36091e-12 2.58431e-10 6.9078e-09 1.14055e-07 1.1525e-06 7.43335e-06 3.28197e-05 0.000105329 0.000251376 0.000439627 0.000550817 0.000501991 0.000354314 0.000207412 0.000104289 4.43837e-05 1.45874e-05 2.65164e-06 0 
0 0.000215342 0.000214846 4.80222e-05 3.6973e-06 1.24362e-07 2.28611e-09 2.95501e-11 3.53337e-13 5.16108e-15 1.1952e-16 5.49137e-18 5.97733e-19 1.72706e-19 1.33927e-19 2.67014e-19 1.2875e-18 1.31449e-17 2.37074e-16 6.24201e-15 1.98447e-13 6.36091e-12 1.74438e-10 3.54273e-09 4.73997e-08 3.90725e-07 2.0287e-06 7.53163e-06 2.35767e-05 6.73964e-05 0.000166426 0.000315625 0.000423791 0.000403334 0.000291154 0.000172169 8.6921e-05 3.70478e-05 1.21826e-05 2.21491e-06 0 
0 0.000216511 0.000285016 9.60182e-05 1.26838e-05 8.299e-07 3.26788e-08 9.54848e-10 2.59669e-11 8.26877e-13 3.82399e-14 3.08928e-15 5.01846e-16 1.78963e-16 1.44472e-16 2.57466e-16 9.39898e-16 6.26921e-15 6.63282e-14 9.52292e-13 1.58038e-11 2.58431e-10 3.54273e-09 3.4265e-08 1.95443e-07 5.81693e-07 9.83212e-07 1.40688e-06 2.85145e-06 9.7611e-06 4.07959e-05 0.000130387 0.000249167 0.000286662 0.00022556 0.000138045 7.05629e-05 3.02011e-05 9.94443e-06 1.80872e-06 0 
0 0.000208364 0.000354344 0.00017488 3.77024e-05 4.48721e-06 3.50872e-07 2.14051e-08 1.22312e-09 7.87803e-11 6.80525e-12 9.15173e-13 2.14641e-13 9.42308e-14 7.9378e-14 1.25753e-13 3.52872e-13 1.5999e-12 1.04536e-11 8.65965e-11 7.93124e-10 6.9078e-09 4.73997e-08 1.95443e-07 3.32135e-07 1.66434e-07 2.93871e-08 5.6937e-09 5.79707e-09 5.1097e-08 1.24713e-06 1.90174e-05 9.42102e-05 0.000171394 0.000162701 0.000106611 5.57526e-05 2.40342e-05 7.93101e-06 1.44343e-06 0 
0 0.000190864 0.00040759 0.00028524 9.52171e-05 1.91038e-05 2.71417e-06 3.1482e-07 3.44461e-08 4.11231e-09 6.14233e-10 1.29108e-10 4.17721e-11 2.19999e-11 1.92362e-11 2.74922e-11 6.12712e-11 1.98054e-10 8.47668e-10 4.32641e-09 2.33534e-08 1.14055e-07 3.90725e-07 5.81693e-07 1.66434e-07 3.82324e-09 9.11043e-12 2.86292e-14 7.80245e-15 9.48285e-13 1.29506e-09 5.78063e-07 1.97368e-05 8.38688e-05 0.000109105 7.93961e-05 4.28905e-05 1.86678e-05 6.17715e-06 1.12511e-06 0 
0 0.000165786 0.000429559 0.000410652 0.000202161 6.34616e-05 1.49253e-05 2.97744e-06 5.64614e-07 1.13798e-07 2.70717e-08 8.31997e-09 3.53957e-09 2.17654e-09 1.96449e-09 2.57204e-09 4.71158e-09 1.14179e-08 3.40798e-08 1.15029e-07 3.93884e-07 1.1525e-06 2.0287e-06 9.83212e-07 2.93871e-08 9.11043e-12 4.945e-16 2.16044e-15 1.70166e-15 1.40373e-14 5.88343e-14 4.55897e-09 2.63701e-06 3.60229e-05 6.9919e-05 5.75313e-05 3.2199e-05 1.41532e-05 4.69592e-06 8.55939e-07 0 
0 0.00013632 0.000412451 0.000515162 0.000357855 0.000164975 5.89022e-05 1.83093e-05 5.4443e-06 1.6863e-06 5.88309e-07 2.4728e-07 1.3186e-07 9.21446e-08 8.5375e-08 1.03971e-07 1.61982e-07 3.09453e-07 6.86033e-07 1.64652e-06 3.87496e-06 7.43335e-06 7.53163e-06 1.40688e-06 5.6937e-09 2.86292e-14 2.16044e-15 8.08403e-16 1.16894e-15 4.72317e-15 5.68086e-14 5.71561e-11 4.43586e-07 1.68829e-05 4.55983e-05 4.12393e-05 2.36749e-05 1.04757e-05 3.48174e-06 6.34908e-07 0 
0 0.000106146 0.000360682 0.000558408 0.000522454 0.000336671 0.000170323 7.56722e-05 3.21601e-05 1.40013e-05 6.61993e-06 3.56977e-06 2.27907e-06 1.7637e-06 1.66855e-06 1.91763e-06 2.62498e-06 4.14794e-06 7.25675e-06 1.32935e-05 2.33531e-05 3.28197e-05 2.35767e-05 2.85145e-06 5.79707e-09 7.80245e-15 1.70166e-15 1.16894e-15 3.41833e-15 1.42673e-14 2.02442e-13 1.52056e-11 2.30858e-07 1.11871e-05 3.23439e-05 2.96983e-05 1.7095e-05 7.56661e-06 2.51481e-06 4.58571e-07 0 
0 7.8422e-05 0.00028875 0.000523525 0.000623163 0.000536351 0.000366177 0.000218239 0.000123027 6.97332e-05 4.1654e-05 2.71968e-05 1.9938e-05 1.66869e-05 1.60397e-05 1.76277e-05 2.18406e-05 2.98241e-05 4.35047e-05 6.48594e-05 9.17487e-05 0.000105329 6.73964e-05 9.7611e-06 5.1097e-08 9.48285e-13 1.40373e-14 4.72317e-15 1.42673e-14 2.8024e-15 2.03296e-15 2.04087e-10 4.8477e-07 1.12512e-05 2.5336e-05 2.15258e-05 1.2109e-05 5.32429e-06 1.76623e-06 3.21898e-07 0 
0 5.5119e-05 0.000213559 0.000429989 0.000609436 0.000661887 0.000584188 0.000447886 0.00031883 0.000222774 0.00015934 0.000120269 9.78205e-05 8.68079e-05 8.44272e-05 8.97184e-05 0.000103143 0.000126192 0.000160472 0.000204825 0.000247347 0.000251376 0.000166426 4.07959e-05 1.24713e-06 1.29506e-09 5.88343e-14 5.68087e-14 2.02442e-13 2.03296e-15 3.9742e-12 1.78551e-08 2.09706e-06 1.4125e-05 2.07762e-05 1.5463e-05 8.3661e-06 3.63777e-06 1.20297e-06 2.19051e-07 0 
0 3.69283e-05 0.000147381 0.000315882 0.000500292 0.000639788 0.000689847 0.00065305 0.000567621 0.000473122 0.000392188 0.000332247 0.000293045 0.00027206 0.000266998 0.000276532 0.000300141 0.000337232 0.000385178 0.000435351 0.00046652 0.000439627 0.000315625 0.000130387 1.90174e-05 5.78063e-07 4.55897e-09 5.71561e-11 1.52056e-11 2.04087e-10 1.78551e-08 8.43144e-07 7.5691e-06 1.67736e-05 1.64829e-05 1.0757e-05 5.59053e-06 2.40218e-06 7.9165e-07 1.44012e-07 0 
0 2.35856e-05 9.56293e-05 0.000211964 0.000357179 0.000503777 0.000619893 0.000684292 0.000696309 0.000671695 0.000630629 0.000588976 0.000556059 0.000536104 0.000530272 0.000537957 0.000557124 0.000583801 0.000610893 0.000626638 0.000613625 0.000550817 0.000423791 0.000249167 9.42102e-05 1.97368e-05 2.63701e-06 4.43586e-07 2.30858e-07 4.8477e-07 2.09706e-06 7.5691e-06 1.47392e-05 1.60975e-05 1.20013e-05 7.11267e-06 3.58247e-06 1.52442e-06 5.00904e-07 9.10416e-08 0 
0 1.43173e-05 5.85035e-05 0.00013182 0.000229068 0.000339855 0.000449755 0.000544204 0.000613519 0.000655726 0.00067546 0.000680465 0.000678269 0.00067435 0.00067162 0.000670556 0.000669484 0.000664859 0.000651608 0.000623733 0.000575308 0.000501991 0.000403334 0.000286662 0.000171394 8.38688e-05 3.60229e-05 1.68829e-05 1.11871e-05 1.12512e-05 1.4125e-05 1.67736e-05 1.60975e-05 1.23244e-05 7.90162e-06 4.42318e-06 2.18386e-06 9.23165e-07 3.02704e-07 5.4982e-08 0 
0 8.20055e-06 3.36285e-05 7.63326e-05 0.000134489 0.000204188 0.000279652 0.000354122 0.000421318 0.00047686 0.000518932 0.000547962 0.000565671 0.000574035 0.000574542 0.000567864 0.000553865 0.000531861 0.000501036 0.000460886 0.000411608 0.000354314 0.000291154 0.00022556 0.000162701 0.000109105 6.9919e-05 4.55983e-05 3.23439e-05 2.5336e-05 2.07762e-05 1.64829e-05 1.20013e-05 7.90162e-06 4.72374e-06 2.56923e-06 1.25481e-06 5.28398e-07 1.73036e-07 3.14163e-08 0 
0 4.37204e-06 1.7956e-05 4.08839e-05 7.24438e-05 0.000111039 0.000154271 0.000199186 0.000242684 0.000281983 0.000314979 0.000340396 0.000357699 0.000366876 0.000368208 0.000362107 0.000349062 0.000329665 0.000304687 0.000275131 0.000242234 0.000207412 0.000172169 0.000138045 0.000106611 7.93961e-05 5.75313e-05 4.12393e-05 2.96983e-05 2.15258e-05 1.5463e-05 1.0757e-05 7.11267e-06 4.42318e-06 2.56923e-06 1.37955e-06 6.70248e-07 2.81681e-07 9.21769e-08 1.67315e-08 0 
0 2.11721e-06 8.70077e-06 1.98348e-05 3.52234e-05 5.41853e-05 7.56933e-05 9.84613e-05 0.000121076 0.00014215 0.000160465 0.000175076 0.000185351 0.000190974 0.000191904 0.00018834 0.000180676 0.000169475 0.00015543 0.000139332 0.000122011 0.000104289 8.6921e-05 7.05629e-05 5.57526e-05 4.28905e-05 3.2199e-05 2.36749e-05 1.7095e-05 1.2109e-05 8.3661e-06 5.59053e-06 3.58247e-06 2.18386e-06 1.25481e-06 6.70248e-07 3.24892e-07 1.36414e-07 4.46239e-08 8.09885e-09 0 
0 8.88555e-07 3.65243e-06 8.3301e-06 1.48048e-05 2.28044e-05 3.1918e-05 4.16284e-05 5.13574e-05 6.05203e-05 6.85778e-05 7.50818e-05 7.97064e-05 8.22635e-05 8.27041e-05 8.11093e-05 7.76729e-05 7.26784e-05 6.64724e-05 5.94353e-05 5.19519e-05 4.43837e-05 3.70478e-05 3.02011e-05 2.40342e-05 1.86678e-05 1.41532e-05 1.04757e-05 7.56661e-06 5.32429e-06 3.63777e-06 2.40218e-06 1.52442e-06 9.23165e-07 5.28398e-07 2.81681e-07 1.36414e-07 5.72533e-08 1.87258e-08 3.39836e-09 0 
0 2.90609e-07 1.19466e-06 2.72511e-06 4.8446e-06 7.46568e-06 1.04561e-05 1.36492e-05 1.68576e-05 1.98897e-05 2.25663e-05 2.47352e-05 2.6283e-05 2.71418e-05 2.72919e-05 2.67594e-05 2.56109e-05 2.39447e-05 2.18803e-05 1.95478e-05 1.70768e-05 1.45874e-05 1.21826e-05 9.94443e-06 7.93101e-06 6.17715e-06 4.69592e-06 3.48174e-06 2.51481e-06 1.76623e-06 1.20297e-06 7.9165e-07 5.00904e-07 3.02704e-07 1.73036e-07 9.21769e-08 4.46239e-08 1.87258e-08 6.12418e-09 1.11139e-09 0 
0 5.27388e-08 2.16811e-07 4.94589e-07 8.79346e-07 1.3553e-06 1.89859e-06 2.47908e-06 3.06288e-06 3.6152e-06 4.10335e-06 4.49939e-06 4.78234e-06 4.93951e-06 4.9671e-06 4.86985e-06 4.66001e-06 4.35574e-06 3.9791e-06 3.55402e-06 3.10425e-06 2.65164e-06 2.21491e-06 1.80872e-06 1.44343e-06 1.12511e-06 8.55939e-07 6.34908e-07 4.58571e-07 3.21898e-07 2.19051e-07 1.44012e-07 9.10416e-08 5.4982e-08 3.14163e-08 1.67315e-08 8.09885e-09 3.39836e-09 1.11139e-09 2.01686e-10 0 
0 0 0 0 0 0 0 0 0 0 0 0 0 0 0 0 0 0 0 0 0 0 0 0 0 0 0 0 0 0 0 0 0 0 0 0 0 0 0 0 0 
