0 0 0 0 0 0 0 0 0 0 0 0 0 0 0 0 0 0 0 0 0 0 0 0 0 0 0 0 0 0 0 0 0 0 0 0 0 0 0 0 0 
0 1.34069e-05 5.32502e-05 0.000113952 0.000182545 0.000242296 0.000280607 0.000294484 0.00028919 0.000273127 0.000253742 0.00023601 0.000222625 0.000214744 0.000212657 0.000216189 0.000224833 0.000237703 0.000253369 0.000269699 0.000283828 0.000292411 0.000292225 0.000281049 0.000258509 0.000226465 0.000188619 0.000149431 0.000112848 8.14656e-05 5.63475e-05 3.73701e-05 2.37275e-05 1.43581e-05 8.211e-06 4.37441e-06 2.11768e-06 8.88632e-07 2.90618e-07 5.27395e-08 0 
0 5.32502e-05 0.000201353 0.00039092 0.000531841 0.000559071 0.000485005 0.000369768 0.000262664 0.000182783 0.000129806 9.71296e-05 7.83822e-05 6.92158e-05 6.72783e-05 7.18197e-05 8.34097e-05 0.000103803 0.000135798 0.000182779 0.000247541 0.000330055 0.000424489 0.000517015 0.000587194 0.000614841 0.000590012 0.00051902 0.000421018 0.00031791 0.000225679 0.000151759 9.70181e-05 5.88933e-05 3.37255e-05 1.79773e-05 8.70484e-06 3.65308e-06 1.19474e-06 2.16816e-07 0 
0 0.000113952 0.00039092 0.000625298 0.000621555 0.000429769 0.00023019 0.000105939 4.57934e-05 2.00418e-05 9.46614e-06 5.08575e-06 3.23375e-06 2.49501e-06 2.35811e-06 2.71494e-06 3.73646e-06 5.96863e-06 1.06684e-05 2.04968e-05 4.06533e-05 8.0144e-05 0.00015181 0.000268254 0.000430908 0.000615268 0.00076746 0.000829371 0.000779761 0.000648067 0.00048674 0.00033732 0.000218845 0.000133734 7.67995e-05 4.09838e-05 1.98534e-05 8.33297e-06 2.72545e-06 4.9461e-07 0 
0 0.000182545 0.000531841 0.000621555 0.000386744 0.000150728 4.30128e-05 1.0279e-05 2.3133e-06 5.4613e-07 1.49185e-07 5.12593e-08 2.36102e-08 1.51741e-08 1.38092e-08 1.76179e-08 3.05217e-08 6.83468e-08 1.86104e-07 5.76377e-07 1.89928e-06 6.26075e-06 1.95808e-05 5.56843e-05 0.000139337 0.000298816 0.000536516 0.000790483 0.000946925 0.000932193 0.000777424 0.000570664 0.000380891 0.000235751 0.000136106 7.27836e-05 3.52849e-05 1.48141e-05 4.84566e-06 8.79412e-07 0 
0 0.000242296 0.000559071 0.000429769 0.000150728 2.99278e-05 4.04509e-06 4.37622e-07 4.43246e-08 4.90012e-09 6.82061e-10 1.35118e-10 4.18341e-11 2.14663e-11 1.8646e-11 2.69963e-11 6.21001e-11 2.10822e-10 9.64124e-10 5.37496e-09 3.30591e-08 2.04556e-07 1.17672e-06 5.91564e-06 2.48737e-05 8.50289e-05 0.000231789 0.000494811 0.000812224 0.00101935 0.00100096 0.00080798 0.000566008 0.000358116 0.000208646 0.000111968 5.43507e-05 2.28288e-05 7.46841e-06 1.35547e-06 0 
0 0.000280607 0.000485005 0.00023019 4.30128e-05 4.04509e-06 2.35074e-07 1.03075e-08 4.19402e-10 1.94867e-11 1.25581e-12 1.32661e-13 2.60977e-14 1.03559e-14 8.52837e-15 1.42635e-14 4.53425e-14 2.47491e-13 2.0456e-12 2.23146e-11 2.7999e-10 3.55768e-09 4.10422e-08 3.94524e-07 2.97603e-06 1.70079e-05 7.24936e-05 0.000228855 0.000529562 0.000885984 0.00107724 0.000995176 0.000749514 0.000490542 0.000289873 0.000156405 7.60697e-05 3.19728e-05 1.04621e-05 1.89894e-06 0 
0 0.000294484 0.000369768 0.000105939 1.0279e-05 4.37622e-07 1.03075e-08 1.71687e-10 2.62939e-12 4.82874e-14 1.3646e-15 7.35376e-17 8.90734e-18 2.68992e-18 2.09384e-18 4.07655e-18 1.82919e-17 1.65919e-16 2.58343e-15 5.78052e-14 1.55611e-12 4.27438e-11 1.03982e-09 2.00342e-08 2.82616e-07 2.78906e-06 1.89397e-05 8.87523e-05 0.000288755 0.000649144 0.00100229 0.00109274 0.000905366 0.000620721 0.000374135 0.000203417 9.92052e-05 4.17355e-05 1.36608e-05 2.47976e-06 0 
0 0.00028919 0.000262664 4.57934e-05 2.3133e-06 4.43246e-08 4.19402e-10 2.62939e-12 1.50255e-14 1.08195e-16 1.33395e-18 3.87209e-20 4.06457e-21 1.50216e-21 1.23917e-21 2.00947e-21 8.06668e-21 1.01454e-19 2.9292e-18 1.35164e-16 7.85689e-15 4.69726e-13 2.4268e-11 9.44017e-10 2.50812e-08 4.29881e-07 4.65798e-06 3.21781e-05 0.000144812 0.000430235 0.000841544 0.00109669 0.0010154 0.000736991 0.000455454 0.000250053 0.000122375 5.15435e-05 1.68775e-05 3.06403e-06 0 
0 0.000273127 0.000182783 2.00418e-05 5.4613e-07 4.90012e-09 1.94867e-11 4.82874e-14 1.08195e-16 3.21604e-19 2.13586e-21 8.77502e-23 1.80166e-23 9.23785e-24 8.0573e-24 1.07509e-23 2.67718e-23 1.71288e-22 4.86683e-21 4.16181e-19 5.01627e-17 6.27671e-15 6.63247e-13 5.03162e-11 2.44191e-09 7.08099e-08 1.1968e-06 1.19209e-05 7.23195e-05 0.000275882 0.000668724 0.00103508 0.00107561 0.000831185 0.000528465 0.000293419 0.00014418 6.08104e-05 1.99206e-05 3.61698e-06 0 
0 0.000253742 0.000129806 9.46614e-06 1.49185e-07 6.82061e-10 1.25581e-12 1.3646e-15 1.33395e-18 2.13586e-21 1.75761e-23 1.09e-24 3.50304e-25 2.31202e-25 2.1012e-25 2.41663e-25 4.1123e-25 1.56769e-24 2.7496e-23 2.53512e-21 5.53338e-19 1.33299e-16 2.65954e-14 3.6528e-12 3.0293e-10 1.40285e-08 3.52326e-07 4.85742e-06 3.82868e-05 0.000180846 0.00052562 0.000946129 0.00109508 0.0009002 0.0005892 0.000330995 0.000163336 6.8988e-05 2.26098e-05 4.10583e-06 0 
0 0.00023601 9.71296e-05 5.08575e-06 5.12593e-08 1.35118e-10 1.32661e-13 7.35376e-17 3.87209e-20 8.77504e-23 1.09e-24 5.77025e-26 1.67642e-26 1.23222e-26 1.14634e-26 1.19352e-26 1.62263e-26 5.21313e-26 8.10767e-25 5.50306e-23 1.4047e-20 5.66534e-18 1.89957e-15 4.23741e-13 5.44559e-11 3.69873e-09 1.28482e-07 2.31138e-06 2.25422e-05 0.000126301 0.000423403 0.000859861 0.00108934 0.000945516 0.000635413 0.000360853 0.000178779 7.56119e-05 2.47914e-05 4.50259e-06 0 
0 0.000222625 7.83822e-05 3.23375e-06 2.36102e-08 4.18341e-11 2.60977e-14 8.90734e-18 4.06457e-21 1.80167e-23 3.50306e-25 1.67643e-26 2.0585e-27 1.01858e-27 9.0536e-28 8.94427e-28 1.26593e-27 6.32373e-27 1.1575e-25 5.92551e-24 1.08359e-21 5.75286e-19 2.80282e-16 8.87453e-14 1.56504e-11 1.40214e-09 6.1589e-08 1.34333e-06 1.52778e-05 9.67011e-05 0.000358457 0.000792992 0.00107348 0.000971241 0.000666391 0.000381751 0.000189742 8.03365e-05 2.63497e-05 4.78613e-06 0 
0 0.000214744 6.92158e-05 2.49501e-06 1.51741e-08 2.14663e-11 1.03559e-14 2.68992e-18 1.50216e-21 9.23788e-24 2.31204e-25 1.23223e-26 1.01859e-27 1.6772e-28 9.15932e-29 9.49316e-29 2.71131e-28 2.64018e-27 4.9862e-26 2.07427e-24 2.83338e-22 1.56027e-19 9.37407e-17 3.62201e-14 7.64754e-12 8.02164e-10 4.02771e-08 9.80467e-07 1.21713e-05 8.25505e-05 0.000323832 0.00075207 0.00105831 0.000981861 0.000682429 0.000393102 0.000195789 8.29559e-05 2.72151e-05 4.94367e-06 0 
0 0.000212657 6.72783e-05 2.35811e-06 1.38092e-08 1.8646e-11 8.52837e-15 2.09384e-18 1.23918e-21 8.05733e-24 2.10121e-25 1.14635e-26 9.0537e-28 9.15941e-29 1.90144e-29 2.66064e-29 1.83348e-28 2.19445e-27 4.14376e-26 1.65615e-24 2.14002e-22 1.17059e-19 7.34567e-17 2.96043e-14 6.49494e-12 7.04642e-10 3.64114e-08 9.07556e-07 1.14807e-05 7.90438e-05 0.000314052 0.000738018 0.00104932 0.000980597 0.000684273 0.000394876 0.000196812 8.34108e-05 2.73667e-05 4.97135e-06 0 
0 0.000216189 7.18197e-05 2.71494e-06 1.76179e-08 2.69963e-11 1.42635e-14 4.07655e-18 2.00947e-21 1.07509e-23 2.41665e-25 1.19353e-26 8.94437e-28 9.49323e-29 2.66063e-29 4.09813e-29 2.4457e-28 2.8978e-27 5.93137e-26 2.73806e-24 4.23533e-22 2.35216e-19 1.31497e-16 4.74588e-14 9.42719e-12 9.37804e-10 4.50307e-08 1.05683e-06 1.27441e-05 8.45293e-05 0.000326159 0.000748917 0.00104701 0.000968663 0.00067273 0.000387488 0.000193006 8.17816e-05 2.68306e-05 4.8739e-06 0 
0 0.000224833 8.34097e-05 3.73646e-06 3.05217e-08 6.21001e-11 4.53425e-14 1.82919e-17 8.06668e-21 2.67719e-23 4.11232e-25 1.62264e-26 1.26594e-27 2.71129e-28 1.83346e-28 2.44568e-28 7.78352e-28 7.34761e-27 1.69926e-25 1.05633e-23 2.34306e-21 1.16032e-18 4.97743e-16 1.40013e-13 2.22117e-11 1.81531e-09 7.37979e-08 1.51086e-06 1.6343e-05 9.95655e-05 0.000359068 0.000780545 0.00104754 0.000945289 0.000648557 0.00037172 0.000184827 7.82708e-05 2.56744e-05 4.66363e-06 0 
0 0.000237703 0.000103803 5.96863e-06 6.83468e-08 2.10822e-10 2.47491e-13 1.65919e-16 1.01454e-19 1.71288e-22 1.5677e-24 5.21314e-26 6.3237e-27 2.64015e-27 2.19443e-27 2.89778e-27 7.34758e-27 5.47051e-26 1.42838e-24 1.29257e-22 3.48466e-20 1.22157e-17 3.5374e-15 6.8914e-13 7.84558e-11 4.79665e-09 1.52476e-07 2.55116e-06 2.35013e-05 0.000126231 0.000411663 0.000825047 0.00104316 0.000908312 0.000612566 0.000348664 0.000172936 7.31771e-05 2.39978e-05 4.35878e-06 0 
0 0.000253369 0.000135798 1.06684e-05 1.86104e-07 9.64124e-10 2.0456e-12 2.58343e-15 2.9292e-18 4.86683e-21 2.7496e-23 8.10766e-25 1.1575e-25 4.98617e-26 4.14373e-26 5.93134e-26 1.69925e-25 1.42838e-24 4.72683e-23 5.42423e-21 1.08161e-18 2.30073e-16 4.07311e-14 5.00842e-12 3.76041e-10 1.59644e-08 3.72414e-07 4.83342e-06 3.63735e-05 0.000166676 0.000478922 0.000868307 0.00102284 0.000855096 0.000565843 0.000319675 0.000158147 6.68642e-05 2.19222e-05 3.98151e-06 0 
0 0.000269699 0.000182779 2.04968e-05 5.76377e-07 5.37496e-09 2.23146e-11 5.78052e-14 1.35164e-16 4.16181e-19 2.53512e-21 5.50305e-23 5.9255e-24 2.07426e-24 1.65615e-24 2.73805e-24 1.05633e-23 1.29257e-22 5.42423e-21 4.65379e-19 5.35546e-17 6.39584e-15 6.46063e-13 4.69418e-11 2.18618e-09 6.09741e-08 9.94623e-07 9.61966e-06 5.72947e-05 0.000218704 0.000544853 0.000887103 0.000973506 0.000783509 0.000509911 0.0002863 0.000141351 5.97274e-05 1.95792e-05 3.55584e-06 0 
0 0.000283828 0.000247541 4.06533e-05 1.89928e-06 3.30591e-08 2.7999e-10 1.55611e-12 7.85689e-15 5.01627e-17 5.53338e-19 1.4047e-20 1.08359e-21 2.83338e-22 2.14002e-22 4.23532e-22 2.34306e-21 3.48466e-20 1.08161e-18 5.35546e-17 3.35741e-15 2.16392e-13 1.19785e-11 4.93506e-10 1.36687e-08 2.40062e-07 2.62999e-06 1.83166e-05 8.42743e-05 0.000264812 0.000572837 0.000848397 0.000882126 0.000692655 0.000446749 0.000250185 0.000123452 5.21614e-05 1.70995e-05 3.10557e-06 0 
0 0.000292411 0.000330055 8.0144e-05 6.26075e-06 2.04556e-07 3.55768e-09 4.27438e-11 4.69726e-13 6.27671e-15 1.33299e-16 5.66534e-18 5.75286e-19 1.56027e-19 1.17059e-19 2.35216e-19 1.16032e-18 1.22157e-17 2.30073e-16 6.39584e-15 2.16392e-13 7.44015e-12 2.22086e-10 5.06592e-09 8.05372e-08 8.48462e-07 5.90435e-06 2.82338e-05 9.81913e-05 0.000257238 0.000503612 0.0007157 0.000738638 0.000583188 0.000378648 0.000212951 0.0001053 4.45321e-05 1.46035e-05 2.6526e-06 0 
0 0.000292225 0.000424489 0.00015181 1.95808e-05 1.17672e-06 4.10422e-08 1.03982e-09 2.4268e-11 6.63247e-13 2.65954e-14 1.89957e-15 2.80282e-16 9.37407e-17 7.34567e-17 1.31497e-16 4.97743e-16 3.5374e-15 4.07311e-14 6.46063e-13 1.19785e-11 2.22086e-10 3.5745e-09 4.41651e-08 3.79902e-07 2.15825e-06 8.30328e-06 2.42432e-05 6.18763e-05 0.00014643 0.000300515 0.000475134 0.000542141 0.000457825 0.000308106 0.000176107 8.76477e-05 3.71551e-05 1.21944e-05 2.2156e-06 0 
0 0.000281049 0.000517015 0.000268254 5.56843e-05 5.91564e-06 3.94524e-07 2.00342e-08 9.44017e-10 5.03162e-11 3.6528e-12 4.23741e-13 8.87453e-14 3.62201e-14 2.96043e-14 4.74588e-14 1.40013e-13 6.8914e-13 5.00842e-12 4.69418e-11 4.93506e-10 5.06592e-09 4.41651e-08 2.82292e-07 1.13827e-06 2.62446e-06 3.75735e-06 4.75169e-06 8.28546e-06 2.30269e-05 7.61389e-05 0.000196473 0.000316627 0.000323786 0.000238086 0.000141042 7.112e-05 3.02833e-05 9.95341e-06 1.80925e-06 0 
0 0.000258509 0.000587194 0.000430908 0.000139337 2.48737e-05 2.97603e-06 2.82616e-07 2.50812e-08 2.44191e-09 3.0293e-10 5.44559e-11 1.56504e-11 7.64754e-12 6.49494e-12 9.42719e-12 2.22117e-11 7.84558e-11 3.76041e-10 2.18618e-09 1.36687e-08 8.05372e-08 3.79902e-07 1.13827e-06 1.5749e-06 7.61593e-07 1.52061e-07 3.39037e-08 3.27094e-08 2.07392e-07 3.22544e-06 3.32559e-05 0.000126592 0.00019726 0.00017272 0.000109094 5.62132e-05 2.41013e-05 7.93823e-06 1.44385e-06 0 
0 0.000226465 0.000614841 0.000615268 0.000298816 8.50289e-05 1.70079e-05 2.78906e-06 4.29881e-07 7.08099e-08 1.40285e-08 3.69873e-09 1.40214e-09 8.02164e-10 7.04642e-10 9.37804e-10 1.81531e-09 4.79665e-09 1.59644e-08 6.09741e-08 2.40062e-07 8.48462e-07 2.15825e-06 2.62446e-06 7.61593e-07 2.49924e-08 1.16489e-10 8.24335e-13 2.79343e-13 1.40821e-11 7.30551e-09 1.45753e-06 3.04244e-05 0.000100961 0.000117392 8.15489e-05 4.32866e-05 1.87243e-05 6.1831e-06 1.12545e-06 0 
0 0.000188619 0.000590012 0.00076746 0.000536516 0.000231789 7.24936e-05 1.89397e-05 4.65798e-06 1.1968e-06 3.52326e-07 1.28482e-07 6.1589e-08 4.02771e-08 3.64114e-08 4.50307e-08 7.37979e-08 1.52476e-07 3.72414e-07 9.94623e-07 2.62999e-06 5.90435e-06 8.30328e-06 3.75735e-06 1.52061e-07 1.16489e-10 2.10062e-15 1.23703e-15 2.90528e-15 6.56015e-17 1.10109e-12 2.00284e-08 4.97734e-06 4.61443e-05 7.65417e-05 5.93572e-05 3.25324e-05 1.41997e-05 4.70071e-06 8.56206e-07 0 
0 0.000149431 0.00051902 0.000829371 0.000790483 0.000494811 0.000228855 8.87523e-05 3.21781e-05 1.19209e-05 4.85742e-06 2.31138e-06 1.34333e-06 9.80467e-07 9.07556e-07 1.05683e-06 1.51086e-06 2.55116e-06 4.83342e-06 9.61966e-06 1.83166e-05 2.82338e-05 2.42432e-05 4.75169e-06 3.39037e-08 8.24335e-13 1.23703e-15 9.66317e-17 1.46908e-16 2.27188e-17 3.07795e-16 4.21955e-10 1.00291e-06 2.27767e-05 5.05713e-05 4.26747e-05 2.39348e-05 1.05114e-05 3.48535e-06 6.35106e-07 0 
0 0.000112848 0.000421018 0.000779761 0.000946925 0.000812224 0.000529562 0.000288755 0.000144812 7.23195e-05 3.82868e-05 2.25422e-05 1.52778e-05 1.21713e-05 1.14807e-05 1.27441e-05 1.6343e-05 2.35013e-05 3.63735e-05 5.72947e-05 8.42743e-05 9.81913e-05 6.18763e-05 8.28546e-06 3.27094e-08 2.79343e-13 2.90528e-15 1.46908e-16 2.44297e-17 1.0378e-17 2.53631e-16 1.29762e-10 5.42509e-07 1.52069e-05 3.58734e-05 3.07108e-05 1.7276e-05 7.59117e-06 2.51728e-06 4.58706e-07 0 
0 8.14656e-05 0.00031791 0.000648067 0.000932193 0.00101935 0.000885984 0.000649144 0.000430235 0.000275882 0.000180846 0.000126301 9.67011e-05 8.25505e-05 7.90438e-05 8.45293e-05 9.95655e-05 0.000126231 0.000166676 0.000218704 0.000264812 0.000257238 0.00014643 2.30269e-05 2.07392e-07 1.40821e-11 6.56015e-17 2.27188e-17 1.03779e-17 6.55559e-17 6.10686e-15 1.16312e-09 9.89526e-07 1.45906e-05 2.76746e-05 2.21523e-05 1.22191e-05 5.33919e-06 1.76773e-06 3.21981e-07 0 
0 5.63475e-05 0.000225679 0.00048674 0.000777424 0.00100096 0.00107724 0.00100229 0.000841544 0.000668724 0.00052562 0.000423403 0.000358457 0.000323832 0.000314052 0.000326159 0.000359068 0.000411663 0.000478922 0.000544853 0.000572837 0.000503612 0.000300515 7.61389e-05 3.22544e-06 7.30551e-09 1.10109e-12 3.07795e-16 2.53631e-16 6.10686e-15 3.63911e-11 5.50761e-08 3.39142e-06 1.69469e-05 2.21468e-05 1.57959e-05 8.42371e-06 3.64563e-06 1.20378e-06 2.19096e-07 0 
0 3.73701e-05 0.000151759 0.00033732 0.000570664 0.00080798 0.000995176 0.00109274 0.00109669 0.00103508 0.000946129 0.000859861 0.000792992 0.00075207 0.000738018 0.000748917 0.000780545 0.000825047 0.000868307 0.000887103 0.000848397 0.0007157 0.000475134 0.000196473 3.32559e-05 1.45753e-06 2.00284e-08 4.21955e-10 1.29762e-10 1.16312e-09 5.50761e-08 1.53055e-06 9.90366e-06 1.86807e-05 1.71501e-05 1.09065e-05 5.61635e-06 2.40577e-06 7.92026e-07 1.44033e-07 0 
0 2.37275e-05 9.70181e-05 0.000218845 0.000380891 0.000566008 0.000749514 0.000905366 0.0010154 0.00107561 0.00109508 0.00108934 0.00107348 0.00105831 0.00104932 0.00104701 0.00104754 0.00104316 0.00102284 0.000973506 0.000882126 0.000738638 0.000542141 0.000316627 0.000126592 3.04244e-05 4.97734e-06 1.00291e-06 5.42509e-07 9.89526e-07 3.39142e-06 9.90366e-06 1.67711e-05 1.70101e-05 1.2263e-05 7.16911e-06 3.59238e-06 1.52584e-06 5.01057e-07 9.10506e-08 0 
0 1.43581e-05 5.88933e-05 0.000133734 0.000235751 0.000358116 0.000490542 0.000620721 0.000736991 0.000831185 0.0009002 0.000945516 0.000971241 0.000981861 0.000980597 0.000968663 0.000945289 0.000908312 0.000855096 0.000783509 0.000692655 0.000583188 0.000457825 0.000323786 0.00019726 0.000100961 4.61443e-05 2.27767e-05 1.52069e-05 1.45906e-05 1.69469e-05 1.86807e-05 1.70101e-05 1.26383e-05 7.98482e-06 4.44121e-06 2.18713e-06 9.23653e-07 3.02758e-07 5.49854e-08 0 
0 8.211e-06 3.37255e-05 7.67995e-05 0.000136106 0.000208646 0.000289873 0.000374135 0.000455454 0.000528465 0.0005892 0.000635413 0.000666391 0.000682429 0.000684273 0.00067273 0.000648557 0.000612566 0.000565843 0.000509911 0.000446749 0.000378648 0.000308106 0.000238086 0.00017272 0.000117392 7.65417e-05 5.05713e-05 3.58734e-05 2.76746e-05 2.21468e-05 1.71501e-05 1.2263e-05 7.98482e-06 4.74572e-06 2.57415e-06 1.25574e-06 5.28544e-07 1.73053e-07 3.14174e-08 0 
0 4.37441e-06 1.79773e-05 4.09838e-05 7.27836e-05 0.000111968 0.000156405 0.000203417 0.000250053 0.000293419 0.000330995 0.000360853 0.000381751 0.000393102 0.000394876 0.000387488 0.00037172 0.000348664 0.000319675 0.0002863 0.000250185 0.000212951 0.000176107 0.000141042 0.000109094 8.15489e-05 5.93572e-05 4.26747e-05 3.07108e-05 2.21523e-05 1.57959e-05 1.09065e-05 7.16911e-06 4.44121e-06 2.57415e-06 1.3807e-06 6.70477e-07 2.81719e-07 9.21815e-08 1.67318e-08 0 
0 2.11768e-06 8.70484e-06 1.98534e-05 3.52849e-05 5.43507e-05 7.60697e-05 9.92052e-05 0.000122375 0.00014418 0.000163336 0.000178779 0.000189742 0.000195789 0.000196812 0.000193006 0.000184827 0.000172936 0.000158147 0.000141351 0.000123452 0.0001053 8.76477e-05 7.112e-05 5.62132e-05 4.32866e-05 3.25324e-05 2.39348e-05 1.7276e-05 1.22191e-05 8.42371e-06 5.61635e-06 3.59238e-06 2.18713e-06 1.25574e-06 6.70477e-07 3.2494e-07 1.36422e-07 4.46249e-08 8.09892e-09 0 
0 8.88632e-07 3.65308e-06 8.33297e-06 1.48141e-05 2.28288e-05 3.19728e-05 4.17355e-05 5.15435e-05 6.08104e-05 6.8988e-05 7.56119e-05 8.03365e-05 8.29559e-05 8.34108e-05 8.17816e-05 7.82708e-05 7.31771e-05 6.68642e-05 5.97274e-05 5.21614e-05 4.45321e-05 3.71551e-05 3.02833e-05 2.41013e-05 1.87243e-05 1.41997e-05 1.05114e-05 7.59117e-06 5.33919e-06 3.64563e-06 2.40577e-06 1.52584e-06 9.23653e-07 5.28544e-07 2.81719e-07 1.36422e-07 5.72548e-08 1.8726e-08 3.39837e-09 0 
0 2.90618e-07 1.19474e-06 2.72545e-06 4.84566e-06 7.46841e-06 1.04621e-05 1.36608e-05 1.68775e-05 1.99206e-05 2.26098e-05 2.47914e-05 2.63497e-05 2.72151e-05 2.73667e-05 2.68306e-05 2.56744e-05 2.39978e-05 2.19222e-05 1.95792e-05 1.70995e-05 1.46035e-05 1.21944e-05 9.95341e-06 7.93823e-06 6.1831e-06 4.70071e-06 3.48535e-06 2.51728e-06 1.76773e-06 1.20378e-06 7.92026e-07 5.01057e-07 3.02758e-07 1.73053e-07 9.21815e-08 4.46249e-08 1.8726e-08 6.12421e-09 1.11139e-09 0 
0 5.27395e-08 2.16816e-07 4.9461e-07 8.79412e-07 1.35547e-06 1.89894e-06 2.47976e-06 3.06403e-06 3.61698e-06 4.10583e-06 4.50259e-06 4.78613e-06 4.94367e-06 4.97135e-06 4.8739e-06 4.66363e-06 4.35878e-06 3.98151e-06 3.55584e-06 3.10557e-06 2.6526e-06 2.2156e-06 1.80925e-06 1.44385e-06 1.12545e-06 8.56206e-07 6.35106e-07 4.58706e-07 3.21981e-07 2.19096e-07 1.44033e-07 9.10506e-08 5.49854e-08 3.14174e-08 1.67318e-08 8.09892e-09 3.39837e-09 1.11139e-09 2.01686e-10 0 
0 0 0 0 0 0 0 0 0 0 0 0 0 0 0 0 0 0 0 0 0 0 0 0 0 0 0 0 0 0 0 0 0 0 0 0 0 0 0 0 0 
