0 0 0 0 0 0 0 0 0 0 0 0 0 0 0 0 0 0 0 0 0 0 0 0 0 0 0 0 0 0 0 0 0 0 0 0 0 0 0 0 0 
0 1.31654e-05 5.11922e-05 0.000105669 0.000160824 0.000200727 0.000217966 0.000215189 0.000200131 0.000180447 0.000161406 0.00014582 0.000134817 0.000128633 0.000127144 0.000130126 0.000137318 0.000148334 0.000162498 0.000178628 0.000194888 0.000208799 0.000217526 0.000218467 0.000209996 0.000192114 0.000166654 0.000136858 0.000106442 7.85654e-05 5.51802e-05 3.69515e-05 2.35933e-05 1.43196e-05 8.20116e-06 4.37218e-06 2.11724e-06 8.8856e-07 2.90609e-07 5.27389e-08 0 
0 5.11922e-05 0.000183988 0.000327025 0.000393464 0.000359877 0.000272742 0.000184325 0.000117968 7.50944e-05 4.95157e-05 3.49527e-05 2.70745e-05 2.33765e-05 2.26364e-05 2.45091e-05 2.93419e-05 3.81628e-05 5.27515e-05 7.56423e-05 0.000109808 0.000157698 0.00021945 0.000290601 0.000360558 0.000413776 0.000434937 0.000416453 0.000363198 0.000290083 0.000214156 0.000147611 9.57055e-05 5.85257e-05 3.36342e-05 1.79573e-05 8.70102e-06 3.65247e-06 1.19467e-06 2.16811e-07 0 
0 0.000105669 0.000327025 0.000439577 0.000350667 0.000194389 8.51853e-05 3.26589e-05 1.19164e-05 4.46525e-06 1.84133e-06 8.86401e-07 5.21123e-07 3.84957e-07 3.61095e-07 4.27134e-07 6.23039e-07 1.0825e-06 2.14612e-06 4.6325e-06 1.03894e-05 2.31884e-05 4.96447e-05 9.90104e-05 0.000179898 0.000292679 0.000420064 0.000524945 0.000566495 0.00052876 0.00043266 0.000316981 0.000212339 0.000131929 7.63601e-05 4.08899e-05 1.98359e-05 8.33028e-06 2.72513e-06 4.94591e-07 0 
0 0.000160824 0.000393464 0.000350667 0.000161235 4.70575e-05 1.01524e-05 1.83569e-06 3.14023e-07 5.72881e-08 1.24656e-08 3.56155e-09 1.43779e-09 8.58698e-10 7.71349e-10 1.02949e-09 1.96599e-09 5.06963e-09 1.64333e-08 6.19229e-08 2.50847e-07 1.01634e-06 3.87228e-06 1.32242e-05 3.91614e-05 9.85945e-05 0.000208721 0.000368171 0.00053496 0.000634321 0.000616632 0.00050372 0.000358442 0.000229446 0.000134584 7.24642e-05 3.52271e-05 1.48053e-05 4.84467e-06 8.7935e-07 0 
0 0.000200727 0.000359877 0.000194389 4.70575e-05 6.41301e-06 5.83354e-07 4.17998e-08 2.80858e-09 2.10951e-10 2.0882e-11 3.13785e-12 7.97258e-13 3.66432e-13 3.12065e-13 4.83322e-13 1.28636e-12 5.39492e-12 3.20425e-11 2.39869e-10 2.01439e-09 1.70358e-08 1.32243e-07 8.75993e-07 4.70679e-06 1.99389e-05 6.59837e-05 0.000170971 0.000347537 0.000550521 0.000674465 0.000647305 0.000506943 0.000340864 0.000204448 0.000111095 5.41955e-05 2.28059e-05 7.46585e-06 1.35531e-06 0 
0 0.000217966 0.000272742 8.51853e-05 1.01524e-05 5.83354e-07 1.97708e-08 4.91844e-10 1.13735e-11 3.1045e-13 1.25138e-14 9.02818e-16 1.35068e-16 4.59943e-17 3.68504e-17 6.76703e-17 2.63387e-16 1.92619e-15 2.2837e-14 3.74024e-13 7.21328e-12 1.41269e-10 2.47305e-09 3.49766e-08 3.72067e-07 2.8562e-06 1.5615e-05 6.13641e-05 0.000176811 0.000378383 0.0005995 0.00070198 0.000626062 0.000451934 0.000280237 0.000154398 7.57163e-05 3.19214e-05 1.04565e-05 1.89861e-06 0 
0 0.000215189 0.000184325 3.26589e-05 1.83569e-06 4.17998e-08 4.91844e-10 3.94485e-12 2.91556e-14 2.69473e-16 4.1697e-18 1.72087e-19 4.47008e-20 3.25631e-20 3.04423e-20 3.34813e-20 5.78866e-20 3.94267e-19 9.13112e-18 3.45527e-16 1.6215e-14 7.79301e-13 3.25538e-11 1.03727e-09 2.29651e-08 3.34229e-07 3.13481e-06 1.91608e-05 7.88567e-05 0.000226533 0.000462231 0.000668297 0.000693966 0.000548109 0.000355241 0.000199435 9.85064e-05 4.1635e-05 1.36499e-05 2.47912e-06 0 
0 0.000200131 0.000117968 1.19164e-05 3.14023e-07 2.80858e-09 1.13735e-11 2.91556e-14 6.82292e-17 2.2159e-19 5.5017e-21 1.58043e-21 1.13986e-21 1.21811e-21 1.21439e-21 1.08365e-21 1.02213e-21 1.76655e-21 7.48094e-21 2.95706e-19 3.32656e-17 3.95158e-15 3.96398e-13 2.8631e-11 1.32786e-09 3.6901e-08 5.98336e-07 5.72265e-06 3.36157e-05 0.000128074 0.000330324 0.000583614 0.000709039 0.000619496 0.000423174 0.000243111 0.000121154 5.13688e-05 1.68589e-05 3.06295e-06 0 
0 0.000180447 7.50944e-05 4.46525e-06 5.72881e-08 2.10951e-10 3.1045e-13 2.69473e-16 2.2159e-19 1.28008e-21 1.77573e-22 1.19752e-22 1.19301e-22 1.40671e-22 1.43218e-22 1.20874e-22 9.67266e-23 1.00395e-22 1.31346e-22 9.44865e-22 9.3699e-20 2.55655e-17 5.89012e-15 9.24568e-13 8.64868e-11 4.44346e-09 1.21357e-07 1.78011e-06 1.46747e-05 7.27396e-05 0.000231376 0.000488139 0.000686406 0.000663763 0.000479581 0.000282635 0.00014227 6.05379e-05 1.98916e-05 3.61531e-06 0 
0 0.000161406 4.95157e-05 1.84133e-06 1.24656e-08 2.0882e-11 1.25138e-14 4.1697e-18 5.5017e-21 1.77573e-22 3.09686e-23 2.07767e-23 2.22735e-23 2.6343e-23 2.6862e-23 2.25788e-23 1.71445e-23 1.37927e-23 1.22151e-23 3.71595e-23 9.67431e-22 2.89837e-19 1.38482e-16 4.32872e-14 7.54469e-12 6.68762e-10 2.90329e-08 6.23453e-07 6.95516e-06 4.35155e-05 0.000165746 0.000405577 0.000646231 0.000685234 0.000522529 0.000315877 0.000160634 6.86025e-05 2.2569e-05 4.1035e-06 0 
0 0.00014582 3.49527e-05 8.86401e-07 3.56155e-09 3.13785e-12 9.02818e-16 1.72087e-19 1.58043e-21 1.19752e-22 2.07767e-23 7.54294e-24 5.83837e-24 6.22384e-24 6.20568e-24 5.22965e-24 3.90627e-24 2.87799e-24 2.6681e-24 8.17859e-24 9.95844e-23 9.01081e-21 6.44052e-18 3.5319e-15 1.02266e-12 1.41434e-10 8.96354e-09 2.62887e-07 3.758e-06 2.84445e-05 0.00012522 0.000344083 0.00060473 0.000691498 0.000552325 0.000341526 0.000175292 7.51136e-05 2.47387e-05 4.49959e-06 0 
0 0.000134817 2.70745e-05 5.21123e-07 1.43779e-09 7.97258e-13 1.35068e-16 4.47008e-20 1.13986e-21 1.19301e-22 2.22735e-23 5.83838e-24 2.49093e-24 1.84862e-24 1.64974e-24 1.36443e-24 1.02343e-24 8.00733e-25 1.08349e-24 4.172e-24 3.76565e-23 1.37058e-21 7.05989e-19 5.77785e-16 2.41184e-13 4.59569e-11 3.82558e-09 1.40496e-07 2.40258e-06 2.08682e-05 0.000101898 0.00030372 0.000571624 0.000690073 0.000570598 0.000359012 0.000185605 7.9744e-05 2.62871e-05 4.78257e-06 0 
0 0.000128633 2.33765e-05 3.84957e-07 8.58698e-10 3.66432e-13 4.59943e-17 3.25631e-20 1.21811e-21 1.40671e-22 2.6343e-23 6.22385e-24 1.84862e-24 8.10103e-25 5.29255e-25 3.98407e-25 3.09632e-25 3.20198e-25 7.28539e-25 3.28834e-24 2.65494e-23 6.50004e-22 2.04006e-19 2.06817e-16 1.06194e-13 2.42583e-11 2.3563e-09 9.829e-08 1.86052e-06 1.74706e-05 9.04382e-05 0.000282047 0.000551416 0.000686502 0.00057927 0.000368296 0.000191251 8.23046e-05 2.71462e-05 4.93977e-06 0 
0 0.000127144 2.26364e-05 3.61095e-07 7.71349e-10 3.12065e-13 3.68504e-17 3.04423e-20 1.21439e-21 1.43218e-22 2.6862e-23 6.20569e-24 1.64974e-24 5.29256e-25 2.32242e-25 1.42137e-25 1.21919e-25 1.98094e-25 6.38251e-25 3.07462e-24 2.44112e-23 5.58827e-22 1.58038e-19 1.67018e-16 8.94758e-14 2.12135e-11 2.12682e-09 9.10649e-08 1.75994e-06 1.67899e-05 8.79393e-05 0.000276756 0.0005454 0.000683759 0.000579817 0.000369646 0.000192185 8.27459e-05 2.72964e-05 4.96736e-06 0 
0 0.000130126 2.45091e-05 4.27134e-07 1.02949e-09 4.83322e-13 6.76703e-17 3.34813e-20 1.08365e-21 1.20874e-22 2.25788e-23 5.22965e-24 1.36443e-24 3.98407e-25 1.42137e-25 7.46121e-26 7.61174e-26 1.72006e-25 6.3267e-25 3.1935e-24 2.75757e-23 7.92147e-22 3.15273e-19 2.96777e-16 1.41412e-13 3.02594e-11 2.78027e-09 1.10767e-07 2.0208e-06 1.84395e-05 9.33976e-05 0.000286478 0.000552982 0.000682353 0.000572918 0.000363476 0.000188607 8.1149e-05 2.67637e-05 4.8701e-06 0 
0 0.000137318 2.93419e-05 6.23039e-07 1.96599e-09 1.28636e-12 2.63387e-16 5.78866e-20 1.02213e-21 9.67266e-23 1.71445e-23 3.90627e-24 1.02343e-24 3.09632e-25 1.21919e-25 7.61174e-26 8.87336e-26 1.99852e-25 7.34112e-25 4.02571e-24 4.34631e-23 2.28192e-21 1.51418e-18 1.07705e-15 3.94923e-13 6.71807e-11 5.07771e-09 1.72173e-07 2.76154e-06 2.28187e-05 0.000107269 0.000310618 0.000572029 0.000680601 0.000558468 0.000350287 0.000180913 7.77081e-05 2.56147e-05 4.66023e-06 0 
0 0.000148334 3.81628e-05 1.0825e-06 5.06963e-09 5.39492e-12 1.92619e-15 3.94267e-19 1.76655e-21 1.00395e-22 1.37928e-23 2.878e-24 8.00733e-25 3.20198e-25 1.98094e-25 1.72006e-25 1.99852e-25 3.57314e-25 1.16555e-24 7.5829e-24 1.41589e-22 2.24344e-20 1.53119e-17 7.12419e-15 1.77841e-12 2.15971e-10 1.22522e-08 3.27839e-07 4.35317e-06 3.11049e-05 0.000131048 0.000348449 0.000598373 0.000674931 0.000535832 0.000330696 0.000169672 7.27076e-05 2.39478e-05 4.35592e-06 0 
0 0.000162498 5.27515e-05 2.14612e-06 1.64333e-08 3.20425e-11 2.2837e-14 9.13112e-18 7.48094e-21 1.31346e-22 1.22151e-23 2.6681e-24 1.08349e-24 7.28539e-25 6.3825e-25 6.3267e-25 7.34112e-25 1.16555e-24 3.47609e-24 3.0889e-23 1.74313e-21 6.54391e-19 2.72741e-16 7.46023e-14 1.15223e-11 9.1806e-10 3.63725e-08 7.23755e-07 7.59186e-06 4.52643e-05 0.000166291 0.000397064 0.000624649 0.000660274 0.00050426 0.000305501 0.000155585 6.64952e-05 2.18828e-05 3.97925e-06 0 
0 0.000178628 7.56423e-05 4.6325e-06 6.19229e-08 2.39869e-10 3.74024e-13 3.45527e-16 2.95706e-19 9.44866e-22 3.71595e-23 8.17859e-24 4.172e-24 3.28834e-24 3.07462e-24 3.1935e-24 4.02571e-24 7.5829e-24 3.0889e-23 7.36854e-22 1.22693e-19 3.23414e-17 7.08158e-15 1.05869e-12 9.45346e-11 4.64898e-09 1.21993e-07 1.72839e-06 1.3853e-05 6.72651e-05 0.000211602 0.000447341 0.000638833 0.000630704 0.000463337 0.000275733 0.000139445 5.94521e-05 1.95496e-05 3.55413e-06 0 
0 0.000194888 0.000109808 1.03894e-05 2.50847e-07 2.01439e-09 7.21328e-12 1.6215e-14 3.32656e-17 9.3699e-20 9.67431e-22 9.95844e-23 3.76564e-23 2.65494e-23 2.44112e-23 2.75757e-23 4.34631e-23 1.41589e-22 1.74313e-21 1.22693e-19 1.54059e-17 2.01764e-15 2.21841e-13 1.73524e-11 8.56892e-10 2.48808e-08 4.14823e-07 4.04458e-06 2.42209e-05 9.47481e-05 0.000254461 0.000477391 0.000623428 0.000580469 0.000413345 0.000242653 0.00012209 5.19635e-05 1.70781e-05 3.10432e-06 0 
0 0.000208799 0.000157698 2.31884e-05 1.01634e-06 1.70358e-08 1.41269e-10 7.79301e-13 3.95158e-15 2.55655e-17 2.89837e-19 9.01081e-21 1.37058e-21 6.50004e-22 5.58827e-22 7.92147e-22 2.28192e-21 2.24344e-20 6.54391e-19 3.23414e-17 2.01764e-15 1.28744e-13 7.00543e-12 2.80184e-10 7.38444e-09 1.20454e-07 1.20509e-06 7.71279e-06 3.38618e-05 0.000108225 0.000257303 0.000447802 0.000557698 0.000505477 0.000355468 0.00020769 0.000104342 4.43916e-05 1.45882e-05 2.6517e-06 0 
0 0.000217526 0.00021945 4.96447e-05 3.87228e-06 1.32243e-07 2.47305e-09 3.25538e-11 3.96398e-13 5.89012e-15 1.38482e-16 6.44052e-18 7.05989e-19 2.04006e-19 1.58038e-19 3.15273e-19 1.51418e-18 1.53119e-17 2.72741e-16 7.08158e-15 2.21841e-13 7.00543e-12 1.89349e-10 3.79402e-09 5.01581e-08 4.09335e-07 2.10844e-06 7.77921e-06 2.42302e-05 6.89659e-05 0.000169604 0.000320222 0.000427888 0.000405504 0.000291893 0.00017235 8.69555e-05 3.70529e-05 1.21832e-05 2.21494e-06 0 
0 0.000218467 0.000290601 9.90104e-05 1.32242e-05 8.75993e-07 3.49766e-08 1.03727e-09 2.8631e-11 9.24568e-13 4.32872e-14 3.5319e-15 5.77785e-16 2.06817e-16 1.67018e-16 2.96777e-16 1.07705e-15 7.12419e-15 7.46023e-14 1.05869e-12 1.73524e-11 2.80184e-10 3.79402e-09 3.62858e-08 2.05041e-07 6.06108e-07 1.02007e-06 1.45514e-06 2.93803e-06 1.00033e-05 4.15568e-05 0.000132087 0.000251225 0.00028796 0.000226041 0.000138166 7.05863e-05 3.02047e-05 9.94482e-06 1.80875e-06 0 
0 0.000209996 0.000360558 0.000179898 3.91614e-05 4.70679e-06 3.72067e-07 2.29651e-08 1.32786e-09 8.64868e-11 7.54469e-12 1.02266e-12 2.41184e-13 1.06194e-13 8.94758e-14 1.41412e-13 3.94923e-13 1.77841e-12 1.15223e-11 9.45346e-11 8.56892e-10 7.38444e-09 5.01581e-08 2.05041e-07 3.4654e-07 1.7352e-07 3.07529e-08 5.98463e-09 6.08579e-09 5.31436e-08 1.28097e-06 1.93264e-05 9.50582e-05 0.000172176 0.000163035 0.000106699 5.57696e-05 2.40367e-05 7.93129e-06 1.44345e-06 0 
0 0.000192114 0.000413776 0.000292679 9.85945e-05 1.99389e-05 2.8562e-06 3.34229e-07 3.6901e-08 4.44346e-09 6.68762e-10 1.41434e-10 4.59569e-11 2.42583e-11 2.12135e-11 3.02594e-11 6.71807e-11 2.15971e-10 9.1806e-10 4.64898e-09 2.48808e-08 1.20454e-07 4.09335e-07 6.06108e-07 1.7352e-07 4.02638e-09 9.77661e-12 3.174e-14 8.62675e-15 1.02562e-12 1.35876e-09 5.93183e-07 1.99814e-05 8.4331e-05 0.000109353 7.94649e-05 4.29037e-05 1.86697e-05 6.17736e-06 1.12512e-06 0 
0 0.000166654 0.000434937 0.000420064 0.000208721 6.59837e-05 1.5615e-05 3.13481e-06 5.98336e-07 1.21357e-07 2.90329e-08 8.96354e-09 3.82558e-09 2.3563e-09 2.12682e-09 2.78027e-09 5.07771e-09 1.22522e-08 3.63725e-08 1.21993e-07 4.14823e-07 1.20509e-06 2.10844e-06 1.02007e-06 3.07529e-08 9.77661e-12 4.13676e-16 2.20335e-15 1.57433e-15 1.21975e-14 6.39728e-14 4.75045e-09 2.68425e-06 3.62779e-05 7.01054e-05 5.75859e-05 3.22094e-05 1.41547e-05 4.69607e-06 8.55947e-07 0 
0 0.000136858 0.000416453 0.000524945 0.000368171 0.000170971 6.13641e-05 1.91608e-05 5.72265e-06 1.78011e-06 6.23453e-07 2.62887e-07 1.40496e-07 9.829e-08 9.10649e-08 1.10767e-07 1.72173e-07 3.27839e-07 7.23755e-07 1.72839e-06 4.04458e-06 7.71279e-06 7.77921e-06 1.45514e-06 5.98463e-09 3.174e-14 2.20335e-15 7.33241e-16 9.04959e-16 3.46086e-15 4.16536e-14 6.04535e-11 4.53796e-07 1.70256e-05 4.57339e-05 4.12808e-05 2.36826e-05 1.04768e-05 3.48185e-06 6.34914e-07 0 
0 0.000106442 0.000363198 0.000566495 0.00053496 0.000347537 0.000176811 7.88567e-05 3.36157e-05 1.46747e-05 6.95516e-06 3.758e-06 2.40258e-06 1.86052e-06 1.75994e-06 2.0208e-06 2.76154e-06 4.35317e-06 7.59186e-06 1.3853e-05 2.42209e-05 3.38618e-05 2.42302e-05 2.93803e-06 6.08579e-09 8.62675e-15 1.57433e-15 9.04959e-16 2.62242e-15 1.14059e-14 1.74331e-13 1.61989e-11 2.36432e-07 1.12838e-05 3.24392e-05 2.97271e-05 1.71002e-05 7.56734e-06 2.51488e-06 4.58575e-07 0 
0 7.85654e-05 0.000290083 0.00052876 0.000634321 0.000550521 0.000378383 0.000226533 0.000128074 7.27396e-05 4.35155e-05 2.84445e-05 2.08682e-05 1.74706e-05 1.67899e-05 1.84395e-05 2.28187e-05 3.11049e-05 4.52643e-05 6.72651e-05 9.47481e-05 0.000108225 6.89659e-05 1.00033e-05 5.31436e-08 1.02562e-12 1.21975e-14 3.46086e-15 1.14059e-14 2.11098e-15 1.46263e-15 2.14242e-10 4.94512e-07 1.13333e-05 2.53993e-05 2.15435e-05 1.21122e-05 5.32473e-06 1.76627e-06 3.21901e-07 0 
0 5.51802e-05 0.000214156 0.00043266 0.000616632 0.000674465 0.0005995 0.000462231 0.000330324 0.000231376 0.000165746 0.00012522 0.000101898 9.04382e-05 8.79393e-05 9.33976e-05 0.000107269 0.000131048 0.000166291 0.000211602 0.000254461 0.000257303 0.000169604 4.15568e-05 1.28097e-06 1.35876e-09 6.39728e-14 4.16536e-14 1.74331e-13 1.46263e-15 4.22594e-12 1.84234e-08 2.12532e-06 1.41971e-05 2.08137e-05 1.54724e-05 8.36775e-06 3.63799e-06 1.203e-06 2.19053e-07 0 
0 3.69515e-05 0.000147611 0.000316981 0.00050372 0.000647305 0.00070198 0.000668297 0.000583614 0.000488139 0.000405577 0.000344083 0.00030372 0.000282047 0.000276756 0.000286478 0.000310618 0.000348449 0.000397064 0.000447341 0.000477391 0.000447802 0.000320222 0.000132087 1.93264e-05 5.93183e-07 4.75045e-09 6.04535e-11 1.61989e-11 2.14242e-10 1.84234e-08 8.57227e-07 7.62599e-06 1.68242e-05 1.65013e-05 1.07613e-05 5.59127e-06 2.40228e-06 7.91661e-07 1.44012e-07 0 
0 2.35933e-05 9.57055e-05 0.000212339 0.000358442 0.000506943 0.000626062 0.000693966 0.000709039 0.000686406 0.000646231 0.00060473 0.000571624 0.000551416 0.0005454 0.000552982 0.000572029 0.000598373 0.000624649 0.000638833 0.000623428 0.000557698 0.000427888 0.000251225 9.50582e-05 1.99814e-05 2.68425e-06 4.53796e-07 2.36432e-07 4.94512e-07 2.12532e-06 7.62599e-06 1.47925e-05 1.61225e-05 1.20087e-05 7.11427e-06 3.58275e-06 1.52446e-06 5.00908e-07 9.10419e-08 0 
0 1.43196e-05 5.85257e-05 0.000131929 0.000229446 0.000340864 0.000451934 0.000548109 0.000619496 0.000663763 0.000685234 0.000691498 0.000690073 0.000686502 0.000683759 0.000682353 0.000680601 0.000674931 0.000660274 0.000630704 0.000580469 0.000505477 0.000405504 0.00028796 0.000172176 8.4331e-05 3.62779e-05 1.70256e-05 1.12838e-05 1.13333e-05 1.41971e-05 1.68242e-05 1.61225e-05 1.23332e-05 7.90397e-06 4.42369e-06 2.18395e-06 9.23179e-07 3.02705e-07 5.49821e-08 0 
0 8.20116e-06 3.36342e-05 7.63601e-05 0.000134584 0.000204448 0.000280237 0.000355241 0.000423174 0.000479581 0.000522529 0.000552325 0.000570598 0.00057927 0.000579817 0.000572918 0.000558468 0.000535832 0.00050426 0.000463337 0.000413345 0.000355468 0.000291893 0.000226041 0.000163035 0.000109353 7.01054e-05 4.57339e-05 3.24392e-05 2.53993e-05 2.08137e-05 1.65013e-05 1.20087e-05 7.90397e-06 4.72437e-06 2.56937e-06 1.25483e-06 5.28402e-07 1.73036e-07 3.14163e-08 0 
0 4.37218e-06 1.79573e-05 4.08899e-05 7.24642e-05 0.000111095 0.000154398 0.000199435 0.000243111 0.000282635 0.000315877 0.000341526 0.000359012 0.000368296 0.000369646 0.000363476 0.000350287 0.000330696 0.000305501 0.000275733 0.000242653 0.00020769 0.00017235 0.000138166 0.000106699 7.94649e-05 5.75859e-05 4.12808e-05 2.97271e-05 2.15435e-05 1.54724e-05 1.07613e-05 7.11427e-06 4.42369e-06 2.56937e-06 1.37958e-06 6.70255e-07 2.81682e-07 9.21771e-08 1.67315e-08 0 
0 2.11724e-06 8.70102e-06 1.98359e-05 3.52271e-05 5.41955e-05 7.57163e-05 9.85064e-05 0.000121154 0.00014227 0.000160634 0.000175292 0.000185605 0.000191251 0.000192185 0.000188607 0.000180913 0.000169672 0.000155585 0.000139445 0.00012209 0.000104342 8.69555e-05 7.05863e-05 5.57696e-05 4.29037e-05 3.22094e-05 2.36826e-05 1.71002e-05 1.21122e-05 8.36775e-06 5.59127e-06 3.58275e-06 2.18395e-06 1.25483e-06 6.70255e-07 3.24893e-07 1.36414e-07 4.46239e-08 8.09886e-09 0 
0 8.8856e-07 3.65247e-06 8.33028e-06 1.48053e-05 2.28059e-05 3.19214e-05 4.1635e-05 5.13688e-05 6.05379e-05 6.86025e-05 7.51136e-05 7.9744e-05 8.23046e-05 8.27459e-05 8.1149e-05 7.77081e-05 7.27076e-05 6.64952e-05 5.94521e-05 5.19635e-05 4.43916e-05 3.70529e-05 3.02047e-05 2.40367e-05 1.86697e-05 1.41547e-05 1.04768e-05 7.56734e-06 5.32473e-06 3.63799e-06 2.40228e-06 1.52446e-06 9.23179e-07 5.28402e-07 2.81682e-07 1.36414e-07 5.72534e-08 1.87258e-08 3.39836e-09 0 
0 2.90609e-07 1.19467e-06 2.72513e-06 4.84467e-06 7.46585e-06 1.04565e-05 1.36499e-05 1.68589e-05 1.98916e-05 2.2569e-05 2.47387e-05 2.62871e-05 2.71462e-05 2.72964e-05 2.67637e-05 2.56147e-05 2.39478e-05 2.18828e-05 1.95496e-05 1.70781e-05 1.45882e-05 1.21832e-05 9.94482e-06 7.93129e-06 6.17736e-06 4.69607e-06 3.48185e-06 2.51488e-06 1.76627e-06 1.203e-06 7.91661e-07 5.00908e-07 3.02705e-07 1.73036e-07 9.21771e-08 4.46239e-08 1.87258e-08 6.12418e-09 1.11139e-09 0 
0 5.27389e-08 2.16811e-07 4.94591e-07 8.7935e-07 1.35531e-06 1.89861e-06 2.47912e-06 3.06295e-06 3.61531e-06 4.1035e-06 4.49959e-06 4.78257e-06 4.93977e-06 4.96736e-06 4.8701e-06 4.66023e-06 4.35592e-06 3.97925e-06 3.55413e-06 3.10432e-06 2.6517e-06 2.21494e-06 1.80875e-06 1.44345e-06 1.12512e-06 8.55947e-07 6.34914e-07 4.58575e-07 3.21901e-07 2.19053e-07 1.44012e-07 9.10419e-08 5.49821e-08 3.14163e-08 1.67315e-08 8.09886e-09 3.39836e-09 1.11139e-09 2.01686e-10 0 
0 0 0 0 0 0 0 0 0 0 0 0 0 0 0 0 0 0 0 0 0 0 0 0 0 0 0 0 0 0 0 0 0 0 0 0 0 0 0 0 0 
