0 0 0 0 0 0 0 0 0 0 0 0 0 0 0 0 0 0 0 0 0 0 0 0 0 0 0 0 0 0 0 0 0 0 0 0 0 0 0 0 0 
0 1.32045e-05 5.152e-05 0.000106944 0.000163998 0.000206428 0.000226009 0.000224762 0.00021033 0.000190616 0.000171207 0.000155163 0.000143766 0.000137333 0.000135768 0.000138848 0.000146286 0.000157649 0.000172189 0.000188623 0.000204992 0.000218693 0.000226791 0.000226651 0.000216721 0.00019718 0.000170104 0.000138958 0.000107576 7.91061e-05 5.54078e-05 3.70362e-05 2.36213e-05 1.43278e-05 8.20331e-06 4.37267e-06 2.11734e-06 8.88576e-07 2.90611e-07 5.2739e-08 0 
0 5.152e-05 0.000186675 0.000336323 0.000411799 0.000383477 0.000295243 0.000202149 0.000130798 8.40469e-05 5.58624e-05 3.96856e-05 3.08809e-05 2.67301e-05 2.58944e-05 2.7991e-05 3.33953e-05 4.32213e-05 5.93838e-05 8.45768e-05 0.000121893 0.00017374 0.000239875 0.000314972 0.000387152 0.000439667 0.000456906 0.000432392 0.000372977 0.000295145 0.000216382 0.000148451 9.59812e-05 5.86051e-05 3.36543e-05 1.79618e-05 8.70189e-06 3.65261e-06 1.19468e-06 2.16812e-07 0 
0 0.000106944 0.000336323 0.000463691 0.000380627 0.000216398 9.68744e-05 3.78702e-05 1.40785e-05 5.36947e-06 2.24939e-06 1.09691e-06 6.50904e-07 4.83321e-07 4.53767e-07 5.35017e-07 7.75009e-07 1.33318e-06 2.61106e-06 5.56034e-06 1.22971e-05 2.70736e-05 5.72233e-05 0.000112772 0.000202544 0.000325465 0.000460376 0.000565497 0.000598885 0.000549057 0.00044273 0.000321032 0.000213699 0.00013232 7.64574e-05 4.09111e-05 1.98399e-05 8.3309e-06 2.72521e-06 4.94595e-07 0 
0 0.000163998 0.000411799 0.000380627 0.000181318 5.46048e-05 1.21487e-05 2.26773e-06 4.00608e-07 7.53604e-08 1.68518e-08 4.92313e-09 2.01947e-09 1.2169e-09 1.09485e-09 1.45325e-09 2.74257e-09 6.95223e-09 2.20664e-08 8.12135e-08 3.20995e-07 1.26935e-06 4.72768e-06 1.58228e-05 4.60535e-05 0.000114222 0.000238289 0.000413157 0.00058737 0.000679129 0.00064441 0.00051653 0.000363049 0.000230801 0.000134921 7.25364e-05 3.52404e-05 1.48074e-05 4.8449e-06 8.79365e-07 0 
0 0.000206428 0.000383477 0.000216398 5.46048e-05 7.76196e-06 7.39222e-07 5.56202e-08 3.92583e-09 3.08964e-10 3.18774e-11 4.95457e-12 1.28981e-12 6.00942e-13 5.13042e-13 7.87997e-13 2.05985e-12 8.41757e-12 4.84242e-11 3.49747e-10 2.82854e-09 2.30387e-08 1.7256e-07 1.10666e-06 5.78317e-06 2.39498e-05 7.78231e-05 0.000198318 0.000395275 0.000609962 0.000724682 0.000676025 0.000518644 0.000344512 0.000205371 0.000111292 5.4231e-05 2.28112e-05 7.46644e-06 1.35535e-06 0 
0 0.000226009 0.000295243 9.68744e-05 1.21487e-05 7.39222e-07 2.67128e-08 7.11438e-10 1.76166e-11 5.1305e-13 2.19066e-14 1.65708e-15 2.56603e-16 8.90881e-17 7.16263e-17 1.29997e-16 4.93175e-16 3.4767e-15 3.94177e-14 6.14173e-13 1.12401e-11 2.08881e-10 3.47714e-09 4.69527e-08 4.79572e-07 3.55925e-06 1.89511e-05 7.29752e-05 0.000206433 0.000431761 0.000663017 0.000749675 0.000649263 0.000459881 0.00028233 0.000154848 7.57969e-05 3.19333e-05 1.04578e-05 1.89869e-06 0 
0 0.000224762 0.000202149 3.78702e-05 2.26773e-06 5.56202e-08 7.11438e-10 6.23418e-12 5.03539e-14 5.06405e-16 8.42026e-18 3.19507e-19 5.0409e-20 2.75686e-20 2.47124e-20 3.15107e-20 8.34641e-20 7.92066e-19 1.81443e-17 6.43588e-16 2.82067e-14 1.26621e-12 4.95345e-11 1.48525e-09 3.11514e-08 4.33006e-07 3.91459e-06 2.32755e-05 9.38105e-05 0.00026403 0.000523887 0.000730106 0.000731133 0.000562532 0.000359271 0.000200319 9.8665e-05 4.16581e-05 1.36525e-05 2.47927e-06 0 
0 0.00021033 0.000130798 1.40785e-05 4.00608e-07 3.92583e-09 1.76166e-11 5.03539e-14 1.31494e-16 4.59868e-19 6.59211e-21 1.21171e-21 5.79048e-22 5.01719e-22 4.86351e-22 4.75717e-22 6.25548e-22 1.55731e-21 1.11211e-20 6.15753e-19 6.46122e-17 7.05408e-15 6.52642e-13 4.37304e-11 1.89617e-09 4.97282e-08 7.68997e-07 7.09293e-06 4.05883e-05 0.000151452 0.000381174 0.000650336 0.000759047 0.000641882 0.00042991 0.000244634 0.000121429 5.14088e-05 1.68632e-05 3.0632e-06 0 
0 0.000190616 8.40469e-05 5.36947e-06 7.53604e-08 3.08964e-10 5.1305e-13 5.06405e-16 4.59868e-19 1.52866e-21 9.78292e-23 5.27023e-23 4.15302e-23 4.14985e-23 4.10937e-23 3.75172e-23 3.77627e-23 4.53391e-23 9.37578e-23 1.38523e-21 1.98421e-19 4.98763e-17 1.04437e-14 1.50052e-12 1.29637e-10 6.21661e-09 1.60339e-07 2.24903e-06 1.7948e-05 8.69067e-05 0.00027026 0.000552312 0.000745416 0.000694297 0.000489543 0.00028497 0.000142698 6.05999e-05 1.98983e-05 3.6157e-06 0 
0 0.000171207 5.58624e-05 2.24939e-06 1.68518e-08 3.18774e-11 2.19066e-14 8.42026e-18 6.59211e-21 9.78292e-23 1.10347e-23 6.31792e-24 6.03588e-24 6.39282e-24 6.36903e-24 5.67614e-24 4.94442e-24 4.23319e-24 5.29784e-24 2.98372e-23 1.59726e-21 6.07915e-19 2.62102e-16 7.40969e-14 1.1801e-11 9.67075e-10 3.93136e-08 8.01328e-07 8.60215e-06 5.23925e-05 0.000195146 0.000463851 0.000709925 0.000722849 0.000535805 0.000319109 0.000161234 6.86898e-05 2.25783e-05 4.10404e-06 0 
0 0.000155163 3.96856e-05 1.09691e-06 4.92313e-09 4.95457e-12 1.65708e-15 3.19507e-19 1.21171e-21 5.27023e-23 6.31793e-24 1.83543e-24 1.30031e-24 1.30003e-24 1.27726e-24 1.12131e-24 9.07504e-25 6.98755e-25 8.79579e-25 4.50741e-24 1.02583e-22 1.78881e-20 1.28484e-17 6.31058e-15 1.65527e-12 2.10036e-10 1.23813e-08 3.42649e-07 4.69008e-06 3.44422e-05 0.000148175 0.000396269 0.00066992 0.000734407 0.000568537 0.00034561 0.00017606 7.52258e-05 2.47507e-05 4.50028e-06 0 
0 0.000143766 3.08809e-05 6.50904e-07 2.01947e-09 1.28981e-12 2.56603e-16 5.0409e-20 5.79048e-22 4.15302e-23 6.03589e-24 1.30031e-24 4.82558e-25 3.36607e-25 2.98166e-25 2.53907e-25 2.00609e-25 1.72419e-25 3.40254e-25 1.95839e-24 2.76847e-23 1.99771e-21 1.45685e-18 1.06402e-15 3.99862e-13 6.95311e-11 5.35831e-09 1.84925e-07 3.01733e-06 2.53618e-05 0.000120921 0.00035118 0.000636624 0.000736336 0.000588997 0.000363771 0.000186511 7.98768e-05 2.63013e-05 4.78338e-06 0 
0 0.000137333 2.67301e-05 4.83321e-07 1.2169e-09 6.00942e-13 8.90881e-17 2.75686e-20 5.01719e-22 4.14985e-23 6.39282e-24 1.30003e-24 3.36607e-25 1.32715e-25 8.40541e-26 6.47511e-26 5.40686e-26 7.05552e-26 2.30228e-25 1.38668e-24 1.63069e-23 7.71082e-22 4.25182e-19 3.87055e-16 1.78305e-13 3.70609e-11 3.32415e-09 1.30014e-07 2.34363e-06 2.12655e-05 0.000107428 0.00032664 0.000615681 0.000734341 0.000598887 0.000373455 0.00019224 8.245e-05 2.71618e-05 4.94066e-06 0 
0 0.000135768 2.58944e-05 4.53767e-07 1.09485e-09 5.13042e-13 7.16263e-17 2.47124e-20 4.86351e-22 4.10937e-23 6.36904e-24 1.27726e-24 2.98166e-25 8.40541e-26 3.36619e-26 2.07959e-26 2.12414e-26 4.85106e-26 2.05733e-25 1.27107e-24 1.45638e-23 6.4074e-22 3.28949e-19 3.13046e-16 1.50381e-13 3.24267e-11 3.00091e-09 1.20436e-07 2.21585e-06 2.04221e-05 0.000104379 0.000320359 0.000608967 0.000731611 0.000599604 0.000374877 0.000193191 8.2894e-05 2.73122e-05 4.96827e-06 0 
0 0.000138848 2.7991e-05 5.35017e-07 1.45325e-09 7.87997e-13 1.29997e-16 3.15107e-20 4.75718e-22 3.75172e-23 5.67614e-24 1.12131e-24 2.53907e-25 6.47512e-26 2.07959e-26 1.12922e-26 1.51052e-26 4.63175e-26 2.14979e-25 1.41016e-24 1.80053e-23 1.01489e-21 6.52367e-19 5.4929e-16 2.35223e-13 4.58673e-11 3.8967e-09 1.45726e-07 2.53412e-06 2.23599e-05 0.000110576 0.000330795 0.000615952 0.000728771 0.000591863 0.000368453 0.000189562 8.12896e-05 2.67787e-05 4.87096e-06 0 
0 0.000146286 3.33953e-05 7.75009e-07 2.74257e-09 2.05985e-12 4.93175e-16 8.34641e-20 6.25548e-22 3.77627e-23 4.94443e-24 9.07505e-25 2.00609e-25 5.40686e-26 2.12414e-26 1.51051e-26 2.10972e-26 5.83605e-26 2.72158e-25 2.07063e-24 3.68182e-23 3.85268e-21 3.05954e-18 1.94355e-15 6.43481e-13 1.00155e-10 7.02421e-09 2.24256e-07 3.43744e-06 2.75205e-05 0.000126434 0.000357022 0.00063412 0.000724145 0.00057568 0.000354738 0.000181762 7.7833e-05 2.56281e-05 4.661e-06 0 
0 0.000157649 4.32213e-05 1.33318e-06 6.95223e-09 8.41757e-12 3.4767e-15 7.92066e-19 1.55731e-21 4.53392e-23 4.23319e-24 6.98756e-25 1.72419e-25 7.05552e-26 4.85106e-26 4.63175e-26 5.83605e-26 1.18298e-25 4.93665e-25 4.75182e-24 1.70465e-22 4.64547e-20 2.96514e-17 1.24e-14 2.81351e-12 3.14423e-10 1.66347e-08 4.20929e-07 5.36124e-06 3.72183e-05 0.000153424 0.000397672 0.000658535 0.000714132 0.000550628 0.000334436 0.00017038 7.28115e-05 2.3959e-05 4.35656e-06 0 
0 0.000172189 5.93838e-05 2.61106e-06 2.20664e-08 4.84242e-11 3.94177e-14 1.81443e-17 1.11211e-20 9.37579e-23 5.29784e-24 8.7958e-25 3.40254e-25 2.30228e-25 2.05733e-25 2.14978e-25 2.72158e-25 4.93664e-25 2.08298e-24 3.29525e-23 3.3133e-21 1.33271e-18 5.00598e-16 1.24199e-13 1.75743e-11 1.29757e-09 4.82341e-08 9.12461e-07 9.22133e-06 5.35805e-05 0.000192814 0.000448594 0.00068082 0.000693754 0.000516236 0.000308452 0.000156138 6.65763e-05 2.18915e-05 3.97975e-06 0 
0 0.000188623 8.45768e-05 5.56034e-06 8.12135e-08 3.49747e-10 6.14173e-13 6.43588e-16 6.15753e-19 1.38523e-21 2.98372e-23 4.50741e-24 1.95839e-24 1.38668e-24 1.27106e-24 1.41016e-24 2.07063e-24 4.75181e-24 3.29525e-23 1.35136e-21 2.55674e-19 6.14417e-17 1.22381e-14 1.67588e-12 1.38293e-10 6.35035e-09 1.57394e-07 2.13211e-06 1.65392e-05 7.84924e-05 0.000242066 0.000498583 0.000688052 0.00065746 0.000472419 0.00027792 0.000139852 5.95119e-05 1.95561e-05 3.55451e-06 0 
0 0.000204992 0.000121893 1.22971e-05 3.20995e-07 2.82854e-09 1.12401e-11 2.82067e-14 6.46122e-17 1.98421e-19 1.59726e-21 1.02583e-22 2.76847e-23 1.63069e-23 1.45638e-23 1.80053e-23 3.68182e-23 1.70465e-22 3.3133e-21 2.55674e-19 2.96192e-17 3.5563e-15 3.59673e-13 2.6028e-11 1.1984e-09 3.27475e-08 5.19205e-07 4.86739e-06 2.83265e-05 0.00010854 0.000285952 0.000523213 0.000662635 0.000600219 0.000419792 0.000244184 0.000122374 5.20054e-05 1.70827e-05 3.10459e-06 0 
0 0.000218693 0.00017374 2.70736e-05 1.26935e-06 2.30387e-08 2.08881e-10 1.26621e-12 7.05408e-15 4.98763e-17 6.07915e-19 1.78881e-20 1.99771e-21 7.71082e-22 6.4074e-22 1.01489e-21 3.85268e-21 4.64547e-20 1.33271e-18 6.14417e-17 3.5563e-15 2.10463e-13 1.06471e-11 3.97822e-10 9.86292e-09 1.52621e-07 1.4621e-06 9.04574e-06 3.87188e-05 0.000121357 0.000283221 0.000481977 0.000585169 0.000518875 0.000359793 0.000208717 0.000104533 4.442e-05 1.45913e-05 2.65188e-06 0 
0 0.000226791 0.000239875 5.72233e-05 4.72768e-06 1.7256e-07 3.47714e-09 4.95345e-11 6.52642e-13 1.04437e-14 2.62102e-16 1.28484e-17 1.45685e-18 4.25182e-19 3.28949e-19 6.52367e-19 3.05954e-18 2.96514e-17 5.00598e-16 1.22381e-14 3.59673e-13 1.06471e-11 2.70255e-10 5.10735e-09 6.41037e-08 5.00828e-07 2.49156e-06 8.94547e-06 2.72483e-05 7.60448e-05 0.000183496 0.000339556 0.000444445 0.000413986 0.000294716 0.000173033 8.70843e-05 3.70722e-05 1.21853e-05 2.21507e-06 0 
0 0.000226651 0.000314972 0.000112772 1.58228e-05 1.10666e-06 4.69527e-08 1.48525e-09 4.37304e-11 1.50052e-12 7.40969e-14 6.31058e-15 1.06402e-15 3.87055e-16 3.13046e-16 5.4929e-16 1.94355e-15 1.24e-14 1.24199e-13 1.67588e-12 2.6028e-11 3.97822e-10 5.10735e-09 4.65237e-08 2.52413e-07 7.24301e-07 1.19616e-06 1.68322e-06 3.34176e-06 1.11107e-05 4.49459e-05 0.000139417 0.000259791 0.000293197 0.000227935 0.000138639 7.06765e-05 3.02182e-05 9.94632e-06 1.80883e-06 0 
0 0.000216721 0.000387152 0.000202544 4.60535e-05 5.78317e-06 4.79572e-07 3.11514e-08 1.89617e-09 1.29637e-10 1.1801e-11 1.65527e-12 3.99862e-13 1.78305e-13 1.50381e-13 2.35223e-13 6.43481e-13 2.81351e-12 1.75743e-11 1.38293e-10 1.1984e-09 9.86292e-09 6.41037e-08 2.52413e-07 4.16533e-07 2.07834e-07 3.74201e-08 7.41811e-09 7.50184e-09 6.29322e-08 1.43718e-06 2.07035e-05 9.87137e-05 0.000175448 0.000164402 0.000107054 5.58374e-05 2.40468e-05 7.93239e-06 1.44352e-06 0 
0 0.00019718 0.000439667 0.000325465 0.000114222 2.39498e-05 3.55925e-06 4.33006e-07 4.97282e-08 6.21661e-09 9.67075e-10 2.10036e-10 6.95311e-11 3.70609e-11 3.24267e-11 4.58673e-11 1.00155e-10 3.14423e-10 1.29757e-09 6.35035e-09 3.27475e-08 1.52621e-07 5.00828e-07 7.24301e-07 2.07834e-07 5.03608e-09 1.32595e-11 4.88934e-14 1.36275e-14 1.42771e-12 1.67164e-09 6.62986e-07 2.10644e-05 8.63182e-05 0.000110399 7.97501e-05 4.29578e-05 1.86776e-05 6.1782e-06 1.12517e-06 0 
0 0.000170104 0.000456906 0.000460376 0.000238289 7.78231e-05 1.89511e-05 3.91459e-06 7.68997e-07 1.60339e-07 3.93136e-08 1.23813e-08 5.35831e-09 3.32415e-09 3.00091e-09 3.8967e-09 7.02421e-09 1.66347e-08 4.82341e-08 1.57394e-07 5.19205e-07 1.4621e-06 2.49156e-06 1.19616e-06 3.74201e-08 1.32595e-11 2.86762e-16 2.43597e-15 1.41081e-15 6.61241e-15 9.13884e-14 5.67339e-09 2.89765e-06 3.73914e-05 7.09027e-05 5.78166e-05 3.22527e-05 1.41609e-05 4.69671e-06 8.55984e-07 0 
0 0.000138958 0.000432392 0.000565497 0.000413157 0.000198318 7.29752e-05 2.32755e-05 7.09293e-06 2.24903e-06 8.01328e-07 3.42649e-07 1.84925e-07 1.30014e-07 1.20436e-07 1.45726e-07 2.24256e-07 4.20929e-07 9.12461e-07 2.13211e-06 4.86739e-06 9.04574e-06 8.94547e-06 1.68322e-06 7.41811e-09 4.88934e-14 2.43597e-15 5.811e-16 4.14165e-16 1.04868e-15 1.19526e-14 7.69317e-11 5.00576e-07 1.76536e-05 4.63186e-05 4.14575e-05 2.37154e-05 1.04814e-05 3.48232e-06 6.3494e-07 0 
0 0.000107576 0.000372977 0.000598885 0.00058737 0.000395275 0.000206433 9.38105e-05 4.05883e-05 1.7948e-05 8.60215e-06 4.69008e-06 3.01733e-06 2.34363e-06 2.21585e-06 2.53412e-06 3.43744e-06 5.36124e-06 9.22133e-06 1.65392e-05 2.83265e-05 3.87188e-05 2.72483e-05 3.34176e-06 7.50184e-09 1.36275e-14 1.41081e-15 4.14165e-16 9.30432e-16 4.58145e-15 9.09187e-14 2.11265e-11 2.62032e-07 1.17095e-05 3.28509e-05 2.98502e-05 1.71227e-05 7.57043e-06 2.51519e-06 4.58592e-07 0 
0 7.91061e-05 0.000295145 0.000549057 0.000679129 0.000609962 0.000431761 0.00026403 0.000151452 8.69067e-05 5.23925e-05 3.44422e-05 2.53618e-05 2.12655e-05 2.04221e-05 2.23599e-05 2.75205e-05 3.72183e-05 5.35805e-05 7.84924e-05 0.00010854 0.000121357 7.60448e-05 1.11107e-05 6.29322e-08 1.42771e-12 6.61241e-15 1.04868e-15 4.58145e-15 6.98564e-16 5.30752e-16 2.64147e-10 5.38803e-07 1.16939e-05 2.5673e-05 2.16194e-05 1.21258e-05 5.32658e-06 1.76646e-06 3.21911e-07 0 
0 5.54078e-05 0.000216382 0.00044273 0.00064441 0.000724682 0.000663017 0.000523887 0.000381174 0.00027026 0.000195146 0.000148175 0.000120921 0.000107428 0.000104379 0.000110576 0.000126434 0.000153424 0.000192814 0.000242066 0.000285952 0.000283221 0.000183496 4.49459e-05 1.43718e-06 1.67164e-09 9.13884e-14 1.19526e-14 9.09187e-14 5.30752e-16 5.50913e-12 2.109e-08 2.2516e-06 1.45122e-05 2.09756e-05 1.55127e-05 8.37482e-06 3.63897e-06 1.2031e-06 2.19058e-07 0 
0 3.70362e-05 0.000148451 0.000321032 0.00051653 0.000676025 0.000749675 0.000730106 0.000650336 0.000552312 0.000463851 0.000396269 0.00035118 0.00032664 0.000320359 0.000330795 0.000357022 0.000397672 0.000448594 0.000498583 0.000523213 0.000481977 0.000339556 0.000139417 2.07035e-05 6.62986e-07 5.67339e-09 7.69317e-11 2.11265e-11 2.64147e-10 2.109e-08 9.20749e-07 7.87623e-06 1.70442e-05 1.65809e-05 1.07794e-05 5.59443e-06 2.40272e-06 7.91707e-07 1.44015e-07 0 
0 2.36213e-05 9.59812e-05 0.000213699 0.000363049 0.000518644 0.000649263 0.000731133 0.000759047 0.000745416 0.000709925 0.00066992 0.000636624 0.000615681 0.000608967 0.000615952 0.00063412 0.000658535 0.00068082 0.000688052 0.000662635 0.000585169 0.000444445 0.000259791 9.87137e-05 2.10644e-05 2.89765e-06 5.00576e-07 2.62032e-07 5.38803e-07 2.2516e-06 7.87623e-06 1.50243e-05 1.62303e-05 1.20401e-05 7.12113e-06 3.58397e-06 1.52463e-06 5.00927e-07 9.1043e-08 0 
0 1.43278e-05 5.86051e-05 0.00013232 0.000230801 0.000344512 0.000459881 0.000562532 0.000641882 0.000694297 0.000722849 0.000734407 0.000736336 0.000734341 0.000731611 0.000728771 0.000724145 0.000714132 0.000693754 0.00065746 0.000600219 0.000518875 0.000413986 0.000293197 0.000175448 8.63182e-05 3.73914e-05 1.76536e-05 1.17095e-05 1.16939e-05 1.45122e-05 1.70442e-05 1.62303e-05 1.23708e-05 7.91404e-06 4.42589e-06 2.18435e-06 9.23239e-07 3.02712e-07 5.49825e-08 0 
0 8.20331e-06 3.36543e-05 7.64574e-05 0.000134921 0.000205371 0.00028233 0.000359271 0.00042991 0.000489543 0.000535805 0.000568537 0.000588997 0.000598887 0.000599604 0.000591863 0.00057568 0.000550628 0.000516236 0.000472419 0.000419792 0.000359793 0.000294716 0.000227935 0.000164402 0.000110399 7.09027e-05 4.63186e-05 3.28509e-05 2.5673e-05 2.09756e-05 1.65809e-05 1.20401e-05 7.91404e-06 4.72704e-06 2.56997e-06 1.25495e-06 5.2842e-07 1.73038e-07 3.14165e-08 0 
0 4.37267e-06 1.79618e-05 4.09111e-05 7.25364e-05 0.000111292 0.000154848 0.000200319 0.000244634 0.00028497 0.000319109 0.00034561 0.000363771 0.000373455 0.000374877 0.000368453 0.000354738 0.000334436 0.000308452 0.00027792 0.000244184 0.000208717 0.000173033 0.000138639 0.000107054 7.97501e-05 5.78166e-05 4.14575e-05 2.98502e-05 2.16194e-05 1.55127e-05 1.07794e-05 7.12113e-06 4.42589e-06 2.56997e-06 1.37972e-06 6.70283e-07 2.81687e-07 9.21776e-08 1.67315e-08 0 
0 2.11734e-06 8.70189e-06 1.98399e-05 3.52404e-05 5.4231e-05 7.57969e-05 9.8665e-05 0.000121429 0.000142698 0.000161234 0.00017606 0.000186511 0.00019224 0.000193191 0.000189562 0.000181762 0.00017038 0.000156138 0.000139852 0.000122374 0.000104533 8.70843e-05 7.06765e-05 5.58374e-05 4.29578e-05 3.22527e-05 2.37154e-05 1.71227e-05 1.21258e-05 8.37482e-06 5.59443e-06 3.58397e-06 2.18435e-06 1.25495e-06 6.70283e-07 3.24899e-07 1.36415e-07 4.4624e-08 8.09886e-09 0 
0 8.88576e-07 3.65261e-06 8.3309e-06 1.48074e-05 2.28112e-05 3.19333e-05 4.16581e-05 5.14088e-05 6.05999e-05 6.86898e-05 7.52258e-05 7.98768e-05 8.245e-05 8.2894e-05 8.12896e-05 7.7833e-05 7.28115e-05 6.65763e-05 5.95119e-05 5.20054e-05 4.442e-05 3.70722e-05 3.02182e-05 2.40468e-05 1.86776e-05 1.41609e-05 1.04814e-05 7.57043e-06 5.32658e-06 3.63897e-06 2.40272e-06 1.52463e-06 9.23239e-07 5.2842e-07 2.81687e-07 1.36415e-07 5.72536e-08 1.87258e-08 3.39836e-09 0 
0 2.90611e-07 1.19468e-06 2.72521e-06 4.8449e-06 7.46644e-06 1.04578e-05 1.36525e-05 1.68632e-05 1.98983e-05 2.25783e-05 2.47507e-05 2.63013e-05 2.71618e-05 2.73122e-05 2.67787e-05 2.56281e-05 2.3959e-05 2.18915e-05 1.95561e-05 1.70827e-05 1.45913e-05 1.21853e-05 9.94632e-06 7.93239e-06 6.1782e-06 4.69671e-06 3.48232e-06 2.51519e-06 1.76646e-06 1.2031e-06 7.91707e-07 5.00927e-07 3.02712e-07 1.73038e-07 9.21776e-08 4.4624e-08 1.87258e-08 6.12419e-09 1.11139e-09 0 
0 5.2739e-08 2.16812e-07 4.94595e-07 8.79365e-07 1.35535e-06 1.89869e-06 2.47927e-06 3.0632e-06 3.6157e-06 4.10404e-06 4.50028e-06 4.78338e-06 4.94066e-06 4.96827e-06 4.87096e-06 4.661e-06 4.35656e-06 3.97975e-06 3.55451e-06 3.10459e-06 2.65188e-06 2.21507e-06 1.80883e-06 1.44352e-06 1.12517e-06 8.55984e-07 6.3494e-07 4.58592e-07 3.21911e-07 2.19058e-07 1.44015e-07 9.1043e-08 5.49825e-08 3.14165e-08 1.67315e-08 8.09886e-09 3.39836e-09 1.11139e-09 2.01686e-10 0 
0 0 0 0 0 0 0 0 0 0 0 0 0 0 0 0 0 0 0 0 0 0 0 0 0 0 0 0 0 0 0 0 0 0 0 0 0 0 0 0 0 
