0 0 0 0 0 0 0 0 0 0 0 0 0 0 0 0 0 0 0 0 0 0 0 0 0 0 0 0 0 0 0 0 0 0 0 0 0 0 0 0 0 
0 1.34486e-05 5.36132e-05 0.000115479 0.000186814 0.000251119 0.000294996 0.00031407 0.000312588 0.000298719 0.000280237 0.000262626 0.000249027 0.000240897 0.000238682 0.000242235 0.000250982 0.000263885 0.000279297 0.000294834 0.000307405 0.000313543 0.000310087 0.000295097 0.000268659 0.000233126 0.000192554 0.000151512 0.000113831 8.18805e-05 5.65044e-05 3.74234e-05 2.37438e-05 1.43626e-05 8.21211e-06 4.37465e-06 2.11772e-06 8.8864e-07 2.90619e-07 5.27395e-08 0 
0 5.36132e-05 0.000204536 0.000403579 0.000562588 0.000609598 0.000546197 0.00042946 0.000313595 0.000223455 0.000161819 0.000122934 0.000100258 8.90455e-05 8.664e-05 9.21609e-05 0.000106213 0.000130697 0.000168553 0.000223105 0.000296573 0.000387526 0.000487831 0.000581051 0.00064518 0.00066091 0.00062164 0.000537642 0.000430427 0.000322019 0.000227246 0.000152287 9.71764e-05 5.89358e-05 3.37358e-05 1.79795e-05 8.70525e-06 3.65314e-06 1.19475e-06 2.16816e-07 0 
0 0.000115479 0.000403579 0.000667608 0.000695948 0.000507791 0.000286624 0.000138434 6.2522e-05 2.84567e-05 1.39005e-05 7.67167e-06 4.97191e-06 3.87678e-06 3.67085e-06 4.19891e-06 5.69815e-06 8.91831e-06 1.55414e-05 2.90096e-05 5.57795e-05 0.000106476 0.000195146 0.000333369 0.000517099 0.000712186 0.000857059 0.000896016 0.000819472 0.000667268 0.000494453 0.000339962 0.000219633 0.000133942 7.68483e-05 4.0994e-05 1.98552e-05 8.33325e-06 2.72548e-06 4.94612e-07 0 
0 0.000186814 0.000562588 0.000695948 0.00046553 0.00019552 5.99812e-05 1.53752e-05 3.70117e-06 9.30032e-07 2.68309e-07 9.63434e-08 4.57918e-08 2.99476e-08 2.73384e-08 3.45076e-08 5.84145e-08 1.26486e-07 3.30373e-07 9.76167e-07 3.0601e-06 9.59067e-06 2.85497e-05 7.74193e-05 0.000184981 0.000378753 0.000648296 0.000909916 0.00104165 0.000988043 0.000802681 0.000579832 0.000383679 0.000236483 0.000136275 7.2818e-05 3.5291e-05 1.4815e-05 4.84576e-06 8.79418e-07 0 
0 0.000251119 0.000609598 0.000507791 0.00019552 4.27287e-05 6.37124e-06 7.61763e-07 8.51368e-08 1.03203e-08 1.55758e-09 3.29412e-10 1.06857e-10 5.62702e-11 4.91041e-11 6.99772e-11 1.55539e-10 5.0235e-10 2.15956e-09 1.12262e-08 6.41124e-08 3.68123e-07 1.96988e-06 9.25457e-06 3.65643e-05 0.000117979 0.000304069 0.000612792 0.00094836 0.00112702 0.00106025 0.000832027 0.000573699 0.000360165 0.000209116 0.000112062 5.43671e-05 2.28312e-05 7.46867e-06 1.35548e-06 0 
0 0.000294996 0.000546197 0.000286624 5.99812e-05 6.37124e-06 4.21841e-07 2.11822e-08 9.85835e-10 5.19551e-11 3.74005e-12 4.32053e-13 9.05924e-14 3.72448e-14 3.08672e-14 5.05175e-14 1.53222e-13 7.81151e-13 5.93225e-12 5.87978e-11 6.66379e-10 7.64062e-09 7.98025e-08 6.99205e-07 4.85059e-06 2.57353e-05 0.000102598 0.000303816 0.000658252 0.00103017 0.00118054 0.00104463 0.000766754 0.000495298 0.000290972 0.000156624 7.61071e-05 3.19782e-05 1.04627e-05 1.89898e-06 0 
0 0.00031407 0.00042946 0.000138434 1.53752e-05 7.61763e-07 2.11822e-08 4.19755e-10 7.6387e-12 1.64908e-13 5.37185e-15 3.24721e-16 4.26678e-17 1.34581e-17 1.05526e-17 2.00187e-17 8.46625e-17 7.03507e-16 9.824e-15 1.94332e-13 4.58954e-12 1.10441e-10 2.36322e-09 4.03925e-08 5.11453e-07 4.59169e-06 2.87335e-05 0.000125218 0.000379784 0.000793856 0.00114155 0.00117477 0.000937573 0.000630112 0.000376345 0.000203856 9.92797e-05 4.1746e-05 1.36619e-05 2.47982e-06 0 
0 0.000312588 0.000313595 6.2522e-05 3.70117e-06 8.51368e-08 9.85835e-10 7.6387e-12 5.38729e-14 4.72563e-16 6.91787e-18 2.19945e-19 1.9665e-20 5.63871e-21 4.40028e-21 8.43236e-21 4.33613e-20 5.66412e-19 1.45686e-17 5.78578e-16 2.86618e-14 1.45765e-12 6.43671e-11 2.16191e-09 5.0302e-08 7.67711e-07 7.53574e-06 4.78623e-05 0.000199705 0.00055009 0.000995487 0.00121019 0.00106671 0.000753066 0.000459348 0.000250832 0.000122507 5.15619e-05 1.68795e-05 3.06415e-06 0 
0 0.000298719 0.000223455 2.84567e-05 9.30032e-07 1.03203e-08 5.19551e-11 1.64908e-13 4.72563e-16 1.763e-18 1.25751e-20 3.28844e-22 4.64261e-23 1.91388e-23 1.59063e-23 2.44653e-23 7.89787e-23 7.88434e-22 2.94189e-20 2.23014e-18 2.23232e-16 2.31148e-14 2.03231e-12 1.29793e-10 5.39008e-09 1.36363e-07 2.05258e-06 1.85617e-05 0.00010367 0.000365743 0.000817784 0.00117148 0.00114709 0.000855467 0.000534561 0.000294653 0.000144389 6.08393e-05 1.99236e-05 3.61715e-06 0 
0 0.000280237 0.000161819 1.39005e-05 2.68309e-07 1.55758e-09 3.74005e-12 5.37185e-15 6.91787e-18 1.25751e-20 7.07578e-23 2.53641e-24 5.17898e-25 2.80093e-25 2.44857e-25 3.1624e-25 7.14015e-25 4.69986e-24 1.41967e-22 1.58569e-20 2.92783e-18 5.70132e-16 9.24475e-14 1.0455e-11 7.27055e-10 2.88513e-08 6.35516e-07 7.86e-06 5.66046e-05 0.000246536 0.000660117 0.00109467 0.00118448 0.000933123 0.000597788 0.000332757 0.000163634 6.90293e-05 2.26141e-05 4.10608e-06 0 
0 0.000262626 0.000122934 7.67167e-06 9.63434e-08 3.29412e-10 4.32053e-13 3.24721e-16 2.19945e-19 3.28844e-22 2.53642e-24 8.51679e-26 1.60395e-26 9.71952e-27 8.7494e-27 1.00772e-26 1.86883e-26 1.08919e-25 2.95652e-24 3.09399e-22 8.40746e-20 2.73197e-17 7.30528e-15 1.31815e-12 1.39757e-10 8.01742e-09 2.41248e-07 3.85466e-06 3.41133e-05 0.000175698 0.000542234 0.00101217 0.00119231 0.00098625 0.000646423 0.000363144 0.000179168 7.56658e-05 2.47969e-05 4.5029e-06 0 
0 0.000249027 0.000100258 4.97191e-06 4.57918e-08 1.06857e-10 9.05924e-14 4.26678e-17 1.9665e-20 4.64263e-23 5.17901e-25 1.60397e-26 1.38388e-27 5.6615e-28 4.91227e-28 5.41502e-28 1.14781e-27 1.02511e-26 2.98507e-25 2.43618e-23 6.57287e-21 3.01547e-18 1.15714e-15 2.92651e-13 4.20934e-11 3.15287e-09 1.18916e-07 2.28715e-06 2.34836e-05 0.000136294 0.000464929 0.000944544 0.00118509 0.0010179 0.000679365 0.000384484 0.000190208 8.0401e-05 2.63563e-05 4.7865e-06 0 
0 0.000240897 8.90455e-05 3.87678e-06 2.99476e-08 5.62702e-11 3.72448e-14 1.34581e-17 5.63871e-21 1.91389e-23 2.80096e-25 9.71965e-27 5.66158e-28 7.01827e-29 3.68504e-29 4.82372e-29 2.42783e-28 3.62193e-27 1.0375e-25 7.03419e-24 1.59025e-21 8.53292e-19 4.01921e-16 1.23193e-13 2.10829e-11 1.83864e-09 7.88939e-08 1.68693e-06 1.88524e-05 0.000117086 0.000422669 0.000901406 0.00117401 0.00103189 0.000696601 0.000396113 0.000196304 8.30272e-05 2.72225e-05 4.94409e-06 0 
0 0.000238682 8.664e-05 3.67085e-06 2.73384e-08 4.91041e-11 3.08672e-14 1.05526e-17 4.40028e-21 1.59064e-23 2.44859e-25 8.74952e-27 4.91235e-28 3.6851e-29 6.84029e-30 1.63882e-29 1.72819e-28 2.91098e-27 8.27034e-26 5.40082e-24 1.16661e-21 6.42787e-19 3.16175e-16 1.00974e-13 1.7939e-11 1.61686e-09 7.13525e-08 1.56138e-06 1.77766e-05 0.000112085 0.000410012 0.000885294 0.00116511 0.00103123 0.00069871 0.000397954 0.00019734 8.34839e-05 2.73743e-05 4.97178e-06 0 
0 0.000242235 9.21609e-05 4.19891e-06 3.45076e-08 6.99772e-11 5.05175e-14 2.00187e-17 8.43237e-21 2.44654e-23 3.16243e-25 1.00774e-26 5.4151e-28 4.82375e-29 1.6388e-29 3.32652e-29 2.63756e-28 4.34357e-27 1.33511e-25 9.91171e-24 2.44603e-21 1.25221e-18 5.49942e-16 1.57986e-13 2.55182e-11 2.11679e-09 8.70881e-08 1.79938e-06 1.95721e-05 0.000119077 0.000423497 0.000894502 0.00115927 0.0010172 0.000686504 0.000390422 0.00019351 8.18514e-05 2.68379e-05 4.87431e-06 0 
0 0.000250982 0.000106213 5.69815e-06 5.84145e-08 1.55539e-10 1.53222e-13 8.46625e-17 4.33613e-20 7.89789e-23 7.14019e-25 1.86885e-26 1.14781e-27 2.42781e-28 1.72816e-28 2.63753e-28 1.106e-27 1.47675e-26 5.11957e-25 4.90333e-23 1.40864e-20 5.78109e-18 1.96379e-15 4.43853e-13 5.77512e-11 3.9663e-09 1.3909e-07 2.5212e-06 2.47087e-05 0.000138483 0.000461132 0.000923837 0.00115271 0.000989399 0.000660897 0.000374337 0.000185275 7.83332e-05 2.56809e-05 4.664e-06 0 
0 0.000263885 0.000130697 8.91831e-06 1.26486e-07 5.0235e-10 7.81151e-13 7.03507e-16 5.66412e-19 7.88435e-22 4.69987e-24 1.0892e-25 1.02511e-26 3.62189e-27 2.91094e-27 4.34352e-27 1.47674e-26 1.62949e-25 6.30707e-24 7.7765e-22 1.9627e-19 5.52284e-17 1.28414e-14 2.03724e-12 1.9258e-10 1.00036e-08 2.76947e-07 4.13573e-06 3.47312e-05 0.000172306 0.000520113 0.000963529 0.0011377 0.000946271 0.000622972 0.000350856 0.000173312 7.32296e-05 2.40032e-05 4.35909e-06 0 
0 0.000279297 0.000168553 1.55414e-05 3.30373e-07 2.15956e-09 5.93225e-12 9.824e-15 1.45686e-17 2.94189e-20 1.41967e-22 2.95652e-24 2.98506e-25 1.03749e-25 8.27028e-26 1.3351e-25 5.11956e-25 6.30707e-24 2.85304e-22 3.23762e-20 5.33964e-18 9.22355e-16 1.33418e-13 1.35802e-11 8.59389e-10 3.1415e-08 6.4569e-07 7.55195e-06 5.21891e-05 0.000221946 0.000592282 0.000997072 0.00110357 0.000885974 0.000574131 0.00032141 0.000158445 6.6906e-05 2.19266e-05 3.98176e-06 0 
0 0.000294834 0.000223105 2.90096e-05 9.76167e-07 1.12262e-08 5.87978e-11 1.94332e-13 5.78578e-16 2.23014e-18 1.58569e-20 3.09399e-22 2.43618e-23 7.03417e-24 5.40081e-24 9.91169e-24 4.90332e-23 7.7765e-22 3.23762e-20 2.36814e-18 2.26263e-16 2.23841e-14 1.88366e-12 1.1537e-10 4.60427e-09 1.12211e-07 1.63334e-06 1.43852e-05 7.92994e-05 0.000282463 0.000656729 0.000999392 0.00103836 0.000807288 0.000516196 0.000287615 0.000141578 5.97595e-05 1.95826e-05 3.55604e-06 0 
0 0.000307405 0.000296573 5.57795e-05 3.0601e-06 6.41124e-08 6.66379e-10 4.58954e-12 2.86618e-14 2.23232e-16 2.92783e-18 8.40746e-20 6.57287e-21 1.59025e-21 1.16661e-21 2.44603e-21 1.40864e-20 1.9627e-19 5.33964e-18 2.26263e-16 1.20221e-14 6.5551e-13 3.08473e-11 1.09172e-09 2.63594e-08 4.10721e-07 4.06781e-06 2.60721e-05 0.000111918 0.000330265 0.000671415 0.000937602 0.000930845 0.000710156 0.000451368 0.000251158 0.000123621 5.21856e-05 1.71021e-05 3.10572e-06 0 
0 0.000313543 0.000387526 0.000106476 9.59067e-06 3.68123e-07 7.64062e-09 1.10441e-10 1.45765e-12 2.31148e-14 5.70132e-16 2.73197e-17 3.01547e-18 8.53292e-19 6.42787e-19 1.25221e-18 5.78109e-18 5.52284e-17 9.22355e-16 2.23841e-14 6.5551e-13 1.94708e-11 5.0412e-10 1.00653e-08 1.41912e-07 1.3471e-06 8.58965e-06 3.82163e-05 0.000125052 0.000309976 0.000575303 0.000778316 0.000773037 0.000595812 0.000382054 0.000213681 0.000105429 4.45507e-05 1.46055e-05 2.65271e-06 0 
0 0.000310087 0.000487831 0.000195146 2.85497e-05 1.96988e-06 7.98025e-08 2.36322e-09 6.43671e-11 2.03231e-12 9.24475e-14 7.30528e-15 1.15714e-15 4.01921e-16 3.16175e-16 5.49942e-16 1.96379e-15 1.28414e-14 1.33418e-13 1.88366e-12 3.08473e-11 5.0412e-10 7.17527e-09 7.90437e-08 6.13891e-07 3.1987e-06 1.14698e-05 3.16115e-05 7.66902e-05 0.000172899 0.000338472 0.000512577 0.000565375 0.000467132 0.00031075 0.000176689 8.77519e-05 3.71702e-05 1.2196e-05 2.2157e-06 0 
0 0.000295097 0.000581051 0.000333369 7.74193e-05 9.25457e-06 6.99205e-07 4.03925e-08 2.16191e-09 1.29793e-10 1.0455e-11 1.31815e-12 2.92651e-13 1.23193e-13 1.00974e-13 1.57986e-13 4.43853e-13 2.03724e-12 1.35802e-11 1.1537e-10 1.09172e-09 1.00653e-08 7.90437e-08 4.59107e-07 1.7083e-06 3.71094e-06 5.10704e-06 6.2661e-06 1.05338e-05 2.78555e-05 8.71099e-05 0.000213748 0.000331606 0.000331022 0.000240323 0.000141549 7.12114e-05 3.02965e-05 9.95483e-06 1.80933e-06 0 
0 0.000268659 0.00064518 0.000517099 0.000184981 3.65643e-05 4.85059e-06 5.11453e-07 5.0302e-08 5.39008e-09 7.27055e-10 1.39757e-10 4.20934e-11 2.10829e-11 1.7939e-11 2.55182e-11 5.77512e-11 1.9258e-10 8.59389e-10 4.60427e-09 2.63594e-08 1.41912e-07 6.13891e-07 1.7083e-06 2.25291e-06 1.0794e-06 2.21247e-07 5.07855e-08 4.82936e-08 2.84335e-07 3.99167e-06 3.76198e-05 0.000134812 0.000202975 0.000174741 0.000109568 5.62982e-05 2.41134e-05 7.93951e-06 1.44393e-06 0 
0 0.000233126 0.00066091 0.000712186 0.000378753 0.000117979 2.57353e-05 4.59169e-06 7.67711e-07 1.36363e-07 2.88513e-08 8.01742e-09 3.15287e-09 1.83864e-09 1.61686e-09 2.11679e-09 3.9663e-09 1.00036e-08 3.1415e-08 1.12211e-07 4.10721e-07 1.3471e-06 3.1987e-06 3.71094e-06 1.0794e-06 3.8381e-08 2.08134e-10 1.70579e-12 5.96901e-13 2.58272e-11 1.08103e-08 1.79571e-06 3.35021e-05 0.000105099 0.000119207 8.19943e-05 4.33659e-05 1.87353e-05 6.18425e-06 1.12551e-06 0 
0 0.000192554 0.00062164 0.000857059 0.000648296 0.000304069 0.000102598 2.87335e-05 7.53574e-06 2.05258e-06 6.35516e-07 2.41248e-07 1.18916e-07 7.88939e-08 7.13525e-08 8.70881e-08 1.3909e-07 2.76947e-07 6.4569e-07 1.63334e-06 4.06781e-06 8.58965e-06 1.14698e-05 5.10704e-06 2.21247e-07 2.08134e-10 5.23396e-15 7.04888e-16 2.54966e-15 3.98262e-17 2.13248e-12 2.79826e-08 5.74284e-06 4.87563e-05 7.8064e-05 5.97533e-05 3.26025e-05 1.42093e-05 4.70168e-06 8.5626e-07 0 
0 0.000151512 0.000537642 0.000896016 0.000909916 0.000612792 0.000303816 0.000125218 4.78623e-05 1.85617e-05 7.86e-06 3.85466e-06 2.28715e-06 1.68693e-06 1.56138e-06 1.79938e-06 2.5212e-06 4.13573e-06 7.55195e-06 1.43852e-05 2.60721e-05 3.82163e-05 3.16115e-05 6.2661e-06 5.07855e-08 1.70579e-12 7.04887e-16 4.49287e-17 9.74848e-17 2.53367e-17 7.94806e-16 6.61334e-10 1.20532e-06 2.4359e-05 5.17433e-05 4.2994e-05 2.3991e-05 1.0519e-05 3.48611e-06 6.35148e-07 0 
0 0.000113831 0.000430427 0.000819472 0.00104165 0.00094836 0.000658252 0.000379784 0.000199705 0.00010367 5.66046e-05 3.41133e-05 2.34836e-05 1.88524e-05 1.77766e-05 1.95721e-05 2.47087e-05 3.47312e-05 5.21891e-05 7.92994e-05 0.000111918 0.000125052 7.66902e-05 1.05338e-05 4.82936e-08 5.96901e-13 2.54966e-15 9.7485e-17 1.38972e-17 7.22431e-18 1.05468e-16 2.09187e-10 6.57732e-07 1.62943e-05 3.67116e-05 3.09386e-05 1.73157e-05 7.59649e-06 2.51781e-06 4.58735e-07 0 
0 8.18805e-05 0.000322019 0.000667268 0.000988043 0.00112702 0.00103017 0.000793856 0.00055009 0.000365743 0.000246536 0.000175698 0.000136294 0.000117086 0.000112085 0.000119077 0.000138483 0.000172306 0.000221946 0.000282463 0.000330265 0.000309976 0.000172899 2.78555e-05 2.84335e-07 2.58272e-11 3.98262e-17 2.53367e-17 7.2243e-18 5.03171e-17 1.35855e-14 1.7226e-09 1.16258e-06 1.54707e-05 2.82268e-05 2.22937e-05 1.22434e-05 5.34245e-06 1.76806e-06 3.21999e-07 0 
0 5.65044e-05 0.000227246 0.000494453 0.000802681 0.00106025 0.00118054 0.00114155 0.000995487 0.000817784 0.000660117 0.000542234 0.000464929 0.000422669 0.000410012 0.000423497 0.000461132 0.000520113 0.000592282 0.000656729 0.000671415 0.000575303 0.000338472 8.71099e-05 3.99167e-06 1.08103e-08 2.13248e-12 7.94806e-16 1.05468e-16 1.35855e-14 6.01673e-11 7.1089e-08 3.78127e-06 1.76576e-05 2.24663e-05 1.5871e-05 8.4365e-06 3.64736e-06 1.20395e-06 2.19106e-07 0 
0 3.74234e-05 0.000152287 0.000339962 0.000579832 0.000832027 0.00104463 0.00117477 0.00121019 0.00117148 0.00109467 0.00101217 0.000944544 0.000901406 0.000885294 0.000894502 0.000923837 0.000963529 0.000997072 0.000999392 0.000937602 0.000778316 0.000512577 0.000213748 3.76198e-05 1.79571e-06 2.79826e-08 6.61334e-10 2.09187e-10 1.7226e-09 7.1089e-08 1.75219e-06 1.05251e-05 1.91397e-05 1.73034e-05 1.09401e-05 5.6221e-06 2.40656e-06 7.92108e-07 1.44038e-07 0 
0 2.37438e-05 9.71764e-05 0.000219633 0.000383679 0.000573699 0.000766754 0.000937573 0.00106671 0.00114709 0.00118448 0.00119231 0.00118509 0.00117401 0.00116511 0.00115927 0.00115271 0.0011377 0.00110357 0.00103836 0.000930845 0.000773037 0.000565375 0.000331606 0.000134812 3.35021e-05 5.74284e-06 1.20532e-06 6.57732e-07 1.16258e-06 3.78127e-06 1.05251e-05 1.72676e-05 1.72226e-05 1.23224e-05 7.18177e-06 3.59459e-06 1.52615e-06 5.01091e-07 9.10526e-08 0 
0 1.43626e-05 5.89358e-05 0.000133942 0.000236483 0.000360165 0.000495298 0.000630112 0.000753066 0.000855467 0.000933123 0.00098625 0.0010179 0.00103189 0.00103123 0.0010172 0.000989399 0.000946271 0.000885974 0.000807288 0.000710156 0.000595812 0.000467132 0.000331022 0.000202975 0.000105099 4.87563e-05 2.4359e-05 1.62943e-05 1.54707e-05 1.76576e-05 1.91397e-05 1.72226e-05 1.27098e-05 8.00356e-06 4.44524e-06 2.18786e-06 9.23761e-07 3.0277e-07 5.49861e-08 0 
0 8.21211e-06 3.37358e-05 7.68483e-05 0.000136275 0.000209116 0.000290972 0.000376345 0.000459348 0.000534561 0.000597788 0.000646423 0.000679365 0.000696601 0.00069871 0.000686504 0.000660897 0.000622972 0.000574131 0.000516196 0.000451368 0.000382054 0.00031075 0.000240323 0.000174741 0.000119207 7.8064e-05 5.17433e-05 3.67116e-05 2.82268e-05 2.24663e-05 1.73034e-05 1.23224e-05 8.00356e-06 4.75065e-06 2.57525e-06 1.25594e-06 5.28576e-07 1.73056e-07 3.14176e-08 0 
0 4.37465e-06 1.79795e-05 4.0994e-05 7.2818e-05 0.000112062 0.000156624 0.000203856 0.000250832 0.000294653 0.000332757 0.000363144 0.000384484 0.000396113 0.000397954 0.000390422 0.000374337 0.000350856 0.00032141 0.000287615 0.000251158 0.000213681 0.000176689 0.000141549 0.000109568 8.19943e-05 5.97533e-05 4.2994e-05 3.09386e-05 2.22937e-05 1.5871e-05 1.09401e-05 7.18177e-06 4.44524e-06 2.57525e-06 1.38095e-06 6.70528e-07 2.81727e-07 9.21825e-08 1.67319e-08 0 
0 2.11772e-06 8.70525e-06 1.98552e-05 3.5291e-05 5.43671e-05 7.61071e-05 9.92797e-05 0.000122507 0.000144389 0.000163634 0.000179168 0.000190208 0.000196304 0.00019734 0.00019351 0.000185275 0.000173312 0.000158445 0.000141578 0.000123621 0.000105429 8.77519e-05 7.12114e-05 5.62982e-05 4.33659e-05 3.26025e-05 2.3991e-05 1.73157e-05 1.22434e-05 8.4365e-06 5.6221e-06 3.59459e-06 2.18786e-06 1.25594e-06 6.70528e-07 3.24951e-07 1.36424e-07 4.46252e-08 8.09894e-09 0 
0 8.8864e-07 3.65314e-06 8.33325e-06 1.4815e-05 2.28312e-05 3.19782e-05 4.1746e-05 5.15619e-05 6.08393e-05 6.90293e-05 7.56658e-05 8.0401e-05 8.30272e-05 8.34839e-05 8.18514e-05 7.83332e-05 7.32296e-05 6.6906e-05 5.97595e-05 5.21856e-05 4.45507e-05 3.71702e-05 3.02965e-05 2.41134e-05 1.87353e-05 1.42093e-05 1.0519e-05 7.59649e-06 5.34245e-06 3.64736e-06 2.40656e-06 1.52615e-06 9.23761e-07 5.28576e-07 2.81727e-07 1.36424e-07 5.72551e-08 1.8726e-08 3.39837e-09 0 
0 2.90619e-07 1.19475e-06 2.72548e-06 4.84576e-06 7.46867e-06 1.04627e-05 1.36619e-05 1.68795e-05 1.99236e-05 2.26141e-05 2.47969e-05 2.63563e-05 2.72225e-05 2.73743e-05 2.68379e-05 2.56809e-05 2.40032e-05 2.19266e-05 1.95826e-05 1.71021e-05 1.46055e-05 1.2196e-05 9.95483e-06 7.93951e-06 6.18425e-06 4.70168e-06 3.48611e-06 2.51781e-06 1.76806e-06 1.20395e-06 7.92108e-07 5.01091e-07 3.0277e-07 1.73056e-07 9.21825e-08 4.46252e-08 1.8726e-08 6.12422e-09 1.11139e-09 0 
0 5.27395e-08 2.16816e-07 4.94612e-07 8.79418e-07 1.35548e-06 1.89898e-06 2.47982e-06 3.06415e-06 3.61715e-06 4.10608e-06 4.5029e-06 4.7865e-06 4.94409e-06 4.97178e-06 4.87431e-06 4.664e-06 4.35909e-06 3.98176e-06 3.55604e-06 3.10572e-06 2.65271e-06 2.2157e-06 1.80933e-06 1.44393e-06 1.12551e-06 8.5626e-07 6.35148e-07 4.58735e-07 3.21999e-07 2.19106e-07 1.44038e-07 9.10526e-08 5.49861e-08 3.14176e-08 1.67319e-08 8.09894e-09 3.39837e-09 1.11139e-09 2.01686e-10 0 
0 0 0 0 0 0 0 0 0 0 0 0 0 0 0 0 0 0 0 0 0 0 0 0 0 0 0 0 0 0 0 0 0 0 0 0 0 0 0 0 0 
