0 0 0 0 0 0 0 0 0 0 0 0 0 0 0 0 0 0 0 0 0 0 0 0 0 0 0 0 0 0 0 0 0 0 0 0 0 0 0 0 0 
0 1.35344e-05 5.43679e-05 0.000118715 0.000196136 0.000271129 0.000329018 0.000362319 0.000372407 0.000366234 0.000351914 0.000336002 0.00032275 0.000314438 0.000311963 0.000315297 0.000323694 0.00033572 0.000349181 0.000361114 0.000367996 0.000366274 0.000353216 0.00032783 0.000291437 0.000247513 0.000200742 0.000155691 0.000115743 8.26649e-05 5.67939e-05 3.75199e-05 2.37728e-05 1.43705e-05 8.21405e-06 4.37508e-06 2.11781e-06 8.88653e-07 2.90621e-07 5.27396e-08 0 
0 5.43679e-05 0.000211267 0.000431332 0.000633921 0.000735592 0.000711103 0.000602642 0.000471228 0.000356289 0.00027096 0.0002138 0.000179008 0.000161292 0.000157337 0.000165908 0.000187597 0.000224445 0.000279295 0.000354493 0.000449605 0.000558356 0.000666171 0.000751017 0.000789805 0.000768793 0.00069134 0.000576467 0.000449123 0.000329864 0.000230144 0.000153239 9.74565e-05 5.90099e-05 3.37534e-05 1.79833e-05 8.70595e-06 3.65325e-06 1.19476e-06 2.16817e-07 0 
0 0.000118715 0.000431332 0.000766967 0.000889786 0.00073741 0.00047367 0.000258158 0.000130081 6.52318e-05 3.46044e-05 2.03923e-05 1.38427e-05 1.10736e-05 1.05328e-05 1.18601e-05 1.55565e-05 2.31708e-05 3.79569e-05 6.60065e-05 0.000117526 0.000206924 0.000348775 0.000546436 0.000775445 0.000976643 0.00107928 0.00104707 0.000902711 0.000705066 0.000508934 0.000344753 0.000221028 0.000134304 7.6932e-05 4.10113e-05 1.98583e-05 8.33372e-06 2.72553e-06 4.94616e-07 0 
0 0.000196136 0.000633921 0.000889786 0.000705744 0.000356325 0.000130896 3.98914e-05 1.13174e-05 3.30755e-06 1.08841e-06 4.345e-07 2.22688e-07 1.51859e-07 1.39664e-07 1.7183e-07 2.75177e-07 5.49701e-07 1.29909e-06 3.42708e-06 9.52119e-06 2.63846e-05 6.95275e-05 0.0001673 0.000355106 0.000645016 0.000977774 0.00122015 0.00126023 0.0011048 0.000851706 0.000596731 0.000388643 0.000237758 0.000136565 7.28764e-05 3.53013e-05 1.48165e-05 4.84593e-06 8.79428e-07 0 
0 0.000271129 0.000735592 0.00073741 0.000356325 9.87227e-05 1.87275e-05 2.85337e-06 4.04225e-07 6.11277e-08 1.11993e-08 2.76983e-09 1.0045e-09 5.6276e-10 4.96561e-10 6.81346e-10 1.39513e-09 3.99929e-09 1.48273e-08 6.51881e-08 3.11616e-07 1.49471e-06 6.71475e-06 2.67342e-05 9.04621e-05 0.000251855 0.000560908 0.00097489 0.00130721 0.00137385 0.00118191 0.000877698 0.000587593 0.000363753 0.000209924 0.000112222 5.43947e-05 2.28352e-05 7.46911e-06 1.35551e-06 0 
0 0.000329018 0.000711103 0.00047367 0.000130896 1.87275e-05 1.70012e-06 1.18259e-07 7.59513e-09 5.41127e-10 5.07541e-11 7.26006e-12 1.77266e-12 7.93095e-13 6.67297e-13 1.03705e-12 2.81185e-12 1.21794e-11 7.55503e-11 5.95464e-10 5.29042e-09 4.74288e-08 3.90223e-07 2.73444e-06 1.54717e-05 6.82646e-05 0.000229396 0.000574595 0.00105119 0.00140112 0.00140941 0.00114278 0.000798616 0.000503718 0.000292868 0.000156995 7.61701e-05 3.19871e-05 1.04637e-05 1.89904e-06 0 
0 0.000362319 0.000602642 0.000258158 3.98914e-05 2.85337e-06 1.18259e-07 3.5532e-09 9.76877e-11 3.10428e-12 1.41976e-13 1.1288e-14 1.80296e-15 6.33633e-16 5.06452e-16 8.99179e-16 3.2933e-15 2.21991e-14 2.39082e-13 3.52368e-12 6.08643e-11 1.06733e-09 1.68007e-08 2.15472e-07 2.10325e-06 1.49985e-05 7.65811e-05 0.000276827 0.00069836 0.00121394 0.00147909 0.00134691 0.000998929 0.000646994 0.000380189 0.000204606 9.94056e-05 4.17637e-05 1.36638e-05 2.47993e-06 0 
0 0.000372407 0.000471228 0.000130081 1.13174e-05 4.04225e-07 7.59513e-09 9.76877e-11 1.13919e-12 1.60086e-14 3.54338e-16 1.55626e-17 1.62038e-18 4.47555e-19 3.39912e-19 6.87879e-19 3.40403e-18 3.58391e-17 6.73695e-16 1.86837e-14 6.31787e-13 2.18307e-11 6.62306e-10 1.56535e-08 2.64957e-07 3.05698e-06 2.3567e-05 0.000121162 0.000415047 0.000938476 0.00140431 0.00146361 0.00116801 0.000782512 0.000466187 0.000252169 0.000122729 5.15928e-05 1.68827e-05 3.06433e-06 0 
0 0.000366234 0.000356289 6.52318e-05 3.30755e-06 6.11277e-08 5.41127e-10 3.10428e-12 1.60086e-14 1.03517e-16 1.14944e-18 2.91257e-20 2.19573e-21 5.5659e-22 4.19575e-22 8.60404e-22 5.00156e-21 7.69243e-20 2.44161e-18 1.23489e-16 7.91072e-15 5.21196e-13 2.95322e-11 1.24955e-09 3.5734e-08 6.51464e-07 7.40743e-06 5.27559e-05 0.00023834 0.00068463 0.00124784 0.00149537 0.00129362 0.00090086 0.000545384 0.000296782 0.000144743 6.08881e-05 1.99287e-05 3.61744e-06 0 
0 0.000351914 0.00027096 3.46044e-05 1.08841e-06 1.11993e-08 5.07541e-11 1.41976e-13 3.54338e-16 1.14944e-18 7.05123e-21 1.25554e-22 9.4769e-24 2.71868e-24 2.10663e-24 3.91191e-24 2.01246e-23 3.43952e-22 1.62206e-20 1.3896e-18 1.571e-16 1.83795e-14 1.81604e-12 1.29074e-10 5.89044e-09 1.61443e-07 2.59264e-06 2.45899e-05 0.000140994 0.000496538 0.00107551 0.00146732 0.0013744 0.00099592 0.000613199 0.000335817 0.000164143 6.90991e-05 2.26213e-05 4.10649e-06 0 
0 0.000336002 0.0002138 2.03923e-05 4.345e-07 2.76983e-09 7.26006e-12 1.1288e-14 1.55626e-17 2.91257e-20 1.25554e-22 1.93617e-24 1.3313e-25 3.84733e-26 3.0029e-26 5.31531e-26 2.6727e-25 4.83727e-24 2.77865e-22 3.4969e-20 6.26774e-18 1.17294e-15 1.82701e-13 1.98584e-11 1.32927e-09 5.08947e-08 1.08457e-06 1.29922e-05 9.02283e-05 0.000373396 0.00092849 0.00141156 0.00141781 0.00106534 0.000666376 0.000367147 0.000179835 7.5757e-05 2.48064e-05 4.50343e-06 0 
0 0.00032275 0.000179008 1.38427e-05 2.22688e-07 1.0045e-09 1.77266e-12 1.80296e-15 1.62038e-18 2.19573e-21 9.47694e-24 1.33131e-25 5.94083e-27 1.19646e-27 8.75752e-28 1.70294e-27 1.14894e-26 2.65106e-25 1.64594e-23 2.45438e-21 6.02594e-19 1.5832e-16 3.42824e-14 5.06875e-12 4.47876e-10 2.18545e-08 5.71833e-07 8.11169e-06 6.46474e-05 0.000300005 0.000823013 0.00135457 0.00143514 0.00110974 0.000703069 0.000389284 0.000191009 8.05105e-05 2.63676e-05 4.78713e-06 0 
0 0.000314438 0.000161292 1.10736e-05 1.51859e-07 5.6276e-10 7.93095e-13 6.33633e-16 4.47555e-19 5.56591e-22 2.7187e-24 3.84739e-26 1.19649e-27 1.0173e-28 5.26439e-29 1.61659e-28 2.00062e-27 5.82552e-26 3.6466e-24 5.47823e-22 1.56629e-19 4.98725e-17 1.30327e-14 2.29739e-12 2.37967e-10 1.33434e-08 3.92775e-07 6.13917e-06 5.29367e-05 0.000262237 0.000761115 0.00131264 0.00143676 0.00113127 0.000722637 0.00040142 0.000197192 8.31486e-05 2.7235e-05 4.94478e-06 0 
0 0.000311963 0.000157337 1.05328e-05 1.39664e-07 4.96561e-10 6.67297e-13 5.06452e-16 3.39912e-19 4.19575e-22 2.10665e-24 3.00295e-26 8.75772e-28 5.26448e-29 1.92718e-29 8.71065e-29 1.36172e-27 4.18293e-26 2.61598e-24 3.90025e-22 1.14622e-19 3.80176e-17 1.03474e-14 1.89571e-12 2.03396e-10 1.17651e-08 3.55639e-07 5.68283e-06 4.99032e-05 0.000251126 0.000739598 0.00129262 0.00142923 0.00113215 0.000725309 0.000403394 0.000198252 8.36088e-05 2.73871e-05 4.9725e-06 0 
0 0.000315297 0.000165908 1.18601e-05 1.7183e-07 6.81346e-10 1.03705e-12 8.99179e-16 6.87879e-19 8.60405e-22 3.91193e-24 5.31537e-26 1.70296e-27 1.61659e-28 8.71053e-29 2.62114e-28 3.03579e-27 8.67221e-26 5.5393e-24 8.41641e-22 2.29241e-19 6.84139e-17 1.68031e-14 2.79878e-12 2.75717e-10 1.48091e-08 4.20599e-07 6.38762e-06 5.38687e-05 0.000262577 0.000754173 0.00129388 0.00141418 0.0011138 0.000711893 0.000395614 0.000194381 8.1971e-05 2.68502e-05 4.875e-06 0 
0 0.000323694 0.000187597 1.55565e-05 2.75177e-07 1.39513e-09 2.81185e-12 3.2933e-15 3.40403e-18 5.00156e-21 2.01247e-23 2.67271e-25 1.14894e-26 2.00059e-27 1.3617e-27 3.03576e-27 2.33503e-26 5.6227e-25 3.5859e-23 5.17114e-21 1.14472e-18 2.68496e-16 5.22058e-14 6.996e-12 5.66723e-10 2.56707e-08 6.31487e-07 8.52656e-06 6.54504e-05 0.000295896 0.000799671 0.00130943 0.00138867 0.00107673 0.000683619 0.000378972 0.000186054 7.84404e-05 2.5692e-05 4.66462e-06 0 
0 0.00033572 0.000224445 2.31708e-05 5.49701e-07 3.99929e-09 1.21794e-11 2.21991e-14 3.58391e-17 7.69243e-20 3.43952e-22 4.83727e-24 2.65105e-25 5.82547e-26 4.18288e-26 8.67215e-26 5.62269e-25 1.18762e-23 6.89303e-22 7.87031e-20 1.23781e-17 2.03252e-15 2.79811e-13 2.71745e-11 1.64691e-09 5.79213e-08 1.15072e-06 1.30428e-05 8.70084e-05 0.00035145 0.000867251 0.00132584 0.00134618 0.00102086 0.000642108 0.000354747 0.000173967 7.33201e-05 2.40127e-05 4.35962e-06 0 
0 0.000349181 0.000279295 3.79569e-05 1.29909e-06 1.48273e-08 7.55503e-11 2.39082e-13 6.73695e-16 2.44161e-18 1.62206e-20 2.77865e-22 1.64594e-23 3.64659e-24 2.61597e-24 5.53929e-24 3.5859e-23 6.89303e-22 3.10016e-20 2.39523e-18 2.42528e-16 2.54749e-14 2.27413e-12 1.4734e-10 6.19522e-09 1.58287e-07 2.39966e-06 2.17881e-05 0.000121637 0.000426067 0.000939161 0.00132287 0.00127832 0.000946258 0.000589386 0.000324507 0.000158969 6.69787e-05 2.19342e-05 3.9822e-06 0 
0 0.000361114 0.000354493 6.60065e-05 3.42708e-06 6.51881e-08 5.95464e-10 3.52368e-12 1.86837e-14 1.23489e-16 1.3896e-18 3.4969e-20 2.45438e-21 5.47823e-22 3.90025e-22 8.41641e-22 5.17114e-21 7.87031e-20 2.39523e-18 1.15681e-16 7.08328e-15 4.46937e-13 2.43098e-11 9.89736e-10 2.73021e-08 4.81651e-07 5.32906e-06 3.73384e-05 0.000169376 0.000504007 0.000982377 0.00127422 0.00117664 0.000853651 0.000527844 0.000289986 0.000141982 5.98161e-05 1.95886e-05 3.55638e-06 0 
0 0.000367996 0.000449605 0.000117526 9.52119e-06 3.11616e-07 5.29042e-09 6.08643e-11 6.31787e-13 7.91072e-15 1.571e-16 6.26774e-18 6.02594e-19 1.56629e-19 1.14622e-19 2.29241e-19 1.14472e-18 1.23781e-17 2.42528e-16 7.08328e-15 2.53527e-13 9.26961e-12 2.95899e-10 7.28224e-09 1.26613e-07 1.48073e-06 1.14976e-05 6.01183e-05 0.00021661 0.000543539 0.00094533 0.00115072 0.00103434 0.000744626 0.000460088 0.000252954 0.000123931 5.22295e-05 1.71068e-05 3.10599e-06 0 
0 0.000366274 0.000558356 0.000206924 2.63846e-05 1.49471e-06 4.74288e-08 1.06733e-09 2.18307e-11 5.21196e-13 1.83795e-14 1.17294e-15 1.5832e-16 4.98725e-17 3.80176e-17 6.84139e-17 2.68496e-16 2.03252e-15 2.54749e-14 4.46937e-13 9.26961e-12 1.94097e-10 3.57657e-09 5.19336e-08 5.49368e-07 4.06164e-06 2.09712e-05 7.81857e-05 0.000219577 0.000472913 0.000768904 0.00092744 0.000847318 0.000621395 0.000388714 0.000215082 0.000105675 4.45859e-05 1.46094e-05 2.65294e-06 0 
0 0.000353216 0.000666171 0.000348775 6.95275e-05 6.71475e-06 3.90223e-07 1.68007e-08 6.62306e-10 2.95322e-11 1.81604e-12 1.82701e-13 3.42824e-14 1.30327e-14 1.03474e-14 1.68031e-14 5.22058e-14 2.79811e-13 2.27413e-12 2.43098e-11 2.95899e-10 3.57657e-09 3.79435e-08 3.1768e-07 1.93203e-06 8.18095e-06 2.47529e-05 5.92645e-05 0.000126822 0.00025346 0.00044193 0.000604462 0.000617758 0.000486955 0.000316197 0.000177867 8.7961e-05 3.72004e-05 1.21993e-05 2.21589e-06 0 
0 0.00032783 0.000751017 0.000546436 0.0001673 2.67342e-05 2.73444e-06 2.15472e-07 1.56535e-08 1.24955e-09 1.29074e-10 1.98584e-11 5.06875e-12 2.29739e-12 1.89571e-12 2.79878e-12 6.996e-12 2.71745e-11 1.4734e-10 9.89736e-10 7.28224e-09 5.19336e-08 3.1768e-07 1.46756e-06 4.50487e-06 8.48159e-06 1.06091e-05 1.20896e-05 1.85877e-05 4.35654e-05 0.000119068 0.000259009 0.000367595 0.000347398 0.000245207 0.000142635 7.14049e-05 3.03243e-05 9.95782e-06 1.80951e-06 0 
0 0.000291437 0.000789805 0.000775445 0.000355106 9.04621e-05 1.54717e-05 2.10325e-06 2.64957e-07 3.5734e-08 5.89044e-09 1.32927e-09 4.47876e-10 2.37967e-10 2.03396e-10 2.75717e-10 5.66723e-10 1.64691e-09 6.19522e-09 2.73021e-08 1.26613e-07 5.49368e-07 1.93203e-06 4.50487e-06 5.29583e-06 2.47981e-06 5.40432e-07 1.32719e-07 1.21754e-07 6.00764e-07 6.60744e-06 5.02549e-05 0.00015598 0.000216639 0.000179369 0.000110628 5.6486e-05 2.41399e-05 7.94231e-06 1.44409e-06 0 
0 0.000247513 0.000768793 0.000976643 0.000645016 0.000251855 6.82646e-05 1.49985e-05 3.05698e-06 6.51464e-07 1.61443e-07 5.08947e-08 2.18545e-08 1.33434e-08 1.17651e-08 1.48091e-08 2.56707e-08 5.79213e-08 1.58287e-07 4.81651e-07 1.48073e-06 4.06164e-06 8.18095e-06 8.48159e-06 2.47981e-06 1.06667e-07 8.28147e-10 9.56366e-12 3.54163e-12 1.09007e-10 2.74095e-08 2.94465e-06 4.20494e-05 0.000115434 0.000123504 8.30214e-05 4.35462e-05 1.87603e-05 6.18683e-06 1.12565e-06 0 
0 0.000200742 0.00069134 0.00107928 0.000977774 0.000560908 0.000229396 7.65811e-05 2.3567e-05 7.40743e-06 2.59264e-06 1.08457e-06 5.71833e-07 3.92775e-07 3.55639e-07 4.20599e-07 6.31487e-07 1.15072e-06 2.39966e-06 5.32906e-06 1.14976e-05 2.09712e-05 2.47529e-05 1.06091e-05 5.40432e-07 8.28147e-10 4.58092e-14 1.26243e-16 9.89266e-16 2.96962e-16 1.02551e-11 6.18539e-08 8.05869e-06 5.55121e-05 8.17435e-05 6.06829e-05 3.27647e-05 1.42314e-05 4.70392e-06 8.56382e-07 0 
0 0.000155691 0.000576467 0.00104707 0.00122015 0.00097489 0.000574595 0.000276827 0.000121162 5.27559e-05 2.45899e-05 1.29922e-05 8.11169e-06 6.13917e-06 5.68283e-06 6.38762e-06 8.52656e-06 1.30428e-05 2.17881e-05 3.73384e-05 6.01183e-05 7.81857e-05 5.92645e-05 1.20896e-05 1.32719e-07 9.56366e-12 1.26242e-16 4.7079e-18 2.1634e-17 3.99137e-17 7.22964e-15 1.91545e-09 1.86297e-06 2.8551e-05 5.46093e-05 4.37506e-05 2.41224e-05 1.05366e-05 3.48787e-06 6.35243e-07 0 
0 0.000115743 0.000449123 0.000902711 0.00126023 0.00130721 0.00105119 0.00069836 0.000415047 0.00023834 0.000140994 9.02283e-05 6.46474e-05 5.29367e-05 4.99032e-05 5.38687e-05 6.54504e-05 8.70084e-05 0.000121637 0.000169376 0.00021661 0.000219577 0.000126822 1.85877e-05 1.21754e-07 3.54163e-12 9.89264e-16 2.1634e-17 3.66752e-18 1.8605e-17 8.97246e-16 6.47077e-10 1.03794e-06 1.91882e-05 3.8768e-05 3.14808e-05 1.74091e-05 7.60892e-06 2.51904e-06 4.58801e-07 0 
0 8.26649e-05 0.000329864 0.000705066 0.0011048 0.00137385 0.00140112 0.00121394 0.000938476 0.00068463 0.000496538 0.000373396 0.000300005 0.000262237 0.000251126 0.000262577 0.000295896 0.00035145 0.000426067 0.000504007 0.000543539 0.000472913 0.00025346 4.35654e-05 6.00764e-07 1.09007e-10 2.96962e-16 3.99136e-17 1.86049e-17 1.91613e-17 8.9871e-14 4.37199e-09 1.70388e-06 1.77738e-05 2.95762e-05 2.26306e-05 1.23008e-05 5.35009e-06 1.76882e-06 3.2204e-07 0 
0 5.67939e-05 0.000230144 0.000508934 0.000851706 0.00118191 0.00140941 0.00147909 0.00140431 0.00124784 0.00107551 0.00092849 0.000823013 0.000761115 0.000739598 0.000754173 0.000799671 0.000867251 0.000939161 0.000982377 0.00094533 0.000768904 0.00044193 0.000119068 6.60744e-06 2.74095e-08 1.02551e-11 7.22964e-15 8.97246e-16 8.9871e-14 1.98817e-10 1.30372e-07 4.89616e-06 1.9464e-05 2.32404e-05 1.60496e-05 8.4667e-06 3.65143e-06 1.20436e-06 2.19128e-07 0 
0 3.75199e-05 0.000153239 0.000344753 0.000596731 0.000877698 0.00114278 0.00134691 0.00146361 0.00149537 0.00146732 0.00141156 0.00135457 0.00131264 0.00129262 0.00129388 0.00130943 0.00132584 0.00132287 0.00127422 0.00115072 0.00092744 0.000604462 0.000259009 5.02549e-05 2.94465e-06 6.18539e-08 1.91545e-09 6.47077e-10 4.37199e-09 1.30372e-07 2.41654e-06 1.21621e-05 2.02738e-05 1.76716e-05 1.10199e-05 5.63566e-06 2.40843e-06 7.92302e-07 1.44049e-07 0 
0 2.37728e-05 9.74565e-05 0.000221028 0.000388643 0.000587593 0.000798616 0.000998929 0.00116801 0.00129362 0.0013744 0.00141781 0.00143514 0.00143676 0.00142923 0.00141418 0.00138867 0.00134618 0.00127832 0.00117664 0.00103434 0.000847318 0.000617758 0.000367595 0.00015598 4.20494e-05 8.05869e-06 1.86297e-06 1.03794e-06 1.70388e-06 4.89616e-06 1.21621e-05 1.85055e-05 1.77366e-05 1.2464e-05 7.21175e-06 3.5998e-06 1.52689e-06 5.0117e-07 9.10572e-08 0 
0 1.43705e-05 5.90099e-05 0.000134304 0.000237758 0.000363753 0.000503718 0.000646994 0.000782512 0.00090086 0.00099592 0.00106534 0.00110974 0.00113127 0.00113215 0.0011138 0.00107673 0.00102086 0.000946258 0.000853651 0.000744626 0.000621395 0.000486955 0.000347398 0.000216639 0.000115434 5.55121e-05 2.8551e-05 1.91882e-05 1.77738e-05 1.9464e-05 2.02738e-05 1.77366e-05 1.28808e-05 8.04804e-06 4.45478e-06 2.18958e-06 9.24016e-07 3.02799e-07 5.49878e-08 0 
0 8.21405e-06 3.37534e-05 7.6932e-05 0.000136565 0.000209924 0.000292868 0.000380189 0.000466187 0.000545384 0.000613199 0.000666376 0.000703069 0.000722637 0.000725309 0.000711893 0.000683619 0.000642108 0.000589386 0.000527844 0.000460088 0.000388714 0.000316197 0.000245207 0.000179369 0.000123504 8.17435e-05 5.46093e-05 3.8768e-05 2.95762e-05 2.32404e-05 1.76716e-05 1.2464e-05 8.04804e-06 4.7623e-06 2.57784e-06 1.25643e-06 5.28652e-07 1.73065e-07 3.14182e-08 0 
0 4.37508e-06 1.79833e-05 4.10113e-05 7.28764e-05 0.000112222 0.000156995 0.000204606 0.000252169 0.000296782 0.000335817 0.000367147 0.000389284 0.00040142 0.000403394 0.000395614 0.000378972 0.000354747 0.000324507 0.000289986 0.000252954 0.000215082 0.000177867 0.000142635 0.000110628 8.30214e-05 6.06829e-05 4.37506e-05 3.14808e-05 2.26306e-05 1.60496e-05 1.10199e-05 7.21175e-06 4.45478e-06 2.57784e-06 1.38156e-06 6.70648e-07 2.81747e-07 9.21849e-08 1.6732e-08 0 
0 2.11781e-06 8.70595e-06 1.98583e-05 3.53013e-05 5.43947e-05 7.61701e-05 9.94056e-05 0.000122729 0.000144743 0.000164143 0.000179835 0.000191009 0.000197192 0.000198252 0.000194381 0.000186054 0.000173967 0.000158969 0.000141982 0.000123931 0.000105675 8.7961e-05 7.14049e-05 5.6486e-05 4.35462e-05 3.27647e-05 2.41224e-05 1.74091e-05 1.23008e-05 8.4667e-06 5.63566e-06 3.5998e-06 2.18958e-06 1.25643e-06 6.70648e-07 3.24976e-07 1.36428e-07 4.46257e-08 8.09898e-09 0 
0 8.88653e-07 3.65325e-06 8.33372e-06 1.48165e-05 2.28352e-05 3.19871e-05 4.17637e-05 5.15928e-05 6.08881e-05 6.90991e-05 7.5757e-05 8.05105e-05 8.31486e-05 8.36088e-05 8.1971e-05 7.84404e-05 7.33201e-05 6.69787e-05 5.98161e-05 5.22295e-05 4.45859e-05 3.72004e-05 3.03243e-05 2.41399e-05 1.87603e-05 1.42314e-05 1.05366e-05 7.60892e-06 5.35009e-06 3.65143e-06 2.40843e-06 1.52689e-06 9.24016e-07 5.28652e-07 2.81747e-07 1.36428e-07 5.72559e-08 1.87261e-08 3.39838e-09 0 
0 2.90621e-07 1.19476e-06 2.72553e-06 4.84593e-06 7.46911e-06 1.04637e-05 1.36638e-05 1.68827e-05 1.99287e-05 2.26213e-05 2.48064e-05 2.63676e-05 2.7235e-05 2.73871e-05 2.68502e-05 2.5692e-05 2.40127e-05 2.19342e-05 1.95886e-05 1.71068e-05 1.46094e-05 1.21993e-05 9.95782e-06 7.94231e-06 6.18683e-06 4.70392e-06 3.48787e-06 2.51904e-06 1.76882e-06 1.20436e-06 7.92302e-07 5.0117e-07 3.02799e-07 1.73065e-07 9.21849e-08 4.46257e-08 1.87261e-08 6.12423e-09 1.11139e-09 0 
0 5.27396e-08 2.16817e-07 4.94616e-07 8.79428e-07 1.35551e-06 1.89904e-06 2.47993e-06 3.06433e-06 3.61744e-06 4.10649e-06 4.50343e-06 4.78713e-06 4.94478e-06 4.9725e-06 4.875e-06 4.66462e-06 4.35962e-06 3.9822e-06 3.55638e-06 3.10599e-06 2.65294e-06 2.21589e-06 1.80951e-06 1.44409e-06 1.12565e-06 8.56382e-07 6.35243e-07 4.58801e-07 3.2204e-07 2.19128e-07 1.44049e-07 9.10572e-08 5.49878e-08 3.14182e-08 1.6732e-08 8.09898e-09 3.39838e-09 1.11139e-09 2.01687e-10 0 
0 0 0 0 0 0 0 0 0 0 0 0 0 0 0 0 0 0 0 0 0 0 0 0 0 0 0 0 0 0 0 0 0 0 0 0 0 0 0 0 0 
