0 0 0 0 0 0 0 0 0 0 0 0 0 0 0 0 0 0 0 0 0 0 0 0 0 0 0 0 0 0 0 0 0 0 0 0 0 0 0 0 0 
0 1.32871e-05 5.22193e-05 0.000109722 0.00017114 0.000219755 0.000245539 0.000248824 0.00023671 0.000217518 0.000197582 0.000180618 0.00016835 0.000161335 0.000159583 0.000162875 0.000170854 0.000182953 0.000198209 0.000215064 0.000231241 0.000243837 0.000249733 0.000246319 0.000232341 0.000208516 0.000177528 0.000143303 0.000109833 8.01449e-05 5.58316e-05 3.71899e-05 2.3671e-05 1.43422e-05 8.20699e-06 4.37351e-06 2.1175e-06 8.88603e-07 2.90615e-07 5.27392e-08 0 
0 5.22193e-05 0.00019251 0.000357276 0.000455443 0.000443257 0.000355673 0.000252415 0.000168398 0.00011107 7.54552e-05 5.45392e-05 4.29597e-05 3.74357e-05 3.63056e-05 3.90781e-05 4.62006e-05 5.90122e-05 7.97665e-05 0.000111509 0.000157485 0.000219692 0.000296481 0.000379918 0.000454873 0.000502309 0.000507206 0.000466895 0.000393034 0.000305037 0.000220554 0.000149974 9.64678e-05 5.87424e-05 3.36886e-05 1.79693e-05 8.70333e-06 3.65284e-06 1.19471e-06 2.16814e-07 0 
0 0.000109722 0.000357276 0.000521731 0.000459291 0.000279247 0.000132632 5.47099e-05 2.13894e-05 8.5473e-06 3.73084e-06 1.88112e-06 1.14325e-06 8.60257e-07 8.09512e-07 9.4659e-07 1.34704e-06 2.25853e-06 4.28615e-06 8.81135e-06 1.87808e-05 3.98527e-05 8.12768e-05 0.000154717 0.000268347 0.000415382 0.000563629 0.000661743 0.000670014 0.000590541 0.000462102 0.000328466 0.000216109 0.000132994 7.66226e-05 4.09465e-05 1.98465e-05 8.33192e-06 2.72533e-06 4.94603e-07 0 
0 0.00017114 0.000455443 0.000459291 0.000240003 7.87502e-05 1.90384e-05 3.86491e-06 7.42095e-07 1.5104e-07 3.62136e-08 1.11962e-08 4.78273e-09 2.94778e-09 2.66277e-09 3.4857e-09 6.38389e-09 1.54955e-08 4.66188e-08 1.61564e-07 5.9951e-07 2.2265e-06 7.81333e-06 2.47668e-05 6.86545e-05 0.000162756 0.000324262 0.000533727 0.000715135 0.000778176 0.000700646 0.000540723 0.000371326 0.000233154 0.000135493 7.2657e-05 3.52623e-05 1.48107e-05 4.84528e-06 8.79388e-07 0 
0 0.000219755 0.000443257 0.000279247 7.87502e-05 1.25274e-05 1.34494e-06 1.14755e-07 9.18565e-09 8.14094e-10 9.32849e-11 1.57882e-11 4.36864e-12 2.10588e-12 1.80887e-12 2.72102e-12 6.79951e-12 2.60316e-11 1.38161e-10 9.11319e-10 6.69728e-09 4.95623e-08 3.38709e-07 1.99752e-06 9.69879e-06 3.77253e-05 0.00011607 0.000280369 0.000525696 0.000755266 0.000834257 0.000732894 0.000540216 0.000350924 0.000206947 0.000111621 5.42898e-05 2.28199e-05 7.46742e-06 1.35541e-06 0 
0 0.000245539 0.000355673 0.000132632 1.90384e-05 1.34494e-06 5.73074e-08 1.81623e-09 5.35106e-11 1.83589e-12 9.06056e-14 7.71178e-15 1.30009e-15 4.73382e-16 3.83882e-16 6.76728e-16 2.41072e-15 1.5521e-14 1.57395e-13 2.16334e-12 3.46802e-11 5.64141e-10 8.26138e-09 9.91035e-08 9.11556e-07 6.1906e-06 3.0646e-05 0.000110983 0.000295603 0.000575992 0.000814268 0.000850189 0.000693671 0.000474136 0.000285937 0.000155605 7.59307e-05 3.19528e-05 1.046e-05 1.89882e-06 0 
0 0.000248824 0.000252415 5.47099e-05 3.86491e-06 1.14755e-07 1.81623e-09 1.99272e-11 2.01467e-13 2.50462e-15 5.01991e-17 2.05969e-18 2.19251e-19 7.0237e-20 5.6527e-20 1.01948e-19 4.67357e-19 5.10544e-18 1.03363e-16 3.11549e-15 1.15011e-13 4.3452e-12 1.43923e-10 3.69705e-09 6.75305e-08 8.33841e-07 6.84162e-06 3.76588e-05 0.000142222 0.000374134 0.000683623 0.000869682 0.000805601 0.000589086 0.000366313 0.000201817 9.89293e-05 4.16962e-05 1.36566e-05 2.47951e-06 0 
0 0.00023671 0.000168398 2.13894e-05 7.42095e-07 9.18565e-09 5.35106e-11 2.01467e-13 6.93071e-16 3.10018e-18 2.85294e-20 1.84759e-21 5.58487e-22 3.12266e-22 2.7473e-22 3.59609e-22 7.48939e-22 3.10539e-21 6.41641e-20 4.06678e-18 3.47834e-16 3.07203e-14 2.31659e-12 1.283e-10 4.68755e-09 1.06009e-07 1.4502e-06 1.2141e-05 6.43969e-05 0.000224509 0.000522562 0.000811342 0.000864257 0.000684337 0.000441874 0.000247239 0.00012189 5.1475e-05 1.68703e-05 3.06361e-06 0 
0 0.000217518 0.00011107 8.5473e-06 1.5104e-07 8.14094e-10 1.83589e-12 2.50462e-15 3.10018e-18 6.38006e-21 1.21334e-22 2.17346e-23 1.363e-23 1.09473e-23 1.02095e-23 1.0916e-23 1.33266e-23 2.4621e-23 1.72124e-22 7.89168e-21 1.37505e-18 2.71683e-16 4.4725e-14 5.13633e-12 3.62611e-10 1.45865e-08 3.24859e-07 4.05404e-06 2.95798e-05 0.000133207 0.000384379 0.000716226 0.000875473 0.000753988 0.000507549 0.000289005 0.000143418 6.07031e-05 1.99093e-05 3.61633e-06 0 
0 0.000197582 7.54552e-05 3.73084e-06 3.62136e-08 9.32849e-11 9.06056e-14 5.01991e-17 2.85294e-20 1.21334e-22 4.42642e-24 1.15847e-24 9.69714e-25 9.42565e-25 9.10836e-25 8.68217e-25 8.06947e-25 9.59905e-25 3.1802e-24 6.76506e-23 1.0461e-20 4.02052e-18 1.32333e-15 2.90316e-13 3.67846e-11 2.46885e-09 8.48563e-08 1.51152e-06 1.46353e-05 8.23349e-05 0.000284846 0.000619469 0.000856042 0.000798467 0.000560206 0.000324747 0.000162251 6.88355e-05 2.25938e-05 4.10493e-06 0 
0 0.000180618 5.45392e-05 1.88112e-06 1.11962e-08 1.57882e-11 7.71178e-15 2.05969e-18 1.8476e-21 2.17346e-23 1.15847e-24 1.94735e-25 1.23159e-25 1.23319e-25 1.2064e-25 1.07961e-25 8.8233e-26 9.01483e-26 2.76274e-25 4.16555e-24 3.04752e-22 1.28913e-19 7.40635e-17 2.75572e-14 5.62797e-12 5.7379e-10 2.81211e-08 6.70365e-07 8.18171e-06 5.51146e-05 0.000220081 0.000540166 0.000824212 0.000822696 0.00059877 0.000352796 0.00017737 7.5414e-05 2.47706e-05 4.50141e-06 0 
0 0.00016835 4.29597e-05 1.14325e-06 4.78273e-09 4.36864e-12 1.30009e-15 2.19251e-19 5.58488e-22 1.363e-23 9.69716e-25 1.23159e-25 3.19562e-26 2.13186e-26 1.9345e-26 1.65595e-26 1.33365e-26 1.76512e-26 8.44692e-26 1.12539e-24 4.73088e-23 1.13808e-20 9.20729e-18 5.0142e-15 1.44488e-12 1.99169e-10 1.26111e-08 3.71107e-07 5.35457e-06 4.10604e-05 0.000181485 0.000484779 0.00079382 0.000833156 0.000623689 0.000372206 0.000188063 8.01003e-05 2.6325e-05 4.78473e-06 0 
0 0.000161335 3.74357e-05 8.60257e-07 2.94778e-09 2.10588e-12 4.73382e-16 7.0237e-20 3.12267e-22 1.09473e-23 9.42568e-25 1.2332e-25 2.13186e-26 6.28059e-27 3.76832e-27 2.975e-27 3.00419e-27 8.15432e-27 5.44577e-26 6.56117e-25 2.01043e-23 3.13993e-21 2.81118e-18 1.89939e-15 6.65305e-13 1.0882e-10 7.96859e-09 2.64287e-07 4.19364e-06 3.46073e-05 0.00016194 0.000453507 0.000772958 0.000835463 0.000636132 0.00038264 0.00019394 8.26955e-05 2.71878e-05 4.94214e-06 0 
0 0.000159583 3.63056e-05 8.09512e-07 2.66277e-09 1.80887e-12 3.83882e-16 5.6527e-20 2.7473e-22 1.02095e-23 9.10838e-25 1.2064e-25 1.9345e-26 3.76833e-27 1.16618e-27 7.663e-28 1.39842e-27 6.63944e-27 4.88247e-26 5.77477e-25 1.67298e-23 2.41709e-21 2.18251e-18 1.54196e-15 5.62487e-13 9.53442e-11 7.19697e-09 2.44731e-07 3.96094e-06 3.31874e-05 0.000157146 0.000444607 0.000764947 0.00083305 0.000637268 0.000384209 0.000194923 8.31444e-05 2.73388e-05 4.96978e-06 0 
0 0.000162875 3.90781e-05 9.4659e-07 3.4857e-09 2.72102e-12 6.76728e-16 1.01948e-19 3.5961e-22 1.0916e-23 8.68219e-25 1.07962e-25 1.65596e-26 2.97501e-27 7.663e-28 5.25204e-28 1.33709e-27 7.09109e-27 5.49736e-26 7.20226e-25 2.53321e-23 4.75481e-21 4.1867e-18 2.62104e-15 8.57059e-13 1.32016e-10 9.18722e-09 2.92185e-07 4.48331e-06 3.60454e-05 0.000165352 0.000456219 0.00076954 0.000826795 0.000627867 0.000377333 0.000191208 8.15277e-05 2.6804e-05 4.8724e-06 0 
0 0.000170854 4.62006e-05 1.34704e-06 6.38389e-09 6.79951e-12 2.41072e-15 4.67357e-19 7.48939e-22 1.33266e-23 8.06949e-25 8.82332e-26 1.33366e-26 3.00419e-27 1.39841e-27 1.33709e-27 2.52759e-27 1.06256e-26 8.52034e-26 1.40185e-24 7.69782e-23 2.49688e-20 1.82412e-17 8.70001e-15 2.22498e-12 2.76357e-10 1.60185e-08 4.38259e-07 5.96536e-06 4.37181e-05 0.000186717 0.000486411 0.000783473 0.000815216 0.000608232 0.000362666 0.000183226 7.80446e-05 2.56506e-05 4.66229e-06 0 
0 0.000182953 5.90122e-05 2.25853e-06 1.54955e-08 2.60316e-11 1.5521e-14 5.10544e-18 3.10539e-21 2.4621e-23 9.59907e-25 9.01485e-26 1.76512e-26 8.1543e-27 6.63942e-27 7.09107e-27 1.06256e-26 3.20208e-26 2.5733e-25 6.39922e-24 6.86802e-22 3.22913e-19 1.58511e-16 5.0672e-14 9.02728e-12 8.16774e-10 3.61682e-08 7.92909e-07 9.04887e-06 5.78662e-05 0.000222353 0.000531838 0.000800297 0.000794987 0.000578417 0.000341084 0.000171599 7.29879e-05 2.39778e-05 4.35764e-06 0 
0 0.000198209 7.97665e-05 4.28615e-06 4.66188e-08 1.38161e-10 1.57395e-13 1.03363e-16 6.41641e-20 1.72124e-22 3.1802e-24 2.76274e-25 8.4469e-26 5.44576e-26 4.88246e-26 5.49735e-26 8.52032e-26 2.5733e-25 2.46465e-24 1.10969e-22 2.34547e-20 8.11241e-18 2.33883e-15 4.53508e-13 5.13904e-11 3.12622e-09 9.8771e-08 1.64024e-06 1.50116e-05 8.09237e-05 0.000272219 0.000584934 0.000809876 0.000761739 0.000538578 0.000313692 0.000157094 6.67146e-05 2.19063e-05 3.98061e-06 0 
0 0.000215064 0.000111509 8.81135e-06 1.61564e-07 9.11319e-10 2.16334e-12 3.11549e-15 4.06678e-18 7.89168e-21 6.76506e-23 4.16555e-24 1.12539e-24 6.56116e-25 5.77476e-25 7.20225e-25 1.40185e-24 6.39922e-24 1.10969e-22 9.47167e-21 1.66381e-18 3.13052e-16 4.91161e-14 5.3854e-12 3.63704e-10 1.4028e-08 3.00513e-07 3.62471e-06 2.57478e-05 0.000114163 0.000330088 0.000629582 0.000798241 0.000711061 0.000489311 0.000281816 0.00014056 5.96146e-05 1.95671e-05 3.55515e-06 0 
0 0.000231241 0.000157485 1.87808e-05 5.9951e-07 6.69728e-09 3.46802e-11 1.15011e-13 3.47834e-16 1.37505e-18 1.0461e-20 3.04752e-22 4.73088e-23 2.01043e-23 1.67298e-23 2.53321e-23 7.69782e-23 6.86802e-22 2.34547e-20 1.66381e-18 1.55508e-16 1.50025e-14 1.22809e-12 7.29505e-11 2.81125e-09 6.58197e-08 9.17571e-07 7.76764e-06 4.1822e-05 0.000150633 0.000373454 0.000636563 0.00074868 0.000639574 0.000431848 0.000246941 0.000122876 5.20787e-05 1.70906e-05 3.10505e-06 0 
0 0.000243837 0.000219692 3.98527e-05 2.2265e-06 4.95623e-08 5.64141e-10 4.3452e-12 3.07203e-14 2.71683e-16 4.02052e-18 1.28913e-19 1.13808e-20 3.13993e-21 2.41709e-21 4.75481e-21 2.49688e-20 3.22913e-19 8.11241e-18 3.13052e-16 1.50025e-14 7.33814e-13 3.08553e-11 9.69875e-10 2.05819e-08 2.78453e-07 2.38699e-06 1.35199e-05 5.40157e-05 0.000159923 0.00035298 0.000564883 0.000645269 0.00054588 0.000368051 0.000210615 0.000104881 4.44712e-05 1.45969e-05 2.65221e-06 0 
0 0.000249733 0.000296481 8.12768e-05 7.81333e-06 3.38709e-07 8.26138e-09 1.43923e-10 2.31659e-12 4.4725e-14 1.32333e-15 7.40635e-17 9.20729e-18 2.81118e-18 2.18251e-18 4.1867e-18 1.82412e-17 1.58511e-16 2.33883e-15 4.91161e-14 1.22809e-12 3.08553e-11 6.67673e-10 1.08734e-08 1.19576e-07 8.35876e-07 3.8033e-06 1.27197e-05 3.65055e-05 9.64852e-05 0.000220725 0.000387 0.000481652 0.000431743 0.000300352 0.000174355 8.73297e-05 3.71086e-05 1.21893e-05 2.2153e-06 0 
0 0.000246319 0.000379918 0.000154717 2.47668e-05 1.99752e-06 9.91035e-08 3.69705e-09 1.283e-10 5.13633e-12 2.90316e-13 2.75572e-14 5.0142e-15 1.89939e-15 1.54196e-15 2.62104e-15 8.70001e-15 5.0672e-14 4.53508e-13 5.3854e-12 7.29505e-11 9.69875e-10 1.08734e-08 8.74982e-08 4.27954e-07 1.13799e-06 1.78921e-06 2.42832e-06 4.61246e-06 1.44172e-05 5.4409e-05 0.000158364 0.000280252 0.000304902 0.000231975 0.000139618 7.08597e-05 3.02453e-05 9.94929e-06 1.80901e-06 0 
0 0.000232341 0.000454873 0.000268347 6.86545e-05 9.69879e-06 9.11556e-07 6.75305e-08 4.68755e-09 3.62611e-10 3.67846e-11 5.62797e-12 1.44488e-12 6.65305e-13 5.62487e-13 8.57059e-13 2.22498e-12 9.02728e-12 5.13904e-11 3.63704e-10 2.81125e-09 2.05819e-08 1.19576e-07 4.27954e-07 6.64218e-07 3.28083e-07 6.13507e-08 1.27059e-08 1.26563e-08 9.60886e-08 1.91566e-06 2.45383e-05 0.000108101 0.000183308 0.000167533 0.000107842 5.59849e-05 2.40684e-05 7.93472e-06 1.44365e-06 0 
0 0.000208516 0.000502309 0.000415382 0.000162756 3.77253e-05 6.1906e-06 8.33841e-07 1.06009e-07 1.45865e-08 2.46885e-09 5.7379e-10 1.99169e-10 1.0882e-10 9.53442e-11 1.32016e-10 2.76357e-10 8.16774e-10 3.12622e-09 1.4028e-08 6.58197e-08 2.78453e-07 8.35876e-07 1.13799e-06 3.28083e-07 8.85532e-09 2.85505e-11 1.37213e-13 4.13364e-14 3.21869e-12 2.81606e-09 8.76458e-07 2.40172e-05 9.13565e-05 0.000112925 8.04178e-05 4.30818e-05 1.86954e-05 6.18008e-06 1.12528e-06 0 
0 0.000177528 0.000507206 0.000563629 0.000324262 0.00011607 3.0646e-05 6.84162e-06 1.4502e-06 3.24859e-07 8.48563e-08 2.81211e-08 1.26111e-08 7.96859e-09 7.19697e-09 9.18722e-09 1.60185e-08 3.61682e-08 9.8771e-08 3.00513e-07 9.17571e-07 2.38699e-06 3.8033e-06 1.78921e-06 6.13507e-08 2.85505e-11 2.96238e-16 2.63915e-15 1.95821e-15 1.27888e-15 2.20819e-13 8.86672e-09 3.51049e-06 4.03076e-05 7.28899e-05 5.83749e-05 3.23556e-05 1.41753e-05 4.69821e-06 8.56067e-07 0 
0 0.000143303 0.000466895 0.000661743 0.000533727 0.000280369 0.000110983 3.76588e-05 1.2141e-05 4.05404e-06 1.51152e-06 6.70365e-07 3.71107e-07 2.64287e-07 2.44731e-07 2.92185e-07 4.38259e-07 7.92909e-07 1.64024e-06 3.62471e-06 7.76764e-06 1.35199e-05 1.27197e-05 2.42832e-06 1.27059e-08 1.37213e-13 2.63915e-15 3.82439e-16 2.3044e-16 9.89929e-17 6.01533e-16 1.40729e-10 6.40392e-07 1.93268e-05 4.77982e-05 4.18929e-05 2.3795e-05 1.04924e-05 3.48343e-06 6.35001e-07 0 
0 0.000109833 0.000393034 0.000670014 0.000715135 0.000525696 0.000295603 0.000142222 6.43969e-05 2.95798e-05 1.46353e-05 8.18171e-06 5.35457e-06 4.19364e-06 3.96094e-06 4.48331e-06 5.96536e-06 9.04887e-06 1.50116e-05 2.57478e-05 4.1822e-05 5.40157e-05 3.65055e-05 4.61246e-06 1.26563e-08 4.13364e-14 1.95821e-15 2.30441e-16 1.20543e-16 4.94949e-16 1.52522e-14 4.03718e-11 3.39144e-07 1.28474e-05 3.38982e-05 3.01561e-05 1.71779e-05 7.57795e-06 2.51595e-06 4.58634e-07 0 
0 8.01449e-05 0.000305037 0.000590541 0.000778176 0.000755266 0.000575992 0.000374134 0.000224509 0.000133207 8.23349e-05 5.51146e-05 4.10604e-05 3.46073e-05 3.31874e-05 3.60454e-05 4.37181e-05 5.78662e-05 8.09237e-05 0.000114163 0.000150633 0.000159923 9.64852e-05 1.44172e-05 9.60886e-08 3.21869e-12 1.27888e-15 9.89929e-17 4.94948e-16 1.02159e-16 8.39715e-16 4.4674e-10 6.68264e-07 1.26487e-05 2.63683e-05 2.18085e-05 1.21592e-05 5.33112e-06 1.76692e-06 3.21937e-07 0 
0 5.58316e-05 0.000220554 0.000462102 0.000700646 0.000834257 0.000814268 0.000683623 0.000522562 0.000384379 0.000284846 0.000220081 0.000181485 0.00016194 0.000157146 0.000165352 0.000186717 0.000222353 0.000272219 0.000330088 0.000373454 0.00035298 0.000220725 5.4409e-05 1.91566e-06 2.81606e-09 2.20819e-13 6.01534e-16 1.52522e-14 8.39715e-16 1.07363e-11 2.96206e-08 2.60291e-06 1.53326e-05 2.1385e-05 1.56132e-05 8.3923e-06 3.64136e-06 1.20334e-06 2.19072e-07 0 
0 3.71899e-05 0.000149974 0.000328466 0.000540723 0.000732894 0.000850189 0.000869682 0.000811342 0.000716226 0.000619469 0.000540166 0.000484779 0.000453507 0.000444607 0.000456219 0.000486411 0.000531838 0.000584934 0.000629582 0.000636563 0.000564883 0.000387 0.000158364 2.45383e-05 8.76458e-07 8.86672e-09 1.40729e-10 4.03718e-11 4.4674e-10 2.96206e-08 1.10203e-06 8.54141e-06 1.76076e-05 1.67812e-05 1.08246e-05 5.60226e-06 2.40381e-06 7.91822e-07 1.44021e-07 0 
0 2.3671e-05 9.64678e-05 0.000216109 0.000371326 0.000540216 0.000693671 0.000805601 0.000864257 0.000875473 0.000856042 0.000824212 0.00079382 0.000772958 0.000764947 0.00076954 0.000783473 0.000800297 0.000809876 0.000798241 0.00074868 0.000645269 0.000481652 0.000280252 0.000108101 2.40172e-05 3.51049e-06 6.40392e-07 3.39144e-07 6.68264e-07 2.60291e-06 8.54141e-06 1.56215e-05 1.6503e-05 1.2119e-05 7.13821e-06 3.58697e-06 1.52506e-06 5.00974e-07 9.10457e-08 0 
0 1.43422e-05 5.87424e-05 0.000132994 0.000233154 0.000350924 0.000474136 0.000589086 0.000684337 0.000753988 0.000798467 0.000822696 0.000833156 0.000835463 0.00083305 0.000826795 0.000815216 0.000794987 0.000761739 0.000711061 0.000639574 0.00054588 0.000431743 0.000304902 0.000183308 9.13565e-05 4.03076e-05 1.93268e-05 1.28474e-05 1.26487e-05 1.53326e-05 1.76076e-05 1.6503e-05 1.24653e-05 7.93918e-06 4.43135e-06 2.18534e-06 9.23387e-07 3.02729e-07 5.49836e-08 0 
0 8.20699e-06 3.36886e-05 7.66226e-05 0.000135493 0.000206947 0.000285937 0.000366313 0.000441874 0.000507549 0.000560206 0.00059877 0.000623689 0.000636132 0.000637268 0.000627867 0.000608232 0.000578417 0.000538578 0.000489311 0.000431848 0.000368051 0.000300352 0.000231975 0.000167533 0.000112925 7.28899e-05 4.77982e-05 3.38982e-05 2.63683e-05 2.1385e-05 1.67812e-05 1.2119e-05 7.93918e-06 4.73369e-06 2.57146e-06 1.25523e-06 5.28464e-07 1.73043e-07 3.14168e-08 0 
0 4.37351e-06 1.79693e-05 4.09465e-05 7.2657e-05 0.000111621 0.000155605 0.000201817 0.000247239 0.000289005 0.000324747 0.000352796 0.000372206 0.00038264 0.000384209 0.000377333 0.000362666 0.000341084 0.000313692 0.000281816 0.000246941 0.000210615 0.000174355 0.000139618 0.000107842 8.04178e-05 5.83749e-05 4.18929e-05 3.01561e-05 2.18085e-05 1.56132e-05 1.08246e-05 7.13821e-06 4.43135e-06 2.57146e-06 1.38007e-06 6.70352e-07 2.81698e-07 9.2179e-08 1.67316e-08 0 
0 2.1175e-06 8.70333e-06 1.98465e-05 3.52623e-05 5.42898e-05 7.59307e-05 9.89293e-05 0.00012189 0.000143418 0.000162251 0.00017737 0.000188063 0.00019394 0.000194923 0.000191208 0.000183226 0.000171599 0.000157094 0.00014056 0.000122876 0.000104881 8.73297e-05 7.08597e-05 5.59849e-05 4.30818e-05 3.23556e-05 2.3795e-05 1.71779e-05 1.21592e-05 8.3923e-06 5.60226e-06 3.58697e-06 2.18534e-06 1.25523e-06 6.70352e-07 3.24914e-07 1.36417e-07 4.46243e-08 8.09889e-09 0 
0 8.88603e-07 3.65284e-06 8.33192e-06 1.48107e-05 2.28199e-05 3.19528e-05 4.16962e-05 5.1475e-05 6.07031e-05 6.88355e-05 7.5414e-05 8.01003e-05 8.26955e-05 8.31444e-05 8.15277e-05 7.80446e-05 7.29879e-05 6.67146e-05 5.96146e-05 5.20787e-05 4.44712e-05 3.71086e-05 3.02453e-05 2.40684e-05 1.86954e-05 1.41753e-05 1.04924e-05 7.57795e-06 5.33112e-06 3.64136e-06 2.40381e-06 1.52506e-06 9.23387e-07 5.28464e-07 2.81698e-07 1.36417e-07 5.7254e-08 1.87259e-08 3.39836e-09 0 
0 2.90615e-07 1.19471e-06 2.72533e-06 4.84528e-06 7.46742e-06 1.046e-05 1.36566e-05 1.68703e-05 1.99093e-05 2.25938e-05 2.47706e-05 2.6325e-05 2.71878e-05 2.73388e-05 2.6804e-05 2.56506e-05 2.39778e-05 2.19063e-05 1.95671e-05 1.70906e-05 1.45969e-05 1.21893e-05 9.94929e-06 7.93472e-06 6.18008e-06 4.69821e-06 3.48343e-06 2.51595e-06 1.76692e-06 1.20334e-06 7.91822e-07 5.00974e-07 3.02729e-07 1.73043e-07 9.2179e-08 4.46243e-08 1.87259e-08 6.1242e-09 1.11139e-09 0 
0 5.27392e-08 2.16814e-07 4.94603e-07 8.79388e-07 1.35541e-06 1.89882e-06 2.47951e-06 3.06361e-06 3.61633e-06 4.10493e-06 4.50141e-06 4.78473e-06 4.94214e-06 4.96978e-06 4.8724e-06 4.66229e-06 4.35764e-06 3.98061e-06 3.55515e-06 3.10505e-06 2.65221e-06 2.2153e-06 1.80901e-06 1.44365e-06 1.12528e-06 8.56067e-07 6.35001e-07 4.58634e-07 3.21937e-07 2.19072e-07 1.44021e-07 9.10457e-08 5.49836e-08 3.14168e-08 1.67316e-08 8.09889e-09 3.39836e-09 1.11139e-09 2.01686e-10 0 
0 0 0 0 0 0 0 0 0 0 0 0 0 0 0 0 0 0 0 0 0 0 0 0 0 0 0 0 0 0 0 0 0 0 0 0 0 0 0 0 0 
