0 0 0 0 0 0 0 0 0 0 0 0 0 0 0 0 0 0 0 0 0 0 0 0 0 0 0 0 0 0 0 0 0 0 0 0 0 0 0 0 0 
0 1.32908e-05 5.22508e-05 0.000109849 0.000171473 0.000220391 0.000246494 0.000250028 0.000238054 0.000218909 0.000198961 0.00018196 0.000169653 0.000162611 0.00016085 0.000164151 0.000172155 0.000184284 0.000199567 0.000216431 0.000232582 0.000245104 0.00025087 0.000247274 0.000233084 0.000209042 0.000177864 0.000143494 0.00010993 8.01886e-05 5.58491e-05 3.71961e-05 2.3673e-05 1.43427e-05 8.20714e-06 4.37354e-06 2.11751e-06 8.88604e-07 2.90615e-07 5.27392e-08 0 
0 5.22508e-05 0.000192776 0.000358254 0.000457554 0.000446269 0.000358838 0.000255135 0.000170484 0.0001126 7.65812e-05 5.54024e-05 4.3667e-05 3.80652e-05 3.69181e-05 3.97289e-05 4.69481e-05 5.99266e-05 8.09343e-05 0.000113032 0.000159467 0.000222204 0.000299508 0.000383302 0.000458298 0.000505373 0.000509579 0.000468464 0.000393915 0.000305458 0.000220727 0.000150035 9.64872e-05 5.87477e-05 3.36899e-05 1.79696e-05 8.70339e-06 3.65285e-06 1.19471e-06 2.16814e-07 0 
0 0.000109849 0.000358254 0.00052456 0.000463353 0.000282679 0.000134677 5.57087e-05 2.18364e-05 8.74668e-06 3.82581e-06 1.93225e-06 1.17573e-06 8.85291e-07 8.33165e-07 9.73844e-07 1.38459e-06 2.31851e-06 4.39299e-06 9.01489e-06 1.91786e-05 4.06197e-05 8.26862e-05 0.00015711 0.000271982 0.000420164 0.000568876 0.000666395 0.00067328 0.000592358 0.000462917 0.00032877 0.000216205 0.000133021 7.6629e-05 4.09479e-05 1.98468e-05 8.33196e-06 2.72533e-06 4.94603e-07 0 
0 0.000171473 0.000457554 0.000463353 0.000243257 8.01731e-05 1.94655e-05 3.96852e-06 7.65195e-07 1.56358e-07 3.76196e-08 1.16638e-08 4.99257e-09 3.08058e-09 2.78328e-09 3.64093e-09 6.65825e-09 1.61266e-08 4.83878e-08 1.67191e-07 6.18432e-07 2.28952e-06 8.01028e-06 2.53202e-05 7.00085e-05 0.000165561 0.000329015 0.000540042 0.00072142 0.000782743 0.000703094 0.000541729 0.000371659 0.000233246 0.000135515 7.26616e-05 3.52631e-05 1.48108e-05 4.84529e-06 8.79389e-07 0 
0 0.000220391 0.000446269 0.000282679 8.01731e-05 1.28275e-05 1.38553e-06 1.18966e-07 9.58289e-09 8.54348e-10 9.84103e-11 1.67263e-11 4.64226e-12 2.24155e-12 1.92599e-12 2.89421e-12 7.21616e-12 2.75374e-11 1.45569e-10 9.55853e-10 6.9911e-09 5.14894e-08 3.50266e-07 2.05697e-06 9.95009e-06 3.85764e-05 0.000118338 0.000285001 0.000532614 0.000762424 0.000839265 0.000735333 0.000541099 0.000351179 0.000207009 0.000111634 5.42921e-05 2.28202e-05 7.46745e-06 1.35541e-06 0 
0 0.000246494 0.000358838 0.000134677 1.94655e-05 1.38553e-06 5.95267e-08 1.90303e-09 5.6556e-11 1.95626e-12 9.72425e-14 8.3251e-15 1.40936e-15 5.14373e-16 4.17298e-16 7.34584e-16 2.60874e-15 1.6721e-14 1.6863e-13 2.30338e-12 3.66828e-11 5.92772e-10 8.62531e-09 1.02858e-07 9.41126e-07 6.36263e-06 3.13784e-05 0.000113257 0.000300647 0.000583584 0.000821589 0.000854679 0.000695533 0.000474709 0.000286078 0.000155634 7.59358e-05 3.19535e-05 1.046e-05 1.89882e-06 0 
0 0.000250028 0.000255135 5.57087e-05 3.96852e-06 1.18966e-07 1.90303e-09 2.11149e-11 2.15872e-13 2.71207e-15 5.48641e-17 2.26647e-18 2.4072e-19 7.61203e-20 6.10236e-20 1.11256e-19 5.14538e-19 5.60612e-18 1.12712e-16 3.37001e-15 1.23353e-13 4.62056e-12 1.51779e-10 3.8689e-09 7.01829e-08 8.6145e-07 7.03334e-06 3.85577e-05 0.000145096 0.00038026 0.000691797 0.000876204 0.000808818 0.000590172 0.000366591 0.000201876 9.89394e-05 4.16977e-05 1.36568e-05 2.47952e-06 0 
0 0.000238054 0.000170484 2.18364e-05 7.65195e-07 9.58289e-09 5.6556e-11 2.15872e-13 7.52852e-16 3.41082e-18 3.13531e-20 1.93058e-21 5.73486e-22 3.1775e-22 2.78821e-22 3.67594e-22 7.72869e-22 3.30397e-21 7.08503e-20 4.46853e-18 3.78246e-16 3.30568e-14 2.46755e-12 1.3537e-10 4.90377e-09 1.1008e-07 1.49663e-06 1.24676e-05 6.58617e-05 0.000228746 0.000530145 0.000819201 0.000868949 0.000686106 0.000442352 0.000247341 0.000121908 5.14775e-05 1.68705e-05 3.06363e-06 0 
0 0.000218909 0.0001126 8.74668e-06 1.56358e-07 8.54348e-10 1.95626e-12 2.71207e-15 3.41082e-18 7.00599e-21 1.26696e-22 2.15453e-23 1.323e-23 1.05965e-23 9.87321e-24 1.05764e-23 1.29843e-23 2.49412e-23 1.82198e-22 8.73015e-21 1.51464e-18 2.95614e-16 4.80868e-14 5.46117e-12 3.81683e-10 1.52197e-08 3.36475e-07 4.17421e-06 3.03147e-05 0.000135974 0.000390724 0.000724534 0.000881452 0.000756525 0.000508276 0.000289163 0.000143446 6.0707e-05 1.99097e-05 3.61635e-06 0 
0 0.000198961 7.65812e-05 3.82581e-06 3.76196e-08 9.84103e-11 9.72425e-14 5.48641e-17 3.13531e-20 1.26696e-22 4.38752e-24 1.1043e-24 9.07933e-25 8.81979e-25 8.5215e-25 8.12024e-25 7.57664e-25 9.3041e-25 3.2255e-24 7.24114e-23 1.15997e-20 4.41743e-18 1.43448e-15 3.1076e-13 3.8929e-11 2.58689e-09 8.81703e-08 1.55993e-06 1.50242e-05 8.41621e-05 0.000289965 0.000627593 0.000862939 0.000801741 0.000561203 0.000324969 0.00016229 6.88411e-05 2.25944e-05 4.10496e-06 0 
0 0.00018196 5.54024e-05 1.93225e-06 1.16638e-08 1.67263e-11 8.3251e-15 2.26647e-18 1.93058e-21 2.15454e-23 1.1043e-24 1.80369e-25 1.1242e-25 1.12611e-25 1.10201e-25 9.85186e-26 8.07738e-26 8.47914e-26 2.71807e-25 4.3065e-24 3.3002e-22 1.42623e-19 8.08143e-17 2.96573e-14 5.98191e-12 6.0326e-10 2.92941e-08 6.93116e-07 8.4101e-06 5.63944e-05 0.000224257 0.00054784 0.000831648 0.000826577 0.000600016 0.000353081 0.000177421 7.54212e-05 2.47714e-05 4.50146e-06 0 
0 0.000169653 4.3667e-05 1.17573e-06 4.99257e-09 4.64226e-12 1.40936e-15 2.4072e-19 5.73486e-22 1.323e-23 9.07935e-25 1.1242e-25 2.86325e-26 1.90603e-26 1.73194e-26 1.48181e-26 1.19981e-26 1.6398e-26 8.16401e-26 1.12955e-24 4.98308e-23 1.25831e-20 1.0093e-17 5.41681e-15 1.54041e-12 2.09894e-10 1.31605e-08 3.84194e-07 5.50894e-06 4.20411e-05 0.000185041 0.000492004 0.000801504 0.00083746 0.00062513 0.000372542 0.000188123 8.01089e-05 2.63259e-05 4.78478e-06 0 
0 0.000162611 3.80652e-05 8.85291e-07 3.08058e-09 2.24155e-12 5.14373e-16 7.61203e-20 3.1775e-22 1.05965e-23 8.81982e-25 1.12612e-25 1.90604e-26 5.52959e-27 3.31037e-27 2.61893e-27 2.69053e-27 7.59488e-27 5.22609e-26 6.51462e-25 2.09417e-23 3.44529e-21 3.0891e-18 2.05602e-15 7.10427e-13 1.14822e-10 8.32339e-09 2.73784e-07 4.3164e-06 3.54443e-05 0.000165157 0.000460417 0.000780708 0.000839987 0.000637686 0.000383008 0.000194007 8.2705e-05 2.71888e-05 4.94219e-06 0 
0 0.00016085 3.69181e-05 8.33165e-07 2.78328e-09 1.92599e-12 4.17298e-16 6.10236e-20 2.78821e-22 9.87323e-24 8.52153e-25 1.10202e-25 1.73194e-26 3.31038e-27 1.01157e-27 6.70247e-28 1.26857e-27 6.2084e-27 4.68109e-26 5.724e-25 1.73872e-23 2.64545e-21 2.39885e-18 1.66942e-15 6.00709e-13 1.00609e-10 7.5176e-09 2.53522e-07 4.0767e-06 3.39881e-05 0.000160262 0.000451382 0.000772647 0.000837597 0.000638842 0.000384583 0.000194991 8.3154e-05 2.73398e-05 4.96984e-06 0 
0 0.000164151 3.97289e-05 9.73844e-07 3.64093e-09 2.89421e-12 7.34584e-16 1.11256e-19 3.67594e-22 1.05764e-23 8.12026e-25 9.85189e-26 1.48181e-26 2.61894e-27 6.70247e-28 4.68583e-28 1.22851e-27 6.66239e-27 5.29334e-26 7.17589e-25 2.64936e-23 5.23479e-21 4.59329e-18 2.83324e-15 9.14103e-13 1.39158e-10 9.58835e-09 3.02478e-07 4.61195e-06 3.68998e-05 0.000168572 0.000463028 0.000777093 0.000831179 0.00062937 0.000377689 0.000191272 8.15369e-05 2.6805e-05 4.87246e-06 0 
0 0.000172155 4.69481e-05 1.38459e-06 6.65825e-09 7.21616e-12 2.60874e-15 5.14538e-19 7.72869e-22 1.29843e-23 7.57666e-25 8.0774e-26 1.19981e-26 2.69053e-27 1.26857e-27 1.2285e-27 2.35437e-27 1.00995e-26 8.32633e-26 1.42252e-24 8.18119e-23 2.76181e-20 1.99373e-17 9.37455e-15 2.36689e-12 2.90697e-10 1.66901e-08 4.53118e-07 6.13056e-06 4.47207e-05 0.000190229 0.000493366 0.000790752 0.000819264 0.000609587 0.000362983 0.000183283 7.80528e-05 2.56515e-05 4.66233e-06 0 
0 0.000184284 5.99266e-05 2.31851e-06 1.61266e-08 2.75374e-11 1.6721e-14 5.60612e-18 3.30397e-21 2.49412e-23 9.30412e-25 8.47916e-26 1.6398e-26 7.59486e-27 6.20838e-27 6.66237e-27 1.00995e-26 3.10822e-26 2.5828e-25 6.71399e-24 7.52727e-22 3.55983e-19 1.72312e-16 5.4354e-14 9.56735e-12 8.56573e-10 3.75951e-08 8.18282e-07 9.28638e-06 5.91276e-05 0.000226314 0.000538943 0.000807113 0.00079855 0.000579569 0.000341349 0.000171647 7.29947e-05 2.39785e-05 4.35768e-06 0 
0 0.000199567 8.09343e-05 4.39299e-06 4.83878e-08 1.45569e-10 1.6863e-13 1.12712e-16 7.08503e-20 1.82198e-22 3.2255e-24 2.71807e-25 8.16399e-26 5.22608e-26 4.68107e-26 5.29333e-26 8.32631e-26 2.58279e-25 2.5767e-24 1.20754e-22 2.59672e-20 8.87593e-18 2.52553e-15 4.83745e-13 5.42137e-11 3.26627e-09 1.02361e-07 1.68876e-06 1.53775e-05 8.25645e-05 0.000276695 0.000592014 0.000815981 0.000764705 0.0005395 0.000313902 0.000157131 6.672e-05 2.19069e-05 3.98064e-06 0 
0 0.000216431 0.000113032 9.01489e-06 1.67191e-07 9.55853e-10 2.30338e-12 3.37001e-15 4.46853e-18 8.73015e-21 7.24114e-23 4.3065e-24 1.12955e-24 6.51461e-25 5.72399e-25 7.17588e-25 1.42251e-24 6.71398e-24 1.20754e-22 1.04975e-20 1.8266e-18 3.395e-16 5.26378e-14 5.70802e-12 3.81663e-10 1.45932e-08 3.10349e-07 3.72153e-06 2.6316e-05 0.000116255 0.000334935 0.000636234 0.000803368 0.000713381 0.000490008 0.000281972 0.000140588 5.96186e-05 1.95676e-05 3.55517e-06 0 
0 0.000232582 0.000159467 1.91786e-05 6.18432e-07 6.9911e-09 3.66828e-11 1.23353e-13 3.78246e-16 1.51464e-18 1.15997e-20 3.3002e-22 4.98308e-23 2.09417e-23 1.73872e-23 2.64936e-23 8.18119e-23 7.52727e-22 2.59672e-20 1.8266e-18 1.68897e-16 1.61181e-14 1.30561e-12 7.67958e-11 2.9333e-09 6.81496e-08 9.43955e-07 7.94993e-06 4.26316e-05 0.000153036 0.00037815 0.000642198 0.000752636 0.000641274 0.000432348 0.000247052 0.000122896 5.20816e-05 1.70909e-05 3.10507e-06 0 
0 0.000245104 0.000222204 4.06197e-05 2.28952e-06 5.14894e-08 5.92772e-10 4.62056e-12 3.30568e-14 2.95614e-16 4.41743e-18 1.42623e-19 1.25831e-20 3.44529e-21 2.64545e-21 5.23479e-21 2.76181e-20 3.55983e-19 8.87593e-18 3.395e-16 1.61181e-14 7.80941e-13 3.25359e-11 1.01393e-09 2.13506e-08 2.86921e-07 2.44593e-06 1.3792e-05 5.49072e-05 0.000162068 0.000356645 0.000568954 0.000648029 0.000547057 0.000368398 0.000210693 0.000104896 4.44733e-05 1.45972e-05 2.65222e-06 0 
0 0.00025087 0.000299508 8.26862e-05 8.01028e-06 3.50266e-07 8.62531e-09 1.51779e-10 2.46755e-12 4.80868e-14 1.43448e-15 8.08143e-17 1.0093e-17 3.0891e-18 2.39885e-18 4.59329e-18 1.99373e-17 1.72312e-16 2.52553e-15 5.26378e-14 1.30561e-12 3.25359e-11 6.98462e-10 1.12907e-08 1.2335e-07 8.57477e-07 3.88417e-06 1.29437e-05 3.70352e-05 9.76086e-05 0.000222674 0.000389347 0.000483392 0.000432537 0.000300596 0.000174411 8.734e-05 3.71101e-05 1.21895e-05 2.21531e-06 0 
0 0.000247274 0.000383302 0.00015711 2.53202e-05 2.05697e-06 1.02858e-07 3.8689e-09 1.3537e-10 5.46117e-12 3.1076e-13 2.96573e-14 5.41681e-15 2.05602e-15 1.66942e-15 2.83324e-15 9.37455e-15 5.4354e-14 4.83745e-13 5.70802e-12 7.67958e-11 1.01393e-09 1.12907e-08 9.02964e-08 4.39359e-07 1.16387e-06 1.82537e-06 2.47282e-06 4.68646e-06 1.4603e-05 5.49174e-05 0.000159331 0.000281246 0.000305447 0.000232158 0.000139662 7.08678e-05 3.02465e-05 9.94942e-06 1.80902e-06 0 
0 0.000233084 0.000458298 0.000271982 7.00085e-05 9.95009e-06 9.41126e-07 7.01829e-08 4.90377e-09 3.81683e-10 3.8929e-11 5.98191e-12 1.54041e-12 7.10427e-13 6.00709e-13 9.14103e-13 2.36689e-12 9.56735e-12 5.42137e-11 3.81663e-10 2.9333e-09 2.13506e-08 1.2335e-07 4.39359e-07 6.79828e-07 3.35613e-07 6.28734e-08 1.30485e-08 1.29872e-08 9.81184e-08 1.94302e-06 2.47436e-05 0.000108577 0.000183691 0.00016768 0.000107879 5.59916e-05 2.40694e-05 7.93482e-06 1.44366e-06 0 
0 0.000209042 0.000505373 0.000420164 0.000165561 3.85764e-05 6.36263e-06 8.6145e-07 1.1008e-07 1.52197e-08 2.58689e-09 6.0326e-10 2.09894e-10 1.14822e-10 1.00609e-10 1.39158e-10 2.90697e-10 8.56573e-10 3.26627e-09 1.45932e-08 6.81496e-08 2.86921e-07 8.57477e-07 1.16387e-06 3.35613e-07 9.10682e-09 2.96566e-11 1.44207e-13 4.36072e-14 3.3502e-12 2.88976e-09 8.88643e-07 2.41727e-05 9.16091e-05 0.000113048 8.04497e-05 4.30877e-05 1.86962e-05 6.18017e-06 1.12528e-06 0 
0 0.000177864 0.000509579 0.000568876 0.000329015 0.000118338 3.13784e-05 7.03334e-06 1.49663e-06 3.36475e-07 8.81703e-08 2.92941e-08 1.31605e-08 8.32339e-09 7.5176e-09 9.58835e-09 1.66901e-08 3.75951e-08 1.02361e-07 3.10349e-07 9.43955e-07 2.44593e-06 3.88417e-06 1.82537e-06 6.28734e-08 2.96566e-11 3.0536e-16 2.624e-15 1.99858e-15 1.17504e-15 2.30646e-13 9.06491e-09 3.54395e-06 4.04568e-05 7.29882e-05 5.8402e-05 3.23606e-05 1.4176e-05 4.69828e-06 8.56071e-07 0 
0 0.000143494 0.000468464 0.000666395 0.000540042 0.000285001 0.000113257 3.85577e-05 1.24676e-05 4.17421e-06 1.55993e-06 6.93116e-07 3.84194e-07 2.73784e-07 2.53522e-07 3.02478e-07 4.53118e-07 8.18282e-07 1.68876e-06 3.72153e-06 7.94993e-06 1.3792e-05 1.29437e-05 2.47282e-06 1.30485e-08 1.44207e-13 2.624e-15 3.72352e-16 2.28525e-16 9.03738e-17 5.20786e-16 1.44994e-10 6.48242e-07 1.94134e-05 4.7872e-05 4.19142e-05 2.37989e-05 1.04929e-05 3.48349e-06 6.35004e-07 0 
0 0.00010993 0.000393915 0.00067328 0.00072142 0.000532614 0.000300647 0.000145096 6.58617e-05 3.03147e-05 1.50242e-05 8.4101e-06 5.50894e-06 4.3164e-06 4.0767e-06 4.61195e-06 6.13056e-06 9.28638e-06 1.53775e-05 2.6316e-05 4.26316e-05 5.49072e-05 3.70352e-05 4.68646e-06 1.29872e-08 4.36072e-14 1.99858e-15 2.28525e-16 1.1182e-16 4.4214e-16 1.38562e-14 4.1676e-11 3.43498e-07 1.29064e-05 3.39507e-05 3.01712e-05 1.71806e-05 7.57831e-06 2.51599e-06 4.58636e-07 0 
0 8.01886e-05 0.000305458 0.000592358 0.000782743 0.000762424 0.000583584 0.00038026 0.000228746 0.000135974 8.41621e-05 5.63944e-05 4.20411e-05 3.54443e-05 3.39881e-05 3.68998e-05 4.47207e-05 5.91276e-05 8.25645e-05 0.000116255 0.000153036 0.000162068 9.76086e-05 1.4603e-05 9.81184e-08 3.3502e-12 1.17504e-15 9.03738e-17 4.4214e-16 9.76272e-17 8.86405e-16 4.58499e-10 6.7542e-07 1.26979e-05 2.64031e-05 2.18178e-05 1.21608e-05 5.33135e-06 1.76694e-06 3.21938e-07 0 
0 5.58491e-05 0.000220727 0.000462917 0.000703094 0.000839265 0.000821589 0.000691797 0.000530145 0.000390724 0.000289965 0.000224257 0.000185041 0.000165157 0.000160262 0.000168572 0.000190229 0.000226314 0.000276695 0.000334935 0.00037815 0.000356645 0.000222674 5.49174e-05 1.94302e-06 2.88976e-09 2.30646e-13 5.20786e-16 1.38562e-14 8.86405e-16 1.10971e-11 3.01228e-08 2.62165e-06 1.53744e-05 2.14053e-05 1.56182e-05 8.39316e-06 3.64147e-06 1.20335e-06 2.19073e-07 0 
0 3.71961e-05 0.000150035 0.00032877 0.000541729 0.000735333 0.000854679 0.000876204 0.000819201 0.000724534 0.000627593 0.00054784 0.000492004 0.000460417 0.000451382 0.000463028 0.000493366 0.000538943 0.000592014 0.000636234 0.000642198 0.000568954 0.000389347 0.000159331 2.47436e-05 8.88643e-07 9.06491e-09 1.44994e-10 4.1676e-11 4.58499e-10 3.01228e-08 1.11188e-06 8.57574e-06 1.76359e-05 1.67911e-05 1.08268e-05 5.60265e-06 2.40387e-06 7.91827e-07 1.44022e-07 0 
0 2.3673e-05 9.64872e-05 0.000216205 0.000371659 0.000541099 0.000695533 0.000808818 0.000868949 0.000881452 0.000862939 0.000831648 0.000801504 0.000780708 0.000772647 0.000777093 0.000790752 0.000807113 0.000815981 0.000803368 0.000752636 0.000648029 0.000483392 0.000281246 0.000108577 2.41727e-05 3.54395e-06 6.48242e-07 3.43498e-07 6.7542e-07 2.62165e-06 8.57574e-06 1.56516e-05 1.65166e-05 1.21229e-05 7.13905e-06 3.58712e-06 1.52508e-06 5.00976e-07 9.10459e-08 0 
0 1.43427e-05 5.87477e-05 0.000133021 0.000233246 0.000351179 0.000474709 0.000590172 0.000686106 0.000756525 0.000801741 0.000826577 0.00083746 0.000839987 0.000837597 0.000831179 0.000819264 0.00079855 0.000764705 0.000713381 0.000641274 0.000547057 0.000432537 0.000305447 0.000183691 9.16091e-05 4.04568e-05 1.94134e-05 1.29064e-05 1.26979e-05 1.53744e-05 1.76359e-05 1.65166e-05 1.24699e-05 7.94042e-06 4.43161e-06 2.18539e-06 9.23394e-07 3.02729e-07 5.49836e-08 0 
0 8.20714e-06 3.36899e-05 7.6629e-05 0.000135515 0.000207009 0.000286078 0.000366591 0.000442352 0.000508276 0.000561203 0.000600016 0.00062513 0.000637686 0.000638842 0.00062937 0.000609587 0.000579569 0.0005395 0.000490008 0.000432348 0.000368398 0.000300596 0.000232158 0.00016768 0.000113048 7.29882e-05 4.7872e-05 3.39507e-05 2.64031e-05 2.14053e-05 1.67911e-05 1.21229e-05 7.94042e-06 4.73402e-06 2.57153e-06 1.25524e-06 5.28467e-07 1.73044e-07 3.14168e-08 0 
0 4.37354e-06 1.79696e-05 4.09479e-05 7.26616e-05 0.000111634 0.000155634 0.000201876 0.000247341 0.000289163 0.000324969 0.000353081 0.000372542 0.000383008 0.000384583 0.000377689 0.000362983 0.000341349 0.000313902 0.000281972 0.000247052 0.000210693 0.000174411 0.000139662 0.000107879 8.04497e-05 5.8402e-05 4.19142e-05 3.01712e-05 2.18178e-05 1.56182e-05 1.08268e-05 7.13905e-06 4.43161e-06 2.57153e-06 1.38009e-06 6.70355e-07 2.81699e-07 9.21791e-08 1.67316e-08 0 
0 2.11751e-06 8.70339e-06 1.98468e-05 3.52631e-05 5.42921e-05 7.59358e-05 9.89394e-05 0.000121908 0.000143446 0.00016229 0.000177421 0.000188123 0.000194007 0.000194991 0.000191272 0.000183283 0.000171647 0.000157131 0.000140588 0.000122896 0.000104896 8.734e-05 7.08678e-05 5.59916e-05 4.30877e-05 3.23606e-05 2.37989e-05 1.71806e-05 1.21608e-05 8.39316e-06 5.60265e-06 3.58712e-06 2.18539e-06 1.25524e-06 6.70355e-07 3.24914e-07 1.36417e-07 4.46244e-08 8.09889e-09 0 
0 8.88604e-07 3.65285e-06 8.33196e-06 1.48108e-05 2.28202e-05 3.19535e-05 4.16977e-05 5.14775e-05 6.0707e-05 6.88411e-05 7.54212e-05 8.01089e-05 8.2705e-05 8.3154e-05 8.15369e-05 7.80528e-05 7.29947e-05 6.672e-05 5.96186e-05 5.20816e-05 4.44733e-05 3.71101e-05 3.02465e-05 2.40694e-05 1.86962e-05 1.4176e-05 1.04929e-05 7.57831e-06 5.33135e-06 3.64147e-06 2.40387e-06 1.52508e-06 9.23394e-07 5.28467e-07 2.81699e-07 1.36417e-07 5.7254e-08 1.87259e-08 3.39836e-09 0 
0 2.90615e-07 1.19471e-06 2.72533e-06 4.84529e-06 7.46745e-06 1.046e-05 1.36568e-05 1.68705e-05 1.99097e-05 2.25944e-05 2.47714e-05 2.63259e-05 2.71888e-05 2.73398e-05 2.6805e-05 2.56515e-05 2.39785e-05 2.19069e-05 1.95676e-05 1.70909e-05 1.45972e-05 1.21895e-05 9.94942e-06 7.93482e-06 6.18017e-06 4.69828e-06 3.48349e-06 2.51599e-06 1.76694e-06 1.20335e-06 7.91827e-07 5.00976e-07 3.02729e-07 1.73044e-07 9.21791e-08 4.46244e-08 1.87259e-08 6.1242e-09 1.11139e-09 0 
0 5.27392e-08 2.16814e-07 4.94603e-07 8.79389e-07 1.35541e-06 1.89882e-06 2.47952e-06 3.06363e-06 3.61635e-06 4.10496e-06 4.50146e-06 4.78478e-06 4.94219e-06 4.96984e-06 4.87246e-06 4.66233e-06 4.35768e-06 3.98064e-06 3.55517e-06 3.10507e-06 2.65222e-06 2.21531e-06 1.80902e-06 1.44366e-06 1.12528e-06 8.56071e-07 6.35004e-07 4.58636e-07 3.21938e-07 2.19073e-07 1.44022e-07 9.10459e-08 5.49836e-08 3.14168e-08 1.67316e-08 8.09889e-09 3.39836e-09 1.11139e-09 2.01686e-10 0 
0 0 0 0 0 0 0 0 0 0 0 0 0 0 0 0 0 0 0 0 0 0 0 0 0 0 0 0 0 0 0 0 0 0 0 0 0 0 0 0 0 
