0 0 0 0 0 0 0 0 0 0 0 0 0 0 0 0 0 0 0 0 0 0 0 0 0 0 0 0 0 0 0 0 0 0 0 0 0 0 0 0 0 
0 1.31459e-05 5.10298e-05 0.000105045 0.000159297 0.000198039 0.000214252 0.000210849 0.000195576 0.000175959 0.000157118 0.000141757 0.000130941 0.000124873 0.000123419 0.000126355 0.000133429 0.000144278 0.000158253 0.000174217 0.000190387 0.00020434 0.000213293 0.000214665 0.000206813 0.000189666 0.000164949 0.000135796 0.000105856 7.82802e-05 5.50579e-05 3.69052e-05 2.35778e-05 1.4315e-05 8.19994e-06 4.37189e-06 2.11718e-06 8.8855e-07 2.90608e-07 5.27388e-08 0 
0 5.10298e-05 0.000182668 0.000322546 0.000384882 0.000349181 0.000262842 0.000176669 0.000112558 7.13707e-05 4.69023e-05 3.30179e-05 2.55259e-05 2.20155e-05 2.13149e-05 2.30945e-05 2.76895e-05 3.60902e-05 5.00154e-05 7.19244e-05 0.000104724 0.00015086 0.000210601 0.000279833 0.000348528 0.000401746 0.000424425 0.000408588 0.000358227 0.000287437 0.000212965 0.000147152 9.55526e-05 5.84811e-05 3.36227e-05 1.79547e-05 8.70052e-06 3.65239e-06 1.19466e-06 2.1681e-07 0 
0 0.000105045 0.000322546 0.000428348 0.000337313 0.000184973 8.03422e-05 3.05517e-05 1.10588e-05 4.1123e-06 1.68412e-06 8.06133e-07 4.71994e-07 3.47869e-07 3.26177e-07 3.86384e-07 5.65332e-07 9.8657e-07 1.96646e-06 4.26991e-06 9.63453e-06 2.16296e-05 4.65561e-05 9.32978e-05 0.000170282 0.000278358 0.00040184 0.000505876 0.000550621 0.000518412 0.000427348 0.000314785 0.000211586 0.00013171 7.63047e-05 4.08778e-05 1.98337e-05 8.32992e-06 2.72509e-06 4.94588e-07 0 
0 0.000159297 0.000384882 0.000337313 0.000152731 4.39901e-05 9.36691e-06 1.67041e-06 2.81746e-07 5.0708e-08 1.09011e-08 3.08388e-09 1.23612e-09 7.35322e-10 6.60054e-10 8.83113e-10 1.69539e-09 4.40531e-09 1.44141e-08 5.48847e-08 2.24768e-07 9.20446e-07 3.54182e-06 1.22006e-05 3.63892e-05 9.21523e-05 0.000196146 0.000348265 0.000510636 0.000612428 0.000602392 0.000496888 0.000355912 0.000228687 0.000134392 7.24229e-05 3.52195e-05 1.48042e-05 4.84454e-06 8.79342e-07 0 
0 0.000198039 0.000349181 0.000184973 4.39901e-05 5.8873e-06 5.24903e-07 3.68101e-08 2.41994e-09 1.78026e-10 1.73005e-11 2.56069e-12 6.43549e-13 2.93974e-13 2.50078e-13 3.88777e-13 1.04315e-12 4.42617e-12 2.66668e-11 2.02841e-10 1.73221e-09 1.48957e-08 1.17471e-07 7.89287e-07 4.29228e-06 1.83567e-05 6.11853e-05 0.000159502 0.0003266 0.000522963 0.000649755 0.000632397 0.000500617 0.000338837 0.000203925 0.000110982 5.4175e-05 2.28028e-05 7.46551e-06 1.35529e-06 0 
0 0.000214252 0.000262842 8.03422e-05 9.36691e-06 5.24903e-07 1.72932e-08 4.17395e-10 9.36253e-12 2.48274e-13 9.75229e-15 6.88689e-16 1.01424e-16 3.42335e-17 2.73842e-17 5.05543e-17 1.99093e-16 1.48054e-15 1.79112e-14 2.99985e-13 5.92234e-12 1.18727e-10 2.12543e-09 3.06828e-08 3.32286e-07 2.58854e-06 1.43099e-05 5.66839e-05 0.000164402 0.00035484 0.000569653 0.000678065 0.000613786 0.000447568 0.00027906 0.000154142 7.56699e-05 3.19146e-05 1.04558e-05 1.89856e-06 0 
0 0.000210849 0.000176669 3.05517e-05 1.67041e-06 3.68101e-08 4.17395e-10 3.21848e-12 2.28627e-14 2.03449e-16 3.05511e-18 1.40935e-19 5.12049e-20 4.29755e-20 4.10122e-20 4.21117e-20 5.75012e-20 2.97145e-19 6.72725e-18 2.6194e-16 1.26757e-14 6.28057e-13 2.70135e-11 8.84293e-10 2.00532e-08 2.97819e-07 2.83828e-06 1.75491e-05 7.27976e-05 0.000210638 0.000434467 0.000638436 0.000674803 0.000540305 0.000352992 0.000198933 9.84154e-05 4.16216e-05 1.36485e-05 2.47904e-06 0 
0 0.000195576 0.000112558 1.10588e-05 2.81746e-07 2.41994e-09 9.36253e-12 2.28627e-14 5.09354e-17 1.62735e-19 5.89352e-21 2.19477e-21 1.95976e-21 2.22833e-21 2.24034e-21 1.9562e-21 1.62845e-21 2.24794e-21 7.08471e-21 2.15148e-19 2.47528e-17 3.0538e-15 3.17602e-13 2.37189e-11 1.1334e-09 3.23156e-08 5.35018e-07 5.19756e-06 3.08563e-05 0.000118447 0.000308203 0.000552475 0.000683944 0.000607591 0.000419452 0.000242251 0.000120996 5.13458e-05 1.68564e-05 3.06281e-06 0 
0 0.000175959 7.13707e-05 4.1123e-06 5.0708e-08 1.78026e-10 2.48274e-13 2.03449e-16 1.62735e-19 1.39082e-21 2.88106e-22 2.13792e-22 2.47038e-22 3.05857e-22 3.13628e-22 2.60814e-22 1.90229e-22 1.71622e-22 1.97192e-22 8.98959e-22 6.77302e-20 1.89873e-17 4.5659e-15 7.4555e-13 7.22505e-11 3.82737e-09 1.07208e-07 1.6036e-06 1.34014e-05 6.70231e-05 0.000214889 0.000459039 0.00065753 0.000647803 0.000474134 0.000281323 0.000142027 6.05023e-05 1.98878e-05 3.61509e-06 0 
0 0.000157118 4.69023e-05 1.68412e-06 1.09011e-08 1.73005e-11 9.75229e-15 3.05511e-18 5.89352e-21 2.88106e-22 6.25921e-23 4.43023e-23 5.16621e-23 6.34517e-23 6.51436e-23 5.40529e-23 3.85269e-23 2.86077e-23 2.2973e-23 5.16863e-23 8.58889e-22 2.09128e-19 1.0426e-16 3.40874e-14 6.18462e-12 5.67659e-10 2.53716e-08 5.57466e-07 6.32255e-06 3.99837e-05 0.000153504 0.000379726 0.000615718 0.00066588 0.00051534 0.000314073 0.000160294 6.85525e-05 2.25636e-05 4.10319e-06 0 
0 0.000141757 3.30179e-05 8.06133e-07 3.08388e-09 2.56069e-12 6.88689e-16 1.40935e-19 2.19477e-21 2.13792e-22 4.43023e-23 1.79191e-23 1.47998e-23 1.62286e-23 1.62647e-23 1.35516e-23 9.69877e-24 6.76832e-24 5.59221e-24 1.30733e-23 1.17143e-22 7.00947e-21 4.73648e-18 2.72854e-15 8.25642e-13 1.18643e-10 7.76462e-09 2.33631e-07 3.40327e-06 2.60808e-05 0.000115777 0.00032129 0.000574004 0.000669702 0.000543619 0.000339258 0.000174857 7.50494e-05 2.47318e-05 4.49919e-06 0 
0 0.000130941 2.55259e-05 4.71994e-07 1.23612e-09 6.4355e-13 1.01424e-16 5.12049e-20 1.95976e-21 2.47038e-22 5.16621e-23 1.47998e-23 6.7637e-24 5.17673e-24 4.63634e-24 3.79394e-24 2.75675e-24 2.032e-24 2.32913e-24 7.28755e-24 5.30258e-23 1.31188e-21 5.12486e-19 4.40366e-16 1.92649e-13 3.82337e-11 3.29353e-09 1.24325e-07 2.17003e-06 1.91076e-05 9.41308e-05 0.000283196 0.000541325 0.000666791 0.00056078 0.000356378 0.000185094 7.96682e-05 2.62789e-05 4.7821e-06 0 
0 0.000124873 2.20155e-05 3.47869e-07 7.35322e-10 2.93974e-13 3.42335e-17 4.29755e-20 2.22833e-21 3.05857e-22 6.34517e-23 1.62286e-23 5.17673e-24 2.39315e-24 1.58932e-24 1.18473e-24 8.85909e-25 8.19796e-25 1.5434e-24 5.96452e-24 3.97367e-23 6.91784e-22 1.48266e-19 1.56491e-16 8.43463e-14 2.00945e-11 2.02215e-09 8.67889e-08 1.6783e-06 1.59878e-05 8.35267e-05 0.000262861 0.00052164 0.000662557 0.000568843 0.000365448 0.000190693 8.22217e-05 2.71373e-05 4.93926e-06 0 
0 0.000123419 2.13149e-05 3.26177e-07 6.60054e-10 2.50078e-13 2.73842e-17 4.10122e-20 2.24034e-21 3.13628e-22 6.51436e-23 1.62647e-23 4.63634e-24 1.58932e-24 7.29498e-25 4.45647e-25 3.5376e-25 4.82345e-25 1.32441e-24 5.60149e-24 3.68592e-23 6.05088e-22 1.15135e-19 1.26288e-16 7.10365e-14 1.75681e-11 1.82509e-09 8.04162e-08 1.58794e-06 1.53705e-05 8.1253e-05 0.000258011 0.000515987 0.000659845 0.000569314 0.000366763 0.000191619 8.26616e-05 2.72873e-05 4.96684e-06 0 
0 0.000126355 2.30945e-05 3.86384e-07 8.83113e-10 3.88777e-13 5.05543e-17 4.21117e-20 1.9562e-21 2.60814e-22 5.40529e-23 1.35516e-23 3.79394e-24 1.18473e-24 4.45647e-25 2.32114e-25 2.08137e-25 3.94567e-25 1.27781e-24 5.69507e-24 4.05822e-23 8.11255e-22 2.29138e-19 2.25674e-16 1.12788e-13 2.51533e-11 2.39295e-09 9.80416e-08 1.82654e-06 1.69031e-05 8.639e-05 0.000267364 0.000523754 0.000659104 0.000562853 0.000360732 0.000188069 8.1069e-05 2.6755e-05 4.8696e-06 0 
0 0.000133429 2.76895e-05 5.65332e-07 1.69539e-09 1.04315e-12 1.99093e-16 5.75012e-20 1.62845e-21 1.90229e-22 3.85269e-23 9.69877e-24 2.75675e-24 8.85909e-25 3.5376e-25 2.08137e-25 2.16868e-25 4.33087e-25 1.4094e-24 6.65844e-24 5.73832e-23 1.99696e-21 1.10785e-18 8.28359e-16 3.17896e-13 5.62581e-11 4.39577e-09 1.5307e-07 2.50417e-06 2.09659e-05 9.94033e-05 0.000290461 0.000543 0.000658673 0.000549296 0.00034783 0.000180436 7.76371e-05 2.5607e-05 4.65979e-06 0 
0 0.000144278 3.60902e-05 9.8657e-07 4.40531e-09 4.42617e-12 1.48054e-15 2.97145e-19 2.24794e-21 1.71622e-22 2.86077e-23 6.76832e-24 2.032e-24 8.19796e-25 4.82344e-25 3.94567e-25 4.33087e-25 7.23643e-25 2.09346e-24 1.12314e-23 1.50858e-22 1.66182e-20 1.14097e-17 5.56835e-15 1.45046e-12 1.82776e-10 1.06952e-08 2.9332e-07 3.96589e-06 2.86755e-05 0.000121776 0.00032683 0.000569941 0.000655035 0.000527914 0.000328629 0.000169274 7.26486e-05 2.39414e-05 4.35555e-06 0 
0 0.000158253 5.00154e-05 1.96646e-06 1.44141e-08 2.66668e-11 1.79112e-14 6.72725e-18 7.08471e-21 1.97192e-22 2.2973e-23 5.59221e-24 2.32913e-24 1.54339e-24 1.32441e-24 1.27781e-24 1.4094e-24 2.09346e-24 5.32529e-24 3.64729e-23 1.3999e-21 4.77231e-19 2.08175e-16 5.94787e-14 9.55159e-12 7.87242e-10 3.20834e-08 6.52792e-07 6.9584e-06 4.1921e-05 0.000155158 0.000374099 0.000597748 0.000643129 0.000497825 0.000303868 0.000155274 6.64492e-05 2.18778e-05 3.97896e-06 0 
0 0.000174217 7.19244e-05 4.26991e-06 5.48847e-08 2.02841e-10 2.99985e-13 2.6194e-16 2.15148e-19 8.98959e-22 5.16863e-23 1.30733e-23 7.28755e-24 5.96452e-24 5.60149e-24 5.69507e-24 6.65844e-24 1.12314e-23 3.64728e-23 6.07416e-22 8.87845e-20 2.43069e-17 5.55271e-15 8.6323e-13 7.98344e-11 4.0474e-09 1.08927e-07 1.574e-06 1.27932e-05 6.26838e-05 0.000198601 0.000424112 0.000614928 0.000616892 0.000458444 0.000274525 0.000139217 5.94183e-05 1.95459e-05 3.55392e-06 0 
0 0.000190387 0.000104724 9.63453e-06 2.24768e-07 1.73221e-09 5.92234e-12 1.26757e-14 2.47528e-17 6.77302e-20 8.58888e-22 1.17143e-22 5.30258e-23 3.97367e-23 3.68592e-23 4.05822e-23 5.73832e-23 1.50858e-22 1.3999e-21 8.87845e-20 1.15169e-17 1.56816e-15 1.78968e-13 1.44919e-11 7.38256e-10 2.20214e-08 3.75412e-07 3.72385e-06 2.25728e-05 8.90208e-05 0.000240776 0.000456271 0.000604174 0.000570236 0.000409879 0.000241813 0.000121932 5.194e-05 1.70755e-05 3.10417e-06 0 
0 0.00020434 0.00015086 2.16296e-05 9.20446e-07 1.48957e-08 1.18727e-10 6.28057e-13 3.0538e-15 1.89873e-17 2.09128e-19 7.00947e-21 1.31188e-21 6.91784e-22 6.05088e-22 8.11255e-22 1.99696e-21 1.66182e-20 4.77231e-19 2.43069e-17 1.56816e-15 1.03481e-13 5.8165e-12 2.39777e-10 6.49348e-09 1.08427e-07 1.10577e-06 7.18291e-06 3.18774e-05 0.000102681 0.000245875 0.000431896 0.000544178 0.000498572 0.000353169 0.000207134 0.000104237 4.43759e-05 1.45865e-05 2.65159e-06 0 
0 0.000213293 0.000210601 4.65561e-05 3.54182e-06 1.17471e-07 2.12543e-09 2.70135e-11 3.17602e-13 4.5659e-15 1.0426e-16 4.73648e-18 5.12486e-19 1.48266e-19 1.15135e-19 2.29138e-19 1.10785e-18 1.14097e-17 2.08175e-16 5.55271e-15 1.78968e-13 5.8165e-12 1.61666e-10 3.32467e-09 4.49782e-08 3.74226e-07 1.95742e-06 7.30874e-06 2.2984e-05 6.59592e-05 0.000163478 0.000311289 0.00041986 0.000401222 0.000290427 0.00017199 8.68868e-05 3.70426e-05 1.21821e-05 2.21487e-06 0 
0 0.000214665 0.000279833 9.32978e-05 1.22006e-05 7.89287e-07 3.06828e-08 8.84293e-10 2.37189e-11 7.4555e-13 3.40874e-14 2.72854e-15 4.40366e-16 1.56491e-16 1.26288e-16 2.25674e-16 8.28359e-16 5.56835e-15 5.94787e-14 8.6323e-13 1.44919e-11 2.39777e-10 3.32467e-09 3.24923e-08 1.86947e-07 5.59929e-07 9.50197e-07 1.36348e-06 2.77321e-06 9.54063e-06 4.00959e-05 0.000128801 0.000247217 0.000285416 0.000225095 0.000137926 7.054e-05 3.01976e-05 9.94404e-06 1.8087e-06 0 
0 0.000206813 0.000348528 0.000170282 3.63892e-05 4.29228e-06 3.32286e-07 2.00532e-08 1.1334e-09 7.22505e-11 6.18462e-12 8.25642e-13 1.92649e-13 8.43463e-14 7.10365e-14 1.12788e-13 3.17896e-13 1.45046e-12 9.55159e-12 7.98344e-11 7.38256e-10 6.49348e-09 4.49782e-08 1.86947e-07 3.19313e-07 1.60119e-07 2.81733e-08 5.43595e-09 5.54086e-09 4.92641e-08 1.21643e-06 1.87332e-05 9.34199e-05 0.000170656 0.000162382 0.000106526 5.57361e-05 2.40317e-05 7.93073e-06 1.44342e-06 0 
0 0.000189666 0.000401746 0.000278358 9.21523e-05 1.83567e-05 2.58854e-06 2.97819e-07 3.23156e-08 3.82737e-09 5.67659e-10 1.18643e-10 3.82337e-11 2.00945e-11 1.75681e-11 2.51533e-11 5.62581e-11 1.82776e-10 7.87242e-10 4.0474e-09 2.20214e-08 1.08427e-07 3.74226e-07 5.59929e-07 1.60119e-07 3.64383e-09 8.53243e-12 2.59746e-14 7.19674e-15 8.80822e-13 1.23857e-09 5.64349e-07 1.95116e-05 8.3438e-05 0.000108871 7.93309e-05 4.28779e-05 1.86659e-05 6.17695e-06 1.1251e-06 0 
0 0.000164949 0.000424425 0.00040184 0.000196146 6.11853e-05 1.43099e-05 2.83828e-06 5.35018e-07 1.07208e-07 2.53716e-08 7.76462e-09 3.29353e-09 2.02215e-09 1.82509e-09 2.39295e-09 4.39577e-09 1.06952e-08 3.20834e-08 1.08927e-07 3.75412e-07 1.10577e-06 1.95742e-06 9.50197e-07 2.81733e-08 8.53243e-12 6.18736e-16 2.13257e-15 1.87733e-15 1.60113e-14 5.44124e-14 4.388e-09 2.59383e-06 3.57867e-05 6.97449e-05 5.74799e-05 3.21893e-05 1.41518e-05 4.69577e-06 8.5593e-07 0 
0 0.000135796 0.000408588 0.000505876 0.000348265 0.000159502 5.66839e-05 1.75491e-05 5.19756e-06 1.6036e-06 5.57466e-07 2.33631e-07 1.24325e-07 8.67889e-08 8.04162e-08 9.80416e-08 1.5307e-07 2.9332e-07 6.52792e-07 1.574e-06 3.72385e-06 7.18291e-06 7.30874e-06 1.36348e-06 5.43595e-09 2.59746e-14 2.13257e-15 9.11828e-16 1.52902e-15 6.42114e-15 7.67605e-14 5.42448e-11 4.34301e-07 1.67511e-05 4.5472e-05 4.12005e-05 2.36676e-05 1.04747e-05 3.48163e-06 6.34902e-07 0 
0 0.000105856 0.000358227 0.000550621 0.000510636 0.0003266 0.000164402 7.27976e-05 3.08563e-05 1.34014e-05 6.32255e-06 3.40327e-06 2.17003e-06 1.6783e-06 1.58794e-06 1.82654e-06 2.50417e-06 3.96589e-06 6.9584e-06 1.27932e-05 2.25728e-05 3.18774e-05 2.2984e-05 2.77321e-06 5.54086e-09 7.19674e-15 1.87733e-15 1.52902e-15 4.43044e-15 1.77035e-14 2.32839e-13 1.43237e-11 2.25793e-07 1.1098e-05 3.22554e-05 2.96715e-05 1.709e-05 7.56593e-06 2.51474e-06 4.58567e-07 0 
0 7.82802e-05 0.000287437 0.000518412 0.000612428 0.000522963 0.00035484 0.000210638 0.000118447 6.70231e-05 3.99837e-05 2.60808e-05 1.91076e-05 1.59878e-05 1.53705e-05 1.69031e-05 2.09659e-05 2.86755e-05 4.1921e-05 6.26838e-05 8.90208e-05 0.000102681 6.59592e-05 9.54063e-06 4.92641e-08 8.80822e-13 1.60113e-14 6.42113e-15 1.77035e-14 3.69727e-15 2.81817e-15 1.95082e-10 4.75887e-07 1.11753e-05 2.52772e-05 2.15094e-05 1.21061e-05 5.32389e-06 1.76619e-06 3.21896e-07 0 
0 5.50579e-05 0.000212965 0.000427348 0.000602392 0.000649755 0.000569653 0.000434467 0.000308203 0.000214889 0.000153504 0.000115777 9.41308e-05 8.35267e-05 8.1253e-05 8.639e-05 9.94033e-05 0.000121776 0.000155158 0.000198601 0.000240776 0.000245875 0.000163478 4.00959e-05 1.21643e-06 1.23857e-09 5.44124e-14 7.67605e-14 2.32839e-13 2.81817e-15 3.75382e-12 1.73429e-08 2.07114e-06 1.40582e-05 2.07414e-05 1.54543e-05 8.36456e-06 3.63755e-06 1.20295e-06 2.1905e-07 0 
0 3.69052e-05 0.000147152 0.000314785 0.000496888 0.000632397 0.000678065 0.000638436 0.000552475 0.000459039 0.000379726 0.00032129 0.000283196 0.000262861 0.000258011 0.000267364 0.000290461 0.00032683 0.000374099 0.000424112 0.000456271 0.000431896 0.000311289 0.000128801 1.87332e-05 5.64349e-07 4.388e-09 5.42448e-11 1.43237e-11 1.95082e-10 1.73429e-08 8.30267e-07 7.51662e-06 1.67266e-05 1.64657e-05 1.07531e-05 5.58984e-06 2.40208e-06 7.9164e-07 1.44011e-07 0 
0 2.35778e-05 9.55526e-05 0.000211586 0.000355912 0.000500617 0.000613786 0.000674803 0.000683944 0.00065753 0.000615718 0.000574004 0.000541325 0.00052164 0.000515987 0.000523754 0.000543 0.000569941 0.000597748 0.000614928 0.000604174 0.000544178 0.00041986 0.000247217 9.34199e-05 1.95116e-05 2.59383e-06 4.34301e-07 2.25793e-07 4.75887e-07 2.07114e-06 7.51662e-06 1.46898e-05 1.60743e-05 1.19945e-05 7.11118e-06 3.58221e-06 1.52438e-06 5.009e-07 9.10414e-08 0 
0 1.4315e-05 5.84811e-05 0.00013171 0.000228687 0.000338837 0.000447568 0.000540305 0.000607591 0.000647803 0.00066588 0.000669702 0.000666791 0.000662557 0.000659845 0.000659104 0.000658673 0.000655035 0.000643129 0.000616892 0.000570236 0.000498572 0.000401222 0.000285416 0.000170656 8.3438e-05 3.57867e-05 1.67511e-05 1.1098e-05 1.11753e-05 1.40582e-05 1.67266e-05 1.60743e-05 1.23163e-05 7.89944e-06 4.4227e-06 2.18377e-06 9.23152e-07 3.02702e-07 5.4982e-08 0 
0 8.19994e-06 3.36227e-05 7.63047e-05 0.000134392 0.000203925 0.00027906 0.000352992 0.000419452 0.000474134 0.00051534 0.000543619 0.00056078 0.000568843 0.000569314 0.000562853 0.000549296 0.000527914 0.000497825 0.000458444 0.000409879 0.000353169 0.000290427 0.000225095 0.000162382 0.000108871 6.97449e-05 4.5472e-05 3.22554e-05 2.52772e-05 2.07414e-05 1.64657e-05 1.19945e-05 7.89944e-06 4.72316e-06 2.5691e-06 1.25478e-06 5.28394e-07 1.73035e-07 3.14163e-08 0 
0 4.37189e-06 1.79547e-05 4.08778e-05 7.24229e-05 0.000110982 0.000154142 0.000198933 0.000242251 0.000281323 0.000314073 0.000339258 0.000356378 0.000365448 0.000366763 0.000360732 0.00034783 0.000328629 0.000303868 0.000274525 0.000241813 0.000207134 0.00017199 0.000137926 0.000106526 7.93309e-05 5.74799e-05 4.12005e-05 2.96715e-05 2.15094e-05 1.54543e-05 1.07531e-05 7.11118e-06 4.4227e-06 2.5691e-06 1.37952e-06 6.70242e-07 2.8168e-07 9.21768e-08 1.67315e-08 0 
0 2.11718e-06 8.70052e-06 1.98337e-05 3.52195e-05 5.4175e-05 7.56699e-05 9.84154e-05 0.000120996 0.000142027 0.000160294 0.000174857 0.000185094 0.000190693 0.000191619 0.000188069 0.000180436 0.000169274 0.000155274 0.000139217 0.000121932 0.000104237 8.68868e-05 7.054e-05 5.57361e-05 4.28779e-05 3.21893e-05 2.36676e-05 1.709e-05 1.21061e-05 8.36456e-06 5.58984e-06 3.58221e-06 2.18377e-06 1.25478e-06 6.70242e-07 3.24891e-07 1.36413e-07 4.46238e-08 8.09885e-09 0 
0 8.8855e-07 3.65239e-06 8.32992e-06 1.48042e-05 2.28028e-05 3.19146e-05 4.16216e-05 5.13458e-05 6.05023e-05 6.85525e-05 7.50494e-05 7.96682e-05 8.22217e-05 8.26616e-05 8.1069e-05 7.76371e-05 7.26486e-05 6.64492e-05 5.94183e-05 5.194e-05 4.43759e-05 3.70426e-05 3.01976e-05 2.40317e-05 1.86659e-05 1.41518e-05 1.04747e-05 7.56593e-06 5.32389e-06 3.63755e-06 2.40208e-06 1.52438e-06 9.23152e-07 5.28394e-07 2.8168e-07 1.36413e-07 5.72533e-08 1.87258e-08 3.39835e-09 0 
0 2.90608e-07 1.19466e-06 2.72509e-06 4.84454e-06 7.46551e-06 1.04558e-05 1.36485e-05 1.68564e-05 1.98878e-05 2.25636e-05 2.47318e-05 2.62789e-05 2.71373e-05 2.72873e-05 2.6755e-05 2.5607e-05 2.39414e-05 2.18778e-05 1.95459e-05 1.70755e-05 1.45865e-05 1.21821e-05 9.94404e-06 7.93073e-06 6.17695e-06 4.69577e-06 3.48163e-06 2.51474e-06 1.76619e-06 1.20295e-06 7.9164e-07 5.009e-07 3.02702e-07 1.73035e-07 9.21768e-08 4.46238e-08 1.87258e-08 6.12418e-09 1.11139e-09 0 
0 5.27388e-08 2.1681e-07 4.94588e-07 8.79342e-07 1.35529e-06 1.89856e-06 2.47904e-06 3.06281e-06 3.61509e-06 4.10319e-06 4.49919e-06 4.7821e-06 4.93926e-06 4.96684e-06 4.8696e-06 4.65979e-06 4.35555e-06 3.97896e-06 3.55392e-06 3.10417e-06 2.65159e-06 2.21487e-06 1.8087e-06 1.44342e-06 1.1251e-06 8.5593e-07 6.34902e-07 4.58567e-07 3.21896e-07 2.1905e-07 1.44011e-07 9.10414e-08 5.4982e-08 3.14163e-08 1.67315e-08 8.09885e-09 3.39835e-09 1.11139e-09 2.01686e-10 0 
0 0 0 0 0 0 0 0 0 0 0 0 0 0 0 0 0 0 0 0 0 0 0 0 0 0 0 0 0 0 0 0 0 0 0 0 0 0 0 0 0 
