0 0 0 0 0 0 0 0 0 0 0 0 0 0 0 0 0 0 0 0 0 0 0 0 0 0 0 0 0 0 0 0 0 0 0 0 0 0 0 0 0 
0 1.33625e-05 5.28658e-05 0.000112357 0.00017817 0.000233473 0.000266589 0.000275873 0.000267441 0.00024977 0.000229908 0.000212323 0.000199297 0.000191726 0.000189771 0.000193234 0.000201673 0.000214337 0.000229996 0.000246755 0.000261983 0.00027249 0.000275055 0.00026725 0.000248304 0.000219604 0.000184467 0.000147183 0.000111764 8.09989e-05 5.6168e-05 3.73083e-05 2.37083e-05 1.43527e-05 8.20966e-06 4.37411e-06 2.11762e-06 8.88623e-07 2.90617e-07 5.27394e-08 0 
0 5.28658e-05 0.000198023 0.000377985 0.000501559 0.000511503 0.000430014 0.000318355 0.00022035 0.000149971 0.000104568 7.71369e-05 6.16321e-05 5.41287e-05 5.25642e-05 5.63021e-05 6.58667e-05 8.28514e-05 0.000109858 0.000150201 0.000206993 0.000281238 0.000369027 0.000459018 0.000532712 0.000569861 0.000557925 0.000499431 0.000410797 0.000313324 0.000223891 0.000151147 9.68318e-05 5.88427e-05 3.37133e-05 1.79747e-05 8.70435e-06 3.653e-06 1.19473e-06 2.16815e-07 0 
0 0.000112357 0.000377985 0.000583967 0.000553449 0.000363274 0.000185169 8.14451e-05 3.37804e-05 1.42445e-05 6.51538e-06 3.41141e-06 2.12979e-06 1.62667e-06 1.53469e-06 1.77804e-06 2.48034e-06 4.04056e-06 7.39982e-06 1.4614e-05 2.98514e-05 6.06608e-05 0.000118488 0.000216016 0.000358386 0.000529274 0.000683325 0.000763167 0.000738242 0.000627117 0.000478041 0.000334267 0.000217918 0.000133487 7.67408e-05 4.09715e-05 1.98511e-05 8.33262e-06 2.72541e-06 4.94608e-07 0 
0 0.00017817 0.000501559 0.000553449 0.000320978 0.00011655 3.10655e-05 6.94536e-06 1.46548e-06 3.25824e-07 8.44397e-08 2.78042e-08 1.24239e-08 7.85123e-09 7.12366e-09 9.183e-09 1.62689e-08 3.7633e-08 1.06676e-07 3.4572e-07 1.19524e-06 4.13526e-06 1.35554e-05 4.03117e-05 0.000105278 0.000235555 0.000441966 0.000681796 0.000854161 0.000873823 0.000749641 0.000560202 0.00037763 0.00023488 0.000135903 7.27419e-05 3.52775e-05 1.4813e-05 4.84554e-06 8.79404e-07 0 
0 0.000233473 0.000511503 0.000363274 0.00011655 2.11316e-05 2.60062e-06 2.55574e-07 2.35407e-08 2.38069e-09 3.0642e-10 5.69782e-11 1.6862e-11 8.43789e-12 7.29647e-12 1.07276e-11 2.55114e-11 9.08951e-11 4.41334e-10 2.63273e-09 1.73965e-08 1.15699e-07 7.1356e-07 3.82744e-06 1.70702e-05 6.15727e-05 0.000176672 0.000397525 0.000689745 0.0009137 0.000938323 0.000781147 0.00055711 0.000355691 0.000208082 0.000111854 5.43308e-05 2.28259e-05 7.46808e-06 1.35545e-06 0 
0 0.000266589 0.000430014 0.000185169 3.10655e-05 2.60062e-06 1.33307e-07 5.12803e-09 1.8322e-10 7.53531e-12 4.36227e-13 4.22537e-14 7.81352e-15 2.99557e-15 2.4518e-15 4.18788e-15 1.39342e-14 8.1264e-14 7.29154e-13 8.72826e-12 1.20859e-10 1.69623e-09 2.15421e-08 2.2644e-07 1.85104e-06 1.13516e-05 5.1489e-05 0.000172299 0.000423364 0.000754578 0.000973728 0.000941743 0.000729909 0.00048496 0.000288559 0.000156141 7.60241e-05 3.19663e-05 1.04614e-05 1.8989e-06 0 
0 0.000275873 0.000318355 8.14451e-05 6.94536e-06 2.55574e-07 5.12803e-09 7.22003e-11 9.35646e-13 1.46895e-14 3.61664e-16 1.74358e-17 1.95813e-18 5.72938e-19 4.44515e-19 8.78839e-19 4.14744e-18 4.09158e-17 7.08114e-16 1.78563e-14 5.45718e-13 1.70401e-11 4.69347e-10 1.01535e-08 1.5897e-07 1.71793e-06 1.2605e-05 6.31725e-05 0.000219034 0.000526442 0.000870722 0.00100754 0.000869558 0.000609828 0.000371508 0.000202887 9.91146e-05 4.17227e-05 1.36594e-05 2.47968e-06 0 
0 0.000267441 0.00022035 3.37804e-05 1.46548e-06 2.35407e-08 1.8322e-10 9.35646e-13 4.36033e-15 2.59273e-17 2.72759e-19 8.39322e-21 1.37263e-21 6.50217e-22 5.55033e-22 7.97225e-22 2.21425e-21 2.04486e-20 6.20451e-19 3.30325e-17 2.24238e-15 1.56817e-13 9.43255e-12 4.22979e-10 1.27764e-08 2.44908e-07 2.91701e-06 2.18091e-05 0.000105188 0.000334683 0.000704141 0.000983684 0.000959805 0.000718603 0.000450858 0.000249117 0.000122215 5.15211e-05 1.68752e-05 3.0639e-06 0 
0 0.00024977 0.000149971 1.42445e-05 3.25824e-07 2.38069e-09 7.53531e-12 1.46895e-14 2.59273e-17 6.26929e-20 4.96581e-22 3.56573e-23 1.10297e-23 7.44632e-24 6.7995e-24 7.79192e-24 1.36016e-23 5.83367e-23 9.80659e-22 8.22732e-20 1.18068e-17 1.77513e-15 2.24159e-13 2.00917e-11 1.13383e-09 3.75138e-08 7.08843e-07 7.74032e-06 5.07056e-05 0.000207624 0.000542011 0.000904636 0.00100019 0.000803825 0.000521328 0.000291945 0.000143929 6.07752e-05 1.99169e-05 3.61677e-06 0 
0 0.000229908 0.000104568 6.51538e-06 8.44397e-08 3.0642e-10 4.36227e-13 3.61664e-16 2.72759e-19 4.96581e-22 6.89132e-24 7.75982e-25 3.63477e-25 3.01031e-25 2.85468e-25 2.87928e-25 3.67403e-25 8.84672e-25 8.18111e-24 4.77167e-22 1.10462e-19 3.26061e-17 7.95448e-15 1.31887e-12 1.29712e-10 6.97492e-09 1.98812e-07 3.04127e-06 2.60926e-05 0.000132713 0.000415586 0.000808902 0.00100304 0.000863637 0.000579227 0.000328898 0.000162977 6.89379e-05 2.26046e-05 4.10554e-06 0 
0 0.000212323 7.71369e-05 3.41141e-06 2.78042e-08 5.69782e-11 4.22537e-14 1.74358e-17 8.39322e-21 3.56574e-23 7.75984e-25 6.57166e-26 2.64221e-26 2.30839e-26 2.22228e-26 2.08886e-26 2.23093e-26 4.32523e-26 3.59833e-25 1.44834e-23 2.60929e-21 1.23405e-18 5.15124e-16 1.41138e-13 2.18526e-11 1.74787e-09 6.97513e-08 1.40624e-06 1.50344e-05 9.10133e-05 0.000328846 0.000722886 0.000985471 0.000900847 0.000622719 0.000358138 0.000178311 7.55467e-05 2.47846e-05 4.5022e-06 0 
0 0.000199297 6.16321e-05 2.12979e-06 1.24239e-08 1.6862e-11 7.81352e-15 1.95813e-18 1.37263e-21 1.10297e-23 3.63479e-25 2.64222e-26 4.48577e-27 2.57802e-27 2.3353e-27 2.11497e-27 2.27879e-27 6.48742e-27 7.18028e-26 2.17826e-24 2.32249e-22 1.16068e-19 7.09525e-17 2.7934e-14 6.00162e-12 6.39493e-10 3.25484e-08 8.01271e-07 1.00426e-05 6.88694e-05 0.000275245 0.000659199 0.000962566 0.000920572 0.000651516 0.000378523 0.000189183 8.02586e-05 2.63415e-05 4.78567e-06 0 
0 0.000191726 5.41287e-05 1.62667e-06 7.85123e-09 8.43789e-12 2.99557e-15 5.72938e-19 6.50218e-22 7.44635e-24 3.01032e-25 2.30841e-26 2.57803e-27 5.42649e-28 3.08257e-28 2.75734e-28 4.88329e-28 2.96076e-27 3.6849e-26 9.28024e-25 7.37025e-23 3.05169e-20 2.28753e-17 1.10642e-14 2.86341e-12 3.59138e-10 2.09923e-08 5.79013e-07 7.94397e-06 5.84654e-05 0.000247295 0.000621562 0.000944345 0.000927849 0.000666243 0.000389556 0.000195173 8.28698e-05 2.72061e-05 4.94317e-06 0 
0 0.000189771 5.25642e-05 1.53469e-06 7.12366e-09 7.29647e-12 2.4518e-15 4.44515e-19 5.55034e-22 6.79952e-24 2.85469e-25 2.22229e-26 2.33531e-27 3.08259e-28 7.45402e-29 7.0083e-29 2.94742e-28 2.4926e-27 3.1701e-26 7.73299e-25 5.82331e-23 2.2883e-20 1.7858e-17 9.01869e-15 2.42743e-12 3.15147e-10 1.897e-08 5.36021e-07 7.4966e-06 5.6007e-05 0.000239832 0.000609591 0.000935532 0.000926063 0.000667814 0.000391255 0.000196182 8.33226e-05 2.73575e-05 4.97084e-06 0 
0 0.000193234 5.63021e-05 1.77804e-06 9.183e-09 1.07276e-11 4.18788e-15 8.78839e-19 7.97225e-22 7.79194e-24 2.87929e-25 2.08887e-26 2.11498e-27 2.75736e-28 7.00828e-29 7.94299e-29 3.5127e-28 3.00611e-27 4.09789e-26 1.13758e-24 1.02447e-22 4.69741e-20 3.28724e-17 1.48023e-14 3.59284e-12 4.26159e-10 2.37617e-08 6.30495e-07 8.3874e-06 6.02729e-05 0.0002504 0.000621299 0.00093632 0.000916311 0.000657026 0.000384039 0.000192406 8.16975e-05 2.68219e-05 4.87341e-06 0 
0 0.000201673 6.58667e-05 2.48034e-06 1.62689e-08 2.55114e-11 1.39342e-14 4.14744e-18 2.21425e-21 1.36016e-23 3.67405e-25 2.23094e-26 2.2788e-27 4.88328e-28 2.9474e-28 3.51268e-28 8.89891e-28 5.9945e-27 9.09889e-26 3.44114e-24 4.68093e-22 2.45233e-19 1.31667e-16 4.57891e-14 8.80192e-12 8.51324e-10 3.99252e-08 9.19009e-07 1.09184e-05 7.18538e-05 0.00027856 0.000653422 0.000942965 0.000897499 0.000634467 0.000368646 0.000184291 7.81958e-05 2.56665e-05 4.66319e-06 0 
0 0.000214337 8.28514e-05 4.04056e-06 3.7633e-08 9.08951e-11 8.1264e-14 4.09158e-17 2.04486e-20 5.83367e-23 8.84674e-25 4.32524e-26 6.48741e-27 2.96074e-27 2.49258e-27 3.00609e-27 5.99447e-27 3.02121e-26 5.02561e-25 2.91854e-23 6.66791e-21 2.83169e-18 1.01444e-15 2.41154e-13 3.28725e-11 2.35319e-09 8.54933e-08 1.59567e-06 1.60458e-05 9.27268e-05 0.000324379 0.00069999 0.000948003 0.000866935 0.000600663 0.000346091 0.000172489 7.31142e-05 2.39911e-05 4.3584e-06 0 
0 0.000229996 0.000109858 7.39982e-06 1.06676e-07 4.41334e-10 7.29154e-13 7.08114e-16 6.20451e-19 9.80659e-22 8.18112e-24 3.59833e-25 7.18025e-26 3.68488e-26 3.17008e-26 4.09787e-26 9.09886e-26 5.02561e-25 1.0816e-23 1.00477e-21 2.30438e-19 5.99242e-17 1.29045e-14 1.90568e-12 1.6885e-10 8.2852e-09 2.18417e-07 3.13243e-06 2.55456e-05 0.000125353 0.00038527 0.00074946 0.000940436 0.000821232 0.000556355 0.000317641 0.000157793 6.68143e-05 2.19169e-05 3.98121e-06 0 
0 0.000246755 0.000150201 1.4614e-05 3.4572e-07 2.63273e-09 8.72826e-12 1.78563e-14 3.30325e-17 8.22732e-20 4.77167e-22 1.44834e-23 2.17826e-24 9.28021e-25 7.73297e-25 1.13757e-24 3.44113e-24 2.91854e-23 1.00477e-21 9.63533e-20 1.32567e-17 1.90038e-15 2.29132e-13 1.96448e-11 1.06247e-09 3.37647e-08 6.1478e-07 6.50349e-06 4.16533e-05 0.000169391 0.000449588 0.000781077 0.000906496 0.000757348 0.000502736 0.00028477 0.000141084 5.96895e-05 1.95752e-05 3.55561e-06 0 
0 0.000261983 0.000206993 2.98514e-05 1.19524e-06 1.73965e-08 1.20859e-10 5.45718e-13 2.24238e-15 1.18068e-17 1.10462e-19 2.60929e-21 2.32248e-22 7.37024e-23 5.8233e-23 1.02447e-22 4.68093e-22 6.66791e-21 2.30438e-19 1.32567e-17 9.75701e-16 7.39532e-14 4.79122e-12 2.28698e-10 7.23468e-09 1.42659e-07 1.72258e-06 1.29876e-05 6.37677e-05 0.000212264 0.000486343 0.000762593 0.000831479 0.000673469 0.000441524 0.000249067 0.000123255 5.21333e-05 1.70965e-05 3.1054e-06 0 
0 0.00027249 0.000281238 6.06608e-05 4.13526e-06 1.15699e-07 1.69623e-09 1.70401e-11 1.56817e-13 1.77513e-15 3.26061e-17 1.23405e-18 1.16068e-19 3.05169e-20 2.2883e-20 4.69741e-20 2.45233e-19 2.83169e-18 5.99242e-17 1.90038e-15 7.39532e-14 2.92994e-12 1.00382e-10 2.60507e-09 4.65201e-08 5.42047e-07 4.10351e-06 2.10215e-05 7.74155e-05 0.000213477 0.000439375 0.000655077 0.000703105 0.000569555 0.000374873 0.00021213 0.000105154 4.45109e-05 1.46012e-05 2.65246e-06 0 
0 0.000275055 0.000369027 0.000118488 1.35554e-05 7.1356e-07 2.15421e-08 4.69347e-10 9.43255e-12 2.24159e-13 7.95448e-15 5.15124e-16 7.09525e-17 2.28753e-17 1.7858e-17 3.28724e-17 1.31667e-16 1.01444e-15 1.29045e-14 2.29132e-13 4.79122e-12 1.00382e-10 1.81997e-09 2.51298e-08 2.38633e-07 1.47386e-06 6.06805e-06 1.87222e-05 5.0139e-05 0.000124193 0.000266538 0.000439396 0.000518708 0.000448065 0.000305268 0.000175474 8.75336e-05 3.71385e-05 1.21926e-05 2.21549e-06 0 
0 0.00026725 0.000459018 0.000216016 4.03117e-05 3.82744e-06 2.2644e-07 1.01535e-08 4.22979e-10 2.00917e-11 1.31887e-12 1.41138e-13 2.7934e-14 1.10642e-14 9.01869e-15 1.48023e-14 4.57891e-14 2.41154e-13 1.90568e-12 1.96448e-11 2.28698e-10 2.60507e-09 2.51298e-08 1.76223e-07 7.68031e-07 1.8757e-06 2.7893e-06 3.6307e-06 6.55557e-06 1.91087e-05 6.6661e-05 0.000180588 0.000302091 0.000316484 0.000235774 0.00014051 7.10235e-05 3.02693e-05 9.95189e-06 1.80916e-06 0 
0 0.000248304 0.000532712 0.000358386 0.000105278 1.70702e-05 1.85104e-06 1.5897e-07 1.27764e-08 1.13383e-09 1.29712e-10 2.18526e-11 6.00162e-12 2.86341e-12 2.42743e-12 3.59284e-12 8.80192e-12 3.28725e-11 1.6885e-10 1.06247e-09 7.23468e-09 4.65201e-08 2.38633e-07 7.68031e-07 1.11305e-06 5.42991e-07 1.05645e-07 2.2884e-08 2.23763e-08 1.52474e-07 2.61944e-06 2.94676e-05 0.000118947 0.000191696 0.000170699 0.000108613 5.61262e-05 2.40888e-05 7.9369e-06 1.44378e-06 0 
0 0.000219604 0.000569861 0.000529274 0.000235555 6.15727e-05 1.13516e-05 1.71793e-06 2.44908e-07 3.75138e-08 6.97492e-09 1.74787e-09 6.39493e-10 3.59138e-10 3.15147e-10 4.26159e-10 8.51324e-10 2.35319e-09 8.2852e-09 3.37647e-08 1.42659e-07 5.42047e-07 1.47386e-06 1.8757e-06 5.42991e-07 1.64792e-08 6.62761e-11 4.04899e-13 1.31762e-13 7.80049e-12 4.9877e-09 1.18923e-06 2.76868e-05 9.70413e-05 0.000115616 8.11056e-05 4.3207e-05 1.87131e-05 6.18194e-06 1.12538e-06 0 
0 0.000184467 0.000557925 0.000683325 0.000441966 0.000176672 5.1489e-05 1.2605e-05 2.91701e-06 7.08843e-07 1.98812e-07 6.97513e-08 3.25484e-08 2.09923e-08 1.897e-08 2.37617e-08 3.99252e-08 8.54933e-08 2.18417e-07 6.1478e-07 1.72258e-06 4.10351e-06 6.06805e-06 2.7893e-06 1.05645e-07 6.62761e-11 8.70024e-16 1.88856e-15 2.77427e-15 1.97591e-16 5.78594e-13 1.44565e-08 4.32892e-06 4.3723e-05 7.50723e-05 5.89678e-05 3.24628e-05 1.41902e-05 4.69973e-06 8.56152e-07 0 
0 0.000147183 0.000499431 0.000763167 0.000681796 0.000397525 0.000172299 6.31725e-05 2.18091e-05 7.74032e-06 3.04127e-06 1.40624e-06 8.01271e-07 5.79013e-07 5.36021e-07 6.30495e-07 9.19009e-07 1.59567e-06 3.13243e-06 6.50349e-06 1.29876e-05 2.10215e-05 1.87222e-05 3.6307e-06 2.2884e-08 4.04899e-13 1.88856e-15 1.8276e-16 1.9034e-16 2.75404e-17 1.34368e-16 2.72094e-10 8.38244e-07 2.13305e-05 4.94485e-05 4.23629e-05 2.38795e-05 1.05039e-05 3.4846e-06 6.35065e-07 0 
0 0.000111764 0.000410797 0.000738242 0.000854161 0.000689745 0.000423364 0.000219034 0.000105188 5.07056e-05 2.60926e-05 1.50344e-05 1.00426e-05 7.94397e-06 7.4966e-06 8.3874e-06 1.09184e-05 1.60458e-05 2.55456e-05 4.16533e-05 6.37677e-05 7.74155e-05 5.0139e-05 6.55557e-06 2.23763e-08 1.31762e-13 2.77427e-15 1.9034e-16 3.99292e-17 3.91982e-17 1.46803e-15 8.13997e-11 4.49596e-07 1.42158e-05 3.50722e-05 3.04889e-05 1.7237e-05 7.58593e-06 2.51675e-06 4.58677e-07 0 
0 8.09989e-05 0.000313324 0.000627117 0.000873823 0.0009137 0.000754578 0.000526442 0.000334683 0.000207624 0.000132713 9.10133e-05 6.88694e-05 5.84654e-05 5.6007e-05 6.02729e-05 7.18538e-05 9.27268e-05 0.000125353 0.000169391 0.000212264 0.000213477 0.000124193 1.91087e-05 1.52474e-07 7.80049e-12 1.97591e-16 2.75404e-17 3.91982e-17 7.38668e-17 2.78289e-15 7.93221e-10 8.45701e-07 1.37806e-05 2.71455e-05 2.20147e-05 1.21952e-05 5.33599e-06 1.76741e-06 3.21963e-07 0 
0 5.6168e-05 0.000223891 0.000478041 0.000749641 0.000938323 0.000973728 0.000870722 0.000704141 0.000542011 0.000415586 0.000328846 0.000275245 0.000247295 0.000239832 0.0002504 0.00027856 0.000324379 0.00038527 0.000449588 0.000486343 0.000439375 0.000266538 6.6661e-05 2.61944e-06 4.9877e-09 5.78594e-13 1.34369e-16 1.46803e-15 2.78289e-15 2.23144e-11 4.2963e-08 3.05051e-06 1.62818e-05 2.18393e-05 1.57228e-05 8.41119e-06 3.64393e-06 1.2036e-06 2.19086e-07 0 
0 3.73083e-05 0.000151147 0.000334267 0.000560202 0.000781147 0.000941743 0.00100754 0.000983684 0.000904636 0.000808902 0.000722886 0.000659199 0.000621562 0.000609591 0.000621299 0.000653422 0.00069999 0.00074946 0.000781077 0.000762593 0.000655077 0.000439396 0.000180588 2.94676e-05 1.18923e-06 1.44565e-08 2.72094e-10 8.13997e-11 7.93221e-10 4.2963e-08 1.34185e-06 9.33393e-06 1.82438e-05 1.70018e-05 1.08738e-05 5.61073e-06 2.40499e-06 7.91945e-07 1.44028e-07 0 
0 2.37083e-05 9.68318e-05 0.000217918 0.00037763 0.00055711 0.000729909 0.000869558 0.000959805 0.00100019 0.00100304 0.000985471 0.000962566 0.000944345 0.000935532 0.00093632 0.000942965 0.000948003 0.000940436 0.000906496 0.000831479 0.000703105 0.000518708 0.000302091 0.000118947 2.76868e-05 4.32892e-06 8.38244e-07 4.49596e-07 8.45701e-07 3.05051e-06 9.33393e-06 1.63013e-05 1.68055e-05 1.22052e-05 7.15677e-06 3.59023e-06 1.52553e-06 5.01024e-07 9.10487e-08 0 
0 1.43527e-05 5.88427e-05 0.000133487 0.00023488 0.000355691 0.00048496 0.000609828 0.000718603 0.000803825 0.000863637 0.000900847 0.000920572 0.000927849 0.000926063 0.000916311 0.000897499 0.000866935 0.000821232 0.000757348 0.000673469 0.000569555 0.000448065 0.000316484 0.000191696 9.70413e-05 4.3723e-05 2.13305e-05 1.42158e-05 1.37806e-05 1.62818e-05 1.82438e-05 1.68055e-05 1.25689e-05 7.96657e-06 4.43727e-06 2.18642e-06 9.23547e-07 3.02746e-07 5.49846e-08 0 
0 8.20966e-06 3.37133e-05 7.67408e-05 0.000135903 0.000208082 0.000288559 0.000371508 0.000450858 0.000521328 0.000579227 0.000622719 0.000651516 0.000666243 0.000667814 0.000657026 0.000634467 0.000600663 0.000556355 0.000502736 0.000441524 0.000374873 0.000305268 0.000235774 0.000170699 0.000115616 7.50723e-05 4.94485e-05 3.50722e-05 2.71455e-05 2.18393e-05 1.70018e-05 1.22052e-05 7.96657e-06 4.74092e-06 2.57308e-06 1.25553e-06 5.28512e-07 1.73049e-07 3.14171e-08 0 
0 4.37411e-06 1.79747e-05 4.09715e-05 7.27419e-05 0.000111854 0.000156141 0.000202887 0.000249117 0.000291945 0.000328898 0.000358138 0.000378523 0.000389556 0.000391255 0.000384039 0.000368646 0.000346091 0.000317641 0.00028477 0.000249067 0.00021213 0.000175474 0.00014051 0.000108613 8.11056e-05 5.89678e-05 4.23629e-05 3.04889e-05 2.20147e-05 1.57228e-05 1.08738e-05 7.15677e-06 4.43727e-06 2.57308e-06 1.38045e-06 6.70427e-07 2.81711e-07 9.21805e-08 1.67317e-08 0 
0 2.11762e-06 8.70435e-06 1.98511e-05 3.52775e-05 5.43308e-05 7.60241e-05 9.91146e-05 0.000122215 0.000143929 0.000162977 0.000178311 0.000189183 0.000195173 0.000196182 0.000192406 0.000184291 0.000172489 0.000157793 0.000141084 0.000123255 0.000105154 8.75336e-05 7.10235e-05 5.61262e-05 4.3207e-05 3.24628e-05 2.38795e-05 1.7237e-05 1.21952e-05 8.41119e-06 5.61073e-06 3.59023e-06 2.18642e-06 1.25553e-06 6.70427e-07 3.24929e-07 1.3642e-07 4.46247e-08 8.09891e-09 0 
0 8.88623e-07 3.653e-06 8.33262e-06 1.4813e-05 2.28259e-05 3.19663e-05 4.17227e-05 5.15211e-05 6.07752e-05 6.89379e-05 7.55467e-05 8.02586e-05 8.28698e-05 8.33226e-05 8.16975e-05 7.81958e-05 7.31142e-05 6.68143e-05 5.96895e-05 5.21333e-05 4.45109e-05 3.71385e-05 3.02693e-05 2.40888e-05 1.87131e-05 1.41902e-05 1.05039e-05 7.58593e-06 5.33599e-06 3.64393e-06 2.40499e-06 1.52553e-06 9.23547e-07 5.28512e-07 2.81711e-07 1.3642e-07 5.72545e-08 1.87259e-08 3.39837e-09 0 
0 2.90617e-07 1.19473e-06 2.72541e-06 4.84554e-06 7.46808e-06 1.04614e-05 1.36594e-05 1.68752e-05 1.99169e-05 2.26046e-05 2.47846e-05 2.63415e-05 2.72061e-05 2.73575e-05 2.68219e-05 2.56665e-05 2.39911e-05 2.19169e-05 1.95752e-05 1.70965e-05 1.46012e-05 1.21926e-05 9.95189e-06 7.9369e-06 6.18194e-06 4.69973e-06 3.4846e-06 2.51675e-06 1.76741e-06 1.2036e-06 7.91945e-07 5.01024e-07 3.02746e-07 1.73049e-07 9.21805e-08 4.46247e-08 1.87259e-08 6.12421e-09 1.11139e-09 0 
0 5.27394e-08 2.16815e-07 4.94608e-07 8.79404e-07 1.35545e-06 1.8989e-06 2.47968e-06 3.0639e-06 3.61677e-06 4.10554e-06 4.5022e-06 4.78567e-06 4.94317e-06 4.97084e-06 4.87341e-06 4.66319e-06 4.3584e-06 3.98121e-06 3.55561e-06 3.1054e-06 2.65246e-06 2.21549e-06 1.80916e-06 1.44378e-06 1.12538e-06 8.56152e-07 6.35065e-07 4.58677e-07 3.21963e-07 2.19086e-07 1.44028e-07 9.10487e-08 5.49846e-08 3.14171e-08 1.67317e-08 8.09891e-09 3.39837e-09 1.11139e-09 2.01686e-10 0 
0 0 0 0 0 0 0 0 0 0 0 0 0 0 0 0 0 0 0 0 0 0 0 0 0 0 0 0 0 0 0 0 0 0 0 0 0 0 0 0 0 
