0 0 0 0 0 0 0 0 0 0 0 0 0 0 0 0 0 0 0 0 0 0 0 0 0 0 0 0 0 0 0 0 0 0 0 0 0 0 0 0 0 
0 1.37911e-05 5.66964e-05 0.00012934 0.000229968 0.000354465 0.000496605 0.000648526 0.000801372 0.000946045 0.00107397 0.00117782 0.00125205 0.0012933 0.00130056 0.00127506 0.00122003 0.00114025 0.00104153 0.00093017 0.0008124 0.000693949 0.000579699 0.000473473 0.000377947 0.000294685 0.000224245 0.000166363 0.000120155 8.4327e-05 5.73649e-05 3.7699e-05 2.38242e-05 1.43839e-05 8.21723e-06 4.37575e-06 2.11793e-06 8.88673e-07 2.90623e-07 5.27398e-08 0 
0 5.66964e-05 0.000233084 0.000531728 0.00094542 0.00145724 0.00204159 0.00266615 0.00329451 0.00388928 0.00441521 0.00484213 0.00514729 0.00531689 0.00534673 0.0052419 0.00501565 0.00468766 0.00428183 0.00382402 0.00333985 0.00285289 0.0023832 0.00194649 0.00155378 0.00121148 0.000921892 0.000683935 0.00049397 0.000346676 0.000235833 0.000154984 9.79433e-05 5.91335e-05 3.37818e-05 1.79891e-05 8.70702e-06 3.65342e-06 1.19478e-06 2.16818e-07 0 
0 0.00012934 0.000531728 0.00121301 0.00215676 0.00332436 0.00465742 0.00608221 0.00751568 0.0088725 0.0100723 0.0110462 0.0117424 0.0121293 0.0121973 0.0119582 0.0114421 0.0106938 0.00976801 0.00872361 0.0076191 0.00650821 0.00543672 0.00444047 0.00354459 0.00276371 0.00210308 0.00156024 0.00112688 0.000790862 0.000537998 0.000353561 0.000223435 0.000134899 7.70654e-05 4.10381e-05 1.98631e-05 8.33443e-06 2.72561e-06 4.94621e-07 0 
0 0.000229968 0.00094542 0.00215676 0.00383475 0.00591076 0.00828097 0.0108143 0.013363 0.0157754 0.0179087 0.0196403 0.0208781 0.021566 0.021687 0.0212618 0.0203442 0.0190138 0.0173677 0.0155107 0.0135469 0.0115717 0.00966657 0.00789522 0.00630233 0.00491391 0.00373932 0.00277413 0.00200361 0.00140616 0.000956569 0.000628636 0.000397271 0.000239853 0.000137024 7.29663e-05 3.53168e-05 1.48187e-05 4.84619e-06 8.79444e-07 0 
0 0.000354465 0.00145724 0.00332436 0.00591076 0.00911065 0.012764 0.0166688 0.0205973 0.0243157 0.0276038 0.0302729 0.0321808 0.0332411 0.0334277 0.0327722 0.0313578 0.0293072 0.0267699 0.0239077 0.0208807 0.0178362 0.0148997 0.0121694 0.0097142 0.00757414 0.00576366 0.00427595 0.0030883 0.00216742 0.00147442 0.00096896 0.000612341 0.000369702 0.000211204 0.000112468 5.44362e-05 2.28411e-05 7.46975e-06 1.35555e-06 0 
0 0.000496605 0.00204159 0.00465742 0.00828097 0.012764 0.0178824 0.0233529 0.0288568 0.0340663 0.0386729 0.0424123 0.0450851 0.0465706 0.046832 0.0459137 0.0439321 0.0410592 0.0375045 0.0334946 0.0292538 0.0249885 0.0208745 0.0170494 0.0136096 0.0106114 0.00807488 0.00599061 0.0043267 0.00303655 0.00206567 0.00135751 0.000857889 0.000517952 0.000295896 0.000157567 7.62651e-05 3.20004e-05 1.04651e-05 1.89912e-06 0 
0 0.000648526 0.00266615 0.00608221 0.0108143 0.0166688 0.0233529 0.030497 0.0376845 0.0444877 0.0505035 0.0553868 0.0588772 0.0608171 0.0611583 0.0599591 0.0573712 0.0536195 0.0489775 0.0437409 0.0382029 0.0326328 0.0272603 0.022265 0.017773 0.0138576 0.0105451 0.00782324 0.00565032 0.00396548 0.00269759 0.0017728 0.00112033 0.000676403 0.000386416 0.00020577 9.95959e-05 4.17899e-05 1.36666e-05 2.48009e-06 0 
0 0.000801372 0.00329451 0.00751568 0.013363 0.0205973 0.0288568 0.0376845 0.046566 0.0549726 0.0624061 0.0684401 0.0727529 0.0751497 0.0755711 0.0740891 0.0708913 0.0662556 0.0605197 0.0540492 0.0472062 0.0403235 0.0336849 0.0275124 0.0219617 0.0171235 0.0130304 0.00966703 0.00698199 0.00490007 0.00333336 0.00219061 0.00138437 0.000835819 0.000477487 0.000254266 0.000123069 5.1639e-05 1.68875e-05 3.0646e-06 0 
0 0.000946045 0.00388928 0.0088725 0.0157754 0.0243157 0.0340663 0.0444877 0.0549726 0.0648967 0.0736719 0.0807948 0.0858857 0.0887146 0.0892115 0.0874617 0.0836865 0.0782141 0.0714433 0.0638052 0.0557273 0.0476025 0.0397657 0.0324791 0.0259264 0.0202148 0.0153828 0.0114122 0.00824246 0.00578469 0.00393514 0.00258609 0.0016343 0.000986711 0.000563689 0.00030017 0.000145287 6.09615e-05 1.99363e-05 3.61786e-06 0 
0 0.00107397 0.00441521 0.0100723 0.0179087 0.0276038 0.0386729 0.0505035 0.0624061 0.0736719 0.0836333 0.0917186 0.0974968 0.100707 0.10127 0.0992826 0.0949968 0.0887849 0.0810994 0.0724296 0.0632605 0.054038 0.0451421 0.0368705 0.029432 0.0229482 0.0174629 0.0129554 0.00935703 0.00656692 0.00446727 0.00293579 0.0018553 0.00112014 0.000639914 0.00034076 0.000164933 6.9205e-05 2.26322e-05 4.10709e-06 0 
0 0.00117782 0.00484213 0.0110462 0.0196403 0.0302729 0.0424123 0.0553868 0.0684401 0.0807948 0.0917186 0.100584 0.106919 0.110438 0.111053 0.108872 0.104171 0.0973591 0.088932 0.079426 0.0693723 0.0592598 0.049505 0.0404345 0.0322772 0.0251668 0.0191513 0.014208 0.0102618 0.00720189 0.00489922 0.00321966 0.00203469 0.00122845 0.000701789 0.000373709 0.000180881 7.58967e-05 2.48206e-05 4.50422e-06 0 
0 0.00125205 0.00514729 0.0117424 0.0208781 0.0321808 0.0450851 0.0588772 0.0727529 0.0858857 0.0974968 0.106919 0.113651 0.117387 0.118037 0.115716 0.110718 0.103477 0.0945212 0.0844191 0.0737351 0.0629882 0.0526209 0.0429803 0.0343101 0.0267521 0.0203578 0.0151033 0.0109084 0.00765572 0.00520796 0.00342257 0.00216292 0.00130587 0.000746017 0.000397261 0.00019228 8.06798e-05 2.63848e-05 4.78808e-06 0 
0 0.0012933 0.00531689 0.0121293 0.021566 0.0332411 0.0465706 0.0608171 0.0751497 0.0887146 0.100707 0.110438 0.117387 0.121242 0.121908 0.119506 0.114341 0.106861 0.0976123 0.0871812 0.0761496 0.0650527 0.0543474 0.0443919 0.0354378 0.027632 0.0210278 0.0156005 0.0112676 0.00790788 0.00537952 0.00353532 0.00223418 0.00134889 0.000770597 0.000410351 0.000198616 8.33382e-05 2.72542e-05 4.94585e-06 0 
0 0.00130056 0.00534673 0.0121973 0.021687 0.0334277 0.046832 0.0611583 0.0755711 0.0892115 0.10127 0.111053 0.118037 0.121908 0.122572 0.120151 0.114952 0.107429 0.0981289 0.0876427 0.0765542 0.0654004 0.0546399 0.0446325 0.0356312 0.0277838 0.0211439 0.015687 0.0113303 0.00795203 0.00540961 0.00355512 0.0022467 0.00135646 0.00077492 0.000412653 0.000199731 8.38059e-05 2.74071e-05 4.9736e-06 0 
0 0.00127506 0.0052419 0.0119582 0.0212618 0.0327722 0.0459137 0.0599591 0.0740891 0.0874617 0.0992826 0.108872 0.115716 0.119506 0.120151 0.117769 0.112666 0.105286 0.0961675 0.0858885 0.0750214 0.0640917 0.0535481 0.0437424 0.0349223 0.0272324 0.0207252 0.0153771 0.011107 0.00779551 0.00530328 0.00348531 0.00220261 0.00132985 0.000759723 0.000404561 0.000195814 8.21627e-05 2.68697e-05 4.87609e-06 0 
0 0.00122003 0.00501565 0.0114421 0.0203442 0.0313578 0.0439321 0.0573712 0.0708913 0.0836865 0.0949968 0.104171 0.110718 0.114341 0.114952 0.112666 0.107775 0.100707 0.0919763 0.0821388 0.0717418 0.0612876 0.0512047 0.0418288 0.0333958 0.0260435 0.0198219 0.0147081 0.0106246 0.00745756 0.0050737 0.0033346 0.00210744 0.00127242 0.000726922 0.000387097 0.000187362 7.86164e-05 2.571e-05 4.66563e-06 0 
0 0.00114025 0.00468766 0.0106938 0.0190138 0.0293072 0.0410592 0.0536195 0.0662556 0.0782141 0.0887849 0.0973591 0.103477 0.106861 0.107429 0.105286 0.100707 0.0940904 0.0859215 0.0767198 0.0669984 0.0572274 0.047807 0.0390502 0.0311766 0.0243136 0.0185069 0.0137343 0.00992281 0.00696619 0.00474017 0.0031158 0.00196935 0.00118912 0.00067936 0.000361777 0.000175109 7.34751e-05 2.40287e-05 4.36053e-06 0 
0 0.00104153 0.00428183 0.00976801 0.0173677 0.0267699 0.0375045 0.0489775 0.0605197 0.0714433 0.0810994 0.088932 0.0945212 0.0976123 0.0981289 0.0961675 0.0919763 0.0859215 0.0784462 0.0700274 0.0611357 0.0522025 0.0435944 0.0355981 0.0284133 0.0221555 0.0168645 0.0125177 0.00904691 0.00635395 0.00432541 0.00284421 0.00179818 0.00108595 0.000620482 0.000330441 0.000159945 6.71135e-05 2.19484e-05 3.98301e-06 0 
0 0.00093017 0.00382402 0.00872361 0.0155107 0.0239077 0.0334946 0.0437409 0.0540492 0.0638052 0.0724296 0.079426 0.0844191 0.0871812 0.0876427 0.0858885 0.0821388 0.0767198 0.0700274 0.0624887 0.0545264 0.0465283 0.0388251 0.0316753 0.0252596 0.0196817 0.0149754 0.0111166 0.00803935 0.00565208 0.00385205 0.00253556 0.00160427 0.000969324 0.000553999 0.000295077 0.000142837 5.99366e-05 1.96015e-05 3.55714e-06 0 
0 0.0008124 0.00333985 0.0076191 0.0135469 0.0208807 0.0292538 0.0382029 0.0472062 0.0557273 0.0632605 0.0693723 0.0737351 0.0761496 0.0765542 0.0750214 0.0717418 0.0669984 0.0611357 0.0545264 0.0475403 0.0405185 0.0337535 0.0274774 0.0218551 0.016984 0.0128964 0.00956656 0.0069257 0.00488163 0.00333773 0.00220358 0.00139731 0.000845436 0.000483554 0.000257649 0.000124739 5.23459e-05 1.71195e-05 3.10675e-06 0 
0 0.000693949 0.00285289 0.00650821 0.0115717 0.0178362 0.0249885 0.0326328 0.0403235 0.0476025 0.054038 0.0592598 0.0629882 0.0650527 0.0654004 0.0640917 0.0612876 0.0572274 0.0522025 0.0465283 0.0405185 0.0344631 0.0286141 0.023177 0.018308 0.0141114 0.0106333 0.00785393 0.00569323 0.00403992 0.00278826 0.00185705 0.00118506 0.000719726 0.000412447 0.000219954 0.000106528 4.47101e-05 1.4623e-05 2.65375e-06 0 
0 0.000579699 0.0023832 0.00543672 0.00966657 0.0148997 0.0208745 0.0272603 0.0336849 0.0397657 0.0451421 0.049505 0.0526209 0.0543474 0.0546399 0.0535481 0.0512047 0.047807 0.0435944 0.0388251 0.0337535 0.0286141 0.023611 0.0189186 0.0146898 0.0110601 0.00812591 0.00589745 0.00427384 0.00308831 0.0021911 0.00149721 0.000972509 0.000596506 0.000343448 0.000183522 8.89523e-05 3.73438e-05 1.22149e-05 2.21681e-06 0 
0 0.000473473 0.00194649 0.00444047 0.00789522 0.0121694 0.0170494 0.022265 0.0275124 0.0324791 0.0368705 0.0404345 0.0429803 0.0443919 0.0446325 0.0437424 0.0418288 0.0390502 0.0355981 0.0316753 0.0274774 0.023177 0.0189186 0.0148315 0.0110673 0.00783294 0.0053391 0.00365227 0.00262319 0.00199079 0.0015277 0.00112077 0.000762511 0.000479059 0.000278746 0.000149562 7.25989e-05 3.04936e-05 9.97589e-06 1.81055e-06 0 
0 0.000377947 0.00155378 0.00354459 0.00630233 0.0097142 0.0136096 0.017773 0.0219617 0.0259264 0.029432 0.0322772 0.0343101 0.0354378 0.0356312 0.0349223 0.0333958 0.0311766 0.0284133 0.0252596 0.0218551 0.018308 0.0146898 0.0110673 0.00760406 0.00465952 0.00261994 0.00151879 0.00105223 0.000902496 0.00084613 0.000739557 0.000560141 0.000370461 0.000220066 0.000118958 5.78866e-05 2.43331e-05 7.9624e-06 1.44522e-06 0 
0 0.000294685 0.00121148 0.00276371 0.00491391 0.00757414 0.0106114 0.0138576 0.0171235 0.0202148 0.0229482 0.0251668 0.0267521 0.027632 0.0277838 0.0272324 0.0260435 0.0243136 0.0221555 0.0196817 0.016984 0.0141114 0.0110601 0.00783294 0.00465952 0.00216424 0.000816526 0.00032907 0.000208161 0.000230395 0.000328204 0.000408323 0.000379335 0.000274756 0.000168831 9.22937e-05 4.50681e-05 1.89644e-05 6.20751e-06 1.1268e-06 0 
0 0.000224245 0.000921892 0.00210308 0.00373932 0.00576366 0.00807488 0.0105451 0.0130304 0.0153828 0.0174629 0.0191513 0.0203578 0.0210278 0.0211439 0.0207252 0.0198219 0.0185069 0.0168645 0.0149754 0.0128964 0.0106333 0.00812591 0.0053391 0.00261994 0.000816526 0.000167941 3.81557e-05 2.07391e-05 3.40225e-05 9.2012e-05 0.00019356 0.000240399 0.000196696 0.000126109 6.98559e-05 3.42434e-05 1.44252e-05 4.72315e-06 8.57426e-07 0 
0 0.000166363 0.000683935 0.00156024 0.00277413 0.00427595 0.00599061 0.00782324 0.00966703 0.0114122 0.0129554 0.014208 0.0151033 0.0156005 0.015687 0.0153771 0.0147081 0.0137343 0.0125177 0.0111166 0.00956656 0.00785393 0.00589745 0.00365227 0.00151879 0.00032907 3.81557e-05 4.98729e-06 2.33199e-06 5.56586e-06 2.7627e-05 9.46638e-05 0.000152727 0.000138871 9.22172e-05 5.16174e-05 2.53768e-05 1.06986e-05 3.50374e-06 6.36095e-07 0 
0 0.000120155 0.00049397 0.00112688 0.00200361 0.0030883 0.0043267 0.00565032 0.00698199 0.00824246 0.00935703 0.0102618 0.0109084 0.0112676 0.0113303 0.011107 0.0106246 0.00992281 0.00904691 0.00803935 0.0069257 0.00569323 0.00427384 0.00262319 0.00105223 0.000208161 2.07391e-05 2.33199e-06 1.04246e-06 2.73602e-06 1.58851e-05 6.16719e-05 0.000106257 9.91437e-05 6.63864e-05 3.72477e-05 1.83241e-05 7.72658e-06 2.53053e-06 4.59416e-07 0 
0 8.4327e-05 0.000346676 0.000790862 0.00140616 0.00216742 0.00303655 0.00396548 0.00490007 0.00578469 0.00656692 0.00720189 0.00765572 0.00790788 0.00795203 0.00779551 0.00745756 0.00696619 0.00635395 0.00565208 0.00488163 0.00403992 0.00308831 0.00199079 0.000902496 0.000230395 3.40225e-05 5.56586e-06 2.73602e-06 5.49503e-06 2.08527e-05 5.76663e-05 8.2921e-05 7.19632e-05 4.70472e-05 2.62115e-05 1.28695e-05 5.42371e-06 1.77606e-06 3.2243e-07 0 
0 5.73649e-05 0.000235833 0.000537998 0.000956569 0.00147442 0.00206567 0.00269759 0.00333336 0.00393514 0.00446727 0.00489922 0.00520796 0.00537952 0.00540961 0.00530328 0.0050737 0.00474017 0.00432541 0.00385205 0.00333773 0.00278826 0.0021911 0.0015277 0.00084613 0.000328204 9.2012e-05 2.7627e-05 1.58851e-05 2.08527e-05 3.99456e-05 6.35673e-05 6.77158e-05 5.19585e-05 3.25768e-05 1.79206e-05 8.76691e-06 3.69098e-06 1.20832e-06 2.19345e-07 0 
0 3.7699e-05 0.000154984 0.000353561 0.000628636 0.00096896 0.00135751 0.0017728 0.00219061 0.00258609 0.00293579 0.00321966 0.00342257 0.00353532 0.00355512 0.00348531 0.0033346 0.0031158 0.00284421 0.00253556 0.00220358 0.00185705 0.00149721 0.00112077 0.000739557 0.000408323 0.00019356 9.46638e-05 6.16719e-05 5.76663e-05 6.35673e-05 6.40014e-05 5.26879e-05 3.61826e-05 2.18005e-05 1.18406e-05 5.77036e-06 2.4267e-06 7.94181e-07 1.44154e-07 0 
0 2.38242e-05 9.79433e-05 0.000223435 0.000397271 0.000612341 0.000857889 0.00112033 0.00138437 0.0016343 0.0018553 0.00203469 0.00216292 0.00223418 0.0022467 0.00220261 0.00210744 0.00196935 0.00179818 0.00160427 0.00139731 0.00118506 0.000972509 0.000762511 0.000560141 0.000379335 0.000240399 0.000152727 0.000106257 8.2921e-05 6.77158e-05 5.26879e-05 3.72186e-05 2.38208e-05 1.3967e-05 7.51516e-06 3.65141e-06 1.53417e-06 5.01945e-07 9.11021e-08 0 
0 1.43839e-05 5.91335e-05 0.000134899 0.000239853 0.000369702 0.000517952 0.000676403 0.000835819 0.000986711 0.00112014 0.00122845 0.00130587 0.00134889 0.00135646 0.00132985 0.00127242 0.00118912 0.00108595 0.000969324 0.000845436 0.000719726 0.000596506 0.000479059 0.000370461 0.000274756 0.000196696 0.000138871 9.91437e-05 7.19632e-05 5.19585e-05 3.61826e-05 2.38208e-05 1.47192e-05 8.50362e-06 4.55017e-06 2.20656e-06 9.2652e-07 3.03077e-07 5.50045e-08 0 
0 8.21723e-06 3.37818e-05 7.70654e-05 0.000137024 0.000211204 0.000295896 0.000386416 0.000477487 0.000563689 0.000639914 0.000701789 0.000746017 0.000770597 0.00077492 0.000759723 0.000726922 0.00067936 0.000620482 0.000553999 0.000483554 0.000412447 0.000343448 0.000278746 0.000220066 0.000168831 0.000126109 9.22172e-05 6.63864e-05 4.70472e-05 3.25768e-05 2.18005e-05 1.3967e-05 8.50362e-06 4.8793e-06 2.60357e-06 1.26126e-06 5.29399e-07 1.73152e-07 3.14236e-08 0 
0 4.37575e-06 1.79891e-05 4.10381e-05 7.29663e-05 0.000112468 0.000157567 0.00020577 0.000254266 0.00030017 0.00034076 0.000373709 0.000397261 0.000410351 0.000412653 0.000404561 0.000387097 0.000361777 0.000330441 0.000295077 0.000257649 0.000219954 0.000183522 0.000149562 0.000118958 9.22937e-05 6.98559e-05 5.16174e-05 3.72477e-05 2.62115e-05 1.79206e-05 1.18406e-05 7.51516e-06 4.55017e-06 2.60357e-06 1.38753e-06 6.7183e-07 2.81939e-07 9.22083e-08 1.67335e-08 0 
0 2.11793e-06 8.70702e-06 1.98631e-05 3.53168e-05 5.44362e-05 7.62651e-05 9.95959e-05 0.000123069 0.000145287 0.000164933 0.000180881 0.00019228 0.000198616 0.000199731 0.000195814 0.000187362 0.000175109 0.000159945 0.000142837 0.000124739 0.000106528 8.89523e-05 7.25989e-05 5.78866e-05 4.50681e-05 3.42434e-05 2.53768e-05 1.83241e-05 1.28695e-05 8.76691e-06 5.77036e-06 3.65141e-06 2.20656e-06 1.26126e-06 6.7183e-07 3.25222e-07 1.3647e-07 4.46311e-08 8.09934e-09 0 
0 8.88673e-07 3.65342e-06 8.33443e-06 1.48187e-05 2.28411e-05 3.20004e-05 4.17899e-05 5.1639e-05 6.09615e-05 6.9205e-05 7.58967e-05 8.06798e-05 8.33382e-05 8.38059e-05 8.21627e-05 7.86164e-05 7.34751e-05 6.71135e-05 5.99366e-05 5.23459e-05 4.47101e-05 3.73438e-05 3.04936e-05 2.43331e-05 1.89644e-05 1.44252e-05 1.06986e-05 7.72658e-06 5.42371e-06 3.69098e-06 2.4267e-06 1.53417e-06 9.2652e-07 5.29399e-07 2.81939e-07 1.3647e-07 5.72635e-08 1.87271e-08 3.39845e-09 0 
0 2.90623e-07 1.19478e-06 2.72561e-06 4.84619e-06 7.46975e-06 1.04651e-05 1.36666e-05 1.68875e-05 1.99363e-05 2.26322e-05 2.48206e-05 2.63848e-05 2.72542e-05 2.74071e-05 2.68697e-05 2.571e-05 2.40287e-05 2.19484e-05 1.96015e-05 1.71195e-05 1.4623e-05 1.22149e-05 9.97589e-06 7.9624e-06 6.20751e-06 4.72315e-06 3.50374e-06 2.53053e-06 1.77606e-06 1.20832e-06 7.94181e-07 5.01945e-07 3.03077e-07 1.73152e-07 9.22083e-08 4.46311e-08 1.87271e-08 6.12437e-09 1.1114e-09 0 
0 5.27398e-08 2.16818e-07 4.94621e-07 8.79444e-07 1.35555e-06 1.89912e-06 2.48009e-06 3.0646e-06 3.61786e-06 4.10709e-06 4.50422e-06 4.78808e-06 4.94585e-06 4.9736e-06 4.87609e-06 4.66563e-06 4.36053e-06 3.98301e-06 3.55714e-06 3.10675e-06 2.65375e-06 2.21681e-06 1.81055e-06 1.44522e-06 1.1268e-06 8.57426e-07 6.36095e-07 4.59416e-07 3.2243e-07 2.19345e-07 1.44154e-07 9.11021e-08 5.50045e-08 3.14236e-08 1.67335e-08 8.09934e-09 3.39845e-09 1.1114e-09 2.01687e-10 0 
0 0 0 0 0 0 0 0 0 0 0 0 0 0 0 0 0 0 0 0 0 0 0 0 0 0 0 0 0 0 0 0 0 0 0 0 0 0 0 0 0 
