0 0 0 0 0 0 0 0 0 0 0 0 0 0 0 0 0 0 0 0 0 0 0 0 0 0 0 0 0 0 0 0 0 0 0 0 0 0 0 0 0 
0 1.36223e-05 5.51525e-05 0.000122173 0.000206532 0.000294718 0.000371719 0.000426838 0.000457225 0.000466935 0.000463305 0.000453635 0.000443473 0.000436269 0.000433664 0.000435874 0.00044197 0.000450012 0.000457161 0.000459913 0.000454591 0.000438128 0.000408985 0.00036785 0.00031772 0.000263181 0.000209174 0.000159779 0.000117527 8.33679e-05 5.70445e-05 3.76009e-05 2.37966e-05 1.43768e-05 8.21558e-06 4.37541e-06 2.11787e-06 8.88663e-07 2.90622e-07 5.27397e-08 0 
0 5.51525e-05 0.000218431 0.000462395 0.000720506 0.000905708 0.000961862 0.000898692 0.000770666 0.000632183 0.000514512 0.000427874 0.000371527 0.000341498 0.000334345 0.000348406 0.000383804 0.000441757 0.000523183 0.000626425 0.000744303 0.000861668 0.000955821 0.00100205 0.000983514 0.000900022 0.000768801 0.000616279 0.000467028 0.000336969 0.000232655 0.000154035 9.76843e-05 5.90689e-05 3.37672e-05 1.79861e-05 8.70648e-06 3.65333e-06 1.19477e-06 2.16818e-07 0 
0 0.000122173 0.000462395 0.000889472 0.00116787 0.00113448 0.000865417 0.000557052 0.00032664 0.000187116 0.000111023 7.14581e-05 5.16073e-05 4.27181e-05 4.08809e-05 4.50862e-05 5.65254e-05 7.88023e-05 0.000118786 0.00018761 0.000300465 0.000472425 0.0007072 0.000980324 0.00123011 0.00137694 0.00136976 0.00122002 0.00098801 0.000740577 0.000521685 0.000348778 0.000222161 0.00013459 7.69972e-05 4.10245e-05 1.98607e-05 8.33408e-06 2.72557e-06 4.94618e-07 0 
0 0.000206532 0.000720506 0.00116787 0.00114357 0.000737871 0.000347258 0.000134095 4.74627e-05 1.6955e-05 6.63605e-06 3.04415e-06 1.72192e-06 1.24023e-06 1.15183e-06 1.37058e-06 2.04161e-06 3.67038e-06 7.60754e-06 1.72841e-05 4.09e-05 9.60258e-05 0.000214006 0.000435131 0.000779158 0.00119284 0.00153223 0.0016492 0.00151444 0.00122312 0.000896652 0.000611194 0.0003927 0.000238768 0.00013679 7.29211e-05 3.53091e-05 1.48176e-05 4.84606e-06 8.79436e-07 0 
0 0.000294718 0.000905708 0.00113448 0.000737871 0.000282436 7.4237e-05 1.56219e-05 3.02356e-06 6.10524e-07 1.43998e-07 4.36544e-08 1.83e-08 1.11113e-08 9.9464e-09 1.29935e-08 2.39172e-08 5.8721e-08 1.79594e-07 6.3479e-07 2.40516e-06 9.10855e-06 3.24357e-05 0.000103218 0.000281389 0.000633579 0.00114192 0.00161688 0.00180954 0.0016562 0.00130152 0.000918217 0.000599138 0.000366615 0.000210552 0.000112344 5.44155e-05 2.28382e-05 7.46943e-06 1.35553e-06 0 
0 0.000371719 0.000961862 0.000865417 0.000347258 7.4237e-05 1.02455e-05 1.09272e-06 1.06793e-07 1.12595e-08 1.48893e-09 2.81011e-10 8.35871e-11 4.17289e-11 3.58044e-11 5.20367e-11 1.22015e-10 4.27847e-10 2.04145e-09 1.19509e-08 7.73884e-08 5.03625e-07 3.03309e-06 1.58265e-05 6.80811e-05 0.000232512 0.000610505 0.00119817 0.00173615 0.00189876 0.00165799 0.00123478 0.00082583 0.00051052 0.000294351 0.00015728 7.62178e-05 3.19938e-05 1.04644e-05 1.89908e-06 0 
0 0.000426838 0.000898692 0.000557052 0.000134095 1.56219e-05 1.09272e-06 5.64652e-08 2.65322e-09 1.3922e-10 9.88538e-12 1.12091e-12 2.30528e-13 9.32161e-14 7.63863e-14 1.24439e-13 3.7829e-13 1.94479e-12 1.49603e-11 1.5057e-10 1.73347e-09 2.01591e-08 2.12872e-07 1.87649e-06 1.29996e-05 6.80038e-05 0.000261322 0.000719504 0.00138919 0.00188689 0.00189314 0.00152022 0.00105335 0.000660891 0.000383221 0.000205183 9.9501e-05 4.17769e-05 1.36652e-05 2.48001e-06 0 
0 0.000457225 0.000770666 0.00032664 4.74627e-05 3.02356e-06 1.06793e-07 2.65322e-09 5.94059e-11 1.53763e-12 5.81561e-14 3.9353e-15 5.56741e-16 1.81758e-16 1.42072e-16 2.5962e-16 1.02591e-15 7.76568e-15 9.68507e-14 1.68696e-12 3.47788e-11 7.28078e-10 1.35717e-08 2.03134e-07 2.26926e-06 1.80916e-05 0.00010049 0.000382687 0.000981042 0.00167727 0.00197541 0.00174058 0.00126203 0.000807325 0.000471646 0.000253204 0.000122899 5.16161e-05 1.68852e-05 3.06447e-06 0 
0 0.000466935 0.000632183 0.000187116 1.6955e-05 6.10524e-07 1.12595e-08 1.3922e-10 1.53763e-12 2.02888e-14 4.20843e-16 1.74023e-17 1.72288e-18 4.58703e-19 3.42575e-19 6.97329e-19 3.53328e-18 3.86428e-17 7.63523e-16 2.24276e-14 8.05741e-13 2.95488e-11 9.47199e-10 2.34883e-08 4.13439e-07 4.90782e-06 3.84016e-05 0.000196562 0.000652534 0.00138895 0.00192768 0.00188044 0.00143641 0.000940117 0.000554144 0.000298444 0.000145014 6.0925e-05 1.99325e-05 3.61765e-06 0 
0 0.000463305 0.000514512 0.000111023 6.63605e-06 1.43998e-07 1.48893e-09 9.88538e-12 5.81561e-14 4.20843e-16 5.10888e-18 1.36272e-19 9.86953e-21 2.21459e-21 1.59239e-21 3.53128e-21 2.20897e-20 3.33954e-19 9.93372e-18 4.64753e-16 2.73913e-14 1.6561e-12 8.61118e-11 3.35105e-09 8.84957e-08 1.49702e-06 1.58471e-05 0.000104832 0.000434204 0.00111873 0.00180581 0.00194619 0.00156844 0.00105166 0.00062585 0.000338227 0.000164534 6.91521e-05 2.26268e-05 4.10679e-06 0 
0 0.000453635 0.000427874 7.14581e-05 3.04415e-06 4.36544e-08 2.81011e-10 1.12091e-12 3.9353e-15 1.74023e-17 1.36272e-19 2.55358e-21 1.44975e-22 2.85845e-23 1.99516e-23 4.69988e-23 3.43975e-22 6.70372e-21 2.77757e-19 1.90173e-17 1.68153e-15 1.53196e-13 1.18476e-11 6.67527e-10 2.46008e-08 5.56588e-07 7.54344e-06 6.14036e-05 0.000303399 0.000910706 0.00166614 0.00195898 0.00165789 0.0011372 0.000682973 0.000370324 0.00018035 7.58266e-05 2.48135e-05 4.50383e-06 0 
0 0.000443473 0.000371527 5.16073e-05 1.72192e-06 1.83e-08 8.35871e-11 2.30528e-13 5.56741e-16 1.72288e-18 9.86953e-21 1.44975e-22 6.84063e-24 1.19174e-24 8.04619e-25 2.01579e-24 1.68029e-23 3.92053e-22 2.04914e-20 1.84478e-18 2.18812e-16 2.68385e-14 2.76899e-12 2.04165e-10 9.58872e-09 2.68071e-07 4.34781e-06 4.11137e-05 0.000230475 0.000771572 0.00154698 0.00194363 0.00170988 0.00119476 0.000723002 0.000393119 0.000191632 8.05944e-05 2.63762e-05 4.78761e-06 0 
0 0.000436269 0.000341498 4.27181e-05 1.24023e-06 1.11113e-08 4.17289e-11 9.32161e-14 1.81758e-16 4.58703e-19 2.21459e-21 2.85845e-23 1.19175e-24 1.86494e-25 1.21822e-25 3.22401e-25 2.96116e-24 7.67332e-23 4.5438e-21 4.76736e-19 6.68508e-17 9.72061e-15 1.18327e-12 1.01845e-10 5.50072e-09 1.73775e-07 3.12676e-06 3.22411e-05 0.000194377 0.000693156 0.00146718 0.00191998 0.00173123 0.00122442 0.000744706 0.000405684 0.000197886 8.3242e-05 2.72445e-05 4.94531e-06 0 
0 0.000433664 0.000334345 4.08809e-05 1.15183e-06 9.9464e-09 3.58044e-11 7.63863e-14 1.42072e-16 3.42575e-19 1.59239e-21 1.99516e-23 8.04621e-25 1.21823e-25 7.85062e-26 2.10194e-25 1.97369e-24 5.22425e-23 3.16891e-21 3.43086e-19 4.98654e-17 7.5267e-15 9.50781e-13 8.4773e-11 4.72944e-09 1.5377e-07 2.83638e-06 2.98728e-05 0.000183464 0.000665618 0.00143193 0.00189902 0.00172734 0.00122728 0.000747962 0.000407783 0.000198967 8.37051e-05 2.7397e-05 4.97304e-06 0 
0 0.000435874 0.000348406 4.50862e-05 1.37058e-06 1.29935e-08 5.20367e-11 1.24439e-13 2.5962e-16 6.97329e-19 3.53128e-21 4.69989e-23 2.01579e-24 3.22401e-25 2.10194e-25 5.41244e-25 4.78225e-24 1.19059e-22 6.73507e-21 6.69594e-19 8.87443e-17 1.22144e-14 1.4125e-12 1.16087e-10 6.0229e-09 1.83939e-07 3.21992e-06 3.25023e-05 0.000192981 0.000681799 0.00143784 0.00188231 0.00170057 0.00120483 0.00073356 0.000399818 0.000195067 8.20637e-05 2.68597e-05 4.87553e-06 0 
0 0.00044197 0.000383804 5.65254e-05 2.04161e-06 2.39172e-08 1.22015e-10 3.7829e-13 1.02591e-15 3.53328e-18 2.20897e-20 3.43975e-22 1.68029e-23 2.96116e-24 1.97369e-24 4.78225e-24 3.78592e-23 8.25201e-22 3.96232e-20 3.2406e-18 3.48302e-16 3.8826e-14 3.66439e-12 2.49404e-10 1.09272e-08 2.88206e-07 4.46024e-06 4.07012e-05 0.000222713 0.00073643 0.00147451 0.00186285 0.00165001 0.00115861 0.000703022 0.000382738 0.000186671 7.8524e-05 2.57006e-05 4.6651e-06 0 
0 0.000450012 0.000441757 7.88023e-05 3.67038e-06 5.8721e-08 4.27847e-10 1.94479e-12 7.76568e-15 3.86428e-17 3.33954e-19 6.70372e-21 3.92053e-22 7.67332e-23 5.22425e-23 1.19059e-22 8.25201e-22 1.47956e-20 5.52513e-19 3.37873e-17 2.6649e-15 2.17428e-13 1.51785e-11 7.80286e-10 2.65657e-08 5.6271e-07 7.23962e-06 5.67672e-05 0.000274635 0.000821837 0.00152294 0.00182647 0.00157252 0.00109035 0.000658474 0.000357927 0.00017449 7.33914e-05 2.402e-05 4.36003e-06 0 
0 0.000457161 0.000523183 0.000118786 7.60754e-06 1.79594e-07 2.04145e-09 1.49603e-11 9.68507e-14 7.63523e-16 9.93372e-18 2.77757e-19 2.04914e-20 4.5438e-21 3.16891e-21 6.73507e-21 3.96232e-20 5.52513e-19 1.49867e-17 6.36552e-16 3.40735e-14 1.8789e-12 8.97368e-11 3.23698e-09 8.00734e-08 1.28368e-06 1.30509e-05 8.43075e-05 0.000348575 0.000920098 0.00155249 0.00175391 0.00146423 0.00100222 0.000602518 0.000327069 0.000159393 6.70371e-05 2.19403e-05 3.98254e-06 0 
0 0.000459913 0.000626425 0.00018761 1.72841e-05 6.3479e-07 1.19509e-08 1.5057e-10 1.68696e-12 2.24276e-14 4.64753e-16 1.90173e-17 1.84478e-18 4.76736e-19 3.43086e-19 6.69594e-19 3.2406e-18 3.37873e-17 6.36552e-16 1.78595e-14 6.14497e-13 2.16501e-11 6.68878e-10 1.6037e-08 2.73904e-07 3.17177e-06 2.4453e-05 0.00012572 0.000432778 0.000992492 0.00151956 0.00162381 0.001322 0.000896981 0.000538051 0.000291997 0.000142318 5.9863e-05 1.95935e-05 3.55667e-06 0 
0 0.000454591 0.000744303 0.000300465 4.09e-05 2.40516e-06 7.73884e-08 1.73347e-09 3.47788e-11 8.05741e-13 2.73913e-14 1.68153e-15 2.18812e-16 6.68508e-17 4.98654e-17 8.87443e-17 3.48302e-16 2.6649e-15 3.40735e-14 6.14497e-13 1.31826e-11 2.87149e-10 5.54245e-09 8.51545e-08 9.66502e-07 7.7738e-06 4.37665e-05 0.000173532 0.000488181 0.000972164 0.00137159 0.00141597 0.00114394 0.000777704 0.000468022 0.000254545 0.000124202 5.22678e-05 1.71109e-05 3.10623e-06 0 
0 0.000438128 0.000861668 0.000472425 9.60258e-05 9.10855e-06 5.03625e-07 2.01591e-08 7.28078e-10 2.95488e-11 1.6561e-12 1.53196e-13 2.68385e-14 9.72061e-15 7.5267e-15 1.22144e-14 3.8826e-14 2.17428e-13 1.8789e-12 2.16501e-11 2.87149e-10 3.82168e-09 4.53126e-08 4.35295e-07 3.16993e-06 1.6909e-05 6.60392e-05 0.000193755 0.000439751 0.000778594 0.0010626 0.0011155 0.000929188 0.00064735 0.000395175 0.000216413 0.000105905 4.46189e-05 1.46129e-05 2.65314e-06 0 
0 0.000408985 0.000955821 0.0007072 0.000214006 3.24357e-05 3.03309e-06 2.12872e-07 1.35717e-08 9.47199e-10 8.61118e-11 1.18476e-11 2.76899e-12 1.18327e-12 9.50781e-13 1.4125e-12 3.66439e-12 1.51785e-11 8.97368e-11 6.68878e-10 5.54245e-09 4.53126e-08 3.28392e-07 1.92576e-06 8.52216e-06 2.75196e-05 6.65454e-05 0.000131921 0.000237981 0.000403792 0.000604312 0.000727812 0.000680157 0.000508825 0.000321957 0.000179087 8.81753e-05 3.72312e-05 1.22026e-05 2.21608e-06 0 
0 0.00036785 0.00100205 0.000980324 0.000435131 0.000103218 1.58265e-05 1.87649e-06 2.03134e-07 2.34883e-08 3.35105e-09 6.67527e-10 2.04165e-10 1.01845e-10 8.4773e-11 1.16087e-10 2.49404e-10 7.80286e-10 3.23698e-09 1.6037e-08 8.51545e-08 4.35295e-07 1.92576e-06 6.60903e-06 1.57965e-05 2.46735e-05 2.721e-05 2.80918e-05 3.83418e-05 7.66178e-05 0.000175524 0.000326885 0.000415038 0.00036722 0.000250836 0.000143855 7.16194e-05 3.03549e-05 9.96109e-06 1.80969e-06 0 
0 0.00031772 0.000983514 0.00123011 0.000779158 0.000281389 6.80811e-05 1.29996e-05 2.26926e-06 4.13439e-07 8.84957e-08 2.46008e-08 9.58872e-09 5.50072e-09 4.72944e-09 6.0229e-09 1.09272e-08 2.65657e-08 8.00734e-08 2.73904e-07 9.66502e-07 3.16993e-06 8.52216e-06 1.57965e-05 1.59926e-05 7.26212e-06 1.70987e-06 4.56999e-07 3.99511e-07 1.5687e-06 1.25849e-05 7.25226e-05 0.000187041 0.000234556 0.000185077 0.000111895 5.67067e-05 2.41709e-05 7.94555e-06 1.44427e-06 0 
0 0.000263181 0.000900022 0.00137694 0.00119284 0.000633579 0.000232512 6.80038e-05 1.80916e-05 4.90782e-06 1.49702e-06 5.56588e-07 2.68071e-07 1.73775e-07 1.5377e-07 1.83939e-07 2.88206e-07 5.6271e-07 1.28368e-06 3.17177e-06 7.7738e-06 1.6909e-05 2.75196e-05 2.46735e-05 7.26212e-06 3.99038e-07 4.91012e-09 8.77173e-11 3.46082e-11 6.95374e-10 9.07979e-08 5.55835e-06 5.61866e-05 0.0001299 0.000129051 8.42977e-05 4.37662e-05 1.87905e-05 6.18992e-06 1.12583e-06 0 
0 0.000209174 0.000768801 0.00136976 0.00153223 0.00114192 0.000610505 0.000261322 0.00010049 3.84016e-05 1.58471e-05 7.54344e-06 4.34781e-06 3.12676e-06 2.83638e-06 3.21992e-06 4.46024e-06 7.23962e-06 1.30509e-05 2.4453e-05 4.37665e-05 6.60392e-05 6.65454e-05 2.721e-05 1.70987e-06 4.91012e-09 7.50151e-13 2.19634e-16 1.27897e-16 7.44589e-15 7.76419e-11 1.71705e-07 1.24516e-05 6.55042e-05 8.66382e-05 6.18656e-05 3.2967e-05 1.42586e-05 4.70665e-06 8.56532e-07 0 
0 0.000159779 0.000616279 0.00122002 0.0016492 0.00161688 0.00119817 0.000719504 0.000382687 0.000196562 0.000104832 6.14036e-05 4.11137e-05 3.22411e-05 2.98728e-05 3.25023e-05 4.07012e-05 5.67672e-05 8.43075e-05 0.00012572 0.000173532 0.000193755 0.000131921 2.80918e-05 4.56999e-07 8.77173e-11 2.19634e-16 3.43834e-18 1.85927e-18 3.87352e-17 1.18222e-13 7.51315e-09 3.26034e-06 3.49935e-05 5.84885e-05 4.47257e-05 2.42884e-05 1.05586e-05 3.49006e-06 6.35362e-07 0 
0 0.000117527 0.000467028 0.00098801 0.00151444 0.00180954 0.00173615 0.00138919 0.000981042 0.000652534 0.000434204 0.000303399 0.000230475 0.000194377 0.000183464 0.000192981 0.000222713 0.000274635 0.000348575 0.000432778 0.000488181 0.000439751 0.000237981 3.83418e-05 3.99511e-07 3.46082e-11 1.27897e-16 1.85928e-18 1.89836e-18 4.42875e-17 1.83289e-14 2.75632e-09 1.8656e-06 2.36678e-05 4.1564e-05 3.21835e-05 1.7528e-05 7.6246e-06 2.52059e-06 4.58885e-07 0 
0 8.33679e-05 0.000336969 0.000740577 0.00122312 0.0016562 0.00189876 0.00188689 0.00167727 0.00138895 0.00111873 0.000910706 0.000771572 0.000693156 0.000665618 0.000681799 0.00073643 0.000821837 0.000920098 0.000992492 0.000972164 0.000778594 0.000403792 7.66178e-05 1.5687e-06 6.95374e-10 7.44589e-15 3.87352e-17 4.42874e-17 1.38529e-17 1.02188e-12 1.44886e-08 2.78625e-06 2.1242e-05 3.1398e-05 2.30674e-05 1.23741e-05 5.35979e-06 1.76978e-06 3.22092e-07 0 
0 5.70445e-05 0.000232655 0.000521685 0.000896652 0.00130152 0.00165799 0.00189314 0.00197541 0.00192768 0.00180581 0.00166614 0.00154698 0.00146718 0.00143193 0.00143784 0.00147451 0.00152294 0.00155249 0.00151956 0.00137159 0.0010626 0.000604312 0.000175524 1.25849e-05 9.07979e-08 7.76419e-11 1.18222e-13 1.83289e-14 1.02188e-12 9.27914e-10 2.8484e-07 6.82902e-06 2.20593e-05 2.42712e-05 1.62805e-05 8.5053e-06 3.6566e-06 1.20489e-06 2.19157e-07 0 
0 3.76009e-05 0.000154035 0.000348778 0.000611194 0.000918217 0.00123478 0.00152022 0.00174058 0.00188044 0.00194619 0.00195898 0.00194363 0.00191998 0.00189902 0.00188231 0.00186285 0.00182647 0.00175391 0.00162381 0.00141597 0.0011155 0.000727812 0.000326885 7.25226e-05 5.55835e-06 1.71705e-07 7.51315e-09 2.75632e-09 1.44886e-08 2.8484e-07 3.6572e-06 1.465e-05 2.183e-05 1.81549e-05 1.11228e-05 5.653e-06 2.41081e-06 7.92549e-07 1.44062e-07 0 
0 2.37966e-05 9.76843e-05 0.000222161 0.0003927 0.000599138 0.00082583 0.00105335 0.00126203 0.00143641 0.00156844 0.00165789 0.00170988 0.00173123 0.00172734 0.00170057 0.00165001 0.00157252 0.00146423 0.001322 0.00114394 0.000929188 0.000680157 0.000415038 0.000187041 5.61866e-05 1.24516e-05 3.26034e-06 1.8656e-06 2.78625e-06 6.82902e-06 1.465e-05 2.02287e-05 1.8419e-05 1.26479e-05 7.25027e-06 3.60646e-06 1.52784e-06 5.01272e-07 9.10631e-08 0 
0 1.43768e-05 5.90689e-05 0.00013459 0.000238768 0.000366615 0.00051052 0.000660891 0.000807325 0.000940117 0.00105166 0.0011372 0.00119476 0.00122442 0.00122728 0.00120483 0.00115861 0.00109035 0.00100222 0.000896981 0.000777704 0.00064735 0.000508825 0.00036722 0.000234556 0.0001299 6.55042e-05 3.49935e-05 2.36678e-05 2.1242e-05 2.20593e-05 2.183e-05 1.8419e-05 1.31034e-05 8.10535e-06 4.467e-06 2.19177e-06 9.24342e-07 3.02835e-07 5.499e-08 0 
0 8.21558e-06 3.37672e-05 7.69972e-05 0.00013679 0.000210552 0.000294351 0.000383221 0.000471646 0.000554144 0.00062585 0.000682973 0.000723002 0.000744706 0.000747962 0.00073356 0.000703022 0.000658474 0.000602518 0.000538051 0.000468022 0.000395175 0.000321957 0.000250836 0.000185077 0.000129051 8.66382e-05 5.84885e-05 4.1564e-05 3.1398e-05 2.42712e-05 1.81549e-05 1.26479e-05 8.10535e-06 4.77725e-06 2.58115e-06 1.25706e-06 5.28749e-07 1.73077e-07 3.14189e-08 0 
0 4.37541e-06 1.79861e-05 4.10245e-05 7.29211e-05 0.000112344 0.00015728 0.000205183 0.000253204 0.000298444 0.000338227 0.000370324 0.000393119 0.000405684 0.000407783 0.000399818 0.000382738 0.000357927 0.000327069 0.000291997 0.000254545 0.000216413 0.000179087 0.000143855 0.000111895 8.42977e-05 6.18656e-05 4.47257e-05 3.21835e-05 2.30674e-05 1.62805e-05 1.11228e-05 7.25027e-06 4.467e-06 2.58115e-06 1.38233e-06 6.70801e-07 2.81772e-07 9.2188e-08 1.67322e-08 0 
0 2.11787e-06 8.70648e-06 1.98607e-05 3.53091e-05 5.44155e-05 7.62178e-05 9.9501e-05 0.000122899 0.000145014 0.000164534 0.00018035 0.000191632 0.000197886 0.000198967 0.000195067 0.000186671 0.00017449 0.000159393 0.000142318 0.000124202 0.000105905 8.81753e-05 7.16194e-05 5.67067e-05 4.37662e-05 3.2967e-05 2.42884e-05 1.7528e-05 1.23741e-05 8.5053e-06 5.653e-06 3.60646e-06 2.19177e-06 1.25706e-06 6.70801e-07 3.25008e-07 1.36433e-07 4.46264e-08 8.09903e-09 0 
0 8.88663e-07 3.65333e-06 8.33408e-06 1.48176e-05 2.28382e-05 3.19938e-05 4.17769e-05 5.16161e-05 6.0925e-05 6.91521e-05 7.58266e-05 8.05944e-05 8.3242e-05 8.37051e-05 8.20637e-05 7.8524e-05 7.33914e-05 6.70371e-05 5.9863e-05 5.22678e-05 4.46189e-05 3.72312e-05 3.03549e-05 2.41709e-05 1.87905e-05 1.42586e-05 1.05586e-05 7.6246e-06 5.35979e-06 3.6566e-06 2.41081e-06 1.52784e-06 9.24342e-07 5.28749e-07 2.81772e-07 1.36433e-07 5.72569e-08 1.87262e-08 3.39839e-09 0 
0 2.90622e-07 1.19477e-06 2.72557e-06 4.84606e-06 7.46943e-06 1.04644e-05 1.36652e-05 1.68852e-05 1.99325e-05 2.26268e-05 2.48135e-05 2.63762e-05 2.72445e-05 2.7397e-05 2.68597e-05 2.57006e-05 2.402e-05 2.19403e-05 1.95935e-05 1.71109e-05 1.46129e-05 1.22026e-05 9.96109e-06 7.94555e-06 6.18992e-06 4.70665e-06 3.49006e-06 2.52059e-06 1.76978e-06 1.20489e-06 7.92549e-07 5.01272e-07 3.02835e-07 1.73077e-07 9.2188e-08 4.46264e-08 1.87262e-08 6.12425e-09 1.11139e-09 0 
0 5.27397e-08 2.16818e-07 4.94618e-07 8.79436e-07 1.35553e-06 1.89908e-06 2.48001e-06 3.06447e-06 3.61765e-06 4.10679e-06 4.50383e-06 4.78761e-06 4.94531e-06 4.97304e-06 4.87553e-06 4.6651e-06 4.36003e-06 3.98254e-06 3.55667e-06 3.10623e-06 2.65314e-06 2.21608e-06 1.80969e-06 1.44427e-06 1.12583e-06 8.56532e-07 6.35362e-07 4.58885e-07 3.22092e-07 2.19157e-07 1.44062e-07 9.10631e-08 5.499e-08 3.14189e-08 1.67322e-08 8.09903e-09 3.39839e-09 1.11139e-09 2.01687e-10 0 
0 0 0 0 0 0 0 0 0 0 0 0 0 0 0 0 0 0 0 0 0 0 0 0 0 0 0 0 0 0 0 0 0 0 0 0 0 0 0 0 0 
