0 0 0 0 0 0 0 0 0 0 0 0 0 0 0 0 0 0 0 0 0 0 0 0 0 0 0 0 0 0 0 0 0 0 0 0 0 0 0 0 0 
0 1.33729e-05 5.29558e-05 0.000112728 0.000179181 0.000235493 0.000269765 0.000280049 0.000272279 0.000254929 0.000235143 0.000217504 0.000204386 0.000196739 0.000194754 0.000198236 0.000206729 0.000219453 0.000235134 0.000251824 0.000266837 0.000276946 0.000278925 0.000270387 0.000250645 0.000221193 0.000185437 0.000147713 0.000112022 8.11108e-05 5.62113e-05 3.73233e-05 2.3713e-05 1.4354e-05 8.20999e-06 4.37418e-06 2.11763e-06 8.88625e-07 2.90617e-07 5.27394e-08 0 
0 5.29558e-05 0.000198799 0.000380971 0.000508449 0.000522136 0.000442083 0.000329452 0.000229356 0.000156875 0.000109831 8.12775e-05 6.50851e-05 5.72311e-05 5.55885e-05 5.94963e-05 6.94899e-05 8.72002e-05 0.000115277 0.000157059 0.000215607 0.000291718 0.000381075 0.000471784 0.000544877 0.000580057 0.000565308 0.000504004 0.000413213 0.00031442 0.000224322 0.000151295 9.68773e-05 5.88551e-05 3.37163e-05 1.79753e-05 8.70447e-06 3.65302e-06 1.19473e-06 2.16815e-07 0 
0 0.000112728 0.000380971 0.000593341 0.000568502 0.000377563 0.000194596 8.64607e-05 3.61935e-05 1.53898e-05 7.09024e-06 3.73399e-06 2.34081e-06 1.79193e-06 1.69128e-06 1.95669e-06 2.72126e-06 4.41347e-06 8.03868e-06 1.57777e-05 3.20165e-05 6.46212e-05 0.000125365 0.000226976 0.000373887 0.000548038 0.000702096 0.000778269 0.000747907 0.000632078 0.000480128 0.000335006 0.000218144 0.000133547 7.67553e-05 4.09746e-05 1.98517e-05 8.33271e-06 2.72542e-06 4.94609e-07 0 
0 0.000179181 0.000508449 0.000568502 0.000334994 0.000123581 3.34461e-05 7.5902e-06 1.62494e-06 3.66197e-07 9.60368e-08 3.19283e-08 1.43648e-08 9.11242e-09 8.27356e-09 1.06404e-08 1.87558e-08 4.30687e-08 1.20981e-07 3.88085e-07 1.32727e-06 4.5423e-06 1.47335e-05 4.33798e-05 0.000112221 0.000248749 0.000462204 0.000705735 0.000875194 0.000887404 0.000756239 0.000562723 0.000378424 0.000235093 0.000135953 7.27522e-05 3.52793e-05 1.48132e-05 4.84557e-06 8.79406e-07 0 
0 0.000235493 0.000522136 0.000377563 0.000123581 2.28671e-05 2.87411e-06 2.88634e-07 2.71617e-08 2.80271e-09 3.67176e-10 6.92598e-11 2.0707e-11 1.04209e-11 9.02041e-12 1.32162e-11 3.11942e-11 1.09935e-10 5.26603e-10 3.09371e-09 2.01142e-08 1.31612e-07 7.99051e-07 4.22396e-06 1.85916e-05 6.62643e-05 0.000187997 0.000418133 0.00071659 0.000937666 0.000952959 0.000787555 0.000559266 0.000356284 0.00020822 0.000111882 5.43357e-05 2.28266e-05 7.46816e-06 1.35545e-06 0 
0 0.000269765 0.000442083 0.000194596 3.34461e-05 2.87411e-06 1.51553e-07 6.00481e-09 2.20941e-10 9.34068e-12 5.54013e-13 5.47257e-14 1.02625e-14 3.96527e-15 3.25e-15 5.52487e-15 1.81939e-14 1.04528e-13 9.20642e-13 1.07914e-11 1.46136e-10 2.00542e-09 2.49218e-08 2.56735e-07 2.06105e-06 1.24412e-05 5.5656e-05 0.000183868 0.000445859 0.000783518 0.0009974 0.000954336 0.000734625 0.00048632 0.000288882 0.000156206 7.60354e-05 3.19679e-05 1.04616e-05 1.89891e-06 0 
0 0.000280049 0.000329452 8.64607e-05 7.5902e-06 2.88634e-07 6.00481e-09 8.78173e-11 1.18182e-12 1.92238e-14 4.88297e-16 2.41405e-17 2.75586e-18 8.10397e-19 6.28744e-19 1.24118e-18 5.79937e-18 5.61502e-17 9.48799e-16 2.32872e-14 6.91567e-13 2.09775e-11 5.61806e-10 1.18398e-08 1.81061e-07 1.91705e-06 1.38241e-05 6.82569e-05 0.000233376 0.000552704 0.000900107 0.0010273 0.000878094 0.00061247 0.000372151 0.000203018 9.9137e-05 4.17258e-05 1.36598e-05 2.4797e-06 0 
0 0.000272279 0.000229356 3.61935e-05 1.62494e-06 2.71617e-08 2.20941e-10 1.18182e-12 5.76745e-15 3.58119e-17 3.89902e-19 1.15727e-20 1.68249e-21 7.63239e-22 6.48289e-22 9.4873e-22 2.84653e-21 2.90373e-20 8.80778e-19 4.54231e-17 2.97717e-15 2.00951e-13 1.16788e-11 5.07146e-10 1.48812e-08 2.7814e-07 3.24306e-06 2.38221e-05 0.000113151 0.000354646 0.000734146 0.00100946 0.00097292 0.000723037 0.00045198 0.000249347 0.000122255 5.15266e-05 1.68758e-05 3.06393e-06 0 
0 0.000254929 0.000156875 1.53898e-05 3.66197e-07 2.80271e-09 9.34068e-12 1.92238e-14 3.58119e-17 9.0499e-20 6.68476e-22 4.23829e-23 1.17743e-23 7.50076e-24 6.79563e-24 8.00825e-24 1.52473e-23 7.20026e-23 1.37932e-21 1.18564e-19 1.6374e-17 2.36166e-15 2.86449e-13 2.4725e-11 1.34854e-09 4.33082e-08 7.98013e-07 8.53605e-06 5.49719e-05 0.000221618 0.000569155 0.000933911 0.0010178 0.000810383 0.000523065 0.000292307 0.000143991 6.07839e-05 1.99178e-05 3.61682e-06 0 
0 0.000235143 0.000109831 7.09024e-06 9.60368e-08 3.67176e-10 5.54013e-13 4.88297e-16 3.89902e-19 6.68476e-22 8.1953e-24 8.06122e-25 3.45766e-25 2.71918e-25 2.55728e-25 2.64932e-25 3.62997e-25 9.63624e-25 1.03853e-23 6.85025e-22 1.5891e-19 4.48271e-17 1.04497e-14 1.66037e-12 1.57125e-10 8.16853e-09 2.26277e-07 3.38137e-06 2.84664e-05 0.000142443 0.000438806 0.000839278 0.00102431 0.000872349 0.000581647 0.000329412 0.000163065 6.89503e-05 2.26059e-05 4.10561e-06 0 
0 0.000217504 8.12775e-05 3.73399e-06 3.19283e-08 6.92598e-11 5.47257e-14 2.41405e-17 1.15727e-20 4.2383e-23 8.06125e-25 6.1254e-26 2.29621e-26 1.9268e-26 1.84134e-26 1.77004e-26 2.00086e-26 4.30338e-26 4.14854e-25 1.89456e-23 3.78569e-21 1.74152e-18 6.91869e-16 1.80953e-13 2.68619e-11 2.07061e-09 8.00822e-08 1.5736e-06 1.6481e-05 9.80768e-05 0.000348585 0.000752886 0.00100928 0.000911437 0.00062579 0.000358802 0.000178426 7.55628e-05 2.47862e-05 4.5023e-06 0 
0 0.000204386 6.50851e-05 2.34081e-06 1.43648e-08 2.0707e-11 1.02625e-14 2.75586e-18 1.68249e-21 1.17744e-23 3.45767e-25 2.29622e-26 3.63664e-27 2.01863e-27 1.82018e-27 1.68101e-27 1.91997e-27 6.18055e-27 7.70457e-26 2.64278e-24 3.20071e-22 1.66525e-19 9.6792e-17 3.6275e-14 7.45345e-12 7.63672e-10 3.75966e-08 9.00626e-07 1.10445e-05 7.44054e-05 0.000292495 0.00068829 0.000987843 0.000932537 0.000655106 0.000379312 0.000189321 8.02778e-05 2.63436e-05 4.78578e-06 0 
0 0.000196739 5.72311e-05 1.79193e-06 9.11242e-09 1.04209e-11 3.96527e-15 8.10397e-19 7.6324e-22 7.50078e-24 2.7192e-25 1.92681e-26 2.01864e-27 4.03319e-28 2.26989e-28 2.09306e-28 4.10683e-28 2.78382e-27 3.80571e-26 1.07261e-24 9.65554e-23 4.40121e-20 3.1466e-17 1.44656e-14 3.57535e-12 4.30676e-10 2.43242e-08 6.52273e-07 8.75031e-06 6.32415e-05 0.000263105 0.000649826 0.000970228 0.000940574 0.000670144 0.000390421 0.000195324 8.2891e-05 2.72083e-05 4.94329e-06 0 
0 0.000194754 5.55885e-05 1.69128e-06 8.27356e-09 9.02041e-12 3.25e-15 6.28744e-19 6.4829e-22 6.79565e-24 2.55729e-25 1.84135e-26 1.82019e-27 2.26991e-28 5.30362e-29 5.40158e-29 2.55621e-28 2.34106e-27 3.24839e-26 8.84622e-25 7.55176e-23 3.29869e-20 2.45855e-17 1.17985e-14 3.03222e-12 3.78011e-10 2.19829e-08 6.03823e-07 8.2566e-06 6.0575e-05 0.000255158 0.000637383 0.000961349 0.0009389 0.000671778 0.000392138 0.000196337 8.33443e-05 2.73598e-05 4.97096e-06 0 
0 0.000198236 5.94963e-05 1.95669e-06 1.06404e-08 1.32162e-11 5.52487e-15 1.24118e-18 9.48731e-22 8.00827e-24 2.64933e-25 1.77005e-26 1.68102e-27 2.09307e-28 5.40157e-29 6.58355e-29 3.12447e-28 2.87803e-27 4.29829e-26 1.33963e-24 1.3668e-22 6.74918e-20 4.49716e-17 1.92621e-14 4.46821e-12 5.09331e-10 2.74564e-08 7.08636e-07 9.22133e-06 6.50964e-05 0.000266083 0.000648975 0.000961469 0.000928642 0.000660809 0.00038488 0.000192553 8.17182e-05 2.6824e-05 4.87353e-06 0 
0 0.000206729 6.94899e-05 2.72126e-06 1.87558e-08 3.11942e-11 1.81939e-14 5.79937e-18 2.84653e-21 1.52474e-23 3.62998e-25 2.00088e-26 1.91997e-27 4.10682e-28 2.55619e-28 3.12445e-28 8.29797e-28 6.02748e-27 1.00805e-25 4.29597e-24 6.61072e-22 3.48346e-19 1.7784e-16 5.89498e-14 1.08504e-11 1.01025e-09 4.58738e-08 1.0284e-06 1.19636e-05 7.73954e-05 0.000295315 0.000681123 0.000966809 0.000908777 0.000637862 0.000369395 0.000184423 7.82143e-05 2.56685e-05 4.6633e-06 0 
0 0.000219453 8.72002e-05 4.41347e-06 4.30687e-08 1.09935e-10 1.04528e-13 5.61502e-17 2.90373e-20 7.20027e-23 9.63626e-25 4.30339e-26 6.18053e-27 2.7838e-27 2.34105e-27 2.87801e-27 6.02746e-27 3.31541e-26 6.13249e-25 3.96743e-23 9.65456e-21 3.94057e-18 1.34538e-15 3.05752e-13 4.00154e-11 2.7642e-09 9.74411e-08 1.77441e-06 1.74961e-05 9.9483e-05 0.00034269 0.000727436 0.000969808 0.000876725 0.000603534 0.000346718 0.000172598 7.31297e-05 2.39928e-05 4.35849e-06 0 
0 0.000235134 0.000115277 8.03868e-06 1.20981e-07 5.26603e-10 9.20642e-13 9.48799e-16 8.80778e-19 1.37932e-21 1.03853e-23 4.14853e-25 7.70454e-26 3.80569e-26 3.24838e-26 4.29827e-26 1.00804e-25 6.13248e-25 1.46514e-23 1.46031e-21 3.26795e-19 8.12228e-17 1.67331e-14 2.37086e-12 2.02349e-10 9.60934e-09 2.46425e-07 3.45552e-06 2.76783e-05 0.000133779 0.000405123 0.000775775 0.000959426 0.000829265 0.000558645 0.000318137 0.00015788 6.68266e-05 2.19182e-05 3.98129e-06 0 
0 0.000251824 0.000157059 1.57777e-05 3.88085e-07 3.09371e-09 1.07914e-11 2.32872e-14 4.54231e-17 1.18564e-19 6.85025e-22 1.89456e-23 2.64278e-24 1.07261e-24 8.84619e-25 1.33962e-24 4.29597e-24 3.96742e-23 1.46031e-21 1.37511e-19 1.81764e-17 2.50022e-15 2.8963e-13 2.39199e-11 1.25069e-09 3.85911e-08 6.85438e-07 7.10618e-06 4.47811e-05 0.000179584 0.00047003 0.000804774 0.000922021 0.000763564 0.000504466 0.000285142 0.000141149 5.96988e-05 1.95761e-05 3.55567e-06 0 
0 0.000266837 0.000215607 3.20165e-05 1.32727e-06 2.01142e-08 1.46136e-10 6.91567e-13 2.97717e-15 1.6374e-17 1.5891e-19 3.78569e-21 3.20071e-22 9.65554e-23 7.55175e-23 1.3668e-22 6.61072e-22 9.65456e-21 3.26795e-19 1.81764e-17 1.29013e-15 9.42658e-14 5.89382e-12 2.72122e-10 8.35364e-09 1.60471e-07 1.89559e-06 1.40393e-05 6.79396e-05 0.00022329 0.000505132 0.000781921 0.000843247 0.000678023 0.00044278 0.000249338 0.000123303 5.21401e-05 1.70972e-05 3.10544e-06 0 
0 0.000276946 0.000291718 6.46212e-05 4.5423e-06 1.31612e-07 2.00542e-09 2.09775e-11 2.00951e-13 2.36166e-15 4.48271e-17 1.74152e-18 1.66525e-19 4.40121e-20 3.29869e-20 6.74918e-20 3.48346e-19 3.94057e-18 8.12228e-17 2.50022e-15 9.42658e-14 3.61692e-12 1.20117e-10 3.02765e-09 5.26647e-08 5.99834e-07 4.45552e-06 2.24741e-05 8.17141e-05 0.000222784 0.000453454 0.000668777 0.000711346 0.000572774 0.000375774 0.000212327 0.000105189 4.4516e-05 1.46018e-05 2.65249e-06 0 
0 0.000278925 0.000381075 0.000125365 1.47335e-05 7.99051e-07 2.49218e-08 5.61806e-10 1.16788e-11 2.86449e-13 1.04497e-14 6.91869e-16 9.6792e-17 3.1466e-17 2.45855e-17 4.49716e-17 1.7784e-16 1.34538e-15 1.67331e-14 2.8963e-13 5.89382e-12 1.20117e-10 2.11995e-09 2.85459e-08 2.65081e-07 1.6066e-06 6.51418e-06 1.98507e-05 5.25917e-05 0.000128948 0.000273987 0.000447432 0.000524095 0.000450344 0.000305937 0.000175624 8.75607e-05 3.71424e-05 1.2193e-05 2.21552e-06 0 
0 0.000270387 0.000471784 0.000226976 4.33798e-05 4.22396e-06 2.56735e-07 1.18398e-08 5.07146e-10 2.4725e-11 1.66037e-12 1.80953e-13 3.6275e-14 1.44656e-14 1.17985e-14 1.92621e-14 5.89498e-14 3.05752e-13 2.37086e-12 2.39199e-11 2.72122e-10 3.02765e-09 2.85459e-08 1.96029e-07 8.39472e-07 2.02371e-06 2.98378e-06 3.85877e-06 6.91298e-06 1.99355e-05 6.87108e-05 0.000184109 0.000305383 0.000318163 0.000236311 0.000140634 7.10461e-05 3.02726e-05 9.95225e-06 1.80918e-06 0 
0 0.000250645 0.000544877 0.000373887 0.000112221 1.85916e-05 2.06105e-06 1.81061e-07 1.48812e-08 1.34854e-09 1.57125e-10 2.68619e-11 7.45345e-12 3.57535e-12 3.03222e-12 4.46821e-12 1.08504e-11 4.00154e-11 2.02349e-10 1.25069e-09 8.35364e-09 5.26647e-08 2.65081e-07 8.39472e-07 1.20392e-06 5.86171e-07 1.1472e-07 2.50145e-08 2.43869e-08 1.63484e-07 2.74603e-06 3.02886e-05 0.000120649 0.000192957 0.000171162 0.000108724 5.61463e-05 2.40917e-05 7.93721e-06 1.44379e-06 0 
0 0.000221193 0.000580057 0.000548038 0.000248749 6.62643e-05 1.24412e-05 1.91705e-06 2.7814e-07 4.33082e-08 8.16853e-09 2.07061e-09 7.63672e-10 4.30676e-10 3.78011e-10 5.09331e-10 1.01025e-09 2.7642e-09 9.60934e-09 3.85911e-08 1.60471e-07 5.99834e-07 1.6066e-06 2.02371e-06 5.86171e-07 1.81074e-08 7.52994e-11 4.75865e-13 1.56422e-13 8.91753e-12 5.43816e-09 1.24535e-06 2.82858e-05 9.792e-05 0.000116019 8.12069e-05 4.32253e-05 1.87157e-05 6.1822e-06 1.1254e-06 0 
0 0.000185437 0.000565308 0.000702096 0.000462204 0.000187997 5.5656e-05 1.38241e-05 3.24306e-06 7.98013e-07 2.26277e-07 8.00822e-08 3.75966e-08 2.43242e-08 2.19829e-08 2.74564e-08 4.58738e-08 9.74411e-08 2.46425e-07 6.85438e-07 1.89559e-06 4.45552e-06 6.51418e-06 2.98378e-06 1.1472e-07 7.52994e-11 1.05997e-15 1.73668e-15 2.8458e-15 1.50953e-16 6.69377e-13 1.5565e-08 4.4681e-06 4.42613e-05 7.54042e-05 5.90564e-05 3.24787e-05 1.41924e-05 4.69996e-06 8.56164e-07 0 
0 0.000147713 0.000504004 0.000778269 0.000705735 0.000418133 0.000183868 6.82569e-05 2.38221e-05 8.53605e-06 3.38137e-06 1.5736e-06 9.00626e-07 6.52273e-07 6.03823e-07 7.08636e-07 1.0284e-06 1.77441e-06 3.45552e-06 7.10618e-06 1.40393e-05 2.24741e-05 1.98507e-05 3.85877e-06 2.50145e-08 4.75865e-13 1.73668e-15 1.59663e-16 1.81701e-16 2.547e-17 1.56425e-16 3.0056e-10 8.7303e-07 2.16502e-05 4.97013e-05 4.24336e-05 2.38921e-05 1.05056e-05 3.48477e-06 6.35075e-07 0 
0 0.000112022 0.000413213 0.000747907 0.000875194 0.00071659 0.000445859 0.000233376 0.000113151 5.49719e-05 2.84664e-05 1.6481e-05 1.10445e-05 8.75031e-06 8.2566e-06 9.22133e-06 1.19636e-05 1.74961e-05 2.76783e-05 4.47811e-05 6.79396e-05 8.17141e-05 5.25917e-05 6.91298e-06 2.43869e-08 1.56422e-13 2.8458e-15 1.81701e-16 3.57258e-17 2.73553e-17 9.89543e-16 9.04802e-11 4.69155e-07 1.44347e-05 3.52524e-05 3.05392e-05 1.72459e-05 7.58713e-06 2.51687e-06 4.58684e-07 0 
0 8.11108e-05 0.00031442 0.000632078 0.000887404 0.000937666 0.000783518 0.000552704 0.000354646 0.000221618 0.000142443 9.80768e-05 7.44054e-05 6.32415e-05 6.0575e-05 6.50964e-05 7.73954e-05 9.9483e-05 0.000133779 0.000179584 0.00022329 0.000222784 0.000128948 1.99355e-05 1.63484e-07 8.91753e-12 1.50953e-16 2.547e-17 2.73552e-17 7.27051e-17 3.32826e-15 8.65098e-10 8.76342e-07 1.39602e-05 2.72646e-05 2.20458e-05 1.22006e-05 5.33672e-06 1.76748e-06 3.21967e-07 0 
0 5.62113e-05 0.000224322 0.000480128 0.000756239 0.000952959 0.0009974 0.000900107 0.000734146 0.000569155 0.000438806 0.000348585 0.000292495 0.000263105 0.000255158 0.000266083 0.000295315 0.00034269 0.000405123 0.00047003 0.000505132 0.000453454 0.000273987 6.87108e-05 2.74603e-06 5.43816e-09 6.69377e-13 1.56425e-16 9.89544e-16 3.32826e-15 2.49278e-11 4.54492e-08 3.1246e-06 1.64302e-05 2.19087e-05 1.57394e-05 8.41403e-06 3.64431e-06 1.20364e-06 2.19089e-07 0 
0 3.73233e-05 0.000151295 0.000335006 0.000562723 0.000787555 0.000954336 0.0010273 0.00100946 0.000933911 0.000839278 0.000752886 0.00068829 0.000649826 0.000637383 0.000648975 0.000681123 0.000727436 0.000775775 0.000804774 0.000781921 0.000668777 0.000447432 0.000184109 3.02886e-05 1.24535e-06 1.5565e-08 3.0056e-10 9.04802e-11 8.65098e-10 4.54492e-08 1.38244e-06 9.46004e-06 1.83419e-05 1.70353e-05 1.08812e-05 5.61201e-06 2.40517e-06 7.91963e-07 1.44029e-07 0 
0 2.3713e-05 9.68773e-05 0.000218144 0.000378424 0.000559266 0.000734625 0.000878094 0.00097292 0.0010178 0.00102431 0.00100928 0.000987843 0.000970228 0.000961349 0.000961469 0.000966809 0.000969808 0.000959426 0.000922021 0.000843247 0.000711346 0.000524095 0.000305383 0.000120649 2.82858e-05 4.4681e-06 8.7303e-07 4.69155e-07 8.76342e-07 3.1246e-06 9.46004e-06 1.64066e-05 1.68517e-05 1.22183e-05 7.15957e-06 3.59072e-06 1.5256e-06 5.01031e-07 9.10491e-08 0 
0 1.4354e-05 5.88551e-05 0.000133547 0.000235093 0.000356284 0.00048632 0.00061247 0.000723037 0.000810383 0.000872349 0.000911437 0.000932537 0.000940574 0.0009389 0.000928642 0.000908777 0.000876725 0.000829265 0.000763564 0.000678023 0.000572774 0.000450344 0.000318163 0.000192957 9.792e-05 4.42613e-05 2.16502e-05 1.44347e-05 1.39602e-05 1.64302e-05 1.83419e-05 1.68517e-05 1.25846e-05 7.9707e-06 4.43816e-06 2.18658e-06 9.23571e-07 3.02749e-07 5.49848e-08 0 
0 8.20999e-06 3.37163e-05 7.67553e-05 0.000135953 0.00020822 0.000288882 0.000372151 0.00045198 0.000523065 0.000581647 0.00062579 0.000655106 0.000670144 0.000671778 0.000660809 0.000637862 0.000603534 0.000558645 0.000504466 0.00044278 0.000375774 0.000305937 0.000236311 0.000171162 0.000116019 7.54042e-05 4.97013e-05 3.52524e-05 2.72646e-05 2.19087e-05 1.70353e-05 1.22183e-05 7.9707e-06 4.74201e-06 2.57332e-06 1.25558e-06 5.28519e-07 1.7305e-07 3.14172e-08 0 
0 4.37418e-06 1.79753e-05 4.09746e-05 7.27522e-05 0.000111882 0.000156206 0.000203018 0.000249347 0.000292307 0.000329412 0.000358802 0.000379312 0.000390421 0.000392138 0.00038488 0.000369395 0.000346718 0.000318137 0.000285142 0.000249338 0.000212327 0.000175624 0.000140634 0.000108724 8.12069e-05 5.90564e-05 4.24336e-05 3.05392e-05 2.20458e-05 1.57394e-05 1.08812e-05 7.15957e-06 4.43816e-06 2.57332e-06 1.3805e-06 6.70438e-07 2.81712e-07 9.21807e-08 1.67317e-08 0 
0 2.11763e-06 8.70447e-06 1.98517e-05 3.52793e-05 5.43357e-05 7.60354e-05 9.9137e-05 0.000122255 0.000143991 0.000163065 0.000178426 0.000189321 0.000195324 0.000196337 0.000192553 0.000184423 0.000172598 0.00015788 0.000141149 0.000123303 0.000105189 8.75607e-05 7.10461e-05 5.61463e-05 4.32253e-05 3.24787e-05 2.38921e-05 1.72459e-05 1.22006e-05 8.41403e-06 5.61201e-06 3.59072e-06 2.18658e-06 1.25558e-06 6.70438e-07 3.24932e-07 1.3642e-07 4.46247e-08 8.09891e-09 0 
0 8.88625e-07 3.65302e-06 8.33271e-06 1.48132e-05 2.28266e-05 3.19679e-05 4.17258e-05 5.15266e-05 6.07839e-05 6.89503e-05 7.55628e-05 8.02778e-05 8.2891e-05 8.33443e-05 8.17182e-05 7.82143e-05 7.31297e-05 6.68266e-05 5.96988e-05 5.21401e-05 4.4516e-05 3.71424e-05 3.02726e-05 2.40917e-05 1.87157e-05 1.41924e-05 1.05056e-05 7.58713e-06 5.33672e-06 3.64431e-06 2.40517e-06 1.5256e-06 9.23571e-07 5.28519e-07 2.81712e-07 1.3642e-07 5.72546e-08 1.87259e-08 3.39837e-09 0 
0 2.90617e-07 1.19473e-06 2.72542e-06 4.84557e-06 7.46816e-06 1.04616e-05 1.36598e-05 1.68758e-05 1.99178e-05 2.26059e-05 2.47862e-05 2.63436e-05 2.72083e-05 2.73598e-05 2.6824e-05 2.56685e-05 2.39928e-05 2.19182e-05 1.95761e-05 1.70972e-05 1.46018e-05 1.2193e-05 9.95225e-06 7.93721e-06 6.1822e-06 4.69996e-06 3.48477e-06 2.51687e-06 1.76748e-06 1.20364e-06 7.91963e-07 5.01031e-07 3.02749e-07 1.7305e-07 9.21807e-08 4.46247e-08 1.87259e-08 6.12421e-09 1.11139e-09 0 
0 5.27394e-08 2.16815e-07 4.94609e-07 8.79406e-07 1.35545e-06 1.89891e-06 2.4797e-06 3.06393e-06 3.61682e-06 4.10561e-06 4.5023e-06 4.78578e-06 4.94329e-06 4.97096e-06 4.87353e-06 4.6633e-06 4.35849e-06 3.98129e-06 3.55567e-06 3.10544e-06 2.65249e-06 2.21552e-06 1.80918e-06 1.44379e-06 1.1254e-06 8.56164e-07 6.35075e-07 4.58684e-07 3.21967e-07 2.19089e-07 1.44029e-07 9.10491e-08 5.49848e-08 3.14172e-08 1.67317e-08 8.09891e-09 3.39837e-09 1.11139e-09 2.01686e-10 0 
0 0 0 0 0 0 0 0 0 0 0 0 0 0 0 0 0 0 0 0 0 0 0 0 0 0 0 0 0 0 0 0 0 0 0 0 0 0 0 0 0 
