0 0 0 0 0 0 0 0 0 0 0 0 0 0 0 0 0 0 0 0 0 0 0 0 0 0 0 0 0 0 0 0 0 0 0 0 0 0 0 0 0 
0 1.37907e-05 5.66926e-05 0.000129321 0.000229898 0.000354256 0.000496067 0.000647325 0.000799009 0.000941917 0.00106753 0.00116878 0.0012406 0.00128017 0.00128688 0.00126206 0.00120875 0.00113129 0.00103501 0.000925822 0.000809735 0.000692448 0.00057892 0.000473099 0.000377782 0.000294617 0.000224219 0.000166354 0.000120152 8.4326e-05 5.73647e-05 3.76989e-05 2.38241e-05 1.43839e-05 8.21723e-06 4.37575e-06 2.11793e-06 8.88673e-07 2.90623e-07 5.27398e-08 0 
0 5.66926e-05 0.000233047 0.000531535 0.000944681 0.00145493 0.00203549 0.00265217 0.00326642 0.00383935 0.00433626 0.00473043 0.00500515 0.00515347 0.00517629 0.00508016 0.00487569 0.00457704 0.00420191 0.00377119 0.00330788 0.00283515 0.00237416 0.00194225 0.00155194 0.00121074 0.000921619 0.000683841 0.00049394 0.000346667 0.00023583 0.000154983 9.79432e-05 5.91334e-05 3.37818e-05 1.79891e-05 8.70702e-06 3.65342e-06 1.19478e-06 2.16818e-07 0 
0 0.000129321 0.000531535 0.00121197 0.00215261 0.003311 0.00462106 0.00599688 0.00734108 0.00855846 0.00957227 0.0103367 0.0108392 0.0110915 0.0111156 0.0109317 0.0105534 0.00999147 0.00926127 0.00838996 0.00741861 0.00639818 0.00538148 0.00441505 0.00353382 0.0027595 0.00210156 0.00155973 0.00112672 0.000790815 0.000537985 0.000353557 0.000223434 0.000134899 7.70654e-05 4.10381e-05 1.98631e-05 8.33443e-06 2.72561e-06 4.94621e-07 0 
0 0.000229898 0.000944681 0.00215261 0.00381771 0.00585421 0.00812324 0.0104377 0.0125853 0.0143745 0.0156886 0.016517 0.0169385 0.0170709 0.0170144 0.0168177 0.0164714 0.0159245 0.0151174 0.014018 0.012647 0.0110789 0.00942107 0.0077837 0.00625594 0.00489617 0.00373305 0.00277208 0.00200298 0.00140599 0.000956521 0.000628625 0.000397268 0.000239853 0.000137023 7.29663e-05 3.53168e-05 1.48187e-05 4.84619e-06 8.79444e-07 0 
0 0.000354256 0.00145493 0.003311 0.00585421 0.00891829 0.0122187 0.0153593 0.0179084 0.0195519 0.0202372 0.0201858 0.0197608 0.0193012 0.0190234 0.0189983 0.0191644 0.0193511 0.0193197 0.0188352 0.0177574 0.0161027 0.0140323 0.0117769 0.00955269 0.00751338 0.00574263 0.00426922 0.0030863 0.00216686 0.00147428 0.000968925 0.000612333 0.0003697 0.000211203 0.000112468 5.44362e-05 2.28411e-05 7.46975e-06 1.35555e-06 0 
0 0.000496067 0.00203549 0.00462106 0.00812324 0.0122187 0.0163299 0.0196661 0.0214953 0.0215629 0.0202715 0.0183976 0.0166476 0.0154405 0.0149423 0.0151726 0.0160634 0.0174458 0.0190035 0.0202673 0.020734 0.0200886 0.0183657 0.0159024 0.0131382 0.0104356 0.00801497 0.00597178 0.00432122 0.00303506 0.00206529 0.00135742 0.000857869 0.000517948 0.000295895 0.000157567 7.62651e-05 3.20004e-05 1.04651e-05 1.89912e-06 0 
0 0.000647325 0.00265217 0.00599688 0.0104377 0.0153593 0.0196661 0.0220232 0.0216497 0.0190202 0.0155003 0.0123125 0.0100163 0.00867855 0.00819948 0.00850237 0.00958341 0.0114709 0.014103 0.0171465 0.0198915 0.0214535 0.0212704 0.0194484 0.016601 0.0134207 0.0103975 0.00777749 0.00563721 0.00396199 0.00269672 0.0017726 0.00112029 0.000676394 0.000386414 0.00020577 9.95959e-05 4.17899e-05 1.36666e-05 2.48009e-06 0 
0 0.000799009 0.00326642 0.00734108 0.0125853 0.0179084 0.0214953 0.0216497 0.0183749 0.0135857 0.00929966 0.00633114 0.0045739 0.00367856 0.00338456 0.00358598 0.00432083 0.00575217 0.00811411 0.0115357 0.0156984 0.019579 0.0218171 0.0216616 0.0194597 0.016181 0.0127122 0.00956926 0.00695434 0.00489282 0.00333158 0.00219021 0.00138429 0.000835801 0.000477484 0.000254266 0.000123069 5.1639e-05 1.68875e-05 3.0646e-06 0 
0 0.000941917 0.00383935 0.00855846 0.0143745 0.0195519 0.0215629 0.0190202 0.0135857 0.00831212 0.00474827 0.00277131 0.00178257 0.00133323 0.00119437 0.00128976 0.00165401 0.00243673 0.0039309 0.00654839 0.0105685 0.0155596 0.0200051 0.0221164 0.0213086 0.0184376 0.0147787 0.0112271 0.00819053 0.0057712 0.00393188 0.00258535 0.00163414 0.000986679 0.000563683 0.000300169 0.000145287 6.09615e-05 1.99363e-05 3.61786e-06 0 
0 0.00106753 0.00433626 0.00957227 0.0156886 0.0202372 0.0202715 0.0155003 0.00929966 0.00474827 0.00229659 0.00116621 0.000675485 0.000472813 0.000412813 0.000452421 0.00061193 0.000984543 0.00178757 0.00343407 0.00649698 0.0112604 0.0168285 0.0209994 0.0219955 0.0199985 0.0164464 0.012643 0.00926966 0.00654437 0.00446185 0.00293457 0.00185504 0.00112009 0.000639904 0.000340759 0.000164933 6.9205e-05 2.26322e-05 4.10709e-06 0 
0 0.00116878 0.00473043 0.0103367 0.016517 0.0201858 0.0183976 0.0123125 0.00633114 0.00277131 0.00116621 0.000527137 0.000279437 0.000184699 0.000157433 0.000174185 0.000245572 0.000423925 0.00084683 0.00182773 0.00394797 0.00788093 0.0135179 0.0189877 0.0216932 0.0208193 0.0176243 0.013735 0.0101292 0.00716772 0.00489102 0.00321782 0.0020343 0.00122837 0.000701775 0.000373707 0.000180881 7.58966e-05 2.48205e-05 4.50422e-06 0 
0 0.0012406 0.00500515 0.0108392 0.0169385 0.0197608 0.0166476 0.0100163 0.0045739 0.00178257 0.000675485 0.000279437 0.000138282 8.72829e-05 7.28136e-05 8.08484e-05 0.000117179 0.000212568 0.000454824 0.00106864 0.0025466 0.00566184 0.01084 0.0168298 0.0207898 0.0210013 0.0182934 0.0144559 0.0107258 0.00760844 0.00519657 0.00341999 0.00216237 0.00130576 0.000745996 0.000397257 0.00019228 8.06798e-05 2.63848e-05 4.78808e-06 0 
0 0.00128017 0.00515347 0.0110915 0.0170709 0.0193012 0.0154405 0.00867855 0.00367856 0.00133323 0.000472813 0.000184699 8.72829e-05 5.33124e-05 4.36767e-05 4.83653e-05 7.09754e-05 0.000132214 0.000294181 0.00072679 0.00183909 0.00437794 0.00901838 0.0150288 0.0196912 0.0207244 0.0184921 0.0147928 0.011037 0.00784744 0.00536476 0.00353193 0.00223344 0.00134874 0.000770567 0.000410345 0.000198615 8.33381e-05 2.72541e-05 4.94585e-06 0 
0 0.00128688 0.00517629 0.0111156 0.0170144 0.0190234 0.0149423 0.00819948 0.00338456 0.00119437 0.000412813 0.000157433 7.28136e-05 4.36767e-05 3.52922e-05 3.87385e-05 5.66597e-05 0.000105798 0.000237335 0.000594643 0.00153541 0.00375378 0.00798841 0.0137931 0.0186768 0.0201604 0.0182832 0.0147574 0.0110595 0.00787946 0.00539141 0.00355081 0.00224573 0.00135625 0.000774877 0.000412645 0.000199729 8.38057e-05 2.74071e-05 4.9736e-06 0 
0 0.00126206 0.00508016 0.0109317 0.0168177 0.0189983 0.0151726 0.00850237 0.00358598 0.00128976 0.000452421 0.000174185 8.08484e-05 4.83653e-05 3.87385e-05 4.19214e-05 6.01913e-05 0.000110022 0.000241332 0.000591623 0.00149847 0.00360965 0.00761629 0.013131 0.0178571 0.0194111 0.0177218 0.0143745 0.0108054 0.00771159 0.00528125 0.0034798 0.00220129 0.00132955 0.000759657 0.000404548 0.000195812 8.21623e-05 2.68697e-05 4.87608e-06 0 
0 0.00120875 0.00487569 0.0105534 0.0164714 0.0191644 0.0160634 0.00958341 0.00432083 0.00165401 0.00061193 0.000245572 0.000117179 7.09754e-05 5.66597e-05 6.01913e-05 8.36998e-05 0.000146551 0.000305502 0.00070854 0.00169589 0.00387005 0.0077864 0.0129403 0.0171944 0.0184907 0.0168373 0.0136715 0.0102968 0.00736057 0.0050464 0.00332723 0.00210553 0.00127195 0.000726813 0.000387074 0.000187358 7.86157e-05 2.57099e-05 4.66563e-06 0 
0 0.00113129 0.00457704 0.00999147 0.0159245 0.0193511 0.0174458 0.0114709 0.00575217 0.00243673 0.000984543 0.000423925 0.000212568 0.000132214 0.000105798 0.000110022 0.000146551 0.000241312 0.000466391 0.000993267 0.00217257 0.00453311 0.00839888 0.0130467 0.0165455 0.0173433 0.0156342 0.0126738 0.00956054 0.00684907 0.00470398 0.00310512 0.00196636 0.00118833 0.000679169 0.000361735 0.0001751 7.34738e-05 2.40285e-05 4.36052e-06 0 
0 0.00103501 0.00420191 0.00926127 0.0151174 0.0193197 0.0190035 0.014103 0.00811411 0.0039309 0.00178757 0.00084683 0.000454824 0.000294181 0.000237335 0.000241332 0.000305502 0.000466391 0.000819247 0.00156297 0.00303696 0.00562301 0.00932263 0.0132114 0.0157108 0.0158819 0.0141038 0.0114018 0.00862255 0.00620049 0.00427275 0.00282722 0.00179308 0.00108455 0.000620131 0.000330362 0.00015993 6.71109e-05 2.1948e-05 3.98299e-06 0 
0 0.000925822 0.00377119 0.00838996 0.014018 0.0188352 0.0202673 0.0171465 0.0115357 0.00654839 0.00343407 0.00182773 0.00106864 0.00072679 0.000594643 0.000591623 0.00070854 0.000993267 0.00156297 0.00262178 0.00442858 0.00711452 0.0103405 0.013151 0.0144966 0.014033 0.0122377 0.00986701 0.00749831 0.00543127 0.00376829 0.00250645 0.0015951 0.000966726 0.000553342 0.00029493 0.000142809 5.99319e-05 1.96009e-05 3.5571e-06 0 
0 0.000809735 0.00330788 0.00741861 0.012647 0.0177574 0.020734 0.0198915 0.0156984 0.0105685 0.00649698 0.00394797 0.0025466 0.00183909 0.00153541 0.00149847 0.00169589 0.00217257 0.00303696 0.00442858 0.00641907 0.008835 0.0111375 0.0126039 0.0127833 0.0117715 0.0100348 0.00806279 0.00617924 0.00453939 0.00319602 0.00215142 0.00138037 0.000840592 0.000482335 0.00025738 0.000124688 5.23378e-05 1.71185e-05 3.10669e-06 0 
0 0.000692448 0.00283515 0.00639818 0.0110789 0.0161027 0.0200886 0.0214535 0.019579 0.0155596 0.0112604 0.00788093 0.00566184 0.00437794 0.00375378 0.00360965 0.00387005 0.00453311 0.00562301 0.00711452 0.008835 0.010413 0.0113813 0.0114264 0.0105746 0.00913981 0.00750939 0.00596433 0.00462395 0.00349302 0.00254305 0.00176245 0.0011538 0.000710826 0.00041025 0.000219483 0.000106441 4.46968e-05 1.46215e-05 2.65365e-06 0 
0 0.00057892 0.00237416 0.00538148 0.00942107 0.0140323 0.0183657 0.0212704 0.0218171 0.0200051 0.0168285 0.0135179 0.01084 0.00901838 0.00798841 0.00761629 0.0077864 0.00839888 0.00932263 0.0103405 0.0111375 0.0113813 0.0108736 0.00966018 0.00800658 0.00626896 0.00475156 0.00360781 0.00281939 0.00225774 0.00178388 0.00133133 0.000916736 0.000580812 0.000339681 0.000182743 8.88139e-05 3.73234e-05 1.22127e-05 2.21667e-06 0 
0 0.000473099 0.00194225 0.00441505 0.0077837 0.0117769 0.0159024 0.0194484 0.0216616 0.0221164 0.0209994 0.0189877 0.0168298 0.0150288 0.0137931 0.013131 0.0129403 0.0130467 0.0132114 0.013151 0.0126039 0.0114264 0.00966018 0.00752233 0.00534026 0.00346583 0.00214601 0.00140107 0.00107478 0.000981657 0.000955027 0.000860973 0.00067098 0.00045337 0.000272762 0.000148372 7.23963e-05 3.04649e-05 9.97281e-06 1.81037e-06 0 
0 0.000377782 0.00155194 0.00353382 0.00625594 0.00955269 0.0131382 0.016601 0.0194597 0.0213086 0.0219955 0.0216932 0.0207898 0.0196912 0.0186768 0.0178571 0.0171944 0.0165455 0.0157108 0.0144966 0.0127833 0.0105746 0.00800658 0.00534026 0.00296803 0.00131622 0.000498393 0.000213087 0.000148238 0.000183749 0.000297086 0.000419401 0.000431237 0.000333035 0.000211512 0.000117321 5.76191e-05 2.42966e-05 7.95862e-06 1.44501e-06 0 
0 0.000294617 0.00121074 0.0027595 0.00489617 0.00751338 0.0104356 0.0134207 0.016181 0.0184376 0.0199985 0.0208193 0.0210013 0.0207244 0.0201604 0.0194111 0.0184907 0.0173433 0.0158819 0.014033 0.0117715 0.00913981 0.00626896 0.00346583 0.00131622 0.000288528 3.95247e-05 6.61564e-06 3.5912e-06 8.40856e-06 3.91174e-05 0.000135254 0.0002341 0.000228242 0.000158156 9.03104e-05 4.47556e-05 1.89232e-05 6.20337e-06 1.12657e-06 0 
0 0.000224219 0.000921619 0.00210156 0.00373305 0.00574263 0.00801497 0.0103975 0.0127122 0.0147787 0.0164464 0.0176243 0.0182934 0.0184921 0.0182832 0.0177218 0.0168373 0.0156342 0.0141038 0.0122377 0.0100348 0.00750939 0.00475156 0.00214601 0.000498393 3.95247e-05 1.13707e-06 4.31278e-08 1.56085e-08 9.87612e-08 2.34551e-06 3.08415e-05 0.000111716 0.000148595 0.000114762 6.77837e-05 3.39256e-05 1.43844e-05 4.71915e-06 8.5721e-07 0 
0 0.000166354 0.000683841 0.00155973 0.00277208 0.00426922 0.00597178 0.00777749 0.00956926 0.0112271 0.012643 0.013735 0.0144559 0.0147928 0.0147574 0.0143745 0.0136715 0.0126738 0.0114018 0.00986701 0.00806279 0.00596433 0.00360781 0.00140107 0.000213087 6.61564e-06 4.31278e-08 3.90132e-10 9.48135e-11 1.55487e-09 1.73927e-07 7.93533e-06 5.59209e-05 9.72365e-05 8.20892e-05 4.97811e-05 2.50996e-05 1.06636e-05 3.50035e-06 6.35914e-07 0 
0 0.000120152 0.00049394 0.00112672 0.00200298 0.0030863 0.00432122 0.00563721 0.00695434 0.00819053 0.00926966 0.0101292 0.0107258 0.011037 0.0110595 0.0108054 0.0102968 0.00956054 0.00862255 0.00749831 0.00617924 0.00462395 0.00281939 0.00107478 0.000148238 3.5912e-06 1.56085e-08 9.48135e-11 2.03745e-11 4.24287e-10 7.07146e-08 4.43153e-06 3.68503e-05 6.8305e-05 5.88377e-05 3.58822e-05 1.81188e-05 7.70074e-06 2.52803e-06 4.59284e-07 0 
0 8.4326e-05 0.000346667 0.000790815 0.00140599 0.00216686 0.00303506 0.00396199 0.00489282 0.0057712 0.00654437 0.00716772 0.00760844 0.00784744 0.00787946 0.00771159 0.00736057 0.00684907 0.00620049 0.00543127 0.00453939 0.00349302 0.00225774 0.000981657 0.000183749 8.40856e-06 9.87612e-08 1.55487e-09 4.24287e-10 4.43978e-09 2.48514e-07 6.52185e-06 3.40678e-05 5.23567e-05 4.23705e-05 2.53642e-05 1.2741e-05 5.40738e-06 1.77447e-06 3.22345e-07 0 
0 5.73647e-05 0.00023583 0.000537985 0.000956521 0.00147428 0.00206529 0.00269672 0.00333158 0.00393188 0.00446185 0.00489102 0.00519657 0.00536476 0.00539141 0.00528125 0.0050464 0.00470398 0.00427275 0.00376829 0.00319602 0.00254305 0.00178388 0.000955027 0.000297086 3.91174e-05 2.34551e-06 1.73927e-07 7.07146e-08 2.48514e-07 2.41136e-06 1.5349e-05 3.71259e-05 4.15567e-05 3.01827e-05 1.74823e-05 8.69897e-06 3.68216e-06 1.20745e-06 2.19297e-07 0 
0 3.76989e-05 0.000154983 0.000353557 0.000628625 0.000968925 0.00135742 0.0017726 0.00219021 0.00258535 0.00293457 0.00321782 0.00341999 0.00353193 0.00355081 0.0034798 0.00332723 0.00310512 0.00282722 0.00250645 0.00215142 0.00176245 0.00133133 0.000860973 0.000419401 0.000135254 3.08415e-05 7.93533e-06 4.43153e-06 6.52185e-06 1.5349e-05 3.02082e-05 3.76996e-05 3.17197e-05 2.07897e-05 1.16508e-05 5.73991e-06 2.42261e-06 7.93763e-07 1.44131e-07 0 
0 2.38241e-05 9.79432e-05 0.000223434 0.000397268 0.000612333 0.000857869 0.00112029 0.00138429 0.00163414 0.00185504 0.0020343 0.00216237 0.00223344 0.00224573 0.00220129 0.00210553 0.00196636 0.00179308 0.0015951 0.00138037 0.0011538 0.000916736 0.00067098 0.000431237 0.0002341 0.000111716 5.59209e-05 3.68503e-05 3.40678e-05 3.71259e-05 3.76996e-05 3.17455e-05 2.22794e-05 1.36123e-05 7.44575e-06 3.63977e-06 1.53254e-06 5.01772e-07 9.10921e-08 0 
0 1.43839e-05 5.91334e-05 0.000134899 0.000239853 0.0003697 0.000517948 0.000676394 0.000835801 0.000986679 0.00112009 0.00122837 0.00130576 0.00134874 0.00135625 0.00132955 0.00127195 0.00118833 0.00108455 0.000966726 0.000840592 0.000710826 0.000580812 0.00045337 0.000333035 0.000228242 0.000148595 9.72365e-05 6.8305e-05 5.23567e-05 4.15567e-05 3.17197e-05 2.22794e-05 1.42815e-05 8.3986e-06 4.52852e-06 2.20274e-06 9.25959e-07 3.03015e-07 5.50008e-08 0 
0 8.21723e-06 3.37818e-05 7.70654e-05 0.000137023 0.000211203 0.000295895 0.000386414 0.000477484 0.000563683 0.000639904 0.000701775 0.000745996 0.000770567 0.000774877 0.000759657 0.000726813 0.000679169 0.000620131 0.000553342 0.000482335 0.00041025 0.000339681 0.000272762 0.000211512 0.000158156 0.000114762 8.20892e-05 5.88377e-05 4.23705e-05 3.01827e-05 2.07897e-05 1.36123e-05 8.3986e-06 4.85269e-06 2.59776e-06 1.26017e-06 5.29232e-07 1.73133e-07 3.14224e-08 0 
0 4.37575e-06 1.79891e-05 4.10381e-05 7.29663e-05 0.000112468 0.000157567 0.00020577 0.000254266 0.000300169 0.000340759 0.000373707 0.000397257 0.000410345 0.000412645 0.000404548 0.000387074 0.000361735 0.000330362 0.00029493 0.00025738 0.000219483 0.000182743 0.000148372 0.000117321 9.03104e-05 6.77837e-05 4.97811e-05 3.58822e-05 2.53642e-05 1.74823e-05 1.16508e-05 7.44575e-06 4.52852e-06 2.59776e-06 1.38619e-06 6.71564e-07 2.81896e-07 9.22031e-08 1.67332e-08 0 
0 2.11793e-06 8.70702e-06 1.98631e-05 3.53168e-05 5.44362e-05 7.62651e-05 9.95959e-05 0.000123069 0.000145287 0.000164933 0.000180881 0.00019228 0.000198615 0.000199729 0.000195812 0.000187358 0.0001751 0.00015993 0.000142809 0.000124688 0.000106441 8.88139e-05 7.23963e-05 5.76191e-05 4.47556e-05 3.39256e-05 2.50996e-05 1.81188e-05 1.2741e-05 8.69897e-06 5.73991e-06 3.63977e-06 2.20274e-06 1.26017e-06 6.71564e-07 3.25167e-07 1.36461e-07 4.46299e-08 8.09926e-09 0 
0 8.88673e-07 3.65342e-06 8.33443e-06 1.48187e-05 2.28411e-05 3.20004e-05 4.17899e-05 5.1639e-05 6.09615e-05 6.9205e-05 7.58966e-05 8.06798e-05 8.33381e-05 8.38057e-05 8.21623e-05 7.86157e-05 7.34738e-05 6.71109e-05 5.99319e-05 5.23378e-05 4.46968e-05 3.73234e-05 3.04649e-05 2.42966e-05 1.89232e-05 1.43844e-05 1.06636e-05 7.70074e-06 5.40738e-06 3.68216e-06 2.42261e-06 1.53254e-06 9.25959e-07 5.29232e-07 2.81896e-07 1.36461e-07 5.72618e-08 1.87269e-08 3.39844e-09 0 
0 2.90623e-07 1.19478e-06 2.72561e-06 4.84619e-06 7.46975e-06 1.04651e-05 1.36666e-05 1.68875e-05 1.99363e-05 2.26322e-05 2.48205e-05 2.63848e-05 2.72541e-05 2.74071e-05 2.68697e-05 2.57099e-05 2.40285e-05 2.1948e-05 1.96009e-05 1.71185e-05 1.46215e-05 1.22127e-05 9.97281e-06 7.95862e-06 6.20337e-06 4.71915e-06 3.50035e-06 2.52803e-06 1.77447e-06 1.20745e-06 7.93763e-07 5.01772e-07 3.03015e-07 1.73133e-07 9.22031e-08 4.46299e-08 1.87269e-08 6.12434e-09 1.1114e-09 0 
0 5.27398e-08 2.16818e-07 4.94621e-07 8.79444e-07 1.35555e-06 1.89912e-06 2.48009e-06 3.0646e-06 3.61786e-06 4.10709e-06 4.50422e-06 4.78808e-06 4.94585e-06 4.9736e-06 4.87608e-06 4.66563e-06 4.36052e-06 3.98299e-06 3.5571e-06 3.10669e-06 2.65365e-06 2.21667e-06 1.81037e-06 1.44501e-06 1.12657e-06 8.5721e-07 6.35914e-07 4.59284e-07 3.22345e-07 2.19297e-07 1.44131e-07 9.10921e-08 5.50008e-08 3.14224e-08 1.67332e-08 8.09926e-09 3.39844e-09 1.1114e-09 2.01687e-10 0 
0 0 0 0 0 0 0 0 0 0 0 0 0 0 0 0 0 0 0 0 0 0 0 0 0 0 0 0 0 0 0 0 0 0 0 0 0 0 0 0 0 
