0 0 0 0 0 0 0 0 0 0 0 0 0 0 0 0 0 0 0 0 0 0 0 0 0 0 0 0 0 0 0 0 0 0 0 0 0 0 0 0 0 
0 1.3203e-05 5.15069e-05 0.000106892 0.000163868 0.000206194 0.000225673 0.000224359 0.000209897 0.000190181 0.000170785 0.000154759 0.000143379 0.000136956 0.000135395 0.00013847 0.000145898 0.000157248 0.000171772 0.000188195 0.000204562 0.000218274 0.000226402 0.000226311 0.000216444 0.000196974 0.000169965 0.000138875 0.000107531 7.90852e-05 5.53991e-05 3.7033e-05 2.36203e-05 1.43275e-05 8.20323e-06 4.37265e-06 2.11733e-06 8.88575e-07 2.90611e-07 5.2739e-08 0 
0 5.15069e-05 0.000186567 0.000335945 0.00041104 0.000382481 0.000294277 0.000201373 0.000130234 8.36494e-05 5.55789e-05 3.94733e-05 3.07096e-05 2.65789e-05 2.57475e-05 2.78342e-05 3.32132e-05 4.29946e-05 5.90879e-05 8.41802e-05 0.00012136 0.000173038 0.00023899 0.000313928 0.000386028 0.000438591 0.000456008 0.000431753 0.000372591 0.000294949 0.000216297 0.000148419 9.59709e-05 5.86021e-05 3.36536e-05 1.79616e-05 8.70186e-06 3.65261e-06 1.19468e-06 2.16812e-07 0 
0 0.000106892 0.000335945 0.000462689 0.00037935 0.000215436 9.63538e-05 3.76347e-05 1.39796e-05 5.3277e-06 2.23038e-06 1.08705e-06 6.44794e-07 4.78679e-07 4.49391e-07 5.29931e-07 7.67868e-07 1.32145e-06 2.58945e-06 5.51752e-06 1.22098e-05 2.68972e-05 5.68824e-05 0.000112159 0.00020155 0.000324049 0.000458671 0.000563821 0.000597579 0.000548258 0.000442341 0.000320879 0.000213648 0.000132305 7.64538e-05 4.09103e-05 1.98398e-05 8.33087e-06 2.7252e-06 4.94595e-07 0 
0 0.000163868 0.00041104 0.00037935 0.000180435 5.42647e-05 1.20569e-05 2.24752e-06 3.96492e-07 7.44887e-08 1.66376e-08 4.85595e-09 1.99057e-09 1.19903e-09 1.0787e-09 1.43215e-09 2.70409e-09 6.85967e-09 2.17921e-08 8.02843e-08 3.17655e-07 1.25744e-06 4.68791e-06 1.57034e-05 4.57408e-05 0.000113523 0.000236991 0.000411229 0.000585186 0.000677318 0.00064332 0.000516039 0.000362876 0.00023075 0.000134908 7.25337e-05 3.52399e-05 1.48073e-05 4.84489e-06 8.79364e-07 0 
0 0.000206194 0.000382481 0.000215436 5.42647e-05 7.69957e-06 7.3184e-07 5.49502e-08 3.87042e-09 3.04e-10 3.13102e-11 4.85947e-12 1.26375e-12 5.88464e-13 5.02337e-13 7.71826e-13 2.01911e-12 8.26015e-12 4.75828e-11 3.44192e-10 2.78808e-09 2.27454e-08 1.70623e-07 1.09575e-06 5.73302e-06 2.37656e-05 7.72882e-05 0.000197107 0.000393217 0.000607483 0.000722661 0.000674906 0.000518199 0.000344375 0.000205337 0.000111285 5.42297e-05 2.2811e-05 7.46642e-06 1.35535e-06 0 
0 0.000225673 0.000294277 9.63538e-05 1.20569e-05 7.3184e-07 2.63739e-08 7.00378e-10 1.72924e-11 5.02229e-13 2.13924e-14 1.61496e-15 2.4972e-16 8.66279e-17 6.96381e-17 1.26451e-16 4.80237e-16 3.39072e-15 3.85153e-14 6.0138e-13 1.10305e-11 2.05442e-10 3.4272e-09 4.63696e-08 4.74439e-07 3.52626e-06 1.87971e-05 7.24488e-05 0.000205121 0.000429467 0.00066039 0.000747777 0.000648369 0.000459582 0.000282252 0.000154831 7.57939e-05 3.19328e-05 1.04578e-05 1.89869e-06 0 
0 0.000224359 0.000201373 3.76347e-05 2.24752e-06 5.49502e-08 7.00378e-10 6.11425e-12 4.91998e-14 4.93036e-16 8.17254e-18 3.1041e-19 4.97528e-20 2.75329e-20 2.47241e-20 3.13273e-20 8.16679e-20 7.6828e-19 1.76234e-17 6.26829e-16 2.75516e-14 1.24038e-12 4.86595e-11 1.46279e-09 3.07509e-08 4.28278e-07 3.87797e-06 2.30857e-05 9.31346e-05 0.00026238 0.00052127 0.000727591 0.000729679 0.000561984 0.00035912 0.000200286 9.86592e-05 4.16572e-05 1.36524e-05 2.47927e-06 0 
0 0.000209897 0.000130234 1.39796e-05 3.96492e-07 3.87042e-09 1.72924e-11 4.91998e-14 1.27886e-16 4.45604e-19 6.50036e-21 1.2153e-21 5.89015e-22 5.15686e-22 5.0069e-22 4.87144e-22 6.31799e-22 1.55491e-21 1.08772e-20 5.96728e-19 6.2818e-17 6.88269e-15 6.38972e-13 4.2951e-11 1.8677e-09 4.91026e-08 7.6086e-07 7.02888e-06 4.02687e-05 0.000150405 0.000378971 0.000647565 0.000757059 0.000641022 0.000429657 0.000244578 0.000121419 5.14073e-05 1.6863e-05 3.06319e-06 0 
0 0.000190181 8.36494e-05 5.3277e-06 7.44887e-08 3.04e-10 5.02229e-13 4.93036e-16 4.45604e-19 1.50775e-21 9.91959e-23 5.41406e-23 4.29285e-23 4.32128e-23 4.28535e-23 3.89593e-23 3.88909e-23 4.65434e-23 9.4049e-23 1.35589e-21 1.92145e-19 4.8482e-17 1.01929e-14 1.46999e-12 1.27429e-10 6.12862e-09 1.58455e-07 2.22687e-06 1.77964e-05 8.62648e-05 0.000268549 0.0005496 0.000743034 0.000693112 0.000489167 0.000284883 0.000142682 6.05976e-05 1.9898e-05 3.61568e-06 0 
0 0.000170785 5.55789e-05 2.23038e-06 1.66376e-08 3.13102e-11 2.13924e-14 8.17254e-18 6.50036e-21 9.91959e-23 1.13955e-23 6.5875e-24 6.30851e-24 6.71033e-24 6.69245e-24 5.948e-24 5.15911e-24 4.41254e-24 5.43005e-24 2.98132e-23 1.55676e-21 5.89047e-19 2.55101e-16 7.24251e-14 1.1579e-11 9.52048e-10 3.88111e-08 7.92848e-07 8.52528e-06 5.19869e-05 0.000193839 0.000461356 0.000707321 0.000721376 0.000535301 0.000318988 0.000161212 6.86866e-05 2.2578e-05 4.10402e-06 0 
0 0.000154759 3.94733e-05 1.08705e-06 4.85595e-09 4.85947e-12 1.61496e-15 3.1041e-19 1.2153e-21 5.41406e-23 6.5875e-24 1.93127e-24 1.37083e-24 1.37316e-24 1.34983e-24 1.18306e-24 9.55504e-25 7.35065e-25 9.1244e-25 4.5833e-24 1.01757e-22 1.73405e-20 1.24774e-17 6.15701e-15 1.62177e-12 2.06538e-10 1.22127e-08 3.38819e-07 4.64633e-06 3.41666e-05 0.000147147 0.000394014 0.000667228 0.000732713 0.000567918 0.000345457 0.000176032 7.52217e-05 2.47502e-05 4.50025e-06 0 
0 0.000143379 3.07096e-05 6.44794e-07 1.99057e-09 1.26375e-12 2.4972e-16 4.97528e-20 5.89015e-22 4.29286e-23 6.30851e-24 1.37083e-24 5.11668e-25 3.57629e-25 3.16818e-25 2.69515e-25 2.12696e-25 1.82126e-25 3.53655e-25 2.00323e-24 2.77868e-23 1.95541e-21 1.41267e-18 1.0368e-15 3.91371e-13 6.83193e-11 5.2822e-09 1.82781e-07 2.98837e-06 2.51546e-05 0.000120065 0.000349116 0.000633922 0.0007345 0.000588292 0.000363593 0.000186478 7.98719e-05 2.63007e-05 4.78335e-06 0 
0 0.000136956 2.65789e-05 4.78679e-07 1.19903e-09 5.88464e-13 8.66279e-17 2.75329e-20 5.15686e-22 4.32128e-23 6.71034e-24 1.37316e-24 3.57629e-25 1.41629e-25 8.98059e-26 6.91283e-26 5.75821e-26 7.43806e-26 2.39281e-25 1.42452e-24 1.64962e-23 7.60956e-22 4.12037e-19 3.76896e-16 1.74425e-13 3.64e-11 3.27594e-09 1.2848e-07 2.32083e-06 2.10902e-05 0.000106662 0.000324695 0.000613 0.000732435 0.000598133 0.000373261 0.000192203 8.24447e-05 2.71612e-05 4.94063e-06 0 
0 0.000135395 2.57475e-05 4.49391e-07 1.0787e-09 5.02337e-13 6.96381e-17 2.47241e-20 5.0069e-22 4.28535e-23 6.69245e-24 1.34983e-24 3.16819e-25 8.9806e-26 3.6108e-26 2.22993e-26 2.2606e-26 5.0924e-26 2.13724e-25 1.30695e-24 1.47541e-23 6.33232e-22 3.18777e-19 3.04811e-16 1.47102e-13 3.18477e-11 2.95736e-09 1.19016e-07 2.19434e-06 2.02543e-05 0.000103638 0.000318457 0.000606313 0.000729703 0.000598844 0.00037468 0.000193154 8.28885e-05 2.73116e-05 4.96824e-06 0 
0 0.00013847 2.78342e-05 5.29931e-07 1.43215e-09 7.71826e-13 1.26451e-16 3.13273e-20 4.87145e-22 3.89594e-23 5.948e-24 1.18306e-24 2.69516e-25 6.91283e-26 2.22993e-26 1.20871e-26 1.59894e-26 4.8471e-26 2.22914e-25 1.44588e-24 1.81602e-23 9.98409e-22 6.32457e-19 5.35124e-16 2.30196e-13 4.50643e-11 3.84125e-09 1.4404e-07 2.50994e-06 2.21792e-05 0.000109803 0.000328865 0.000613328 0.000726924 0.000591135 0.000368266 0.000189526 8.12844e-05 2.67782e-05 4.87093e-06 0 
0 0.000145898 3.32132e-05 7.67868e-07 2.70409e-09 2.01911e-12 4.80237e-16 8.16679e-20 6.31799e-22 3.88909e-23 5.15911e-24 9.55505e-25 2.12697e-25 5.75821e-26 2.2606e-26 1.59894e-26 2.2192e-26 6.09133e-26 2.81384e-25 2.1119e-24 3.6765e-23 3.75251e-21 2.96953e-18 1.89546e-15 6.3028e-13 9.84715e-11 6.9281e-09 2.21755e-07 3.40573e-06 2.73044e-05 0.000125575 0.00035501 0.000631543 0.000722417 0.00057502 0.000354571 0.000181731 7.78284e-05 2.56276e-05 4.66097e-06 0 
0 0.000157248 4.29946e-05 1.32145e-06 6.85967e-09 8.26015e-12 3.39072e-15 7.6828e-19 1.55491e-21 4.65434e-23 4.41254e-24 7.35065e-25 1.82126e-25 7.43806e-26 5.09239e-26 4.8471e-26 6.09133e-26 1.22783e-25 5.07094e-25 4.80317e-24 1.68144e-22 4.50049e-20 2.88316e-17 1.21116e-14 2.75924e-12 3.09448e-10 1.64201e-08 4.16489e-07 5.3142e-06 3.69389e-05 0.000152426 0.000395551 0.000656055 0.000712583 0.000550062 0.000334296 0.000170353 7.28077e-05 2.39586e-05 4.35654e-06 0 
0 0.000171772 5.90879e-05 2.58945e-06 2.17921e-08 4.75828e-11 3.85153e-14 1.76234e-17 1.08772e-20 9.4049e-23 5.43006e-24 9.1244e-25 3.53655e-25 2.3928e-25 2.13723e-25 2.22913e-25 2.81383e-25 5.07094e-25 2.11018e-24 3.26208e-23 3.21576e-21 1.29306e-18 4.87861e-16 1.2154e-13 1.72621e-11 1.27865e-09 4.76597e-08 9.0354e-07 9.14585e-06 5.3203e-05 0.00019164 0.000446394 0.000678522 0.000692439 0.000515778 0.000308342 0.000156117 6.65733e-05 2.18912e-05 3.97973e-06 0 
0 0.000188195 8.41802e-05 5.51752e-06 8.02843e-08 3.44192e-10 6.0138e-13 6.26829e-16 5.96728e-19 1.35589e-21 2.98132e-23 4.5833e-24 2.00323e-24 1.42452e-24 1.30695e-24 1.44588e-24 2.1119e-24 4.80317e-24 3.26208e-23 1.31289e-21 2.47807e-19 5.97912e-17 1.19572e-14 1.64352e-12 1.36077e-10 6.26681e-09 1.55701e-07 2.11323e-06 1.64159e-05 7.79874e-05 0.000240732 0.000496417 0.000686056 0.000656414 0.000472073 0.000277838 0.000139837 5.95096e-05 1.95559e-05 3.55449e-06 0 
0 0.000204562 0.00012136 1.22098e-05 3.17655e-07 2.78808e-09 1.10305e-11 2.75516e-14 6.2818e-17 1.92145e-19 1.55676e-21 1.01757e-22 2.77868e-23 1.64962e-23 1.47541e-23 1.81602e-23 3.6765e-23 1.68144e-22 3.21576e-21 2.47807e-19 2.8809e-17 3.47176e-15 3.52369e-13 2.55837e-11 1.18145e-09 3.23677e-08 5.14283e-07 4.82936e-06 2.81401e-05 0.000107927 0.000284587 0.000521296 0.000661055 0.000599448 0.000419546 0.000244126 0.000122364 5.20039e-05 1.70825e-05 3.10458e-06 0 
0 0.000218274 0.000173038 2.68972e-05 1.25744e-06 2.27454e-08 2.05442e-10 1.24038e-12 6.88269e-15 4.8482e-17 5.89047e-19 1.73405e-20 1.95541e-21 7.60955e-22 6.33232e-22 9.98409e-22 3.75251e-21 4.50049e-20 1.29306e-18 5.97912e-17 3.47176e-15 2.06117e-13 1.04595e-11 3.91944e-10 9.74245e-09 1.51095e-07 1.45016e-06 8.98488e-06 3.85007e-05 0.000120779 0.000282108 0.000480556 0.000584063 0.00051835 0.000359627 0.000208678 0.000104526 4.4419e-05 1.45912e-05 2.65187e-06 0 
0 0.000226402 0.00023899 5.68824e-05 4.68791e-06 1.70623e-07 3.4272e-09 4.86595e-11 6.38972e-13 1.01929e-14 2.55101e-16 1.24774e-17 1.41267e-18 4.12037e-19 3.18777e-19 6.32457e-19 2.96953e-18 2.88316e-17 4.87861e-16 1.19572e-14 3.52369e-13 1.04595e-11 2.66203e-10 5.04328e-09 6.34394e-08 4.96557e-07 2.47397e-06 8.89271e-06 2.71137e-05 7.57344e-05 0.0001829 0.000338749 0.000443773 0.00041365 0.000294606 0.000173006 8.70794e-05 3.70715e-05 1.21853e-05 2.21506e-06 0 
0 0.000226311 0.000313928 0.000112159 1.57034e-05 1.09575e-06 4.63696e-08 1.46279e-09 4.2951e-11 1.46999e-12 7.24251e-14 6.15701e-15 1.0368e-15 3.76896e-16 3.04811e-16 5.35124e-16 1.89546e-15 1.21116e-14 1.2154e-13 1.64352e-12 2.55837e-11 3.91944e-10 5.04328e-09 4.60353e-08 2.50195e-07 7.18846e-07 1.18812e-06 1.67287e-06 3.32363e-06 1.10616e-05 4.47986e-05 0.000139106 0.000259436 0.000292985 0.000227859 0.000138621 7.0673e-05 3.02177e-05 9.94626e-06 1.80883e-06 0 
0 0.000216444 0.000386028 0.00020155 4.57408e-05 5.73302e-06 4.74439e-07 3.07509e-08 1.8677e-09 1.27429e-10 1.1579e-11 1.62177e-12 3.91371e-13 1.74425e-13 1.47102e-13 2.30196e-13 6.3028e-13 2.75924e-12 1.72621e-11 1.36077e-10 1.18145e-09 9.74245e-09 6.34394e-08 2.50195e-07 4.13294e-07 2.0625e-07 3.71105e-08 7.35109e-09 7.43585e-09 6.24843e-08 1.43022e-06 2.06437e-05 9.85586e-05 0.000175312 0.000164346 0.00010704 5.58347e-05 2.40464e-05 7.93234e-06 1.44351e-06 0 
0 0.000196974 0.000438591 0.000324049 0.000113523 2.37656e-05 3.52626e-06 4.28278e-07 4.91026e-08 6.12862e-09 9.52048e-10 2.06538e-10 6.83193e-11 3.64e-11 3.18477e-11 4.50643e-11 9.84715e-11 3.09448e-10 1.27865e-09 6.26681e-09 3.23677e-08 1.51095e-07 4.96557e-07 7.18846e-07 2.0625e-07 4.98857e-09 1.30895e-11 4.80237e-14 1.33675e-14 1.40809e-12 1.65704e-09 6.59875e-07 2.10176e-05 8.62341e-05 0.000110355 7.97383e-05 4.29556e-05 1.86773e-05 6.17816e-06 1.12517e-06 0 
0 0.000169965 0.000456008 0.000458671 0.000236991 7.72882e-05 1.87971e-05 3.87797e-06 7.6086e-07 1.58455e-07 3.88111e-08 1.22127e-08 5.2822e-09 3.27594e-09 2.95736e-09 3.84125e-09 6.9281e-09 1.64201e-08 4.76597e-08 1.55701e-07 5.14283e-07 1.45016e-06 2.47397e-06 1.18812e-06 3.71105e-08 1.30895e-11 2.89158e-16 2.42621e-15 1.40991e-15 6.78881e-15 9.00305e-14 5.63092e-09 2.88829e-06 3.73438e-05 7.08692e-05 5.78069e-05 3.22509e-05 1.41606e-05 4.69669e-06 8.55982e-07 0 
0 0.000138875 0.000431753 0.000563821 0.000411229 0.000197107 7.24488e-05 2.30857e-05 7.02888e-06 2.22687e-06 7.92848e-07 3.38819e-07 1.82781e-07 1.2848e-07 1.19016e-07 1.4404e-07 2.21755e-07 4.16489e-07 9.0354e-07 2.11323e-06 4.82936e-06 8.98488e-06 8.89271e-06 1.67287e-06 7.35109e-09 4.80237e-14 2.42621e-15 5.85067e-16 4.24136e-16 1.09911e-15 1.25791e-14 7.61524e-11 4.98503e-07 1.76266e-05 4.62939e-05 4.14501e-05 2.37141e-05 1.04812e-05 3.4823e-06 6.34939e-07 0 
0 0.000107531 0.000372591 0.000597579 0.000585186 0.000393217 0.000205121 9.31346e-05 4.02687e-05 1.77964e-05 8.52528e-06 4.64633e-06 2.98837e-06 2.32083e-06 2.19434e-06 2.50994e-06 3.40573e-06 5.3142e-06 9.14585e-06 1.64159e-05 2.81401e-05 3.85007e-05 2.71137e-05 3.32363e-06 7.43585e-09 1.33675e-14 1.40991e-15 4.24136e-16 9.69533e-16 4.75686e-15 9.35004e-14 2.08939e-11 2.60896e-07 1.16912e-05 3.28335e-05 2.9845e-05 1.71218e-05 7.5703e-06 2.51518e-06 4.58591e-07 0 
0 7.90852e-05 0.000294949 0.000548258 0.000677318 0.000607483 0.000429467 0.00026238 0.000150405 8.62648e-05 5.19869e-05 3.41666e-05 2.51546e-05 2.10902e-05 2.02543e-05 2.21792e-05 2.73044e-05 3.69389e-05 5.3203e-05 7.79874e-05 0.000107927 0.000120779 7.57344e-05 1.10616e-05 6.24843e-08 1.40809e-12 6.78881e-15 1.09911e-15 4.75686e-15 7.29795e-16 5.4396e-16 2.61818e-10 5.36852e-07 1.16784e-05 2.56614e-05 2.16162e-05 1.21252e-05 5.32651e-06 1.76645e-06 3.21911e-07 0 
0 5.53991e-05 0.000216297 0.000442341 0.00064332 0.000722661 0.00066039 0.00052127 0.000378971 0.000268549 0.000193839 0.000147147 0.000120065 0.000106662 0.000103638 0.000109803 0.000125575 0.000152426 0.00019164 0.000240732 0.000284587 0.000282108 0.0001829 4.47986e-05 1.43022e-06 1.65704e-09 9.00305e-14 1.25791e-14 9.35005e-14 5.4396e-16 5.44764e-12 2.09698e-08 2.24611e-06 1.44987e-05 2.09687e-05 1.5511e-05 8.37452e-06 3.63893e-06 1.20309e-06 2.19058e-07 0 
0 3.7033e-05 0.000148419 0.000320879 0.000516039 0.000674906 0.000747777 0.000727591 0.000647565 0.0005496 0.000461356 0.000394014 0.000349116 0.000324695 0.000318457 0.000328865 0.00035501 0.000395551 0.000446394 0.000496417 0.000521296 0.000480556 0.000338749 0.000139106 2.06437e-05 6.59875e-07 5.63092e-09 7.61524e-11 2.08939e-11 2.61818e-10 2.09698e-08 9.17968e-07 7.86548e-06 1.70348e-05 1.65776e-05 1.07786e-05 5.5943e-06 2.4027e-06 7.91706e-07 1.44015e-07 0 
0 2.36203e-05 9.59709e-05 0.000213648 0.000362876 0.000518199 0.000648369 0.000729679 0.000757059 0.000743034 0.000707321 0.000667228 0.000633922 0.000613 0.000606313 0.000613328 0.000631543 0.000656055 0.000678522 0.000686056 0.000661055 0.000584063 0.000443773 0.000259436 9.85586e-05 2.10176e-05 2.88829e-06 4.98503e-07 2.60896e-07 5.36852e-07 2.24611e-06 7.86548e-06 1.50144e-05 1.62257e-05 1.20388e-05 7.12084e-06 3.58392e-06 1.52462e-06 5.00926e-07 9.1043e-08 0 
0 1.43275e-05 5.86021e-05 0.000132305 0.00023075 0.000344375 0.000459582 0.000561984 0.000641022 0.000693112 0.000721376 0.000732713 0.0007345 0.000732435 0.000729703 0.000726924 0.000722417 0.000712583 0.000692439 0.000656414 0.000599448 0.00051835 0.00041365 0.000292985 0.000175312 8.62341e-05 3.73438e-05 1.76266e-05 1.16912e-05 1.16784e-05 1.44987e-05 1.70348e-05 1.62257e-05 1.23692e-05 7.91362e-06 4.42579e-06 2.18433e-06 9.23236e-07 3.02712e-07 5.49825e-08 0 
0 8.20323e-06 3.36536e-05 7.64538e-05 0.000134908 0.000205337 0.000282252 0.00035912 0.000429657 0.000489167 0.000535301 0.000567918 0.000588292 0.000598133 0.000598844 0.000591135 0.00057502 0.000550062 0.000515778 0.000472073 0.000419546 0.000359627 0.000294606 0.000227859 0.000164346 0.000110355 7.08692e-05 4.62939e-05 3.28335e-05 2.56614e-05 2.09687e-05 1.65776e-05 1.20388e-05 7.91362e-06 4.72693e-06 2.56995e-06 1.25494e-06 5.2842e-07 1.73038e-07 3.14164e-08 0 
0 4.37265e-06 1.79616e-05 4.09103e-05 7.25337e-05 0.000111285 0.000154831 0.000200286 0.000244578 0.000284883 0.000318988 0.000345457 0.000363593 0.000373261 0.00037468 0.000368266 0.000354571 0.000334296 0.000308342 0.000277838 0.000244126 0.000208678 0.000173006 0.000138621 0.00010704 7.97383e-05 5.78069e-05 4.14501e-05 2.9845e-05 2.16162e-05 1.5511e-05 1.07786e-05 7.12084e-06 4.42579e-06 2.56995e-06 1.37971e-06 6.70281e-07 2.81687e-07 9.21776e-08 1.67315e-08 0 
0 2.11733e-06 8.70186e-06 1.98398e-05 3.52399e-05 5.42297e-05 7.57939e-05 9.86592e-05 0.000121419 0.000142682 0.000161212 0.000176032 0.000186478 0.000192203 0.000193154 0.000189526 0.000181731 0.000170353 0.000156117 0.000139837 0.000122364 0.000104526 8.70794e-05 7.0673e-05 5.58347e-05 4.29556e-05 3.22509e-05 2.37141e-05 1.71218e-05 1.21252e-05 8.37452e-06 5.5943e-06 3.58392e-06 2.18433e-06 1.25494e-06 6.70281e-07 3.24899e-07 1.36415e-07 4.4624e-08 8.09886e-09 0 
0 8.88575e-07 3.65261e-06 8.33087e-06 1.48073e-05 2.2811e-05 3.19328e-05 4.16572e-05 5.14073e-05 6.05976e-05 6.86866e-05 7.52217e-05 7.98719e-05 8.24447e-05 8.28885e-05 8.12844e-05 7.78284e-05 7.28077e-05 6.65733e-05 5.95096e-05 5.20039e-05 4.4419e-05 3.70715e-05 3.02177e-05 2.40464e-05 1.86773e-05 1.41606e-05 1.04812e-05 7.5703e-06 5.32651e-06 3.63893e-06 2.4027e-06 1.52462e-06 9.23236e-07 5.2842e-07 2.81687e-07 1.36415e-07 5.72536e-08 1.87258e-08 3.39836e-09 0 
0 2.90611e-07 1.19468e-06 2.7252e-06 4.84489e-06 7.46642e-06 1.04578e-05 1.36524e-05 1.6863e-05 1.9898e-05 2.2578e-05 2.47502e-05 2.63007e-05 2.71612e-05 2.73116e-05 2.67782e-05 2.56276e-05 2.39586e-05 2.18912e-05 1.95559e-05 1.70825e-05 1.45912e-05 1.21853e-05 9.94626e-06 7.93234e-06 6.17816e-06 4.69669e-06 3.4823e-06 2.51518e-06 1.76645e-06 1.20309e-06 7.91706e-07 5.00926e-07 3.02712e-07 1.73038e-07 9.21776e-08 4.4624e-08 1.87258e-08 6.12419e-09 1.11139e-09 0 
0 5.2739e-08 2.16812e-07 4.94595e-07 8.79364e-07 1.35535e-06 1.89869e-06 2.47927e-06 3.06319e-06 3.61568e-06 4.10402e-06 4.50025e-06 4.78335e-06 4.94063e-06 4.96824e-06 4.87093e-06 4.66097e-06 4.35654e-06 3.97973e-06 3.55449e-06 3.10458e-06 2.65187e-06 2.21506e-06 1.80883e-06 1.44351e-06 1.12517e-06 8.55982e-07 6.34939e-07 4.58591e-07 3.21911e-07 2.19058e-07 1.44015e-07 9.1043e-08 5.49825e-08 3.14164e-08 1.67315e-08 8.09886e-09 3.39836e-09 1.11139e-09 2.01686e-10 0 
0 0 0 0 0 0 0 0 0 0 0 0 0 0 0 0 0 0 0 0 0 0 0 0 0 0 0 0 0 0 0 0 0 0 0 0 0 0 0 0 0 
