0 0 0 0 0 0 0 0 0 0 0 0 0 0 0 0 0 0 0 0 0 0 0 0 0 0 0 0 0 0 0 0 0 0 0 0 0 0 0 0 0 
0 1.32527e-05 5.19264e-05 0.000108549 0.000168089 0.000213983 0.000236964 0.000238129 0.000224864 0.00020534 0.000185569 0.000168974 0.000157071 0.000150307 0.000148638 0.000151841 0.000159594 0.000171391 0.000186368 0.000203095 0.000219436 0.000232616 0.000239589 0.000237715 0.000225591 0.000203682 0.000174407 0.000141503 0.000108911 7.97261e-05 5.56628e-05 3.71293e-05 2.36516e-05 1.43366e-05 8.20557e-06 4.37319e-06 2.11744e-06 8.88593e-07 2.90614e-07 5.27391e-08 0 
0 5.19264e-05 0.00019005 0.000348317 0.000436402 0.000416582 0.000328137 0.000229111 0.000150728 9.82378e-05 6.60774e-05 4.73884e-05 3.71221e-05 3.22509e-05 3.12615e-05 3.37134e-05 4.00217e-05 5.14246e-05 7.00263e-05 9.87264e-05 0.00014073 0.00019827 0.000270399 0.000350404 0.000424592 0.000474811 0.000485563 0.000452353 0.000384748 0.000301024 0.000218887 0.000149373 9.62778e-05 5.86892e-05 3.36754e-05 1.79664e-05 8.70278e-06 3.65275e-06 1.1947e-06 2.16813e-07 0 
0 0.000108549 0.000348317 0.0004963 0.000423721 0.000249965 0.000115565 4.65175e-05 1.77767e-05 6.9562e-06 2.98096e-06 1.48076e-06 8.90388e-07 6.66031e-07 6.261e-07 7.34824e-07 1.05401e-06 1.78754e-06 3.44043e-06 7.18529e-06 1.55713e-05 3.35977e-05 6.96476e-05 0.000134721 0.000237497 0.000374077 0.000517342 0.000619772 0.000639869 0.000573423 0.000454288 0.000325521 0.000215167 0.000132733 7.65591e-05 4.0933e-05 1.9844e-05 8.33153e-06 2.72528e-06 4.946e-07 0 
0 0.000168089 0.000436402 0.000423721 0.000212435 6.70427e-05 1.56098e-05 3.05159e-06 5.64498e-07 1.10928e-07 2.57838e-08 7.77331e-09 3.26129e-09 1.99002e-09 1.79442e-09 2.3635e-09 4.38664e-09 1.08549e-08 3.34439e-08 1.19048e-07 4.54353e-07 1.73539e-06 6.25479e-06 2.032e-05 5.76017e-05 0.000139462 0.000283937 0.000478785 0.000658871 0.000736098 0.000677525 0.000531033 0.000368073 0.000232241 0.000135273 7.26109e-05 3.52539e-05 1.48094e-05 4.84513e-06 8.79379e-07 0 
0 0.000213983 0.000416582 0.000249965 6.70427e-05 1.01371e-05 1.03142e-06 8.3203e-08 6.29734e-09 5.29408e-10 5.79025e-11 9.43645e-12 2.54147e-12 1.20679e-12 1.0338e-12 1.5695e-12 4.001e-12 1.57668e-11 8.67257e-11 5.95565e-10 4.56705e-09 3.52708e-08 2.5109e-07 1.53734e-06 7.71549e-06 3.08812e-05 9.74604e-05 0.000241456 0.000465856 0.000691219 0.000787934 0.000709709 0.000531655 0.000348425 0.00020634 0.000111495 5.42674e-05 2.28166e-05 7.46705e-06 1.35538e-06 0 
0 0.000236964 0.000328137 0.000115565 1.56098e-05 1.03142e-06 4.08353e-08 1.19781e-09 3.26677e-11 1.04218e-12 4.82373e-14 3.89703e-15 6.32827e-16 2.25644e-16 1.82293e-16 3.25504e-16 1.19213e-15 7.98864e-15 8.51083e-14 1.23663e-12 2.10244e-11 3.62838e-10 5.62499e-09 7.11281e-08 6.8556e-07 4.84523e-06 2.47953e-05 9.24056e-05 0.000253265 0.00051008 0.000748241 0.000808246 0.000675797 0.000468538 0.000284542 0.000155315 7.58797e-05 3.19454e-05 1.04592e-05 1.89877e-06 0 
0 0.000238129 0.000229111 4.65175e-05 3.05159e-06 8.3203e-08 1.19781e-09 1.18929e-11 1.08837e-13 1.23178e-15 2.27229e-17 8.83028e-19 1.0088e-19 3.86192e-20 3.25022e-20 5.1311e-20 2.03357e-19 2.21994e-18 4.77492e-17 1.54669e-15 6.16068e-14 2.51259e-12 8.96073e-11 2.46562e-09 4.78948e-08 6.23488e-07 5.34367e-06 3.04701e-05 0.00011865 0.000322313 0.000611725 0.000809932 0.00077511 0.000578555 0.000363575 0.000201242 9.88284e-05 4.16817e-05 1.3655e-05 2.47942e-06 0 
0 0.000224864 0.000150728 1.77767e-05 5.64498e-07 6.29734e-09 3.26677e-11 1.08837e-13 3.31375e-16 1.32418e-18 1.31576e-20 1.36617e-21 4.78358e-22 3.04485e-22 2.77523e-22 3.28847e-22 6.06757e-22 2.00355e-21 2.73773e-20 1.75613e-18 1.64727e-16 1.5981e-14 1.31958e-12 7.95352e-11 3.13574e-09 7.57486e-08 1.09458e-06 9.57348e-06 5.25916e-05 0.000189368 0.00045729 0.000740722 0.000820387 0.00066731 0.000437194 0.000246235 0.000121714 5.14498e-05 1.68676e-05 3.06346e-06 0 
0 0.00020534 9.82378e-05 6.9562e-06 1.10928e-07 5.29408e-10 1.04218e-12 1.23178e-15 1.32418e-18 2.98832e-21 9.1364e-23 2.72808e-23 1.92868e-23 1.61832e-23 1.5338e-23 1.57957e-23 1.85441e-23 2.58865e-23 1.13961e-22 3.34754e-21 5.80946e-19 1.27984e-16 2.34394e-14 2.97325e-12 2.29606e-10 9.98688e-09 2.37453e-07 3.12269e-06 2.37342e-05 0.00011059 0.000330679 0.00064283 0.000820299 0.000729774 0.000500458 0.000287443 0.000143142 6.06637e-05 1.99051e-05 3.61609e-06 0 
0 0.000185569 6.60774e-05 2.98096e-06 2.57838e-08 5.79025e-11 4.82373e-14 2.27229e-17 1.31576e-20 9.1364e-23 5.47004e-24 2.06045e-24 1.89682e-24 1.85494e-24 1.80171e-24 1.70752e-24 1.5725e-24 1.4876e-24 3.25978e-24 4.0704e-23 4.27808e-21 1.73675e-18 6.44695e-16 1.58271e-13 2.21975e-11 1.62807e-09 6.02981e-08 1.14074e-06 1.15726e-05 6.755e-05 0.00024206 0.000548661 0.000793132 0.000767468 0.000550536 0.000322556 0.00016186 6.87798e-05 2.25879e-05 4.10459e-06 0 
0 0.000168974 4.73884e-05 1.48076e-06 7.77331e-09 9.43645e-12 3.89703e-15 8.83028e-19 1.36617e-21 2.72808e-23 2.06045e-24 4.43802e-25 3.0391e-25 2.9974e-25 2.92354e-25 2.6359e-25 2.15551e-25 1.81212e-25 3.71892e-25 3.54395e-24 1.65246e-22 5.2692e-20 3.40245e-17 1.43175e-14 3.26758e-12 3.67153e-10 1.95342e-08 4.97709e-07 6.39603e-06 4.4832e-05 0.000185467 0.000473936 0.000757015 0.000786186 0.000586722 0.000349995 0.000176865 7.5342e-05 2.4763e-05 4.50098e-06 0 
0 0.000157071 3.71221e-05 8.90388e-07 3.26129e-09 2.54147e-12 6.32827e-16 1.0088e-19 4.78358e-22 1.92868e-23 1.89682e-24 3.0391e-25 9.28225e-26 6.259e-26 5.59738e-26 4.82458e-26 3.82568e-26 3.94724e-26 1.3053e-25 1.22686e-24 3.24675e-23 4.83725e-21 4.05929e-18 2.51861e-15 8.16517e-13 1.24786e-10 8.62247e-09 2.7241e-07 4.15346e-06 3.32162e-05 0.000152166 0.000422834 0.000724815 0.000792863 0.000609806 0.000368909 0.000187464 8.00146e-05 2.63159e-05 4.78422e-06 0 
0 0.000150307 3.22509e-05 6.66031e-07 1.99002e-09 1.20679e-12 2.25644e-16 3.86192e-20 3.04485e-22 1.61833e-23 1.85494e-24 2.99741e-25 6.25901e-26 2.11097e-26 1.29326e-26 1.01057e-26 9.13133e-27 1.74853e-26 8.76236e-26 7.76272e-25 1.542e-23 1.48352e-21 1.2133e-18 9.37089e-16 3.70653e-13 6.74338e-11 5.40394e-09 1.92887e-07 3.24068e-06 2.79265e-05 0.00013548 0.00039446 0.000703616 0.000793221 0.000621188 0.000379044 0.000193283 8.26013e-05 2.71779e-05 4.94157e-06 0 
0 0.000148638 3.12615e-05 6.261e-07 1.79442e-09 1.0338e-12 1.82293e-16 3.25022e-20 2.77523e-22 1.5338e-23 1.80171e-24 2.92355e-25 5.5974e-26 1.29326e-26 4.49755e-27 2.82422e-27 3.83586e-27 1.35072e-26 7.88468e-26 6.93492e-25 1.31573e-23 1.17609e-21 9.40096e-19 7.59494e-16 3.13032e-13 5.90467e-11 4.87966e-09 1.7864e-07 3.06216e-06 2.6796e-05 0.00013153 0.000386746 0.000696109 0.000790629 0.000622141 0.000380552 0.000194254 8.30482e-05 2.73286e-05 4.9692e-06 0 
0 0.000151841 3.37134e-05 7.34824e-07 2.3635e-09 1.5695e-12 3.25504e-16 5.1311e-20 3.28847e-22 1.57957e-23 1.70752e-24 2.63591e-25 4.82459e-26 1.01058e-26 2.82422e-27 1.68035e-27 3.24017e-27 1.3855e-26 8.60868e-26 8.28675e-25 1.859e-23 2.14454e-21 1.83238e-18 1.3093e-15 4.82552e-13 8.25363e-11 6.27649e-09 2.14552e-07 3.48201e-06 2.92089e-05 0.000138821 0.000397949 0.000701903 0.00078586 0.000613414 0.000373853 0.000190571 8.14362e-05 2.67943e-05 4.87185e-06 0 
0 0.000159594 4.00217e-05 1.05401e-06 4.38664e-09 4.001e-12 1.19213e-15 2.03357e-19 6.06757e-22 1.85441e-23 1.5725e-24 2.15551e-25 3.82569e-26 9.13134e-27 3.83586e-27 3.24016e-27 5.40438e-27 1.89819e-26 1.19587e-25 1.40614e-24 4.89612e-23 1.03712e-20 8.25529e-18 4.47083e-15 1.2822e-12 1.76048e-10 1.11067e-08 3.25509e-07 4.6732e-06 3.56626e-05 0.000157655 0.000426615 0.00071803 0.000777317 0.000595188 0.000359561 0.00018266 7.79633e-05 2.5642e-05 4.66179e-06 0 
0 0.000171391 5.14246e-05 1.78754e-06 1.08549e-08 1.57668e-11 7.98864e-15 2.21994e-18 2.00355e-21 2.58865e-23 1.4876e-24 1.81212e-25 3.94724e-26 1.74853e-26 1.35072e-26 1.3855e-26 1.89818e-26 4.75489e-26 2.83797e-25 4.66244e-24 3.28146e-22 1.35653e-19 7.5296e-17 2.71139e-14 5.37789e-12 5.34451e-10 2.56152e-08 5.98648e-07 7.17764e-06 4.76661e-05 0.000189362 0.000470331 0.000738643 0.000761511 0.000567309 0.000338482 0.000171127 7.292e-05 2.39706e-05 4.35723e-06 0 
0 0.000186368 7.00263e-05 3.44043e-06 3.34439e-08 8.67257e-11 8.51083e-14 4.77492e-17 2.73773e-20 1.13961e-22 3.25978e-24 3.71892e-25 1.3053e-25 8.76234e-26 7.88466e-26 8.60867e-26 1.19586e-25 2.83796e-25 1.88176e-24 5.71198e-23 9.57058e-21 3.63753e-18 1.17931e-15 2.55096e-13 3.19035e-11 2.11522e-09 7.18422e-08 1.26448e-06 1.21017e-05 6.75394e-05 0.000234588 0.000523088 0.000754257 0.000733751 0.000529668 0.000311642 0.000156723 6.66614e-05 2.19006e-05 3.98028e-06 0 
0 0.000203095 9.87264e-05 7.18529e-06 1.19048e-07 5.95565e-10 1.23663e-12 1.54669e-15 1.75613e-18 3.34754e-21 4.0704e-23 3.54394e-24 1.22686e-24 7.76271e-25 6.93491e-25 8.28674e-25 1.40614e-24 4.66244e-24 5.71198e-23 3.84623e-21 7.23867e-19 1.51903e-16 2.64927e-14 3.20609e-12 2.36682e-10 9.86467e-09 2.25492e-07 2.86465e-06 2.1176e-05 9.69077e-05 0.00028889 0.000570882 0.000751196 0.0006891 0.000482581 0.000280289 0.000140285 5.95749e-05 1.95629e-05 3.5549e-06 0 
0 0.000219436 0.00014073 1.55713e-05 4.54353e-07 4.56705e-09 2.10244e-11 6.16068e-14 1.64727e-16 5.80946e-19 4.27808e-21 1.65246e-22 3.24675e-23 1.542e-23 1.31572e-23 1.859e-23 4.89612e-23 3.28146e-22 9.57057e-21 7.23867e-19 7.44615e-17 7.91512e-15 7.11686e-13 4.61491e-11 1.92475e-09 4.82694e-08 7.12585e-07 6.31415e-06 3.52177e-05 0.000130555 0.000333061 0.000586365 0.0007122 0.000623475 0.000427032 0.000245855 0.00012268 5.20502e-05 1.70875e-05 3.10487e-06 0 
0 0.000232616 0.00019827 3.35977e-05 1.73539e-06 3.52708e-08 3.62838e-10 2.51259e-12 1.5981e-14 1.27984e-16 1.73675e-18 5.2692e-20 4.83725e-21 1.48352e-21 1.17609e-21 2.14454e-21 1.03712e-20 1.35653e-19 3.63753e-18 1.51903e-16 7.91512e-15 4.21316e-13 1.92317e-11 6.52763e-10 1.48437e-08 2.13183e-07 1.92023e-06 1.13148e-05 4.66411e-05 0.000141777 0.000321143 0.000528421 0.000619808 0.000534779 0.000364723 0.000209859 0.000104744 4.4451e-05 1.45947e-05 2.65208e-06 0 
0 0.000239589 0.000270399 6.96476e-05 6.25479e-06 2.5109e-07 5.62499e-09 8.96073e-11 1.31958e-12 2.34394e-14 6.44695e-16 3.40245e-17 4.05929e-18 1.2133e-18 9.40096e-19 1.83238e-18 8.25529e-18 7.5296e-17 1.17931e-15 2.64927e-14 7.11686e-13 1.92317e-11 4.46727e-10 7.77244e-09 9.06474e-08 6.65799e-07 3.1524e-06 1.08831e-05 3.20848e-05 8.69285e-05 0.000203768 0.00036605 0.000465731 0.000424337 0.000298042 0.000173819 8.72308e-05 3.7094e-05 1.21877e-05 2.21521e-06 0 
0 0.000237715 0.000350404 0.000134721 2.032e-05 1.53734e-06 7.11281e-08 2.46562e-09 7.95352e-11 2.97325e-12 1.58271e-13 1.43175e-14 2.51861e-15 9.37089e-16 7.59494e-16 1.3093e-15 4.47083e-15 2.71139e-14 2.55096e-13 3.20609e-12 4.61491e-11 6.52763e-10 7.77244e-09 6.60882e-08 3.38496e-07 9.3116e-07 1.49659e-06 2.06453e-06 4.00009e-06 1.28531e-05 5.00381e-05 0.000149848 0.000271308 0.000299904 0.000230278 0.000139211 7.07841e-05 3.02342e-05 9.94807e-06 1.80894e-06 0 
0 0.000225591 0.000424592 0.000237497 5.76017e-05 7.71549e-06 6.8556e-07 4.78948e-08 3.13574e-09 2.29606e-10 2.21975e-11 3.26758e-12 8.16517e-13 3.70653e-13 3.13032e-13 4.82552e-13 1.2822e-12 5.37789e-12 3.19035e-11 2.36682e-10 1.92475e-09 1.48437e-08 9.06474e-08 3.38496e-07 5.39924e-07 2.67936e-07 4.92834e-08 1.00152e-08 1.00451e-08 7.96938e-08 1.68727e-06 2.27698e-05 0.000103896 0.000179869 0.000166186 0.000107507 5.59226e-05 2.40593e-05 7.93374e-06 1.44359e-06 0 
0 0.000203682 0.000474811 0.000374077 0.000139462 3.08812e-05 4.84523e-06 6.23488e-07 7.57486e-08 9.98688e-09 1.62807e-09 3.67153e-10 1.24786e-10 6.74338e-11 5.90467e-11 8.25363e-11 1.76048e-10 5.34451e-10 2.11522e-09 9.86467e-09 4.82694e-08 2.13183e-07 6.65799e-07 9.3116e-07 2.67936e-07 6.89576e-09 2.03288e-11 8.7534e-14 2.54858e-14 2.24901e-12 2.23538e-09 7.74643e-07 2.26669e-05 8.91128e-05 0.000111819 8.01286e-05 4.30285e-05 1.86878e-05 6.17928e-06 1.12523e-06 0 
0 0.000174407 0.000485563 0.000517342 0.000283937 9.74604e-05 2.47953e-05 5.34367e-06 1.09458e-06 2.37453e-07 6.02981e-08 1.95342e-08 8.62247e-09 5.40394e-09 4.87966e-09 6.27649e-09 1.11067e-08 2.56152e-08 7.18422e-08 2.25492e-07 7.12585e-07 1.92023e-06 3.1524e-06 1.49659e-06 4.92834e-08 2.03288e-11 2.56324e-16 2.66224e-15 1.63243e-15 2.69473e-15 1.49583e-13 7.27652e-09 3.22489e-06 3.89946e-05 7.20112e-05 5.81305e-05 3.23108e-05 1.4169e-05 4.69756e-06 8.56031e-07 0 
0 0.000141503 0.000452353 0.000619772 0.000478785 0.000241456 9.24056e-05 3.04701e-05 9.57348e-06 3.12269e-06 1.14074e-06 4.97709e-07 2.7241e-07 1.92887e-07 1.7864e-07 2.14552e-07 3.25509e-07 5.98648e-07 1.26448e-06 2.86465e-06 6.31415e-06 1.13148e-05 1.08831e-05 2.06453e-06 1.00152e-08 8.7534e-14 2.66224e-15 4.7089e-16 2.60122e-16 2.52343e-16 2.25037e-15 1.07742e-10 5.74272e-07 1.85687e-05 4.71407e-05 4.17012e-05 2.37602e-05 1.04876e-05 3.48295e-06 6.34975e-07 0 
0 0.000108911 0.000384748 0.000639869 0.000658871 0.000465856 0.000253265 0.00011865 5.25916e-05 2.37342e-05 1.15726e-05 6.39603e-06 4.15346e-06 3.24068e-06 3.06216e-06 3.48201e-06 4.6732e-06 7.17764e-06 1.21017e-05 2.1176e-05 3.52177e-05 4.66411e-05 3.20848e-05 4.00009e-06 1.00451e-08 2.54858e-14 1.63244e-15 2.60122e-16 2.66934e-16 1.33573e-15 3.4747e-14 3.03603e-11 3.0257e-07 1.23313e-05 3.34321e-05 3.00211e-05 1.71536e-05 7.57465e-06 2.51562e-06 4.58616e-07 0 
0 7.97261e-05 0.000301024 0.000573423 0.000736098 0.000691219 0.00051008 0.000322313 0.000189368 0.00011059 6.755e-05 4.4832e-05 3.32162e-05 2.79265e-05 2.6796e-05 2.92089e-05 3.56626e-05 4.76661e-05 6.75394e-05 9.69077e-05 0.000130555 0.000141777 8.69285e-05 1.28531e-05 7.96938e-08 2.24901e-12 2.69473e-15 2.52343e-16 1.33573e-15 1.94498e-16 5.34529e-16 3.54092e-10 6.07538e-07 1.22172e-05 2.6059e-05 2.17249e-05 1.21445e-05 5.32913e-06 1.76672e-06 3.21925e-07 0 
0 5.56628e-05 0.000218887 0.000454288 0.000677525 0.000787934 0.000748241 0.000611725 0.00045729 0.000330679 0.00024206 0.000185467 0.000152166 0.00013548 0.00013153 0.000138821 0.000157655 0.000189362 0.000234588 0.00028889 0.000333061 0.000321143 0.000203768 5.00381e-05 1.68727e-06 2.23538e-09 1.49583e-13 2.25037e-15 3.4747e-14 5.34529e-16 7.9902e-12 2.54866e-08 2.44115e-06 1.49643e-05 2.12032e-05 1.55688e-05 8.3846e-06 3.64031e-06 1.20323e-06 2.19066e-07 0 
0 3.71293e-05 0.000149373 0.000325521 0.000531033 0.000709709 0.000808246 0.000809932 0.000740722 0.00064283 0.000548661 0.000473936 0.000422834 0.00039446 0.000386746 0.000397949 0.000426615 0.000470331 0.000523088 0.000570882 0.000586365 0.000528421 0.00036605 0.000149848 2.27698e-05 7.74643e-07 7.27652e-09 1.07742e-10 3.03603e-11 3.54092e-10 2.54866e-08 1.01776e-06 8.24042e-06 1.73562e-05 1.66925e-05 1.08046e-05 5.59881e-06 2.40333e-06 7.91772e-07 1.44018e-07 0 
0 2.36516e-05 9.62778e-05 0.000215167 0.000368073 0.000531655 0.000675797 0.00077511 0.000820387 0.000820299 0.000793132 0.000757015 0.000724815 0.000703616 0.000696109 0.000701903 0.00071803 0.000738643 0.000754257 0.000751196 0.0007122 0.000619808 0.000465731 0.000271308 0.000103896 2.26669e-05 3.22489e-06 5.74272e-07 3.0257e-07 6.07538e-07 2.44115e-06 8.24042e-06 1.53545e-05 1.63819e-05 1.20841e-05 7.13067e-06 3.58565e-06 1.52487e-06 5.00953e-07 9.10445e-08 0 
0 1.43366e-05 5.86892e-05 0.000132733 0.000232241 0.000348425 0.000468538 0.000578555 0.00066731 0.000729774 0.000767468 0.000786186 0.000792863 0.000793221 0.000790629 0.00078586 0.000777317 0.000761511 0.000733751 0.0006891 0.000623475 0.000534779 0.000424337 0.000299904 0.000179869 8.91128e-05 3.89946e-05 1.85687e-05 1.23313e-05 1.22172e-05 1.49643e-05 1.73562e-05 1.63819e-05 1.24235e-05 7.92808e-06 4.42894e-06 2.1849e-06 9.23322e-07 3.02721e-07 5.49831e-08 0 
0 8.20557e-06 3.36754e-05 7.65591e-05 0.000135273 0.00020634 0.000284542 0.000363575 0.000437194 0.000500458 0.000550536 0.000586722 0.000609806 0.000621188 0.000622141 0.000613414 0.000595188 0.000567309 0.000529668 0.000482581 0.000427032 0.000364723 0.000298042 0.000230278 0.000166186 0.000111819 7.20112e-05 4.71407e-05 3.34321e-05 2.6059e-05 2.12032e-05 1.66925e-05 1.20841e-05 7.92808e-06 4.73076e-06 2.5708e-06 1.2551e-06 5.28445e-07 1.73041e-07 3.14166e-08 0 
0 4.37319e-06 1.79664e-05 4.0933e-05 7.26109e-05 0.000111495 0.000155315 0.000201242 0.000246235 0.000287443 0.000322556 0.000349995 0.000368909 0.000379044 0.000380552 0.000373853 0.000359561 0.000338482 0.000311642 0.000280289 0.000245855 0.000209859 0.000173819 0.000139211 0.000107507 8.01286e-05 5.81305e-05 4.17012e-05 3.00211e-05 2.17249e-05 1.55688e-05 1.08046e-05 7.13067e-06 4.42894e-06 2.5708e-06 1.37991e-06 6.70321e-07 2.81693e-07 9.21784e-08 1.67316e-08 0 
0 2.11744e-06 8.70278e-06 1.9844e-05 3.52539e-05 5.42674e-05 7.58797e-05 9.88284e-05 0.000121714 0.000143142 0.00016186 0.000176865 0.000187464 0.000193283 0.000194254 0.000190571 0.00018266 0.000171127 0.000156723 0.000140285 0.00012268 0.000104744 8.72308e-05 7.07841e-05 5.59226e-05 4.30285e-05 3.23108e-05 2.37602e-05 1.71536e-05 1.21445e-05 8.3846e-06 5.59881e-06 3.58565e-06 2.1849e-06 1.2551e-06 6.70321e-07 3.24907e-07 1.36416e-07 4.46242e-08 8.09888e-09 0 
0 8.88593e-07 3.65275e-06 8.33153e-06 1.48094e-05 2.28166e-05 3.19454e-05 4.16817e-05 5.14498e-05 6.06637e-05 6.87798e-05 7.5342e-05 8.00146e-05 8.26013e-05 8.30482e-05 8.14362e-05 7.79633e-05 7.292e-05 6.66614e-05 5.95749e-05 5.20502e-05 4.4451e-05 3.7094e-05 3.02342e-05 2.40593e-05 1.86878e-05 1.4169e-05 1.04876e-05 7.57465e-06 5.32913e-06 3.64031e-06 2.40333e-06 1.52487e-06 9.23322e-07 5.28445e-07 2.81693e-07 1.36416e-07 5.72538e-08 1.87258e-08 3.39836e-09 0 
0 2.90614e-07 1.1947e-06 2.72528e-06 4.84513e-06 7.46705e-06 1.04592e-05 1.3655e-05 1.68676e-05 1.99051e-05 2.25879e-05 2.4763e-05 2.63159e-05 2.71779e-05 2.73286e-05 2.67943e-05 2.5642e-05 2.39706e-05 2.19006e-05 1.95629e-05 1.70875e-05 1.45947e-05 1.21877e-05 9.94807e-06 7.93374e-06 6.17928e-06 4.69756e-06 3.48295e-06 2.51562e-06 1.76672e-06 1.20323e-06 7.91772e-07 5.00953e-07 3.02721e-07 1.73041e-07 9.21784e-08 4.46242e-08 1.87258e-08 6.12419e-09 1.11139e-09 0 
0 5.27391e-08 2.16813e-07 4.946e-07 8.79379e-07 1.35538e-06 1.89877e-06 2.47942e-06 3.06346e-06 3.61609e-06 4.10459e-06 4.50098e-06 4.78422e-06 4.94157e-06 4.9692e-06 4.87185e-06 4.66179e-06 4.35723e-06 3.98028e-06 3.5549e-06 3.10487e-06 2.65208e-06 2.21521e-06 1.80894e-06 1.44359e-06 1.12523e-06 8.56031e-07 6.34975e-07 4.58616e-07 3.21925e-07 2.19066e-07 1.44018e-07 9.10445e-08 5.49831e-08 3.14166e-08 1.67316e-08 8.09888e-09 3.39836e-09 1.11139e-09 2.01686e-10 0 
0 0 0 0 0 0 0 0 0 0 0 0 0 0 0 0 0 0 0 0 0 0 0 0 0 0 0 0 0 0 0 0 0 0 0 0 0 0 0 0 0 
