0 0 0 0 0 0 0 0 0 0 0 0 0 0 0 0 0 0 0 0 0 0 0 0 0 0 0 0 0 0 0 0 0 0 0 0 0 0 0 0 0 
0 1.37902e-05 5.66878e-05 0.000129297 0.00022981 0.000353993 0.000495408 0.000645886 0.000796253 0.000937234 0.00106041 0.00115904 0.00122853 0.00126655 0.0012728 0.00124871 0.0011971 0.00112193 0.00102809 0.0009211 0.000806771 0.000690733 0.000578007 0.000472651 0.000377579 0.000294532 0.000224186 0.000166342 0.000120148 8.43248e-05 5.73643e-05 3.76988e-05 2.38241e-05 1.43839e-05 8.21723e-06 4.37575e-06 2.11793e-06 8.88673e-07 2.90623e-07 5.27398e-08 0 
0 5.66878e-05 0.000232999 0.000531287 0.000943743 0.00145206 0.00202806 0.0026356 0.00323417 0.003784 0.00425175 0.00461471 0.00486188 0.00499199 0.00500966 0.00492215 0.00473772 0.00446609 0.00411979 0.00371533 0.003273 0.00281516 0.00236365 0.00193718 0.00154969 0.00120982 0.000921269 0.000683718 0.0004939 0.000346655 0.000235827 0.000154983 9.79429e-05 5.91334e-05 3.37818e-05 1.79891e-05 8.70702e-06 3.65342e-06 1.19478e-06 2.16818e-07 0 
0 0.000129297 0.000531287 0.00121064 0.0021474 0.00329454 0.0045775 0.00589837 0.00714825 0.0082284 0.00907306 0.00966188 0.0100144 0.0101707 0.0101691 0.0100316 0.00976081 0.00934626 0.00877745 0.00805714 0.00720931 0.00627811 0.00531866 0.00438504 0.0035207 0.00275423 0.00209961 0.00155906 0.00112651 0.000790752 0.000537968 0.000353553 0.000223433 0.000134899 7.70653e-05 4.10381e-05 1.98631e-05 8.33443e-06 2.72561e-06 4.94621e-07 0 
0 0.00022981 0.000943743 0.0021474 0.00379664 0.00578614 0.00794093 0.0100258 0.0117912 0.0130535 0.0137651 0.0140206 0.0139955 0.0138652 0.0137483 0.0136868 0.0136493 0.0135473 0.0132634 0.012693 0.0117866 0.010574 0.00915382 0.00765584 0.00620044 0.00487419 0.00372507 0.00276941 0.00200216 0.00140575 0.000956457 0.000628609 0.000397265 0.000239852 0.000137023 7.29663e-05 3.53168e-05 1.48187e-05 4.84619e-06 8.79444e-07 0 
0 0.000353993 0.00145206 0.00329454 0.00578614 0.00869599 0.0116268 0.0140585 0.0155275 0.0158705 0.015315 0.0143187 0.0133216 0.0126108 0.0123182 0.0124677 0.0130056 0.0138002 0.0146287 0.0151956 0.0152126 0.014519 0.0131592 0.0113497 0.00936589 0.00743973 0.00571621 0.00426053 0.00308366 0.00216612 0.00147408 0.000968877 0.000612322 0.000369698 0.000211203 0.000112468 5.44362e-05 2.28411e-05 7.46975e-06 1.35555e-06 0 
0 0.000495408 0.00202806 0.0045775 0.00794093 0.0116268 0.0148052 0.0165361 0.0163363 0.014581 0.0121954 0.00999665 0.00838311 0.00743432 0.00710865 0.00736386 0.00819066 0.00958416 0.0114639 0.0135668 0.0154005 0.0163826 0.0161461 0.0147558 0.0126219 0.0102301 0.00794147 0.00594789 0.00431409 0.00303309 0.00206478 0.0013573 0.000857842 0.000517942 0.000295894 0.000157567 7.6265e-05 3.20004e-05 1.04651e-05 1.89912e-06 0 
0 0.000645886 0.0026356 0.00589837 0.0100258 0.0140585 0.0165361 0.0163104 0.0136582 0.0101004 0.00701267 0.00488672 0.00362193 0.00297702 0.00277673 0.0029524 0.00353483 0.00464023 0.00643024 0.00899144 0.0121067 0.0150715 0.0169014 0.0169665 0.0154166 0.0129352 0.0102223 0.00772078 0.00562048 0.00395744 0.00269557 0.00177233 0.00112023 0.000676382 0.000386412 0.000205769 9.95958e-05 4.17899e-05 1.36666e-05 2.48009e-06 0 
0 0.000796253 0.00323417 0.00714825 0.0117912 0.0155275 0.0163363 0.0136582 0.00931887 0.0055466 0.00314366 0.00184737 0.00120591 0.00091709 0.000833471 0.00090887 0.00117104 0.00172685 0.00278603 0.00465705 0.00759998 0.0114318 0.0151514 0.0173219 0.0171926 0.0152028 0.0123512 0.00945177 0.00691985 0.00488354 0.00332928 0.00218967 0.00138417 0.000835778 0.000477479 0.000254265 0.000123069 5.1639e-05 1.68875e-05 3.0646e-06 0 
0 0.000937234 0.003784 0.0082284 0.0130535 0.0158705 0.014581 0.0101004 0.0055466 0.00265681 0.00123767 0.000618331 0.000357677 0.000252469 0.000223568 0.000249285 0.00034367 0.00056463 0.00105031 0.00208001 0.00409707 0.00748686 0.0119267 0.0159072 0.0176569 0.0167436 0.0141299 0.011013 0.00812761 0.00575439 0.00392774 0.0025844 0.00163394 0.000986639 0.000563676 0.000300167 0.000145286 6.09615e-05 1.99363e-05 3.61786e-06 0 
0 0.00106041 0.00425175 0.00907306 0.0137651 0.015315 0.0121954 0.00701267 0.00314366 0.00123767 0.000484006 0.000209113 0.000108445 7.14741e-05 6.17092e-05 7.00488e-05 0.000102389 0.000184891 0.000389613 0.000895456 0.00208437 0.00454943 0.00864676 0.0135096 0.0169601 0.0174492 0.0154214 0.0122972 0.00916738 0.00651709 0.00445517 0.00293306 0.00185472 0.00112002 0.000639893 0.000340757 0.000164933 6.9205e-05 2.26322e-05 4.10709e-06 0 
0 0.00115904 0.00461471 0.00966188 0.0140206 0.0143187 0.00999665 0.00488672 0.00184737 0.000618331 0.000209113 7.99773e-05 3.779e-05 2.34615e-05 1.97779e-05 2.27281e-05 3.47985e-05 6.7837e-05 0.000158237 0.000410624 0.0010956 0.00277014 0.00612251 0.0110319 0.0155896 0.0174319 0.0161863 0.0132363 0.00998013 0.00712787 0.00488129 0.00321562 0.00203384 0.00122828 0.000701758 0.000373704 0.00018088 7.58966e-05 2.48205e-05 4.50422e-06 0 
0 0.00122853 0.00486188 0.0100144 0.0139955 0.0133216 0.00838311 0.00362193 0.00120591 0.000357677 0.000108445 3.779e-05 1.66082e-05 9.82678e-06 8.10816e-06 9.37109e-06 1.48081e-05 3.04855e-05 7.65482e-05 0.000217079 0.000640309 0.00180554 0.00447437 0.00902429 0.0140794 0.0169497 0.0164799 0.0138086 0.0105295 0.00755568 0.00518366 0.00341708 0.00216176 0.00130564 0.000745974 0.000397254 0.000192279 8.06797e-05 2.63848e-05 4.78808e-06 0 
0 0.00126655 0.00499199 0.0101707 0.0138652 0.0126108 0.00743432 0.00297702 0.00091709 0.000252469 7.14741e-05 2.34615e-05 9.82678e-06 5.6206e-06 4.55518e-06 5.25767e-06 8.43186e-06 1.78775e-05 4.68138e-05 0.000139863 0.000438192 0.00132133 0.00352077 0.00765152 0.0127957 0.0162759 0.0164095 0.014029 0.0108018 0.00778367 0.00534907 0.00352837 0.00223269 0.00134859 0.00077054 0.000410341 0.000198614 8.3338e-05 2.72541e-05 4.94585e-06 0 
0 0.0012728 0.00500966 0.0101691 0.0137483 0.0123182 0.00710865 0.00277673 0.000833471 0.000223568 6.17092e-05 1.97779e-05 8.10816e-06 4.55518e-06 3.64228e-06 4.16911e-06 6.66745e-06 1.41763e-05 3.74286e-05 0.000113326 0.000361596 0.00111605 0.00305987 0.00687379 0.0118985 0.0156013 0.0160794 0.0139307 0.0108009 0.00780841 0.00537373 0.00354674 0.00224486 0.00135607 0.000774845 0.000412639 0.000199728 8.38056e-05 2.74071e-05 4.9736e-06 0 
0 0.00124871 0.00492215 0.0100316 0.0136868 0.0124677 0.00736386 0.0029524 0.00090887 0.000249285 7.00488e-05 2.27281e-05 9.37109e-06 5.25767e-06 4.16911e-06 4.70264e-06 7.37294e-06 1.53128e-05 3.94181e-05 0.000116359 0.000362583 0.00109662 0.00296123 0.00659497 0.0113972 0.0149998 0.0155508 0.0135451 0.0105412 0.00763765 0.00526248 0.00347539 0.00220032 0.00132935 0.000759618 0.000404541 0.000195811 8.21622e-05 2.68697e-05 4.87608e-06 0 
0 0.0011971 0.00473772 0.00976081 0.0136493 0.0130056 0.00819066 0.00353483 0.00117104 0.00034367 0.000102389 3.47985e-05 1.48081e-05 8.43186e-06 6.66745e-06 7.37294e-06 1.11609e-05 2.21044e-05 5.3777e-05 0.000149245 0.00043651 0.00124122 0.0031667 0.00672084 0.0112071 0.0144373 0.0148295 0.0128913 0.0100423 0.00728728 0.00502716 0.00332253 0.00210446 0.00127172 0.000726767 0.000387066 0.000187356 7.86155e-05 2.57099e-05 4.66562e-06 0 
0 0.00112193 0.00446609 0.00934626 0.0135473 0.0138002 0.00958416 0.00464023 0.00172685 0.00056463 0.000184891 6.7837e-05 3.04855e-05 1.78775e-05 1.41763e-05 1.53128e-05 2.21044e-05 4.09077e-05 9.15658e-05 0.000231403 0.000613108 0.00157873 0.00366452 0.00715415 0.011176 0.0138004 0.0138765 0.0119755 0.00932432 0.00677782 0.00468423 0.0031 0.00196511 0.00118805 0.000679107 0.000361723 0.000175098 7.34734e-05 2.40285e-05 4.36051e-06 0 
0 0.00102809 0.00411979 0.00877745 0.0132634 0.0146287 0.0114639 0.00643024 0.00278603 0.00105031 0.000389613 0.000158237 7.65482e-05 4.68138e-05 3.74286e-05 3.94181e-05 5.3777e-05 9.15658e-05 0.000184595 0.000413838 0.000964018 0.00217658 0.0044502 0.00776026 0.0110965 0.0129352 0.0126324 0.0107951 0.00840487 0.00612984 0.00425151 0.00282124 0.00179151 0.00108416 0.000620043 0.000330344 0.000159927 6.71104e-05 2.1948e-05 3.98299e-06 0 
0 0.0009211 0.00371533 0.00805714 0.012693 0.0151956 0.0135668 0.00899144 0.00465705 0.00208001 0.000895456 0.000410624 0.000217079 0.000139863 0.000113326 0.000116359 0.000149245 0.000231403 0.000413838 0.000807036 0.00161468 0.00311569 0.0054704 0.00833559 0.0107353 0.0116971 0.0110445 0.00934278 0.00729221 0.00535691 0.00374341 0.00249873 0.0015929 0.000966151 0.000553206 0.000294901 0.000142803 5.99311e-05 1.96008e-05 3.55709e-06 0 
0 0.000806771 0.003273 0.00720931 0.0117866 0.0152126 0.0154005 0.0121067 0.00759998 0.00409707 0.00208437 0.0010956 0.000640309 0.000438192 0.000361596 0.000362583 0.00043651 0.000613108 0.000964018 0.00161468 0.00273106 0.00442585 0.00656296 0.00861949 0.00989526 0.0100008 0.00908628 0.00760381 0.00597434 0.00445474 0.003164 0.00214047 0.00137702 0.000839681 0.000482115 0.000257333 0.000124679 5.23364e-05 1.71184e-05 3.10668e-06 0 
0 0.000690733 0.00281516 0.00627811 0.010574 0.014519 0.0163826 0.0150715 0.0114318 0.00748686 0.00454943 0.00277014 0.00180554 0.00132133 0.00111605 0.00109662 0.00124122 0.00157873 0.00217658 0.00311569 0.00442585 0.00598239 0.00744578 0.00837454 0.00849157 0.00785633 0.00677253 0.00556127 0.00441413 0.0033917 0.00249928 0.001746 0.00114848 0.000709342 0.00040989 0.000219407 0.000106428 4.46947e-05 1.46212e-05 2.65364e-06 0 
0 0.000578007 0.00236365 0.00531866 0.00915382 0.0131592 0.0161461 0.0169014 0.0151514 0.0119267 0.00864676 0.00612251 0.00447437 0.00352077 0.00305987 0.00296123 0.0031667 0.00366452 0.0044502 0.0054704 0.00656296 0.00744578 0.00781235 0.00750074 0.00659909 0.00539513 0.00421738 0.00327983 0.00261943 0.00214261 0.00172558 0.00130681 0.00090832 0.000578424 0.000339108 0.000182625 8.87931e-05 3.73204e-05 1.22123e-05 2.21665e-06 0 
0 0.000472651 0.00193718 0.00438504 0.00765584 0.0113497 0.0147558 0.0169665 0.0173219 0.0159072 0.0135096 0.0110319 0.00902429 0.00765152 0.00687379 0.00659497 0.00672084 0.00715415 0.00776026 0.00833559 0.00861949 0.00837454 0.00750074 0.00610135 0.00445872 0.00293901 0.00183194 0.00120431 0.000939916 0.000884803 0.00089182 0.000828543 0.000658593 0.000449742 0.000271901 0.0001482 7.2367e-05 3.04607e-05 9.97236e-06 1.81035e-06 0 
0 0.000377579 0.00154969 0.0035207 0.00620044 0.00936589 0.0126219 0.0154166 0.0171926 0.0176569 0.0169601 0.0155896 0.0140794 0.0127957 0.0118985 0.0113972 0.0112071 0.011176 0.0110965 0.0107353 0.00989526 0.00849157 0.00659909 0.00445872 0.00246938 0.00107001 0.000389941 0.000161553 0.000113043 0.000147622 0.000257182 0.000387684 0.000415776 0.000328091 0.000210333 0.000117092 5.75814e-05 2.42914e-05 7.95809e-06 1.44498e-06 0 
0 0.000294532 0.00120982 0.00275423 0.00487419 0.00743973 0.0102301 0.0129352 0.0152028 0.0167436 0.0174492 0.0174319 0.0169497 0.0162759 0.0156013 0.0149998 0.0144373 0.0138004 0.0129352 0.0116971 0.0100008 0.00785633 0.00539513 0.00293901 0.00107001 0.000215409 2.60396e-05 3.89806e-06 2.07911e-06 5.3874e-06 2.93704e-05 0.00011646 0.000219188 0.000222502 0.000156736 9.00388e-05 4.47123e-05 1.89175e-05 6.2028e-06 1.12654e-06 0 
0 0.000224186 0.000921269 0.00209961 0.00372507 0.00571621 0.00794147 0.0102223 0.0123512 0.0141299 0.0154214 0.0161863 0.0164799 0.0164095 0.0160794 0.0155508 0.0148295 0.0138765 0.0126324 0.0110445 0.00908628 0.00677253 0.00421738 0.00183194 0.000389941 2.60396e-05 5.79832e-07 1.73727e-08 5.96378e-09 4.52134e-08 1.43533e-06 2.41048e-05 0.000100748 0.000143048 0.000113296 6.75047e-05 3.38822e-05 1.43788e-05 4.7186e-06 8.5718e-07 0 
0 0.000166342 0.000683718 0.00155906 0.00276941 0.00426053 0.00594789 0.00772078 0.00945177 0.011013 0.0122972 0.0132363 0.0138086 0.014029 0.0139307 0.0135451 0.0128913 0.0119755 0.0107951 0.00934278 0.00760381 0.00556127 0.00327983 0.00120431 0.000161553 3.89806e-06 1.73727e-08 1.10222e-10 2.45653e-11 5.21198e-10 8.83672e-08 5.69557e-06 4.88674e-05 9.26756e-05 8.08062e-05 4.95366e-05 2.50621e-05 1.06588e-05 3.49989e-06 6.3589e-07 0 
0 0.000120148 0.0004939 0.00112651 0.00200216 0.00308366 0.00431409 0.00562048 0.00691985 0.00812761 0.00916738 0.00998013 0.0105295 0.0108018 0.0108009 0.0105412 0.0100423 0.00932432 0.00840487 0.00729221 0.00597434 0.00441413 0.00261943 0.000939916 0.000113043 2.07911e-06 5.96378e-09 2.45653e-11 4.78924e-12 1.31517e-10 3.43129e-08 3.1168e-06 3.19768e-05 6.49689e-05 5.78876e-05 3.57014e-05 1.80911e-05 7.69723e-06 2.52769e-06 4.59265e-07 0 
0 8.43248e-05 0.000346655 0.000790752 0.00140575 0.00216612 0.00303309 0.00395744 0.00488354 0.00575439 0.00651709 0.00712787 0.00755568 0.00778367 0.00780841 0.00763765 0.00728728 0.00677782 0.00612984 0.00535691 0.00445474 0.0033917 0.00214261 0.000884803 0.000147622 5.3874e-06 4.52134e-08 5.21198e-10 1.31517e-10 1.71561e-09 1.37539e-07 4.8738e-06 3.02427e-05 5.01684e-05 4.17776e-05 2.5252e-05 1.27237e-05 5.40517e-06 1.77425e-06 3.22333e-07 0 
0 5.73643e-05 0.000235827 0.000537968 0.000956457 0.00147408 0.00206478 0.00269557 0.00332928 0.00392774 0.00445517 0.00488129 0.00518366 0.00534907 0.00537373 0.00526248 0.00502716 0.00468423 0.00425151 0.00374341 0.003164 0.00249928 0.00172558 0.00089182 0.000257182 2.93704e-05 1.43533e-06 8.83672e-08 3.43129e-08 1.37539e-07 1.65726e-06 1.2693e-05 3.4255e-05 4.03295e-05 2.98745e-05 1.7424e-05 8.68984e-06 3.68096e-06 1.20733e-06 2.19291e-07 0 
0 3.76988e-05 0.000154983 0.000353553 0.000628609 0.000968877 0.0013573 0.00177233 0.00218967 0.0025844 0.00293306 0.00321562 0.00341708 0.00352837 0.00354674 0.00347539 0.00332253 0.0031 0.00282124 0.00249873 0.00214047 0.001746 0.00130681 0.000828543 0.000387684 0.00011646 2.41048e-05 5.69557e-06 3.1168e-06 4.8738e-06 1.2693e-05 2.73205e-05 3.60459e-05 3.11642e-05 2.06574e-05 1.16254e-05 5.73582e-06 2.42206e-06 7.93707e-07 1.44127e-07 0 
0 2.38241e-05 9.79429e-05 0.000223433 0.000397265 0.000612322 0.000857842 0.00112023 0.00138417 0.00163394 0.00185472 0.00203384 0.00216176 0.00223269 0.00224486 0.00220032 0.00210446 0.00196511 0.00179151 0.0015929 0.00137702 0.00114848 0.00090832 0.000658593 0.000415776 0.000219188 0.000100748 4.88674e-05 3.19768e-05 3.02427e-05 3.4255e-05 3.60459e-05 3.10754e-05 2.20802e-05 1.35653e-05 7.43646e-06 3.6382e-06 1.53232e-06 5.01749e-07 9.10907e-08 0 
0 1.43839e-05 5.91334e-05 0.000134899 0.000239852 0.000369698 0.000517942 0.000676382 0.000835778 0.000986639 0.00112002 0.00122828 0.00130564 0.00134859 0.00135607 0.00132935 0.00127172 0.00118805 0.00108416 0.000966151 0.000839681 0.000709342 0.000578424 0.000449742 0.000328091 0.000222502 0.000143048 9.26756e-05 6.49689e-05 5.01684e-05 4.03295e-05 3.11642e-05 2.20802e-05 1.42237e-05 8.38457e-06 4.52562e-06 2.20222e-06 9.25883e-07 3.03006e-07 5.50003e-08 0 
0 8.21723e-06 3.37818e-05 7.70653e-05 0.000137023 0.000211203 0.000295894 0.000386412 0.000477479 0.000563676 0.000639893 0.000701758 0.000745974 0.00077054 0.000774845 0.000759618 0.000726767 0.000679107 0.000620043 0.000553206 0.000482115 0.00040989 0.000339108 0.000271901 0.000210333 0.000156736 0.000113296 8.08062e-05 5.78876e-05 4.17776e-05 2.98745e-05 2.06574e-05 1.35653e-05 8.38457e-06 4.84912e-06 2.59698e-06 1.26003e-06 5.29209e-07 1.7313e-07 3.14222e-08 0 
0 4.37575e-06 1.79891e-05 4.10381e-05 7.29663e-05 0.000112468 0.000157567 0.000205769 0.000254265 0.000300167 0.000340757 0.000373704 0.000397254 0.000410341 0.000412639 0.000404541 0.000387066 0.000361723 0.000330344 0.000294901 0.000257333 0.000219407 0.000182625 0.0001482 0.000117092 9.00388e-05 6.75047e-05 4.95366e-05 3.57014e-05 2.5252e-05 1.7424e-05 1.16254e-05 7.43646e-06 4.52562e-06 2.59698e-06 1.38601e-06 6.71529e-07 2.8189e-07 9.22024e-08 1.67332e-08 0 
0 2.11793e-06 8.70702e-06 1.98631e-05 3.53168e-05 5.44362e-05 7.6265e-05 9.95958e-05 0.000123069 0.000145286 0.000164933 0.00018088 0.000192279 0.000198614 0.000199728 0.000195811 0.000187356 0.000175098 0.000159927 0.000142803 0.000124679 0.000106428 8.87931e-05 7.2367e-05 5.75814e-05 4.47123e-05 3.38822e-05 2.50621e-05 1.80911e-05 1.27237e-05 8.68984e-06 5.73582e-06 3.6382e-06 2.20222e-06 1.26003e-06 6.71529e-07 3.25159e-07 1.36459e-07 4.46297e-08 8.09925e-09 0 
0 8.88673e-07 3.65342e-06 8.33443e-06 1.48187e-05 2.28411e-05 3.20004e-05 4.17899e-05 5.1639e-05 6.09615e-05 6.9205e-05 7.58966e-05 8.06797e-05 8.3338e-05 8.38056e-05 8.21622e-05 7.86155e-05 7.34734e-05 6.71104e-05 5.99311e-05 5.23364e-05 4.46947e-05 3.73204e-05 3.04607e-05 2.42914e-05 1.89175e-05 1.43788e-05 1.06588e-05 7.69723e-06 5.40517e-06 3.68096e-06 2.42206e-06 1.53232e-06 9.25883e-07 5.29209e-07 2.8189e-07 1.36459e-07 5.72616e-08 1.87269e-08 3.39843e-09 0 
0 2.90623e-07 1.19478e-06 2.72561e-06 4.84619e-06 7.46975e-06 1.04651e-05 1.36666e-05 1.68875e-05 1.99363e-05 2.26322e-05 2.48205e-05 2.63848e-05 2.72541e-05 2.74071e-05 2.68697e-05 2.57099e-05 2.40285e-05 2.1948e-05 1.96008e-05 1.71184e-05 1.46212e-05 1.22123e-05 9.97236e-06 7.95809e-06 6.2028e-06 4.7186e-06 3.49989e-06 2.52769e-06 1.77425e-06 1.20733e-06 7.93707e-07 5.01749e-07 3.03006e-07 1.7313e-07 9.22024e-08 4.46297e-08 1.87269e-08 6.12434e-09 1.1114e-09 0 
0 5.27398e-08 2.16818e-07 4.94621e-07 8.79444e-07 1.35555e-06 1.89912e-06 2.48009e-06 3.0646e-06 3.61786e-06 4.10709e-06 4.50422e-06 4.78808e-06 4.94585e-06 4.9736e-06 4.87608e-06 4.66562e-06 4.36051e-06 3.98299e-06 3.55709e-06 3.10668e-06 2.65364e-06 2.21665e-06 1.81035e-06 1.44498e-06 1.12654e-06 8.5718e-07 6.3589e-07 4.59265e-07 3.22333e-07 2.19291e-07 1.44127e-07 9.10907e-08 5.50003e-08 3.14222e-08 1.67332e-08 8.09925e-09 3.39843e-09 1.1114e-09 2.01687e-10 0 
0 0 0 0 0 0 0 0 0 0 0 0 0 0 0 0 0 0 0 0 0 0 0 0 0 0 0 0 0 0 0 0 0 0 0 0 0 0 0 0 0 
