0 0 0 0 0 0 0 0 0 0 0 0 0 0 0 0 0 0 0 0 0 0 0 0 0 0 0 0 0 0 0 0 0 0 0 0 0 0 0 0 0 
0 1.36958e-05 5.58177e-05 0.000125189 0.000216014 0.000317553 0.00041604 0.000498877 0.000558787 0.000595227 0.000612692 0.000617737 0.000616523 0.000613555 0.000611346 0.00061054 0.000610185 0.000608048 0.000601019 0.000585696 0.000559177 0.000519946 0.000468573 0.000407861 0.000342288 0.000276898 0.000216114 0.000162958 0.000118848 8.38657e-05 5.72154e-05 3.76544e-05 2.38119e-05 1.43808e-05 8.21652e-06 4.37561e-06 2.11791e-06 8.88668e-07 2.90623e-07 5.27397e-08 0 
0 5.58177e-05 0.000224646 0.000490717 0.000806277 0.00109455 0.00128004 0.00133008 0.00126752 0.00114482 0.00101092 0.000896043 0.000813353 0.000766102 0.000753591 0.000774271 0.000826524 0.000907793 0.00101257 0.00112986 0.00124147 0.00132316 0.00135023 0.00130676 0.00119326 0.0010275 0.000837011 0.00064848 0.000480521 0.000342025 0.000234361 0.000154557 9.78294e-05 5.91056e-05 3.37756e-05 1.79879e-05 8.70679e-06 3.65338e-06 1.19478e-06 2.16818e-07 0 
0 0.000125189 0.000490717 0.0010124 0.00149467 0.00170938 0.0015793 0.00123734 0.000872121 0.000587492 0.000399105 0.000285489 0.000221946 0.000191313 0.000184447 0.000198548 0.000236034 0.000304233 0.000415126 0.000583437 0.000820404 0.00112123 0.00144963 0.00173338 0.0018876 0.00186107 0.00166795 0.00137433 0.00105602 0.000766564 0.000530443 0.000351417 0.000222878 0.000134767 7.70367e-05 4.10324e-05 1.98621e-05 8.33429e-06 2.7256e-06 4.9462e-07 0 
0 0.000216014 0.000806277 0.00149467 0.00181367 0.00154013 0.000973819 0.000500915 0.000231104 0.000104598 5.00964e-05 2.69798e-05 1.70925e-05 1.31077e-05 1.23117e-05 1.41027e-05 1.93382e-05 3.08052e-05 5.48783e-05 0.000104774 0.000205142 0.000394488 0.000715106 0.00117685 0.00170343 0.00212385 0.00227039 0.00210764 0.0017413 0.00131536 0.000928504 0.000620799 0.000395278 0.00023939 0.000136925 7.29476e-05 3.53136e-05 1.48183e-05 4.84614e-06 8.7944e-07 0 
0 0.000317553 0.00109455 0.00170938 0.00154013 0.00086354 0.000335692 0.000103452 2.87625e-05 8.09261e-06 2.54563e-06 9.72494e-07 4.80464e-07 3.19562e-07 2.90777e-07 3.5933e-07 5.86296e-07 1.20768e-06 2.96858e-06 8.18282e-06 2.37513e-05 6.83915e-05 0.000185081 0.000448543 0.000932414 0.00160306 0.00222833 0.00250689 0.00234481 0.0019012 0.00139135 0.000945899 0.000606563 0.000368386 0.000210931 0.000112417 5.44277e-05 2.28399e-05 7.46962e-06 1.35554e-06 0 
0 0.00041604 0.00128004 0.0015793 0.000973819 0.000335692 7.57685e-05 1.32309e-05 2.08766e-06 3.43369e-07 6.69753e-08 1.72898e-08 6.4271e-09 3.63116e-09 3.18532e-09 4.29231e-09 8.54277e-09 2.35987e-08 8.37133e-08 3.50085e-07 1.58391e-06 7.15683e-06 3.01137e-05 0.000111281 0.000343904 0.000851685 0.00163075 0.00237057 0.00265455 0.00240091 0.00186169 0.00130056 0.000843722 0.000514771 0.000295248 0.000157449 7.62457e-05 3.19977e-05 1.04648e-05 1.8991e-06 0 
0 0.000498877 0.00133008 0.00123734 0.000500915 0.000103452 1.32309e-05 1.26815e-06 1.09365e-07 1.01143e-08 1.17994e-09 1.99692e-10 5.46155e-11 2.58684e-11 2.18022e-11 3.22342e-11 7.94256e-11 3.00838e-10 1.5833e-09 1.03618e-08 7.54435e-08 5.51255e-07 3.69872e-06 2.12162e-05 9.8476e-05 0.000354162 0.000950245 0.00184519 0.0025804 0.002701 0.00227282 0.00165202 0.00109027 0.000669711 0.000385072 0.000205527 9.9557e-05 4.17846e-05 1.3666e-05 2.48006e-06 0 
0 0.000558787 0.00126752 0.000872121 0.000231104 2.87625e-05 2.08766e-06 1.09365e-07 5.1168e-09 2.63838e-10 1.82591e-11 2.01151e-12 4.02548e-13 1.59272e-13 1.28782e-13 2.09039e-13 6.39376e-13 3.33515e-12 2.61918e-11 2.70023e-10 3.18571e-09 3.78792e-08 4.07059e-07 3.62664e-06 2.5151e-05 0.000129904 0.000482891 0.00125216 0.00222262 0.00275856 0.00257039 0.00196735 0.00132835 0.00082339 0.000475014 0.000253825 0.000122999 5.16297e-05 1.68866e-05 3.06455e-06 0 
0 0.000595227 0.00114482 0.000587492 0.000104598 8.09261e-06 3.43369e-07 1.01143e-08 2.63838e-10 7.78108e-12 3.26692e-13 2.38549e-14 3.53788e-15 1.1773e-15 9.13864e-16 1.62021e-15 6.08794e-15 4.3094e-14 4.95987e-13 7.89459e-12 1.47758e-10 2.79845e-09 4.71586e-08 6.38969e-07 6.47541e-06 4.68449e-05 0.000234734 0.000793971 0.00177162 0.00262092 0.00273352 0.00222164 0.00154156 0.000966117 0.000559614 0.000299448 0.000145174 6.09466e-05 1.99348e-05 3.61778e-06 0 
0 0.000612692 0.00101092 0.000399105 5.00964e-05 2.54563e-06 6.69753e-08 1.17994e-09 1.82591e-11 3.26692e-13 8.76867e-15 4.42885e-16 5.01884e-17 1.42871e-17 1.06779e-17 2.04567e-17 9.22827e-17 8.57441e-16 1.38805e-14 3.25677e-13 9.20888e-12 2.64515e-10 6.66689e-09 1.31407e-07 1.86713e-06 1.81886e-05 0.000118181 0.000502537 0.0013704 0.00238472 0.00277938 0.00240403 0.00171763 0.00108944 0.000633855 0.000339694 0.000164768 6.91833e-05 2.263e-05 4.10697e-06 0 
0 0.000617737 0.000896043 0.000285489 2.69798e-05 9.72494e-07 1.72898e-08 1.99692e-10 2.01151e-12 2.38549e-14 4.42885e-16 1.65023e-17 1.4968e-18 3.74167e-19 2.70597e-19 5.5155e-19 2.88704e-18 3.35069e-17 7.17433e-16 2.31494e-14 9.18962e-13 3.71889e-11 1.30586e-09 3.50517e-08 6.57764e-07 8.17725e-06 6.56021e-05 0.00033514 0.00107398 0.00213942 0.00274892 0.00251797 0.00184978 0.00118697 0.000693605 0.000372275 0.00018066 7.58677e-05 2.48176e-05 4.50406e-06 0 
0 0.000616523 0.000813353 0.000221946 1.70925e-05 4.80464e-07 6.4271e-09 5.46155e-11 4.02548e-13 3.53788e-15 5.01884e-17 1.4968e-18 1.15266e-19 2.61614e-20 1.84315e-20 3.92135e-20 2.28238e-19 3.10882e-18 8.14821e-17 3.31273e-15 1.68288e-13 8.74186e-12 3.9098e-10 1.31505e-08 3.02416e-07 4.4922e-06 4.20029e-05 0.000244907 0.000881524 0.00193984 0.00268619 0.00257598 0.00193633 0.00125471 0.000735913 0.000395492 0.000192008 8.06443e-05 2.63812e-05 4.78789e-06 0 
0 0.000613555 0.000766102 0.000191313 1.31077e-05 3.19562e-07 3.63116e-09 2.58684e-11 1.59272e-13 1.1773e-15 1.42871e-17 3.74167e-19 2.61614e-20 5.60015e-21 3.87449e-21 8.42413e-21 5.1975e-20 7.74374e-19 2.27588e-17 1.05566e-15 6.17771e-14 3.70567e-12 1.90639e-10 7.30975e-09 1.89237e-07 3.11891e-06 3.18923e-05 0.000200887 0.000774172 0.00180862 0.00262417 0.00259249 0.00197892 0.00129094 0.000759124 0.00040834 0.000198307 8.32978e-05 2.72501e-05 4.94562e-06 0 
0 0.000611346 0.000753591 0.000184447 1.23117e-05 2.90777e-07 3.18532e-09 2.18022e-11 1.28782e-13 9.13864e-16 1.06779e-17 2.70597e-19 1.84315e-20 3.87449e-21 2.65581e-21 5.77358e-21 3.59266e-20 5.44063e-19 1.63597e-17 7.80294e-16 4.71108e-14 2.92033e-12 1.55268e-10 6.14498e-09 1.6382e-07 2.77228e-06 2.90208e-05 0.000186719 0.000734218 0.00174879 0.00257978 0.00257802 0.00198041 0.00129573 0.000762858 0.000410534 0.000199403 8.37631e-05 2.74028e-05 4.97337e-06 0 
0 0.00061054 0.000774271 0.000198548 1.41027e-05 3.5933e-07 4.29231e-09 3.22342e-11 2.09039e-13 1.62021e-15 2.04567e-17 5.5155e-19 3.92135e-20 8.42413e-21 5.77358e-21 1.22884e-20 7.3483e-20 1.05317e-18 2.96303e-17 1.31287e-15 7.34136e-14 4.21792e-12 2.08652e-10 7.73071e-09 1.94439e-07 3.13094e-06 3.14559e-05 0.000195804 0.000750244 0.001753 0.00255424 0.00253628 0.00194337 0.00127049 0.000747875 0.000402468 0.000195489 8.21199e-05 2.68654e-05 4.87585e-06 0 
0 0.000610185 0.000826524 0.000236034 1.93382e-05 5.86296e-07 8.54277e-09 7.94256e-11 6.39376e-13 6.08794e-15 9.22827e-17 2.88704e-18 2.28238e-19 5.1975e-20 3.59266e-20 7.3483e-20 4.04257e-19 5.13857e-18 1.24679e-16 4.67682e-15 2.19409e-13 1.05723e-11 4.41723e-10 1.40018e-08 3.06418e-07 4.37572e-06 3.9748e-05 0.000227705 0.000815258 0.0018058 0.00253488 0.00246401 0.00186955 0.00121766 0.000715903 0.000385131 0.000187053 7.85752e-05 2.57058e-05 4.66539e-06 0 
0 0.000608048 0.000907793 0.000304233 3.08052e-05 1.20768e-06 2.35987e-08 3.00838e-10 3.33515e-12 4.3094e-14 8.57441e-16 3.35069e-17 3.10882e-18 7.74374e-19 5.44063e-19 1.05317e-18 5.13857e-18 5.48364e-17 1.0708e-15 3.14209e-14 1.13649e-12 4.21506e-11 1.36837e-09 3.43218e-08 6.09041e-07 7.2521e-06 5.65214e-05 0.000285229 0.000920581 0.00188034 0.00249687 0.00235279 0.00176028 0.00114049 0.000669428 0.000359974 0.00017482 7.34359e-05 2.40246e-05 4.36029e-06 0 
0 0.000601019 0.00101257 0.000415126 5.48783e-05 2.96858e-06 8.37133e-08 1.5833e-09 2.61918e-11 4.95987e-13 1.38805e-14 7.17433e-16 8.14821e-17 2.27588e-17 1.63597e-17 2.96303e-17 1.24679e-16 1.0708e-15 1.59498e-14 3.44214e-13 8.98158e-12 2.39524e-10 5.65095e-09 1.05272e-07 1.42939e-06 1.3481e-05 8.62486e-05 0.000369588 0.00104523 0.00193252 0.00240582 0.00219184 0.00161709 0.00104291 0.000611458 0.000328755 0.000159668 6.70746e-05 2.19442e-05 3.98277e-06 0 
0 0.000585696 0.00112986 0.000583437 0.000104774 8.18282e-06 3.50085e-07 1.03618e-08 2.70023e-10 7.89459e-12 3.25677e-13 2.31494e-14 3.31273e-15 1.05566e-15 7.80294e-16 1.31287e-15 4.67682e-15 3.14209e-14 3.44214e-13 5.23569e-12 9.40694e-11 1.7182e-09 2.80505e-08 3.6996e-07 3.67257e-06 2.63039e-05 0.000133095 0.000469922 0.0011419 0.00189805 0.00222214 0.00197062 0.0014421 0.000929221 0.000545242 0.000293377 0.000142547 5.98947e-05 1.95969e-05 3.55686e-06 0 
0 0.000559177 0.00124147 0.000820404 0.000205142 2.37513e-05 1.58391e-06 7.54435e-08 3.18571e-09 1.47758e-10 9.20888e-12 9.18962e-13 1.68288e-13 6.17771e-14 4.71108e-14 7.34136e-14 2.19409e-13 1.13649e-12 8.98158e-12 9.40694e-11 1.13321e-09 1.37662e-08 1.50649e-07 1.35957e-06 9.51684e-06 4.98736e-05 0.000192713 0.000545938 0.00112799 0.00169908 0.00190719 0.00167977 0.00123745 0.000803585 0.000473966 0.000255715 0.0001244 5.22958e-05 1.71139e-05 3.10641e-06 0 
0 0.000519946 0.00132316 0.00112123 0.000394488 6.83915e-05 7.15683e-06 5.51255e-07 3.78792e-08 2.79845e-09 2.64515e-10 3.71889e-11 8.74186e-12 3.70567e-12 2.92033e-12 4.21792e-12 1.05723e-11 4.21506e-11 2.39524e-10 1.7182e-09 1.37662e-08 1.09906e-07 7.92394e-07 4.77267e-06 2.27523e-05 8.34752e-05 0.000235165 0.000517204 0.000905464 0.00127185 0.00143364 0.00131142 0.00100419 0.000669453 0.000400484 0.000217489 0.000106091 4.46456e-05 1.46158e-05 2.65331e-06 0 
0 0.000468573 0.00135023 0.00144963 0.000715106 0.000185081 3.01137e-05 3.69872e-06 4.07059e-07 4.71586e-08 6.66689e-09 1.30586e-09 3.9098e-10 1.90639e-10 1.55268e-10 2.08652e-10 4.41723e-10 1.36837e-09 5.65095e-09 2.80505e-08 1.50649e-07 7.92394e-07 3.73508e-06 1.46431e-05 4.51639e-05 0.000106933 0.000199329 0.000316305 0.000466082 0.000653761 0.0008254 0.000869753 0.000743849 0.000529595 0.000327225 0.000180183 8.83666e-05 3.72587e-05 1.22056e-05 2.21626e-06 0 
0 0.000407861 0.00130676 0.00173338 0.00117685 0.000448543 0.000111281 2.12162e-05 3.62664e-06 6.38969e-07 1.31407e-07 3.50517e-08 1.31505e-08 7.30975e-09 6.14498e-09 7.73071e-09 1.40018e-08 3.43218e-08 1.05272e-07 3.6996e-07 1.35957e-06 4.77267e-06 1.46431e-05 3.59071e-05 6.46241e-05 8.15946e-05 7.7846e-05 7.16405e-05 8.51744e-05 0.000141803 0.000266098 0.000417126 0.000469813 0.000388163 0.000256503 0.000145054 7.18277e-05 3.03845e-05 9.96424e-06 1.80988e-06 0 
0 0.000342288 0.00119326 0.0018876 0.00170343 0.000932414 0.000343904 9.8476e-05 2.5151e-05 6.47541e-06 1.86713e-06 6.57764e-07 3.02416e-07 1.89237e-07 1.6382e-07 1.94439e-07 3.06418e-07 6.09041e-07 1.42939e-06 3.67257e-06 9.51684e-06 2.27523e-05 4.51639e-05 6.46241e-05 5.52987e-05 2.42557e-05 6.22357e-06 1.82588e-06 1.50927e-06 4.58068e-06 2.57604e-05 0.00010861 0.00022769 0.000255224 0.000191239 0.000113219 5.69338e-05 2.42024e-05 7.94885e-06 1.44446e-06 0 
0 0.000276898 0.0010275 0.00186107 0.00212385 0.00160306 0.000851685 0.000354162 0.000129904 4.68449e-05 1.81886e-05 8.17725e-06 4.4922e-06 3.11891e-06 2.77228e-06 3.13094e-06 4.37572e-06 7.2521e-06 1.3481e-05 2.63039e-05 4.98736e-05 8.34752e-05 0.000106933 8.15946e-05 2.42557e-05 1.75712e-06 3.62587e-08 1.05415e-09 4.45207e-10 5.56052e-09 3.48078e-07 1.13174e-05 7.75319e-05 0.000147862 0.000135336 8.56855e-05 4.4001e-05 1.88224e-05 6.19317e-06 1.12601e-06 0 
0 0.000216114 0.000837011 0.00166795 0.00227039 0.00222833 0.00163075 0.000950245 0.000482891 0.000234734 0.000118181 6.56021e-05 4.20029e-05 3.18923e-05 2.90208e-05 3.14559e-05 3.9748e-05 5.65214e-05 8.62486e-05 0.000133095 0.000192713 0.000235165 0.000199329 7.7846e-05 6.22357e-06 3.62587e-08 1.73797e-11 1.45477e-14 2.25361e-15 2.76694e-13 7.55277e-10 5.40468e-07 2.02723e-05 7.87443e-05 9.23692e-05 6.31828e-05 3.31877e-05 1.4288e-05 4.70959e-06 8.56693e-07 0 
0 0.000162958 0.00064848 0.00137433 0.00210764 0.00250689 0.00237057 0.00184519 0.00125216 0.000793971 0.000502537 0.00033514 0.000244907 0.000200887 0.000186719 0.000195804 0.000227705 0.000285229 0.000369588 0.000469922 0.000545938 0.000517204 0.000316305 7.16405e-05 1.82588e-06 1.05415e-09 1.45477e-14 1.45237e-17 6.18825e-18 4.13349e-17 2.70414e-12 3.48745e-08 6.11072e-06 4.39338e-05 6.31212e-05 4.58266e-05 2.44718e-05 1.05827e-05 3.49244e-06 6.3549e-07 0 
0 0.000118848 0.000480521 0.00105602 0.0017413 0.00234481 0.00265455 0.0025804 0.00222262 0.00177162 0.0013704 0.00107398 0.000881524 0.000774172 0.000734218 0.000750244 0.000815258 0.000920581 0.00104523 0.0011419 0.00112799 0.000905464 0.000466082 8.51744e-05 1.50927e-06 4.45207e-10 2.25361e-15 6.18829e-18 4.5617e-19 3.81763e-17 5.20125e-13 1.40271e-08 3.60395e-06 2.99398e-05 4.49202e-05 3.29815e-05 1.76601e-05 7.64188e-06 2.52229e-06 4.58977e-07 0 
0 8.38657e-05 0.000342025 0.000766564 0.00131536 0.0019012 0.00240091 0.002701 0.00275856 0.00262092 0.00238472 0.00213942 0.00193984 0.00180862 0.00174879 0.001753 0.0018058 0.00188034 0.00193252 0.00189805 0.00169908 0.00127185 0.000653761 0.000141803 4.58068e-06 5.56052e-09 2.76694e-13 4.1335e-17 3.81763e-17 7.91905e-16 1.57035e-11 5.56824e-08 4.84114e-06 2.5941e-05 3.3566e-05 2.35633e-05 1.24558e-05 5.37052e-06 1.77085e-06 3.2215e-07 0 
0 5.72154e-05 0.000234361 0.000530443 0.000928504 0.00139135 0.00186169 0.00227282 0.00257039 0.00273352 0.00277938 0.00274892 0.00268619 0.00262417 0.00257978 0.00255424 0.00253488 0.00249687 0.00240582 0.00222214 0.00190719 0.00143364 0.0008254 0.000266098 2.57604e-05 3.48078e-07 7.55277e-10 2.70414e-12 5.20125e-13 1.57035e-11 5.24537e-09 6.85817e-07 9.92433e-06 2.53823e-05 2.54777e-05 1.65418e-05 8.54839e-06 3.66234e-06 1.20546e-06 2.19189e-07 0 
0 3.76544e-05 0.000154557 0.000351417 0.000620799 0.000945899 0.00130056 0.00165202 0.00196735 0.00222164 0.00240403 0.00251797 0.00257598 0.00259249 0.00257802 0.00253628 0.00246401 0.00235279 0.00219184 0.00197062 0.00167977 0.00131142 0.000869753 0.000417126 0.00010861 1.13174e-05 5.40468e-07 3.48745e-08 1.40271e-08 5.56824e-08 6.85817e-07 5.82685e-06 1.80547e-05 2.3716e-05 1.87108e-05 1.12386e-05 5.67236e-06 2.41346e-06 7.92822e-07 1.44078e-07 0 
0 2.38119e-05 9.78294e-05 0.000222878 0.000395278 0.000606563 0.000843722 0.00109027 0.00132835 0.00154156 0.00171763 0.00184978 0.00193633 0.00197892 0.00198041 0.00194337 0.00186955 0.00176028 0.00161709 0.0014421 0.00123745 0.00100419 0.000743849 0.000469813 0.00022769 7.75319e-05 2.02723e-05 6.11072e-06 3.60395e-06 4.84114e-06 9.92433e-06 1.80547e-05 2.23525e-05 1.92141e-05 1.28566e-05 7.29346e-06 3.61389e-06 1.52889e-06 5.01384e-07 9.10696e-08 0 
0 1.43808e-05 5.91056e-05 0.000134767 0.00023939 0.000368386 0.000514771 0.000669711 0.00082339 0.000966117 0.00108944 0.00118697 0.00125471 0.00129094 0.00129573 0.00127049 0.00121766 0.00114049 0.00104291 0.000929221 0.000803585 0.000669453 0.000529595 0.000388163 0.000255224 0.000147862 7.87443e-05 4.39338e-05 2.99398e-05 2.5941e-05 2.53823e-05 2.3716e-05 1.92141e-05 1.33568e-05 8.16981e-06 4.48066e-06 2.19422e-06 9.24704e-07 3.02875e-07 5.49924e-08 0 
0 8.21652e-06 3.37756e-05 7.70367e-05 0.000136925 0.000210931 0.000295248 0.000385072 0.000475014 0.000559614 0.000633855 0.000693605 0.000735913 0.000759124 0.000762858 0.000747875 0.000715903 0.000669428 0.000611458 0.000545242 0.000473966 0.000400484 0.000327225 0.000256503 0.000191239 0.000135336 9.23692e-05 6.31212e-05 4.49202e-05 3.3566e-05 2.54777e-05 1.87108e-05 1.28566e-05 8.16981e-06 4.79398e-06 2.58486e-06 1.25776e-06 5.28857e-07 1.73089e-07 3.14196e-08 0 
0 4.37561e-06 1.79879e-05 4.10324e-05 7.29476e-05 0.000112417 0.000157449 0.000205527 0.000253825 0.000299448 0.000339694 0.000372275 0.000395492 0.00040834 0.000410534 0.000402468 0.000385131 0.000359974 0.000328755 0.000293377 0.000255715 0.000217489 0.000180183 0.000145054 0.000113219 8.56855e-05 6.31828e-05 4.58266e-05 3.29815e-05 2.35633e-05 1.65418e-05 1.12386e-05 7.29346e-06 4.48066e-06 2.58486e-06 1.38319e-06 6.70972e-07 2.81799e-07 9.21913e-08 1.67324e-08 0 
0 2.11791e-06 8.70679e-06 1.98621e-05 3.53136e-05 5.44277e-05 7.62457e-05 9.9557e-05 0.000122999 0.000145174 0.000164768 0.00018066 0.000192008 0.000198307 0.000199403 0.000195489 0.000187053 0.00017482 0.000159668 0.000142547 0.0001244 0.000106091 8.83666e-05 7.18277e-05 5.69338e-05 4.4001e-05 3.31877e-05 2.44718e-05 1.76601e-05 1.24558e-05 8.54839e-06 5.67236e-06 3.61389e-06 2.19422e-06 1.25776e-06 6.70972e-07 3.25043e-07 1.36439e-07 4.46272e-08 8.09908e-09 0 
0 8.88668e-07 3.65338e-06 8.33429e-06 1.48183e-05 2.28399e-05 3.19977e-05 4.17846e-05 5.16297e-05 6.09466e-05 6.91833e-05 7.58677e-05 8.06443e-05 8.32978e-05 8.37631e-05 8.21199e-05 7.85752e-05 7.34359e-05 6.70746e-05 5.98947e-05 5.22958e-05 4.46456e-05 3.72587e-05 3.03845e-05 2.42024e-05 1.88224e-05 1.4288e-05 1.05827e-05 7.64188e-06 5.37052e-06 3.66234e-06 2.41346e-06 1.52889e-06 9.24704e-07 5.28857e-07 2.81799e-07 1.36439e-07 5.7258e-08 1.87264e-08 3.3984e-09 0 
0 2.90623e-07 1.19478e-06 2.7256e-06 4.84614e-06 7.46962e-06 1.04648e-05 1.3666e-05 1.68866e-05 1.99348e-05 2.263e-05 2.48176e-05 2.63812e-05 2.72501e-05 2.74028e-05 2.68654e-05 2.57058e-05 2.40246e-05 2.19442e-05 1.95969e-05 1.71139e-05 1.46158e-05 1.22056e-05 9.96424e-06 7.94885e-06 6.19317e-06 4.70959e-06 3.49244e-06 2.52229e-06 1.77085e-06 1.20546e-06 7.92822e-07 5.01384e-07 3.02875e-07 1.73089e-07 9.21913e-08 4.46272e-08 1.87264e-08 6.12427e-09 1.11139e-09 0 
0 5.27397e-08 2.16818e-07 4.9462e-07 8.7944e-07 1.35554e-06 1.8991e-06 2.48006e-06 3.06455e-06 3.61778e-06 4.10697e-06 4.50406e-06 4.78789e-06 4.94562e-06 4.97337e-06 4.87585e-06 4.66539e-06 4.36029e-06 3.98277e-06 3.55686e-06 3.10641e-06 2.65331e-06 2.21626e-06 1.80988e-06 1.44446e-06 1.12601e-06 8.56693e-07 6.3549e-07 4.58977e-07 3.2215e-07 2.19189e-07 1.44078e-07 9.10696e-08 5.49924e-08 3.14196e-08 1.67324e-08 8.09908e-09 3.3984e-09 1.11139e-09 2.01687e-10 0 
0 0 0 0 0 0 0 0 0 0 0 0 0 0 0 0 0 0 0 0 0 0 0 0 0 0 0 0 0 0 0 0 0 0 0 0 0 0 0 0 0 
