0 0 0 0 0 0 0 0 0 0 0 0 0 0 0 0 0 0 0 0 0 0 0 0 0 0 0 0 0 0 0 0 0 0 0 0 0 0 0 0 0 
0 1.3157e-05 5.11224e-05 0.0001054 0.000160164 0.00019956 0.000216347 0.000213289 0.000198132 0.000178473 0.000159517 0.000144027 0.000133105 0.000126972 0.000125498 0.00012846 0.000135601 0.000146545 0.000160628 0.000176688 0.000192911 0.000206845 0.000215677 0.000216811 0.000208615 0.000191057 0.000165921 0.000136403 0.000106192 7.84444e-05 5.51286e-05 3.6932e-05 2.35868e-05 1.43177e-05 8.20065e-06 4.37206e-06 2.11721e-06 8.88556e-07 2.90609e-07 5.27388e-08 0 
0 5.11224e-05 0.00018342 0.000325089 0.000389733 0.000355198 0.000268386 0.000180941 0.000115569 7.34385e-05 4.83514e-05 3.40896e-05 2.63831e-05 2.27686e-05 2.20461e-05 2.38774e-05 2.86044e-05 3.72386e-05 5.1533e-05 7.39891e-05 0.000107552 0.000154671 0.000215545 0.000285867 0.000355294 0.00040854 0.000430388 0.00041307 0.000361073 0.000288959 0.000213653 0.000147417 9.56413e-05 5.8507e-05 3.36294e-05 1.79562e-05 8.70081e-06 3.65244e-06 1.19466e-06 2.16811e-07 0 
0 0.0001054 0.000325089 0.000434691 0.000344807 0.000190225 8.30306e-05 3.17172e-05 1.15319e-05 4.30656e-06 1.77049e-06 8.5017e-07 4.98921e-07 3.68185e-07 3.45303e-07 4.08711e-07 5.96974e-07 1.03922e-06 2.06521e-06 4.46951e-06 1.00508e-05 2.24909e-05 4.82665e-05 9.64699e-05 0.00017564 0.000286372 0.000412091 0.000516666 0.00055966 0.00052434 0.000430407 0.000316055 0.000212023 0.000131837 7.6337e-05 4.08849e-05 1.9835e-05 8.33013e-06 2.72512e-06 4.94589e-07 0 
0 0.000160164 0.000389733 0.000344807 0.000157467 4.56882e-05 9.79973e-06 1.76113e-06 2.99399e-07 5.42953e-08 1.17517e-08 3.34298e-09 1.34533e-09 8.02077e-10 7.20263e-10 9.62344e-10 1.84203e-09 4.76594e-09 1.55126e-08 5.87227e-08 2.39026e-07 9.7301e-07 3.72345e-06 1.27648e-05 3.79217e-05 9.57265e-05 0.000203155 0.000359427 0.000524373 0.000624889 0.000610557 0.000500829 0.000357378 0.000229128 0.000134504 7.2447e-05 3.5224e-05 1.48049e-05 4.84461e-06 8.79347e-07 0 
0 0.00019956 0.000355198 0.000190225 4.56882e-05 6.1766e-06 5.56898e-07 3.95272e-08 2.6305e-09 1.9578e-10 1.92236e-11 2.86955e-12 7.25604e-13 3.32602e-13 2.83116e-13 4.39209e-13 1.17312e-12 4.9452e-12 2.95562e-11 2.22815e-10 1.88501e-09 1.60591e-08 1.25531e-07 8.36764e-07 4.52001e-06 1.9229e-05 6.38411e-05 0.000165882 0.000338325 0.000538525 0.000663834 0.000640961 0.000504274 0.000340014 0.000204229 0.000111048 5.41869e-05 2.28046e-05 7.46571e-06 1.3553e-06 0 
0 0.000216347 0.000268386 8.30306e-05 9.79973e-06 5.56898e-07 1.86402e-08 4.57589e-10 1.04407e-11 2.81389e-13 1.12145e-14 8.01526e-16 1.19092e-16 4.03979e-17 3.23441e-17 5.95331e-17 2.32906e-16 1.71577e-15 2.05231e-14 3.39443e-13 6.614e-12 1.30869e-10 2.31364e-09 3.30188e-08 3.54021e-07 2.73536e-06 1.50285e-05 5.92724e-05 0.000171304 0.000368036 0.000586542 0.000691731 0.000620858 0.000450098 0.000279745 0.000154291 7.5697e-05 3.19186e-05 1.04562e-05 1.89859e-06 0 
0 0.000213289 0.000180941 3.17172e-05 1.76113e-06 3.95272e-08 4.57589e-10 3.60711e-12 2.61991e-14 2.38151e-16 3.63578e-18 1.56181e-19 4.64656e-20 3.59646e-20 3.39233e-20 3.62032e-20 5.67059e-20 3.4695e-19 7.98296e-18 3.05912e-16 1.45507e-14 7.08742e-13 2.9989e-11 9.66964e-10 2.16356e-08 3.17702e-07 3.00091e-06 1.84368e-05 7.61514e-05 0.000219495 0.000450078 0.000655404 0.0006858 0.000544817 0.000354298 0.000199226 9.84685e-05 4.16294e-05 1.36493e-05 2.47909e-06 0 
0 0.000198132 0.000115569 1.15319e-05 2.99399e-07 2.6305e-09 1.04407e-11 2.61991e-14 6.00011e-17 1.93072e-19 5.57597e-21 1.78471e-21 1.41331e-21 1.55499e-21 1.55607e-21 1.37428e-21 1.22358e-21 1.92254e-21 7.20963e-21 2.56837e-19 2.92113e-17 3.52812e-15 3.5958e-13 2.6356e-11 1.23852e-09 3.48092e-08 5.69626e-07 5.48586e-06 3.23784e-05 0.000123789 0.000320578 0.000570078 0.000698286 0.000614455 0.000421611 0.000242752 0.000121088 5.13593e-05 1.68578e-05 3.06289e-06 0 
0 0.000178473 7.34385e-05 4.30656e-06 5.42953e-08 1.9578e-10 2.81389e-13 2.38151e-16 1.93072e-19 1.30207e-21 2.15323e-22 1.50732e-22 1.6011e-22 1.93387e-22 1.97571e-22 1.65422e-22 1.26717e-22 1.2442e-22 1.5313e-22 9.12123e-22 8.11416e-20 2.24309e-17 5.26599e-15 8.41059e-13 7.9908e-11 4.16111e-09 1.14918e-07 1.70027e-06 1.4102e-05 7.01853e-05 0.000224077 0.000475419 0.00067397 0.000656981 0.000477288 0.000282086 0.000142169 6.05231e-05 1.989e-05 3.61522e-06 0 
0 0.000159517 4.83514e-05 1.77049e-06 1.17517e-08 1.92236e-11 1.12145e-14 3.63578e-18 5.57597e-21 2.15323e-22 4.12133e-23 2.82474e-23 3.1388e-23 3.78154e-23 3.86893e-23 3.22933e-23 2.38086e-23 1.85767e-23 1.56886e-23 4.19728e-23 9.07735e-22 2.5098e-19 1.22231e-16 3.89688e-14 6.91299e-12 6.22241e-10 2.73616e-08 5.93532e-07 6.67e-06 4.19334e-05 0.000160307 0.000394229 0.000633035 0.000676983 0.000519497 0.000315121 0.000160492 6.85817e-05 2.25667e-05 4.10337e-06 0 
0 0.000144027 3.40896e-05 8.5017e-07 3.34298e-09 2.86955e-12 8.01526e-16 1.56181e-19 1.78472e-21 1.50732e-22 2.82474e-23 1.0743e-23 8.54736e-24 9.23549e-24 9.2322e-24 7.73397e-24 5.66476e-24 4.08777e-24 3.59661e-24 9.82671e-24 1.04852e-22 8.01829e-21 5.62636e-18 3.15293e-15 9.30782e-13 1.30913e-10 8.41492e-09 2.49597e-07 3.59785e-06 2.73838e-05 0.000121015 0.000334047 0.000591399 0.000682181 0.000548646 0.000340575 0.00017511 7.50868e-05 2.47358e-05 4.49943e-06 0 
0 0.000133105 2.63831e-05 4.98921e-07 1.34533e-09 7.25604e-13 1.19092e-16 4.64656e-20 1.41331e-21 1.6011e-22 3.13881e-23 8.54736e-24 3.75543e-24 2.82597e-24 2.52652e-24 2.07866e-24 1.53713e-24 1.17362e-24 1.47675e-24 5.20941e-24 4.28922e-23 1.32672e-21 6.13063e-19 5.12733e-16 2.18487e-13 4.23839e-11 3.5817e-09 1.3314e-07 2.29748e-06 2.00773e-05 9.84347e-05 0.000294667 0.000558449 0.000680103 0.000566443 0.000357906 0.000185392 7.97124e-05 2.62837e-05 4.78238e-06 0 
0 0.000126972 2.27686e-05 3.68185e-07 8.02077e-10 3.32602e-13 4.03979e-17 3.59646e-20 1.55499e-21 1.93387e-22 3.78154e-23 9.2355e-24 2.82597e-24 1.26667e-24 8.33317e-25 6.24384e-25 4.77094e-25 4.70446e-25 9.88422e-25 4.18267e-24 3.11278e-23 6.5801e-22 1.77123e-19 1.8295e-16 9.59617e-14 2.23297e-11 2.203e-09 9.30553e-08 1.77813e-06 1.68042e-05 8.73545e-05 0.000273576 0.000538453 0.000676236 0.000574855 0.000367099 0.000191018 8.227e-05 2.71425e-05 4.93955e-06 0 
0 0.000125498 2.20461e-05 3.45303e-07 7.20263e-10 2.83116e-13 3.23441e-17 3.39233e-20 1.55607e-21 1.97571e-22 3.86893e-23 9.23221e-24 2.52652e-24 8.33317e-25 3.72661e-25 2.27769e-25 1.88795e-25 2.84804e-25 8.59374e-25 3.9206e-24 2.87391e-23 5.69823e-22 1.37327e-19 1.47698e-16 8.08389e-14 1.9525e-11 1.98839e-09 8.62182e-08 1.68217e-06 1.6152e-05 8.4956e-05 0.000268479 0.000532593 0.000673503 0.000575368 0.000368434 0.000191949 8.27107e-05 2.72926e-05 4.96714e-06 0 
0 0.00012846 2.38774e-05 4.08711e-07 9.62344e-10 4.39209e-13 5.95331e-17 3.62032e-20 1.37428e-21 1.65422e-22 3.22933e-23 7.73397e-24 2.07867e-24 6.24384e-25 2.27769e-25 1.19042e-25 1.14824e-25 2.41288e-25 8.41923e-25 4.03007e-24 3.20664e-23 7.8891e-22 2.73838e-19 2.63099e-16 1.28021e-13 2.78966e-11 2.60272e-09 1.04979e-07 1.93301e-06 1.77493e-05 9.02725e-05 0.000278043 0.000540263 0.000672387 0.000568656 0.000362323 0.000188382 8.11156e-05 2.67601e-05 4.86989e-06 0 
0 0.000135601 2.86044e-05 5.96974e-07 1.84203e-09 1.17312e-12 2.32906e-16 5.67059e-20 1.22358e-21 1.26717e-22 2.38086e-23 5.66476e-24 1.53713e-24 4.77094e-25 1.88795e-25 1.14823e-25 1.27809e-25 2.7401e-25 9.55872e-25 4.91086e-24 4.80709e-23 2.12863e-21 1.31969e-18 9.596e-16 3.58975e-13 6.21364e-11 4.76559e-09 1.63495e-07 2.64535e-06 2.19872e-05 0.000103765 0.000301734 0.000559414 0.000671211 0.000554586 0.000349255 0.000180714 7.76784e-05 2.56115e-05 4.66005e-06 0 
0 0.000146545 3.72386e-05 1.03922e-06 4.76594e-09 4.9452e-12 1.71577e-15 3.4695e-19 1.92254e-21 1.2442e-22 1.85767e-23 4.08777e-24 1.17362e-24 4.70446e-25 2.84804e-25 2.41288e-25 2.7401e-25 4.76682e-25 1.47713e-24 8.84714e-24 1.43159e-22 1.96043e-20 1.34541e-17 6.39247e-15 1.62588e-12 2.00684e-10 1.15412e-08 3.12186e-07 4.17859e-06 3.00163e-05 0.000126925 0.00033894 0.000586043 0.000666425 0.000532484 0.000329828 0.000169506 7.2683e-05 2.39452e-05 4.35577e-06 0 
0 0.000160628 5.1533e-05 2.06521e-06 1.55126e-08 2.95562e-11 2.05231e-14 7.98296e-18 7.20963e-21 1.5313e-22 1.56886e-23 3.59661e-24 1.47675e-24 9.88421e-25 8.59374e-25 8.41923e-25 9.55871e-25 1.47713e-24 4.10294e-24 3.25009e-23 1.57122e-21 5.69502e-19 2.42189e-16 6.75263e-14 1.06097e-11 8.58029e-10 3.44194e-08 6.9165e-07 7.30688e-06 4.37692e-05 0.000161352 0.000386991 0.000613014 0.000652958 0.000501541 0.000304816 0.000155455 6.6476e-05 2.18807e-05 3.97913e-06 0 
0 0.000176688 7.39891e-05 4.46951e-06 5.87227e-08 2.22815e-10 3.39443e-13 3.05912e-16 2.56837e-19 9.12123e-22 4.19728e-23 9.82671e-24 5.20941e-24 4.18267e-24 3.9206e-24 4.03007e-24 4.91086e-24 8.84714e-24 3.25009e-23 6.71192e-22 1.0638e-19 2.85245e-17 6.36314e-15 9.67776e-13 8.77609e-11 4.37405e-09 1.16063e-07 1.65874e-06 1.33774e-05 6.52217e-05 0.000205852 0.000437185 0.000628522 0.00062482 0.000461271 0.000275226 0.00013935 5.94379e-05 1.95481e-05 3.55404e-06 0 
0 0.000192911 0.000107552 1.00508e-05 2.39026e-07 1.88501e-09 6.614e-12 1.45507e-14 2.92113e-17 8.11416e-20 9.07735e-22 1.04852e-22 4.28922e-23 3.11278e-23 2.87391e-23 3.20664e-23 4.80709e-23 1.43159e-22 1.57122e-21 1.0638e-19 1.35558e-17 1.80594e-15 2.01844e-13 1.60304e-11 8.02519e-10 2.35798e-08 3.97004e-07 3.90034e-06 2.34835e-05 9.22015e-05 0.000248429 0.000468187 0.000615142 0.000576113 0.000411881 0.0002423 0.000122024 5.19537e-05 1.7077e-05 3.10426e-06 0 
0 0.000206845 0.000154671 2.24909e-05 9.7301e-07 1.60591e-08 1.30869e-10 7.08742e-13 3.52812e-15 2.24309e-17 2.5098e-19 8.01829e-21 1.32672e-21 6.5801e-22 5.69823e-22 7.8891e-22 2.12863e-21 1.96043e-20 5.69502e-19 2.85245e-17 1.80594e-15 1.16949e-13 6.45509e-12 2.61631e-10 6.97835e-09 1.15007e-07 1.16036e-06 7.47528e-06 3.29766e-05 0.000105767 0.000252278 0.000440882 0.000551882 0.000502534 0.000354495 0.000207456 0.000104297 4.4385e-05 1.45875e-05 2.65165e-06 0 
0 0.000215677 0.000215545 4.82665e-05 3.72345e-06 1.25531e-07 2.31364e-09 2.9989e-11 3.5958e-13 5.26599e-15 1.22231e-16 5.62636e-18 6.13063e-19 1.77123e-19 1.37327e-19 2.73838e-19 1.31969e-18 1.34541e-17 2.42189e-16 6.36314e-15 2.01844e-13 6.45509e-12 1.7663e-10 3.57989e-09 4.78097e-08 3.93503e-07 2.04065e-06 7.56884e-06 2.36753e-05 6.7634e-05 0.00016691 0.000316329 0.000424424 0.000403672 0.000291269 0.000172198 8.69264e-05 3.70486e-05 1.21827e-05 2.21491e-06 0 
0 0.000216811 0.000285867 9.64699e-05 1.27648e-05 8.36764e-07 3.30188e-08 9.66964e-10 2.6356e-11 8.41059e-13 3.89688e-14 3.15293e-15 5.12733e-16 1.8295e-16 1.47698e-16 2.63099e-16 9.596e-16 6.39247e-15 6.75263e-14 9.67776e-13 1.60304e-11 2.61631e-10 3.57989e-09 3.45653e-08 1.96875e-07 5.85347e-07 9.88741e-07 1.41413e-06 2.86449e-06 9.79768e-06 4.09113e-05 0.000130647 0.000249483 0.000286863 0.000225635 0.000138064 7.05666e-05 3.02017e-05 9.94449e-06 1.80873e-06 0 
0 0.000208615 0.000355294 0.00017564 3.79217e-05 4.52001e-06 3.54021e-07 2.16356e-08 1.23852e-09 7.9908e-11 6.91299e-12 9.30782e-13 2.18487e-13 9.59617e-14 8.08389e-14 1.28021e-13 3.58975e-13 1.62588e-12 1.06097e-11 8.77609e-11 8.02519e-10 6.97835e-09 4.78097e-08 1.96875e-07 3.3429e-07 1.67495e-07 2.95913e-08 5.73713e-09 5.8402e-09 5.14039e-08 1.25224e-06 1.90642e-05 9.43396e-05 0.000171514 0.000162752 0.000106625 5.57552e-05 2.40346e-05 7.93105e-06 1.44344e-06 0 
0 0.000191057 0.00040854 0.000286372 9.57265e-05 1.9229e-05 2.73536e-06 3.17702e-07 3.48092e-08 4.16111e-09 6.22241e-10 1.30913e-10 4.23839e-11 2.23297e-11 1.9525e-11 2.78966e-11 6.21364e-11 2.00684e-10 8.58029e-10 4.37405e-09 2.35798e-08 1.15007e-07 3.93503e-07 5.85347e-07 1.67495e-07 3.85352e-09 9.20895e-12 2.90858e-14 7.91825e-15 9.59745e-13 1.30458e-09 5.80343e-07 1.9774e-05 8.39393e-05 0.000109143 7.94067e-05 4.28925e-05 1.86681e-05 6.17718e-06 1.12511e-06 0 
0 0.000165921 0.000430388 0.000412091 0.000203155 6.38411e-05 1.50285e-05 3.00091e-06 5.69626e-07 1.14918e-07 2.73616e-08 8.41492e-09 3.5817e-09 2.203e-09 1.98839e-09 2.60272e-09 4.76559e-09 1.15412e-08 3.44194e-08 1.16063e-07 3.97004e-07 1.16036e-06 2.04065e-06 9.88741e-07 2.95913e-08 9.20895e-12 4.79412e-16 2.16629e-15 1.67869e-15 1.37393e-14 5.95917e-14 4.58765e-09 2.64416e-06 3.60617e-05 6.99475e-05 5.75396e-05 3.22006e-05 1.41535e-05 4.69594e-06 8.5594e-07 0 
0 0.000136403 0.00041307 0.000516666 0.000359427 0.000165882 5.92724e-05 1.84368e-05 5.48586e-06 1.70027e-06 5.93532e-07 2.49597e-07 1.3314e-07 9.30553e-08 8.62182e-08 1.04979e-07 1.63495e-07 3.12186e-07 6.9165e-07 1.65874e-06 3.90034e-06 7.47528e-06 7.56884e-06 1.41413e-06 5.73713e-09 2.90858e-14 2.16629e-15 7.94979e-16 1.12185e-15 4.49919e-15 5.41402e-14 5.76475e-11 4.45127e-07 1.69046e-05 4.5619e-05 4.12456e-05 2.36761e-05 1.04759e-05 3.48175e-06 6.34909e-07 0 
0 0.000106192 0.000361073 0.00055966 0.000524373 0.000338325 0.000171304 7.61514e-05 3.23784e-05 1.4102e-05 6.67e-06 3.59785e-06 2.29748e-06 1.77813e-06 1.68217e-06 1.93301e-06 2.64535e-06 4.17859e-06 7.30688e-06 1.33774e-05 2.34835e-05 3.29766e-05 2.36753e-05 2.86449e-06 5.8402e-09 7.91825e-15 1.67869e-15 1.12185e-15 3.28019e-15 1.37819e-14 1.97873e-13 1.53539e-11 2.31699e-07 1.12018e-05 3.23584e-05 2.97027e-05 1.70958e-05 7.56672e-06 2.51482e-06 4.58571e-07 0 
0 7.84444e-05 0.000288959 0.00052434 0.000624889 0.000538525 0.000368036 0.000219495 0.000123789 7.01853e-05 4.19334e-05 2.73838e-05 2.00773e-05 1.68042e-05 1.6152e-05 1.77493e-05 2.19872e-05 3.00163e-05 4.37692e-05 6.52217e-05 9.22015e-05 0.000105767 6.7634e-05 9.79768e-06 5.14039e-08 9.59745e-13 1.37393e-14 4.49919e-15 1.37819e-14 2.68153e-15 1.93046e-15 2.05603e-10 4.86242e-07 1.12637e-05 2.53456e-05 2.15285e-05 1.21095e-05 5.32436e-06 1.76624e-06 3.21899e-07 0 
0 5.51286e-05 0.000213653 0.000430407 0.000610557 0.000663834 0.000586542 0.000450078 0.000320578 0.000224077 0.000160307 0.000121015 9.84347e-05 8.73545e-05 8.4956e-05 9.02725e-05 0.000103765 0.000126925 0.000161352 0.000205852 0.000248429 0.000252278 0.00016691 4.09113e-05 1.25224e-06 1.30458e-09 5.95917e-14 5.41402e-14 1.97873e-13 1.93046e-15 4.01157e-12 1.79406e-08 2.10135e-06 1.4136e-05 2.07819e-05 1.54645e-05 8.36635e-06 3.6378e-06 1.20298e-06 2.19052e-07 0 
0 3.6932e-05 0.000147417 0.000316055 0.000500829 0.000640961 0.000691731 0.000655404 0.000570078 0.000475419 0.000394229 0.000334047 0.000294667 0.000273576 0.000268479 0.000278043 0.000301734 0.00033894 0.000386991 0.000437185 0.000468187 0.000440882 0.000316329 0.000130647 1.90642e-05 5.80343e-07 4.58765e-09 5.76475e-11 1.53539e-11 2.05603e-10 1.79406e-08 8.45275e-07 7.57775e-06 1.67813e-05 1.64857e-05 1.07577e-05 5.59064e-06 2.40219e-06 7.91652e-07 1.44012e-07 0 
0 2.35868e-05 9.56413e-05 0.000212023 0.000357378 0.000504274 0.000620858 0.0006858 0.000698286 0.00067397 0.000633035 0.000591399 0.000558449 0.000538453 0.000532593 0.000540263 0.000559414 0.000586043 0.000613014 0.000628522 0.000615142 0.000551882 0.000424424 0.000249483 9.43396e-05 1.9774e-05 2.64416e-06 4.45127e-07 2.31699e-07 4.86242e-07 2.10135e-06 7.57775e-06 1.47473e-05 1.61013e-05 1.20025e-05 7.11291e-06 3.58251e-06 1.52442e-06 5.00904e-07 9.10417e-08 0 
0 1.43177e-05 5.8507e-05 0.000131837 0.000229128 0.000340014 0.000450098 0.000544817 0.000614455 0.000656981 0.000676983 0.000682181 0.000680103 0.000676236 0.000673503 0.000672387 0.000671211 0.000666425 0.000652958 0.00062482 0.000576113 0.000502534 0.000403672 0.000286863 0.000171514 8.39393e-05 3.60617e-05 1.69046e-05 1.12018e-05 1.12637e-05 1.4136e-05 1.67813e-05 1.61013e-05 1.23257e-05 7.90198e-06 4.42326e-06 2.18387e-06 9.23167e-07 3.02704e-07 5.49821e-08 0 
0 8.20065e-06 3.36294e-05 7.6337e-05 0.000134504 0.000204229 0.000279745 0.000354298 0.000421611 0.000477288 0.000519497 0.000548646 0.000566443 0.000574855 0.000575368 0.000568656 0.000554586 0.000532484 0.000501541 0.000461271 0.000411881 0.000354495 0.000291269 0.000225635 0.000162752 0.000109143 6.99475e-05 4.5619e-05 3.23584e-05 2.53456e-05 2.07819e-05 1.64857e-05 1.20025e-05 7.90198e-06 4.72384e-06 2.56925e-06 1.25481e-06 5.28399e-07 1.73036e-07 3.14163e-08 0 
0 4.37206e-06 1.79562e-05 4.08849e-05 7.2447e-05 0.000111048 0.000154291 0.000199226 0.000242752 0.000282086 0.000315121 0.000340575 0.000357906 0.000367099 0.000368434 0.000362323 0.000349255 0.000329828 0.000304816 0.000275226 0.0002423 0.000207456 0.000172198 0.000138064 0.000106625 7.94067e-05 5.75396e-05 4.12456e-05 2.97027e-05 2.15285e-05 1.54645e-05 1.07577e-05 7.11291e-06 4.42326e-06 2.56925e-06 1.37955e-06 6.70249e-07 2.81681e-07 9.21769e-08 1.67315e-08 0 
0 2.11721e-06 8.70081e-06 1.9835e-05 3.5224e-05 5.41869e-05 7.5697e-05 9.84685e-05 0.000121088 0.000142169 0.000160492 0.00017511 0.000185392 0.000191018 0.000191949 0.000188382 0.000180714 0.000169506 0.000155455 0.00013935 0.000122024 0.000104297 8.69264e-05 7.05666e-05 5.57552e-05 4.28925e-05 3.22006e-05 2.36761e-05 1.70958e-05 1.21095e-05 8.36635e-06 5.59064e-06 3.58251e-06 2.18387e-06 1.25481e-06 6.70249e-07 3.24892e-07 1.36414e-07 4.46239e-08 8.09885e-09 0 
0 8.88556e-07 3.65244e-06 8.33013e-06 1.48049e-05 2.28046e-05 3.19186e-05 4.16294e-05 5.13593e-05 6.05231e-05 6.85817e-05 7.50868e-05 7.97124e-05 8.227e-05 8.27107e-05 8.11156e-05 7.76784e-05 7.2683e-05 6.6476e-05 5.94379e-05 5.19537e-05 4.4385e-05 3.70486e-05 3.02017e-05 2.40346e-05 1.86681e-05 1.41535e-05 1.04759e-05 7.56672e-06 5.32436e-06 3.6378e-06 2.40219e-06 1.52442e-06 9.23167e-07 5.28399e-07 2.81681e-07 1.36414e-07 5.72533e-08 1.87258e-08 3.39836e-09 0 
0 2.90609e-07 1.19466e-06 2.72512e-06 4.84461e-06 7.46571e-06 1.04562e-05 1.36493e-05 1.68578e-05 1.989e-05 2.25667e-05 2.47358e-05 2.62837e-05 2.71425e-05 2.72926e-05 2.67601e-05 2.56115e-05 2.39452e-05 2.18807e-05 1.95481e-05 1.7077e-05 1.45875e-05 1.21827e-05 9.94449e-06 7.93105e-06 6.17718e-06 4.69594e-06 3.48175e-06 2.51482e-06 1.76624e-06 1.20298e-06 7.91652e-07 5.00904e-07 3.02704e-07 1.73036e-07 9.21769e-08 4.46239e-08 1.87258e-08 6.12418e-09 1.11139e-09 0 
0 5.27388e-08 2.16811e-07 4.94589e-07 8.79347e-07 1.3553e-06 1.89859e-06 2.47909e-06 3.06289e-06 3.61522e-06 4.10337e-06 4.49943e-06 4.78238e-06 4.93955e-06 4.96714e-06 4.86989e-06 4.66005e-06 4.35577e-06 3.97913e-06 3.55404e-06 3.10426e-06 2.65165e-06 2.21491e-06 1.80873e-06 1.44344e-06 1.12511e-06 8.5594e-07 6.34909e-07 4.58571e-07 3.21899e-07 2.19052e-07 1.44012e-07 9.10417e-08 5.49821e-08 3.14163e-08 1.67315e-08 8.09885e-09 3.39836e-09 1.11139e-09 2.01686e-10 0 
0 0 0 0 0 0 0 0 0 0 0 0 0 0 0 0 0 0 0 0 0 0 0 0 0 0 0 0 0 0 0 0 0 0 0 0 0 0 0 0 0 
