0 0 0 0 0 0 0 0 0 0 0 0 0 0 0 0 0 0 0 0 0 0 0 0 0 0 0 0 0 0 0 0 0 0 0 0 0 0 0 0 0 
0 1.31578e-05 5.11289e-05 0.000105425 0.000160225 0.000199668 0.000216496 0.000213464 0.000198315 0.000178653 0.000159689 0.000144191 0.000133261 0.000127123 0.000125648 0.000128612 0.000135758 0.000146708 0.000160798 0.000176865 0.000193092 0.000207024 0.000215846 0.000216963 0.000208743 0.000191155 0.000165989 0.000136446 0.000106215 7.84558e-05 5.51334e-05 3.69338e-05 2.35874e-05 1.43179e-05 8.2007e-06 4.37207e-06 2.11722e-06 8.88556e-07 2.90609e-07 5.27388e-08 0 
0 5.11289e-05 0.000183473 0.000325268 0.000390077 0.000355627 0.000268784 0.000181249 0.000115787 7.35887e-05 4.84569e-05 3.41678e-05 2.64457e-05 2.28236e-05 2.20995e-05 2.39345e-05 2.86712e-05 3.73223e-05 5.16434e-05 7.41391e-05 0.000107757 0.000154947 0.000215901 0.0002863 0.000355777 0.000409022 0.000430809 0.000413384 0.000361271 0.000289064 0.0002137 0.000147436 9.56474e-05 5.85088e-05 3.36298e-05 1.79563e-05 8.70083e-06 3.65244e-06 1.19466e-06 2.16811e-07 0 
0 0.000105425 0.000325268 0.000435141 0.000345343 0.000190604 8.3226e-05 3.18024e-05 1.15665e-05 4.32084e-06 1.77686e-06 8.53422e-07 5.00912e-07 3.69689e-07 3.46718e-07 4.10363e-07 5.99312e-07 1.04311e-06 2.07248e-06 4.48418e-06 1.00814e-05 2.25539e-05 4.83913e-05 9.67004e-05 0.000176027 0.000286948 0.000412822 0.00051743 0.000560294 0.000524752 0.000430618 0.000316142 0.000212053 0.000131846 7.63391e-05 4.08853e-05 1.98351e-05 8.33014e-06 2.72512e-06 4.9459e-07 0 
0 0.000160225 0.000390077 0.000345343 0.00015781 4.58121e-05 9.8315e-06 1.76782e-06 3.00708e-07 5.45624e-08 1.18152e-08 3.3624e-09 1.35354e-09 8.07097e-10 7.24791e-10 9.68299e-10 1.85304e-09 4.79294e-09 1.55946e-08 5.90084e-08 2.40084e-07 9.76896e-07 3.73683e-06 1.28062e-05 3.80337e-05 9.59865e-05 0.000203662 0.000360227 0.000525348 0.000625763 0.000611124 0.0005011 0.000357478 0.000229158 0.000134511 7.24486e-05 3.52243e-05 1.48049e-05 4.84462e-06 8.79347e-07 0 
0 0.000199668 0.000355627 0.000190604 4.58121e-05 6.19788e-06 5.59268e-07 3.97298e-08 2.64631e-09 1.97121e-10 1.93697e-11 2.8931e-12 7.31881e-13 3.35562e-13 2.85648e-13 4.43072e-13 1.18305e-12 4.98473e-12 2.97754e-11 2.24323e-10 1.89649e-09 1.6146e-08 1.26131e-07 8.40279e-07 4.5368e-06 1.9293e-05 6.40349e-05 0.000166344 0.000339167 0.000539629 0.000664821 0.000641554 0.000504525 0.000340094 0.00020425 0.000111053 5.41877e-05 2.28048e-05 7.46572e-06 1.3553e-06 0 
0 0.000216496 0.000268784 8.3226e-05 9.8315e-06 5.59268e-07 1.87409e-08 4.6062e-10 1.05227e-11 2.8393e-13 1.13275e-14 8.10301e-16 1.20472e-16 4.08805e-17 3.27326e-17 6.02353e-17 2.35542e-16 1.73403e-15 2.07246e-14 3.42468e-13 6.66668e-12 1.31788e-10 2.32778e-09 3.31932e-08 3.55635e-07 2.7462e-06 1.50813e-05 5.94615e-05 0.000171804 0.000368983 0.000587738 0.000692684 0.000621346 0.000450271 0.000279791 0.000154301 7.56988e-05 3.19188e-05 1.04562e-05 1.89859e-06 0 
0 0.000213464 0.000181249 3.18024e-05 1.76782e-06 3.97298e-08 4.6062e-10 3.63676e-12 2.64566e-14 2.40859e-16 3.68159e-18 1.57491e-19 4.62453e-20 3.55923e-20 3.35444e-20 3.58983e-20 5.67553e-20 3.50963e-19 8.08168e-18 3.09339e-16 1.46955e-14 7.14921e-13 3.02149e-11 9.7319e-10 2.1754e-08 3.19179e-07 3.01293e-06 1.8502e-05 7.63961e-05 0.000220136 0.000451192 0.000656598 0.000686562 0.000545127 0.000354387 0.000199245 9.84721e-05 4.16299e-05 1.36494e-05 2.47909e-06 0 
0 0.000198315 0.000115787 1.15665e-05 3.00708e-07 2.64631e-09 1.05227e-11 2.64566e-14 6.07107e-17 1.95498e-19 5.56379e-21 1.76259e-21 1.38384e-21 1.51874e-21 1.51928e-21 1.34297e-21 1.2018e-21 1.90536e-21 7.22855e-21 2.60154e-19 2.95607e-17 3.56489e-15 3.628e-13 2.65563e-11 1.24643e-09 3.49955e-08 5.72195e-07 5.50713e-06 3.24899e-05 0.000124177 0.000321467 0.000571325 0.000699286 0.000614928 0.000421758 0.000242786 0.000121094 5.13602e-05 1.68579e-05 3.0629e-06 0 
0 0.000178653 7.35887e-05 4.32084e-06 5.45624e-08 1.97121e-10 2.8393e-13 2.40859e-16 1.95498e-19 1.29863e-21 2.11302e-22 1.47381e-22 1.55616e-22 1.87578e-22 1.91581e-22 1.60506e-22 1.23423e-22 1.21855e-22 1.50762e-22 9.14372e-22 8.22112e-20 2.27009e-17 5.32022e-15 8.48372e-13 8.04882e-11 4.18617e-09 1.15493e-07 1.70742e-06 1.41536e-05 7.04163e-05 0.000224741 0.000476586 0.000675124 0.000657616 0.000477504 0.000282138 0.000142179 6.05245e-05 1.98902e-05 3.61523e-06 0 
0 0.000159689 4.84569e-05 1.77686e-06 1.18152e-08 1.93697e-11 1.13275e-14 3.68159e-18 5.56379e-21 2.11302e-22 4.00924e-23 2.74235e-23 3.03696e-23 3.65307e-23 3.73644e-23 3.12047e-23 2.30662e-23 1.80537e-23 1.53083e-23 4.1449e-23 9.12438e-22 2.54301e-19 1.23635e-16 3.93452e-14 6.96849e-12 6.26357e-10 2.75104e-08 5.96209e-07 6.69562e-06 4.20762e-05 0.000160801 0.000395268 0.000634255 0.000677754 0.000519782 0.000315192 0.000160506 6.85837e-05 2.25669e-05 4.10339e-06 0 
0 0.000144191 3.41678e-05 8.53422e-07 3.3624e-09 2.8931e-12 8.10301e-16 1.57491e-19 1.76259e-21 1.47381e-22 2.74235e-23 1.03848e-23 8.24087e-24 8.89383e-24 8.88873e-24 7.44985e-24 5.46629e-24 3.9529e-24 3.49421e-24 9.65038e-24 1.04238e-22 8.10142e-21 5.69634e-18 3.18583e-15 9.38829e-13 1.31842e-10 8.46366e-09 2.50784e-07 3.61222e-06 2.74794e-05 0.000121396 0.000334964 0.000592629 0.000683049 0.000548992 0.000340664 0.000175127 7.50894e-05 2.47361e-05 4.49944e-06 0 
0 0.000133261 2.64457e-05 5.00912e-07 1.35354e-09 7.31881e-13 1.20472e-16 4.62453e-20 1.38384e-21 1.55616e-22 3.03696e-23 8.24087e-24 3.61088e-24 2.71378e-24 2.42584e-24 1.99673e-24 1.47846e-24 1.13149e-24 1.43324e-24 5.09762e-24 4.23323e-23 1.32965e-21 6.21019e-19 5.18366e-16 2.20471e-13 4.26988e-11 3.60335e-09 1.33797e-07 2.30691e-06 2.01485e-05 9.87483e-05 0.000295492 0.000559663 0.000681031 0.000566833 0.00035801 0.000185412 7.97154e-05 2.6284e-05 4.7824e-06 0 
0 0.000127123 2.28236e-05 3.69689e-07 8.07097e-10 3.35562e-13 4.08805e-17 3.55923e-20 1.51874e-21 1.87578e-22 3.65307e-23 8.89383e-24 2.71378e-24 1.21381e-24 7.98021e-25 5.98182e-25 4.57788e-25 4.53414e-25 9.59798e-25 4.08643e-24 3.06446e-23 6.56697e-22 1.79417e-19 1.85013e-16 9.68551e-14 2.24995e-11 2.21659e-09 9.35222e-08 1.78551e-06 1.68642e-05 8.76336e-05 0.000274348 0.000539647 0.000677191 0.000575269 0.000367212 0.00019104 8.22732e-05 2.71429e-05 4.93957e-06 0 
0 0.000125648 2.20995e-05 3.46718e-07 7.24791e-10 2.85648e-13 3.27326e-17 3.35444e-20 1.51928e-21 1.91581e-22 3.73644e-23 8.88874e-24 2.42585e-24 7.98021e-25 3.56242e-25 2.17755e-25 1.8106e-25 2.75043e-25 8.35138e-25 3.82964e-24 2.82829e-23 5.68298e-22 1.39093e-19 1.49369e-16 8.15928e-14 1.96736e-11 2.00067e-09 8.66506e-08 1.68914e-06 1.62094e-05 8.5226e-05 0.000269233 0.000533771 0.000674457 0.000575785 0.000368548 0.000191971 8.2714e-05 2.72929e-05 4.96717e-06 0 
0 0.000128612 2.39345e-05 4.10363e-07 9.68299e-10 4.43072e-13 6.02353e-17 3.58983e-20 1.34297e-21 1.60506e-22 3.12047e-23 7.44985e-24 1.99673e-24 5.98182e-25 2.17755e-25 1.13847e-25 1.10383e-25 2.33566e-25 8.19065e-25 3.94007e-24 3.15905e-23 7.88539e-22 2.77381e-19 2.66014e-16 1.29191e-13 2.81048e-11 2.61847e-09 1.05495e-07 1.94088e-06 1.78115e-05 9.05555e-05 0.000278812 0.000541434 0.000673314 0.000569055 0.000362431 0.000188403 8.11187e-05 2.67604e-05 4.86991e-06 0 
0 0.000135758 2.86712e-05 5.99312e-07 1.85304e-09 1.18305e-12 2.35542e-16 5.67553e-20 1.2018e-21 1.23423e-22 2.30663e-23 5.46629e-24 1.47846e-24 4.57788e-25 1.8106e-25 1.10383e-25 1.23411e-25 2.65832e-25 9.31816e-25 4.81599e-24 4.75688e-23 2.14086e-21 1.33638e-18 9.69788e-16 3.62122e-13 6.25815e-11 4.79332e-09 1.6427e-07 2.65577e-06 2.20621e-05 0.000104083 0.000302545 0.000560577 0.000672085 0.00055495 0.000349352 0.000180732 7.76813e-05 2.56118e-05 4.66006e-06 0 
0 0.000146708 3.73223e-05 1.04311e-06 4.79294e-09 4.98473e-12 1.73403e-15 3.50963e-19 1.90536e-21 1.21855e-22 1.80537e-23 3.9529e-24 1.13149e-24 4.53414e-25 2.75043e-25 2.33566e-25 2.65832e-25 4.63673e-25 1.4437e-24 8.71371e-24 1.42877e-22 1.98444e-20 1.36142e-17 6.45615e-15 1.63927e-12 2.02036e-10 1.16045e-08 3.13586e-07 4.19428e-06 3.01145e-05 0.000127299 0.000339809 0.000587181 0.000667218 0.000532798 0.00032991 0.000169522 7.26853e-05 2.39454e-05 4.35578e-06 0 
0 0.000160798 5.16434e-05 2.07248e-06 1.55946e-08 2.97754e-11 2.07246e-14 8.08168e-18 7.22855e-21 1.50762e-22 1.53083e-23 3.49421e-24 1.43324e-24 9.59798e-25 8.35138e-25 8.19065e-25 9.31816e-25 1.4437e-24 4.0361e-24 3.23081e-23 1.58553e-21 5.76782e-19 2.44835e-16 6.81446e-14 1.069e-11 8.63351e-10 3.45936e-08 6.94527e-07 7.33252e-06 4.39043e-05 0.000161801 0.000387914 0.00061409 0.00065364 0.000501797 0.00030488 0.000155467 6.64778e-05 2.18809e-05 3.97914e-06 0 
0 0.000176865 7.41391e-05 4.48418e-06 5.90084e-08 2.24323e-10 3.42468e-13 3.09339e-16 2.60154e-19 9.14372e-22 4.1449e-23 9.65038e-24 5.09762e-24 4.08643e-24 3.82964e-24 3.94006e-24 4.81599e-24 8.7137e-24 3.23081e-23 6.76616e-22 1.07775e-19 2.88541e-17 6.4257e-15 9.75755e-13 8.83596e-11 4.3985e-09 1.16593e-07 1.66499e-06 1.34203e-05 6.54067e-05 0.000206376 0.000438117 0.000629477 0.00062537 0.000461465 0.000275274 0.000139359 5.94393e-05 1.95482e-05 3.55405e-06 0 
0 0.000193092 0.000107757 1.00814e-05 2.40084e-07 1.89649e-09 6.66668e-12 1.46955e-14 2.95607e-17 8.22112e-20 9.12438e-22 1.04238e-22 4.23323e-23 3.06446e-23 2.82828e-23 3.15905e-23 4.75688e-23 1.42877e-22 1.58553e-21 1.07775e-19 1.37154e-17 1.82434e-15 2.03595e-13 1.6147e-11 8.07345e-10 2.36959e-08 3.98601e-07 3.91332e-06 2.35501e-05 9.24326e-05 0.000248979 0.000469033 0.000615911 0.000576521 0.000412018 0.000242333 0.00012203 5.19546e-05 1.70771e-05 3.10427e-06 0 
0 0.000207024 0.000154947 2.25539e-05 9.76896e-07 1.6146e-08 1.31788e-10 7.14921e-13 3.56489e-15 2.27009e-17 2.54301e-19 8.10142e-21 1.32965e-21 6.56697e-22 5.68298e-22 7.88539e-22 2.14086e-21 1.98444e-20 5.76782e-19 2.88541e-17 1.82434e-15 1.17981e-13 6.50357e-12 2.63275e-10 7.01454e-09 1.15495e-07 1.16438e-06 7.4967e-06 3.30568e-05 0.000105991 0.000252738 0.000441519 0.000552422 0.000502809 0.000354586 0.000207478 0.000104302 4.43856e-05 1.45876e-05 2.65166e-06 0 
0 0.000215846 0.000215901 4.83913e-05 3.73683e-06 1.26131e-07 2.32778e-09 3.02149e-11 3.628e-13 5.32022e-15 1.23635e-16 5.69634e-18 6.21019e-19 1.79417e-19 1.39093e-19 2.77381e-19 1.33638e-18 1.36142e-17 2.44835e-16 6.4257e-15 2.03595e-13 6.50357e-12 1.77757e-10 3.59896e-09 4.80199e-08 3.94925e-07 2.04676e-06 7.58786e-06 2.37256e-05 6.77552e-05 0.000167157 0.000316688 0.000424745 0.000403842 0.000291327 0.000172212 8.69292e-05 3.7049e-05 1.21828e-05 2.21491e-06 0 
0 0.000216963 0.0002863 9.67004e-05 1.28062e-05 8.40279e-07 3.31932e-08 9.7319e-10 2.65563e-11 8.48372e-13 3.93452e-14 3.18583e-15 5.18366e-16 1.85013e-16 1.49369e-16 2.66014e-16 9.69788e-16 6.45615e-15 6.81446e-14 9.75755e-13 1.6147e-11 2.63275e-10 3.59896e-09 3.47192e-08 1.97608e-07 5.87216e-07 9.91567e-07 1.41783e-06 2.87114e-06 9.81635e-06 4.09702e-05 0.000130779 0.000249644 0.000286964 0.000225673 0.000138073 7.05684e-05 3.0202e-05 9.94452e-06 1.80873e-06 0 
0 0.000208743 0.000355777 0.000176027 3.80337e-05 4.5368e-06 3.55635e-07 2.1754e-08 1.24643e-09 8.04882e-11 6.96849e-12 9.38829e-13 2.20471e-13 9.68551e-14 8.15928e-14 1.29191e-13 3.62122e-13 1.63927e-12 1.069e-11 8.83596e-11 8.07345e-10 7.01454e-09 4.80199e-08 1.97608e-07 3.35392e-07 1.68037e-07 2.96957e-08 5.75935e-09 5.86227e-09 5.15608e-08 1.25484e-06 1.90881e-05 9.44054e-05 0.000171575 0.000162778 0.000106632 5.57566e-05 2.40348e-05 7.93107e-06 1.44344e-06 0 
0 0.000191155 0.000409022 0.000286948 9.59865e-05 1.9293e-05 2.7462e-06 3.19179e-07 3.49955e-08 4.18617e-09 6.26357e-10 1.31842e-10 4.26988e-11 2.24995e-11 1.96736e-11 2.81048e-11 6.25815e-11 2.02036e-10 8.63351e-10 4.3985e-09 2.36959e-08 1.15495e-07 3.94925e-07 5.87216e-07 1.68037e-07 3.86902e-09 9.2595e-12 2.93205e-14 7.97866e-15 9.65621e-13 1.30944e-09 5.81507e-07 1.97929e-05 8.39752e-05 0.000109162 7.9412e-05 4.28936e-05 1.86682e-05 6.1772e-06 1.12511e-06 0 
0 0.000165989 0.000430809 0.000412822 0.000203662 6.40349e-05 1.50813e-05 3.01293e-06 5.72195e-07 1.15493e-07 2.75104e-08 8.46366e-09 3.60335e-09 2.21659e-09 2.00067e-09 2.61847e-09 4.79332e-09 1.16045e-08 3.45936e-08 1.16593e-07 3.98601e-07 1.16438e-06 2.04676e-06 9.91567e-07 2.96957e-08 9.2595e-12 4.72176e-16 2.16937e-15 1.66754e-15 1.35902e-14 5.99806e-14 4.60232e-09 2.6478e-06 3.60814e-05 6.99619e-05 5.75439e-05 3.22014e-05 1.41536e-05 4.69595e-06 8.55941e-07 0 
0 0.000136446 0.000413384 0.00051743 0.000360227 0.000166344 5.94615e-05 1.8502e-05 5.50713e-06 1.70742e-06 5.96209e-07 2.50784e-07 1.33797e-07 9.35222e-08 8.66506e-08 1.05495e-07 1.6427e-07 3.13586e-07 6.94527e-07 1.66499e-06 3.91332e-06 7.4967e-06 7.58786e-06 1.41783e-06 5.75935e-09 2.93205e-14 2.16937e-15 7.88456e-16 1.09894e-15 4.39008e-15 5.28371e-14 5.7899e-11 4.45914e-07 1.69156e-05 4.56295e-05 4.12489e-05 2.36767e-05 1.0476e-05 3.48176e-06 6.34909e-07 0 
0 0.000106215 0.000361271 0.000560294 0.000525348 0.000339167 0.000171804 7.63961e-05 3.24899e-05 1.41536e-05 6.69562e-06 3.61222e-06 2.30691e-06 1.78551e-06 1.68914e-06 1.94088e-06 2.65577e-06 4.19428e-06 7.33252e-06 1.34203e-05 2.35501e-05 3.30568e-05 2.37256e-05 2.87114e-06 5.86227e-09 7.97866e-15 1.66754e-15 1.09894e-15 3.21245e-15 1.35422e-14 1.95589e-13 1.54298e-11 2.32128e-07 1.12093e-05 3.23658e-05 2.97049e-05 1.70962e-05 7.56678e-06 2.51482e-06 4.58572e-07 0 
0 7.84558e-05 0.000289064 0.000524752 0.000625763 0.000539629 0.000368983 0.000220136 0.000124177 7.04163e-05 4.20762e-05 2.74794e-05 2.01485e-05 1.68642e-05 1.62094e-05 1.78115e-05 2.20621e-05 3.01145e-05 4.39043e-05 6.54067e-05 9.24326e-05 0.000105991 6.77552e-05 9.81635e-06 5.15608e-08 9.65621e-13 1.35902e-14 4.39008e-15 1.35422e-14 2.62238e-15 1.88069e-15 2.06379e-10 4.86994e-07 1.127e-05 2.53505e-05 2.15299e-05 1.21098e-05 5.32439e-06 1.76624e-06 3.21899e-07 0 
0 5.51334e-05 0.0002137 0.000430618 0.000611124 0.000664821 0.000587738 0.000451192 0.000321467 0.000224741 0.000160801 0.000121396 9.87483e-05 8.76336e-05 8.5226e-05 9.05555e-05 0.000104083 0.000127299 0.000161801 0.000206376 0.000248979 0.000252738 0.000167157 4.09702e-05 1.25484e-06 1.30944e-09 5.99806e-14 5.28371e-14 1.95589e-13 1.88069e-15 4.03073e-12 1.79843e-08 2.10353e-06 1.41416e-05 2.07848e-05 1.54652e-05 8.36648e-06 3.63782e-06 1.20298e-06 2.19052e-07 0 
0 3.69338e-05 0.000147436 0.000316142 0.0005011 0.000641554 0.000692684 0.000656598 0.000571325 0.000476586 0.000395268 0.000334964 0.000295492 0.000274348 0.000269233 0.000278812 0.000302545 0.000339809 0.000387914 0.000438117 0.000469033 0.000441519 0.000316688 0.000130779 1.90881e-05 5.81507e-07 4.60232e-09 5.7899e-11 1.54298e-11 2.06379e-10 1.79843e-08 8.46362e-07 7.58215e-06 1.67852e-05 1.64871e-05 1.0758e-05 5.5907e-06 2.4022e-06 7.91653e-07 1.44012e-07 0 
0 2.35874e-05 9.56474e-05 0.000212053 0.000357478 0.000504525 0.000621346 0.000686562 0.000699286 0.000675124 0.000634255 0.000592629 0.000559663 0.000539647 0.000533771 0.000541434 0.000560577 0.000587181 0.00061409 0.000629477 0.000615911 0.000552422 0.000424745 0.000249644 9.44054e-05 1.97929e-05 2.6478e-06 4.45914e-07 2.32128e-07 4.86994e-07 2.10353e-06 7.58215e-06 1.47514e-05 1.61032e-05 1.2003e-05 7.11303e-06 3.58254e-06 1.52443e-06 5.00905e-07 9.10417e-08 0 
0 1.43179e-05 5.85088e-05 0.000131846 0.000229158 0.000340094 0.000450271 0.000545127 0.000614928 0.000657616 0.000677754 0.000683049 0.000681031 0.000677191 0.000674457 0.000673314 0.000672085 0.000667218 0.00065364 0.00062537 0.000576521 0.000502809 0.000403842 0.000286964 0.000171575 8.39752e-05 3.60814e-05 1.69156e-05 1.12093e-05 1.127e-05 1.41416e-05 1.67852e-05 1.61032e-05 1.23264e-05 7.90216e-06 4.4233e-06 2.18388e-06 9.23168e-07 3.02704e-07 5.49821e-08 0 
0 8.2007e-06 3.36298e-05 7.63391e-05 0.000134511 0.00020425 0.000279791 0.000354387 0.000421758 0.000477504 0.000519782 0.000548992 0.000566833 0.000575269 0.000575785 0.000569055 0.00055495 0.000532798 0.000501797 0.000461465 0.000412018 0.000354586 0.000291327 0.000225673 0.000162778 0.000109162 6.99619e-05 4.56295e-05 3.23658e-05 2.53505e-05 2.07848e-05 1.64871e-05 1.2003e-05 7.90216e-06 4.72389e-06 2.56926e-06 1.25481e-06 5.28399e-07 1.73036e-07 3.14163e-08 0 
0 4.37207e-06 1.79563e-05 4.08853e-05 7.24486e-05 0.000111053 0.000154301 0.000199245 0.000242786 0.000282138 0.000315192 0.000340664 0.00035801 0.000367212 0.000368548 0.000362431 0.000349352 0.00032991 0.00030488 0.000275274 0.000242333 0.000207478 0.000172212 0.000138073 0.000106632 7.9412e-05 5.75439e-05 4.12489e-05 2.97049e-05 2.15299e-05 1.54652e-05 1.0758e-05 7.11303e-06 4.4233e-06 2.56926e-06 1.37955e-06 6.70249e-07 2.81682e-07 9.2177e-08 1.67315e-08 0 
0 2.11722e-06 8.70083e-06 1.98351e-05 3.52243e-05 5.41877e-05 7.56988e-05 9.84721e-05 0.000121094 0.000142179 0.000160506 0.000175127 0.000185412 0.00019104 0.000191971 0.000188403 0.000180732 0.000169522 0.000155467 0.000139359 0.00012203 0.000104302 8.69292e-05 7.05684e-05 5.57566e-05 4.28936e-05 3.22014e-05 2.36767e-05 1.70962e-05 1.21098e-05 8.36648e-06 5.5907e-06 3.58254e-06 2.18388e-06 1.25481e-06 6.70249e-07 3.24892e-07 1.36414e-07 4.46239e-08 8.09885e-09 0 
0 8.88556e-07 3.65244e-06 8.33014e-06 1.48049e-05 2.28048e-05 3.19188e-05 4.16299e-05 5.13602e-05 6.05245e-05 6.85837e-05 7.50894e-05 7.97154e-05 8.22732e-05 8.2714e-05 8.11187e-05 7.76813e-05 7.26853e-05 6.64778e-05 5.94393e-05 5.19546e-05 4.43856e-05 3.7049e-05 3.0202e-05 2.40348e-05 1.86682e-05 1.41536e-05 1.0476e-05 7.56678e-06 5.32439e-06 3.63782e-06 2.4022e-06 1.52443e-06 9.23168e-07 5.28399e-07 2.81682e-07 1.36414e-07 5.72534e-08 1.87258e-08 3.39836e-09 0 
0 2.90609e-07 1.19466e-06 2.72512e-06 4.84462e-06 7.46572e-06 1.04562e-05 1.36494e-05 1.68579e-05 1.98902e-05 2.25669e-05 2.47361e-05 2.6284e-05 2.71429e-05 2.72929e-05 2.67604e-05 2.56118e-05 2.39454e-05 2.18809e-05 1.95482e-05 1.70771e-05 1.45876e-05 1.21828e-05 9.94452e-06 7.93107e-06 6.1772e-06 4.69595e-06 3.48176e-06 2.51482e-06 1.76624e-06 1.20298e-06 7.91653e-07 5.00905e-07 3.02704e-07 1.73036e-07 9.2177e-08 4.46239e-08 1.87258e-08 6.12418e-09 1.11139e-09 0 
0 5.27388e-08 2.16811e-07 4.9459e-07 8.79347e-07 1.3553e-06 1.89859e-06 2.47909e-06 3.0629e-06 3.61523e-06 4.10339e-06 4.49944e-06 4.7824e-06 4.93957e-06 4.96717e-06 4.86991e-06 4.66006e-06 4.35578e-06 3.97914e-06 3.55405e-06 3.10427e-06 2.65166e-06 2.21491e-06 1.80873e-06 1.44344e-06 1.12511e-06 8.55941e-07 6.34909e-07 4.58572e-07 3.21899e-07 2.19052e-07 1.44012e-07 9.10417e-08 5.49821e-08 3.14163e-08 1.67315e-08 8.09885e-09 3.39836e-09 1.11139e-09 2.01686e-10 0 
0 0 0 0 0 0 0 0 0 0 0 0 0 0 0 0 0 0 0 0 0 0 0 0 0 0 0 0 0 0 0 0 0 0 0 0 0 0 0 0 0 
