0 0 0 0 0 0 0 0 0 0 0 0 0 0 0 0 0 0 0 0 0 0 0 0 0 0 0 0 0 0 0 0 0 0 0 0 0 0 0 0 0 
0 1.34278e-05 5.34315e-05 0.000114712 0.00018466 0.000246642 0.000287648 0.000304007 0.000300501 0.00028544 0.000266441 0.000248731 0.00023522 0.000227207 0.000225056 0.000228605 0.000237315 0.000250226 0.000265804 0.000281793 0.000295217 0.000302665 0.000300936 0.000287938 0.000263515 0.00022977 0.000190584 0.000150475 0.000113344 8.16759e-05 5.64273e-05 3.73973e-05 2.37358e-05 1.43604e-05 8.21157e-06 4.37453e-06 2.1177e-06 8.88636e-07 2.90619e-07 5.27395e-08 0 
0 5.34315e-05 0.000202939 0.000397188 0.000546928 0.000583583 0.000514335 0.000398059 0.00028657 0.000201722 0.000144618 0.000109012 8.84227e-05 7.83012e-05 7.61464e-05 8.11463e-05 9.38897e-05 0.000116206 0.000150973 0.000201564 0.000270527 0.000357194 0.000454644 0.000547773 0.000615314 0.000637402 0.000605651 0.00052831 0.000425748 0.000319989 0.000226476 0.000152029 9.70992e-05 5.89151e-05 3.37308e-05 1.79785e-05 8.70506e-06 3.65311e-06 1.19474e-06 2.16816e-07 0 
0 0.000114712 0.000397188 0.000646017 0.000657389 0.000466651 0.000256394 0.000120792 5.33371e-05 2.37922e-05 1.14231e-05 6.21806e-06 3.99064e-06 3.09488e-06 2.9277e-06 3.36003e-06 4.59269e-06 7.26373e-06 1.28238e-05 2.42941e-05 4.74637e-05 9.21185e-05 0.00017173 0.00029854 0.000471521 0.000661588 0.000810918 0.000862159 0.000799546 0.000657732 0.000490653 0.000338668 0.000219249 0.000133841 7.68246e-05 4.09891e-05 1.98543e-05 8.33311e-06 2.72546e-06 4.94611e-07 0 
0 0.00018466 0.000546928 0.000657389 0.000423783 0.000171275 5.06233e-05 1.25173e-05 2.91095e-06 7.08458e-07 1.98753e-07 6.97759e-08 3.26357e-08 2.1154e-08 1.92804e-08 2.447e-08 4.1916e-08 9.23349e-08 2.46365e-07 7.45687e-07 2.3981e-06 7.71301e-06 2.35503e-05 6.54459e-05 0.00016015 0.000335868 0.00058928 0.000847961 0.000993374 0.000960022 0.000790164 0.000575328 0.000382318 0.000236127 0.000136193 7.28014e-05 3.52881e-05 1.48145e-05 4.84571e-06 8.79415e-07 0 
0 0.000246642 0.000583583 0.000466651 0.000171275 3.56298e-05 5.0516e-06 5.73818e-07 6.09799e-08 7.05163e-09 1.02111e-09 2.08851e-10 6.61524e-11 3.43771e-11 2.99282e-11 4.29969e-11 9.72616e-11 3.22243e-10 1.42981e-09 7.70339e-09 4.56951e-08 2.72608e-07 1.51383e-06 7.3634e-06 3.0039e-05 9.98578e-05 0.000264957 0.000550133 0.000877561 0.00107219 0.00103059 0.000820151 0.000569934 0.000359168 0.000208888 0.000112017 5.43592e-05 2.28301e-05 7.46854e-06 1.35547e-06 0 
0 0.000287648 0.000514335 0.000256394 5.06233e-05 5.0516e-06 3.1285e-07 1.46564e-08 6.36809e-10 3.14666e-11 2.14052e-12 2.36222e-13 4.79422e-14 1.93564e-14 1.599e-14 2.64611e-14 8.2208e-14 4.33991e-13 3.44167e-12 3.58259e-11 4.27719e-10 5.16877e-09 5.68023e-08 5.2187e-07 3.77918e-06 2.08317e-05 8.59665e-05 0.000263157 0.000589931 0.000955427 0.0011282 0.00102002 0.000758279 0.000492978 0.000290438 0.000156518 7.6089e-05 3.19756e-05 1.04624e-05 1.89896e-06 0 
0 0.000304007 0.000398059 0.000120792 1.25173e-05 5.73818e-07 1.46564e-08 2.65743e-10 4.4277e-12 8.8e-14 2.66572e-15 1.51951e-16 1.915e-17 5.90461e-18 4.61179e-18 8.86959e-18 3.86747e-17 3.36103e-16 4.96203e-15 1.04538e-13 2.63978e-12 6.79703e-11 1.55306e-09 2.82225e-08 3.77674e-07 3.55917e-06 2.32284e-05 0.000105099 0.000330592 0.000717534 0.00106999 0.00113356 0.000921656 0.000625518 0.00037527 0.000203643 9.92437e-05 4.17409e-05 1.36614e-05 2.47979e-06 0 
0 0.000300501 0.00028657 5.33371e-05 2.91095e-06 6.09799e-08 6.36809e-10 4.4277e-12 2.80417e-14 2.2237e-16 2.98059e-18 8.96223e-20 8.39149e-21 2.68909e-21 2.1577e-21 3.81808e-21 1.78545e-20 2.34256e-19 6.4142e-18 2.75072e-16 1.47874e-14 8.16883e-13 3.90873e-11 1.41523e-09 3.52413e-08 5.70769e-07 5.89391e-06 3.90902e-05 0.000169623 0.000485941 0.000915296 0.0011526 0.00104119 0.000745176 0.000457451 0.000250454 0.000122443 5.1553e-05 1.68786e-05 3.06409e-06 0 
0 0.00028544 0.000201722 2.37922e-05 7.08458e-07 7.05163e-09 3.14666e-11 8.8e-14 2.2237e-16 7.38085e-19 4.97354e-21 1.58535e-22 2.73272e-23 1.24427e-23 1.05722e-23 1.52527e-23 4.33972e-23 3.43314e-22 1.16108e-20 9.44973e-19 1.04042e-16 1.1868e-14 1.14632e-12 7.99472e-11 3.59552e-09 9.75409e-08 1.55801e-06 1.48063e-05 8.63043e-05 0.000317089 0.000739223 0.0011016 0.00111132 0.000843505 0.000531585 0.000294054 0.000144288 6.08253e-05 1.99222e-05 3.61707e-06 0 
0 0.000266441 0.000144618 1.14231e-05 1.98753e-07 1.02111e-09 2.14052e-12 2.66572e-15 2.98059e-18 4.97354e-21 3.2934e-23 1.5439e-24 4.02704e-25 2.41194e-25 2.1478e-25 2.62256e-25 5.07801e-25 2.52326e-24 5.86859e-23 6.16449e-21 1.24881e-18 2.71166e-16 4.88878e-14 6.10637e-12 4.64662e-10 1.99547e-08 4.70077e-07 6.14689e-06 4.63759e-05 0.000210665 0.000588577 0.00101793 0.00113948 0.000916848 0.000593588 0.0003319 0.00016349 6.90093e-05 2.2612e-05 4.10596e-06 0 
0 0.000248731 0.000109012 6.21806e-06 6.97759e-08 2.08851e-10 2.36222e-13 1.51951e-16 8.96223e-20 1.58535e-22 1.5439e-24 6.52049e-26 1.5509e-26 1.04712e-26 9.58974e-27 1.04642e-26 1.62791e-26 6.98902e-26 1.44562e-24 1.23397e-22 3.35721e-20 1.22206e-17 3.6686e-15 7.37784e-13 8.63093e-11 5.39801e-09 1.74813e-07 2.96819e-06 2.76141e-05 0.000148562 0.000478605 0.000932975 0.00114022 0.000966053 0.000641029 0.000362029 0.000178979 7.56397e-05 2.47942e-05 4.50275e-06 0 
0 0.00023522 8.84227e-05 3.99064e-06 3.26357e-08 6.61524e-11 4.79422e-14 1.915e-17 8.39149e-21 2.73273e-23 4.02707e-25 1.55092e-26 1.60145e-27 7.30406e-28 6.43245e-28 6.65517e-28 1.1242e-27 7.50562e-27 1.73478e-25 1.1261e-23 2.57322e-21 1.2923e-18 5.60398e-16 1.58985e-13 2.53796e-11 2.08331e-09 8.49468e-08 1.74253e-06 1.8857e-05 0.000114461 0.000407671 0.00086539 0.00112843 0.000994709 0.000673 0.000383153 0.000189982 8.03697e-05 2.63531e-05 4.78632e-06 0 
0 0.000227207 7.83012e-05 3.09488e-06 2.1154e-08 3.43771e-11 1.93564e-14 5.90461e-18 2.6891e-21 1.24428e-23 2.41196e-25 1.04713e-26 7.30415e-28 1.04816e-28 5.61891e-29 6.42262e-29 2.4057e-28 2.90865e-27 6.75432e-26 3.59607e-24 6.37811e-22 3.5764e-19 1.90922e-16 6.58755e-14 1.25522e-11 1.20307e-09 5.59437e-08 1.27834e-06 1.50784e-05 9.80065e-05 0.000369399 0.000823217 0.00111515 0.00100699 0.000689642 0.000394646 0.000196054 8.29926e-05 2.72189e-05 4.94389e-06 0 
0 0.000225056 7.61464e-05 2.9277e-06 1.92804e-08 2.99282e-11 1.599e-14 4.61179e-18 2.1577e-21 1.05722e-23 2.14782e-25 9.58985e-27 6.43254e-28 5.61898e-29 1.09081e-29 1.95863e-29 1.68161e-28 2.3835e-27 5.50721e-26 2.81752e-24 4.73345e-22 2.68801e-19 1.49894e-16 5.39169e-14 1.06702e-11 1.05736e-09 5.05848e-08 1.18323e-06 1.42202e-05 9.38293e-05 0.000358276 0.000808141 0.00110616 0.00100601 0.000691617 0.000396453 0.000197084 8.34485e-05 2.73706e-05 4.97157e-06 0 
0 0.000228605 8.11463e-05 3.36003e-06 2.447e-08 4.29969e-11 2.64611e-14 8.86959e-18 3.81808e-21 1.52528e-23 2.62258e-25 1.04644e-26 6.65525e-28 6.42267e-29 1.95861e-29 3.47334e-29 2.38853e-28 3.32895e-27 8.33514e-26 4.89892e-24 9.73343e-22 5.32264e-19 2.64582e-16 8.54143e-14 1.53355e-11 1.39598e-09 6.21579e-08 1.37087e-06 1.57222e-05 0.000100019 0.000371095 0.000818328 0.00110217 0.000993035 0.000679737 0.000388991 0.000193265 8.18176e-05 2.68344e-05 4.87412e-06 0 
0 0.000237315 9.38897e-05 4.59269e-06 4.1916e-08 9.72616e-11 8.2208e-14 3.86747e-17 1.78545e-20 4.33973e-23 5.07804e-25 1.62793e-26 1.12421e-27 2.40568e-28 1.68158e-28 2.38851e-28 8.66831e-28 9.71449e-27 2.75304e-25 2.13436e-23 5.57962e-21 2.543e-18 9.73372e-16 2.46041e-13 3.54285e-11 2.65959e-09 1.00591e-07 1.94067e-06 2.00087e-05 0.000117085 0.000406357 0.000849075 0.00109932 0.000967461 0.000654836 0.00037306 0.000185057 7.83029e-05 2.56777e-05 4.66382e-06 0 
0 0.000250226 0.000116206 7.26373e-06 9.23349e-08 3.22243e-10 4.33991e-13 3.36103e-16 2.34256e-19 3.43315e-22 2.52327e-24 6.98903e-26 7.50558e-27 2.90862e-27 2.38348e-27 3.32891e-27 9.71444e-27 8.78915e-26 2.81171e-24 3.03759e-22 8.0996e-20 2.55331e-17 6.64179e-15 1.17037e-12 1.2167e-10 6.86949e-09 2.04116e-07 3.23097e-06 2.84555e-05 0.000147094 0.000462187 0.000891579 0.00108984 0.000927419 0.000617863 0.000349787 0.000173129 7.32041e-05 2.40006e-05 4.35894e-06 0 
0 0.000265804 0.000150973 1.28238e-05 2.46365e-07 1.42981e-09 3.44167e-12 4.96203e-15 6.4142e-18 1.16108e-20 5.86859e-23 1.44562e-24 1.73477e-25 6.75427e-26 5.50717e-26 8.33509e-26 2.75303e-25 2.81171e-24 1.10937e-22 1.29491e-20 2.35996e-18 4.53453e-16 7.27298e-14 8.15411e-12 5.63161e-10 2.22234e-08 4.87346e-07 6.01227e-06 4.3412e-05 0.000191898 0.000532105 0.000930513 0.00106283 0.000870659 0.000570062 0.000320563 0.0001583 6.68857e-05 2.19244e-05 3.98164e-06 0 
0 0.000281793 0.000201564 2.42941e-05 7.45687e-07 7.70339e-09 3.58259e-11 1.04538e-13 2.75072e-16 9.44973e-19 6.16449e-21 1.23397e-22 1.1261e-23 3.59606e-24 2.81751e-24 4.8989e-24 2.13435e-23 3.03759e-22 1.29491e-20 1.03052e-18 1.08293e-16 1.1796e-14 1.08982e-12 7.28427e-11 3.14592e-09 8.21467e-08 1.26752e-06 1.17125e-05 6.71916e-05 0.000248072 0.000597759 0.000941656 0.00100573 0.000795501 0.000513108 0.000286972 0.000141467 5.97439e-05 1.95809e-05 3.55594e-06 0 
0 0.000295217 0.000270527 4.74637e-05 2.3981e-06 4.56951e-08 4.27719e-10 2.63978e-12 1.47874e-14 1.04042e-16 1.24881e-18 3.35721e-20 2.57322e-21 6.37811e-22 4.73345e-22 9.73342e-22 5.57961e-21 8.0996e-20 2.35996e-18 1.08293e-16 6.26176e-15 3.71909e-13 1.90168e-11 7.27414e-10 1.88404e-08 3.12102e-07 3.25495e-06 2.17706e-05 9.68559e-05 0.000295265 0.000619814 0.000891927 0.00090636 0.000701471 0.000449093 0.000250681 0.000123538 5.21738e-05 1.71008e-05 3.10565e-06 0 
0 0.000302665 0.000357194 9.21185e-05 7.71301e-06 2.72608e-07 5.16877e-09 6.79703e-11 8.16883e-13 1.1868e-14 2.71166e-16 1.22206e-17 1.2923e-18 3.5764e-19 2.68801e-19 5.32264e-19 2.543e-18 2.55331e-17 4.53453e-16 1.1796e-14 3.71909e-13 1.1905e-11 3.31496e-10 7.0852e-09 1.06222e-07 1.06353e-06 7.09192e-06 3.27425e-05 0.000110556 0.000281989 0.000537953 0.000746294 0.000755715 0.000589522 0.000380368 0.000213321 0.000105366 4.45415e-05 1.46046e-05 2.65266e-06 0 
0 0.000300936 0.000454644 0.00017173 2.35503e-05 1.51383e-06 5.68023e-08 1.55306e-09 3.90873e-11 1.14632e-12 4.88878e-14 3.6686e-15 5.60398e-16 1.90922e-16 1.49894e-16 2.64582e-16 9.73372e-16 6.64179e-15 7.27298e-14 1.08982e-12 1.90168e-11 3.31496e-10 5.02441e-09 5.86949e-08 4.80305e-07 2.61584e-06 9.72401e-06 2.76046e-05 6.87395e-05 0.000158889 0.000318686 0.000493356 0.000553604 0.00046246 0.00030943 0.000176399 8.77001e-05 3.71627e-05 1.21952e-05 2.21565e-06 0 
0 0.000287938 0.000547773 0.00029854 6.54459e-05 7.3634e-06 5.2187e-07 2.82225e-08 1.41523e-09 7.99472e-11 6.10637e-12 7.37784e-13 1.58985e-13 6.58755e-14 5.39169e-14 8.54143e-14 2.46041e-13 1.17037e-12 8.15411e-12 7.28427e-11 7.27414e-10 7.0852e-09 5.86949e-08 3.58021e-07 1.38806e-06 3.10863e-06 4.3656e-06 5.44019e-06 9.3186e-06 2.52782e-05 8.13407e-05 0.000204799 0.000323945 0.000327355 0.000239196 0.000141294 7.11656e-05 3.02899e-05 9.95412e-06 1.80929e-06 0 
0 0.000263515 0.000615314 0.000471521 0.00016015 3.0039e-05 3.77918e-06 3.77674e-07 3.52413e-08 3.59552e-09 4.64662e-10 8.63093e-11 2.53796e-11 1.25522e-11 1.06702e-11 1.53355e-11 3.54285e-11 1.2167e-10 5.63161e-10 3.14592e-09 1.88404e-08 1.06222e-07 4.80305e-07 1.38806e-06 1.87605e-06 9.03142e-07 1.8266e-07 4.13123e-08 3.9579e-08 2.4202e-07 3.58017e-06 3.53274e-05 0.000130565 0.000200055 0.000173715 0.000109328 5.62553e-05 2.41073e-05 7.93886e-06 1.44389e-06 0 
0 0.00022977 0.000637402 0.000661588 0.000335868 9.98578e-05 2.08317e-05 3.55917e-06 5.70769e-07 9.75409e-08 1.99547e-08 5.39801e-09 2.08331e-09 1.20307e-09 1.05736e-09 1.39598e-09 2.65959e-09 6.86949e-09 2.22234e-08 8.21467e-08 3.12102e-07 1.06353e-06 2.61584e-06 3.10863e-06 9.03142e-07 3.08242e-08 1.54717e-10 1.17677e-12 4.055e-13 1.89469e-11 8.84937e-09 1.61423e-06 3.18948e-05 0.00010297 0.000118281 8.17679e-05 4.33257e-05 1.87297e-05 6.18367e-06 1.12548e-06 0 
0 0.000190584 0.000605651 0.000810918 0.00058928 0.000264957 8.59665e-05 2.32284e-05 5.89391e-06 1.55801e-06 4.70077e-07 1.74813e-07 8.49468e-08 5.59437e-08 5.05848e-08 6.21579e-08 1.00591e-07 2.04116e-07 4.87346e-07 1.26752e-06 3.25495e-06 7.09192e-06 9.72401e-06 4.3656e-06 1.8266e-07 1.54717e-10 3.28301e-15 9.53651e-16 2.786e-15 4.48161e-17 1.52142e-12 2.35896e-08 5.33835e-06 4.74058e-05 7.72846e-05 5.95514e-05 3.25668e-05 1.42044e-05 4.70119e-06 8.56232e-07 0 
0 0.000150475 0.00052831 0.000862159 0.000847961 0.000550133 0.000263157 0.000105099 3.90902e-05 1.48063e-05 6.14689e-06 2.96819e-06 1.74253e-06 1.27834e-06 1.18323e-06 1.37087e-06 1.94067e-06 3.23097e-06 6.01227e-06 1.17125e-05 2.17706e-05 3.27425e-05 2.76046e-05 5.44019e-06 4.13123e-08 1.17677e-12 9.53651e-16 6.74065e-17 1.22341e-16 2.33213e-17 4.89914e-16 5.25779e-10 1.09734e-06 2.35381e-05 5.11422e-05 4.2831e-05 2.39624e-05 1.05151e-05 3.48572e-06 6.35127e-07 0 
0 0.000113344 0.000425748 0.000799546 0.000993374 0.000877561 0.000589931 0.000330592 0.000169623 8.63043e-05 4.63759e-05 2.76141e-05 1.8857e-05 1.50784e-05 1.42202e-05 1.57222e-05 2.00087e-05 2.84555e-05 4.3412e-05 6.71916e-05 9.68559e-05 0.000110556 6.87395e-05 9.3186e-06 3.9579e-08 4.055e-13 2.786e-15 1.22341e-16 1.87212e-17 7.65234e-18 1.27165e-16 1.63937e-10 5.96134e-07 1.57297e-05 3.62815e-05 3.08222e-05 1.72955e-05 7.59378e-06 2.51754e-06 4.5872e-07 0 
0 8.16759e-05 0.000319989 0.000657732 0.000960022 0.00107219 0.000955427 0.000717534 0.000485941 0.000317089 0.000210665 0.000148562 0.000114461 9.80065e-05 9.38293e-05 0.000100019 0.000117085 0.000147094 0.000191898 0.000248072 0.000295265 0.000281989 0.000158889 2.52782e-05 2.4202e-07 1.89469e-11 4.48161e-17 2.33213e-17 7.65233e-18 5.85707e-17 9.03599e-15 1.40956e-09 1.07072e-06 1.50149e-05 2.79436e-05 2.22215e-05 1.2231e-05 5.34079e-06 1.76789e-06 3.2199e-07 0 
0 5.64273e-05 0.000226476 0.000490653 0.000790164 0.00103059 0.0011282 0.00106999 0.000915296 0.000739223 0.000588577 0.000478605 0.000407671 0.000369399 0.000358276 0.000371095 0.000406357 0.000462187 0.000532105 0.000597759 0.000619814 0.000537953 0.000318686 8.13407e-05 3.58017e-06 8.84937e-09 1.52142e-12 4.89914e-16 1.27165e-16 9.03599e-15 4.6537e-11 6.23993e-08 3.57684e-06 1.7291e-05 2.23027e-05 1.58327e-05 8.42997e-06 3.64647e-06 1.20386e-06 2.19101e-07 0 
0 3.73973e-05 0.000152029 0.000338668 0.000575328 0.000820151 0.00102002 0.00113356 0.0011526 0.0011016 0.00101793 0.000932975 0.00086539 0.000823217 0.000808141 0.000818328 0.000849075 0.000891579 0.000930513 0.000941656 0.000891927 0.000746294 0.000493356 0.000204799 3.53274e-05 1.61423e-06 2.35896e-08 5.25779e-10 1.63937e-10 1.40956e-09 6.23993e-08 1.63521e-06 1.0203e-05 1.89039e-05 1.7225e-05 1.0923e-05 5.61917e-06 2.40616e-06 7.92066e-07 1.44035e-07 0 
0 2.37358e-05 9.70992e-05 0.000219249 0.000382318 0.000569934 0.000758279 0.000921656 0.00104119 0.00111132 0.00113948 0.00114022 0.00112843 0.00111515 0.00110616 0.00110217 0.00109932 0.00108984 0.00106283 0.00100573 0.00090636 0.000755715 0.000553604 0.000323945 0.000130565 3.18948e-05 5.33835e-06 1.09734e-06 5.96134e-07 1.07072e-06 3.57684e-06 1.0203e-05 1.70122e-05 1.71138e-05 1.2292e-05 7.17531e-06 3.59346e-06 1.52599e-06 5.01074e-07 9.10516e-08 0 
0 1.43604e-05 5.89151e-05 0.000133841 0.000236127 0.000359168 0.000492978 0.000625518 0.000745176 0.000843505 0.000916848 0.000966053 0.000994709 0.00100699 0.00100601 0.000993035 0.000967461 0.000927419 0.000870659 0.000795501 0.000701471 0.000589522 0.00046246 0.000327355 0.000200055 0.00010297 4.74058e-05 2.35381e-05 1.57297e-05 1.50149e-05 1.7291e-05 1.89039e-05 1.71138e-05 1.26732e-05 7.99399e-06 4.44318e-06 2.18748e-06 9.23706e-07 3.02764e-07 5.49857e-08 0 
0 8.21157e-06 3.37308e-05 7.68246e-05 0.000136193 0.000208888 0.000290438 0.00037527 0.000457451 0.000531585 0.000593588 0.000641029 0.000673 0.000689642 0.000691617 0.000679737 0.000654836 0.000617863 0.000570062 0.000513108 0.000449093 0.000380368 0.00030943 0.000239196 0.000173715 0.000118281 7.72846e-05 5.11422e-05 3.62815e-05 2.79436e-05 2.23027e-05 1.7225e-05 1.2292e-05 7.99399e-06 4.74813e-06 2.57469e-06 1.25584e-06 5.28559e-07 1.73054e-07 3.14175e-08 0 
0 4.37453e-06 1.79785e-05 4.09891e-05 7.28014e-05 0.000112017 0.000156518 0.000203643 0.000250454 0.000294054 0.0003319 0.000362029 0.000383153 0.000394646 0.000396453 0.000388991 0.00037306 0.000349787 0.000320563 0.000286972 0.000250681 0.000213321 0.000176399 0.000141294 0.000109328 8.17679e-05 5.95514e-05 4.2831e-05 3.08222e-05 2.22215e-05 1.58327e-05 1.0923e-05 7.17531e-06 4.44318e-06 2.57469e-06 1.38082e-06 6.70502e-07 2.81723e-07 9.2182e-08 1.67318e-08 0 
0 2.1177e-06 8.70506e-06 1.98543e-05 3.52881e-05 5.43592e-05 7.6089e-05 9.92437e-05 0.000122443 0.000144288 0.00016349 0.000178979 0.000189982 0.000196054 0.000197084 0.000193265 0.000185057 0.000173129 0.0001583 0.000141467 0.000123538 0.000105366 8.77001e-05 7.11656e-05 5.62553e-05 4.33257e-05 3.25668e-05 2.39624e-05 1.72955e-05 1.2231e-05 8.42997e-06 5.61917e-06 3.59346e-06 2.18748e-06 1.25584e-06 6.70502e-07 3.24945e-07 1.36423e-07 4.4625e-08 8.09893e-09 0 
0 8.88636e-07 3.65311e-06 8.33311e-06 1.48145e-05 2.28301e-05 3.19756e-05 4.17409e-05 5.1553e-05 6.08253e-05 6.90093e-05 7.56397e-05 8.03697e-05 8.29926e-05 8.34485e-05 8.18176e-05 7.83029e-05 7.32041e-05 6.68857e-05 5.97439e-05 5.21738e-05 4.45415e-05 3.71627e-05 3.02899e-05 2.41073e-05 1.87297e-05 1.42044e-05 1.05151e-05 7.59378e-06 5.34079e-06 3.64647e-06 2.40616e-06 1.52599e-06 9.23706e-07 5.28559e-07 2.81723e-07 1.36423e-07 5.7255e-08 1.8726e-08 3.39837e-09 0 
0 2.90619e-07 1.19474e-06 2.72546e-06 4.84571e-06 7.46854e-06 1.04624e-05 1.36614e-05 1.68786e-05 1.99222e-05 2.2612e-05 2.47942e-05 2.63531e-05 2.72189e-05 2.73706e-05 2.68344e-05 2.56777e-05 2.40006e-05 2.19244e-05 1.95809e-05 1.71008e-05 1.46046e-05 1.21952e-05 9.95412e-06 7.93886e-06 6.18367e-06 4.70119e-06 3.48572e-06 2.51754e-06 1.76789e-06 1.20386e-06 7.92066e-07 5.01074e-07 3.02764e-07 1.73054e-07 9.2182e-08 4.4625e-08 1.8726e-08 6.12421e-09 1.11139e-09 0 
0 5.27395e-08 2.16816e-07 4.94611e-07 8.79415e-07 1.35547e-06 1.89896e-06 2.47979e-06 3.06409e-06 3.61707e-06 4.10596e-06 4.50275e-06 4.78632e-06 4.94389e-06 4.97157e-06 4.87412e-06 4.66382e-06 4.35894e-06 3.98164e-06 3.55594e-06 3.10565e-06 2.65266e-06 2.21565e-06 1.80929e-06 1.44389e-06 1.12548e-06 8.56232e-07 6.35127e-07 4.5872e-07 3.2199e-07 2.19101e-07 1.44035e-07 9.10516e-08 5.49857e-08 3.14175e-08 1.67318e-08 8.09893e-09 3.39837e-09 1.11139e-09 2.01686e-10 0 
0 0 0 0 0 0 0 0 0 0 0 0 0 0 0 0 0 0 0 0 0 0 0 0 0 0 0 0 0 0 0 0 0 0 0 0 0 0 0 0 0 
