0 0 0 0 0 0 0 0 0 0 0 0 0 0 0 0 0 0 0 0 0 0 0 0 0 0 0 0 0 0 0 0 0 0 0 0 0 0 0 0 0 
0 1.31586e-05 5.11354e-05 0.00010545 0.000160287 0.000199776 0.000216646 0.00021364 0.0001985 0.000178836 0.000159864 0.000144357 0.000133419 0.000127277 0.0001258 0.000128766 0.000135916 0.000146874 0.000160971 0.000177045 0.000193275 0.000207205 0.000216018 0.000217118 0.000208871 0.000191253 0.000166057 0.000136488 0.000106239 7.84672e-05 5.51383e-05 3.69356e-05 2.3588e-05 1.4318e-05 8.20074e-06 4.37208e-06 2.11722e-06 8.88556e-07 2.90609e-07 5.27388e-08 0 
0 5.11354e-05 0.000183526 0.000325449 0.000390424 0.000356062 0.000269187 0.000181561 0.000116008 7.3741e-05 4.85639e-05 3.4247e-05 2.65091e-05 2.28794e-05 2.21537e-05 2.39925e-05 2.87388e-05 3.74072e-05 5.17554e-05 7.42912e-05 0.000107964 0.000155226 0.000216262 0.000286738 0.000356265 0.000409509 0.000431233 0.000413701 0.000361471 0.00028917 0.000213748 0.000147454 9.56535e-05 5.85106e-05 3.36303e-05 1.79564e-05 8.70085e-06 3.65244e-06 1.19466e-06 2.16811e-07 0 
0 0.00010545 0.000325449 0.000435596 0.000345886 0.000190988 8.34242e-05 3.18887e-05 1.16017e-05 4.33535e-06 1.78332e-06 8.56725e-07 5.02935e-07 3.71216e-07 3.48157e-07 4.12041e-07 6.01688e-07 1.04706e-06 2.07987e-06 4.49908e-06 1.01123e-05 2.26178e-05 4.85178e-05 9.69341e-05 0.00017642 0.000287531 0.000413562 0.000518201 0.000560933 0.000525167 0.000430831 0.00031623 0.000212083 0.000131855 7.63413e-05 4.08858e-05 1.98352e-05 8.33016e-06 2.72512e-06 4.9459e-07 0 
0 0.000160287 0.000390424 0.000345886 0.000158157 4.59377e-05 9.86376e-06 1.77462e-06 3.02039e-07 5.48341e-08 1.18799e-08 3.38217e-09 1.36189e-09 8.12209e-10 7.29403e-10 9.74363e-10 1.86424e-09 4.82043e-09 1.5678e-08 5.9299e-08 2.41159e-07 9.80844e-07 3.75042e-06 1.28482e-05 3.81474e-05 9.62501e-05 0.000204175 0.000361036 0.000526333 0.000626646 0.000611695 0.000501373 0.000357579 0.000229188 0.000134519 7.24503e-05 3.52246e-05 1.4805e-05 4.84462e-06 8.79348e-07 0 
0 0.000199776 0.000356062 0.000190988 4.59377e-05 6.21948e-06 5.61676e-07 3.9936e-08 2.6624e-09 1.98487e-10 1.95186e-11 2.91714e-12 7.3829e-13 3.38585e-13 2.88235e-13 4.47015e-13 1.19318e-12 5.02505e-12 2.99988e-11 2.2586e-10 1.90818e-09 1.62345e-08 1.2674e-07 8.43851e-07 4.55385e-06 1.93579e-05 6.42315e-05 0.000166813 0.000340019 0.000540746 0.000665816 0.000642152 0.000504777 0.000340175 0.000204271 0.000111057 5.41886e-05 2.28049e-05 7.46573e-06 1.3553e-06 0 
0 0.000216646 0.000269187 8.34242e-05 9.86376e-06 5.61676e-07 1.88433e-08 4.63709e-10 1.06064e-11 2.86525e-13 1.14431e-14 8.19278e-16 1.21885e-16 4.13746e-17 3.31304e-17 6.09542e-17 2.3824e-16 1.7527e-15 2.09306e-14 3.45558e-13 6.72041e-12 1.32724e-10 2.34218e-09 3.33706e-08 3.57276e-07 2.75722e-06 1.5135e-05 5.96533e-05 0.000172311 0.00036994 0.000588945 0.000693646 0.000621837 0.000450445 0.000279838 0.000154312 7.57006e-05 3.19191e-05 1.04563e-05 1.89859e-06 0 
0 0.00021364 0.000181561 3.18887e-05 1.77462e-06 3.9936e-08 4.63709e-10 3.66701e-12 2.67198e-14 2.4363e-16 3.72855e-18 1.58846e-19 4.60356e-20 3.52296e-20 3.31748e-20 3.56025e-20 5.6818e-20 3.55086e-19 8.18283e-18 3.12846e-16 1.48436e-14 7.21228e-13 3.04453e-11 9.79533e-10 2.18744e-08 3.20681e-07 3.02513e-06 1.85682e-05 7.66443e-05 0.000220784 0.00045232 0.000657802 0.000687331 0.000545438 0.000354477 0.000199265 9.84757e-05 4.16305e-05 1.36495e-05 2.47909e-06 0 
0 0.0001985 0.000116008 1.16017e-05 3.02039e-07 2.6624e-09 1.06064e-11 2.67198e-14 6.14373e-17 1.97989e-19 5.55267e-21 1.74099e-21 1.35504e-21 1.48331e-21 1.48333e-21 1.31238e-21 1.18054e-21 1.88864e-21 7.24894e-21 2.63557e-19 2.99185e-17 3.60249e-15 3.66088e-13 2.67606e-11 1.25449e-09 3.5185e-08 5.74806e-07 5.52873e-06 3.26032e-05 0.000124571 0.000322368 0.000572585 0.000700295 0.000615404 0.000421906 0.00024282 0.000121101 5.13611e-05 1.6858e-05 3.0629e-06 0 
0 0.000178836 7.3741e-05 4.33535e-06 5.48341e-08 1.98487e-10 2.86525e-13 2.4363e-16 1.97989e-19 1.29546e-21 2.07362e-22 1.4411e-22 1.51247e-22 1.81932e-22 1.85757e-22 1.55729e-22 1.2022e-22 1.19345e-22 1.48451e-22 9.16807e-22 8.33093e-20 2.29775e-17 5.37566e-15 8.55838e-13 8.10798e-11 4.21168e-09 1.16077e-07 1.71469e-06 1.42059e-05 7.06505e-05 0.000225414 0.000477767 0.000676288 0.000658255 0.000477721 0.00028219 0.000142188 6.05259e-05 1.98903e-05 3.61524e-06 0 
0 0.000159864 4.85639e-05 1.78332e-06 1.18799e-08 1.95186e-11 1.14431e-14 3.72855e-18 5.55267e-21 2.07363e-22 3.90009e-23 2.66229e-23 2.93826e-23 3.52864e-23 3.60812e-23 3.01504e-23 2.23465e-23 1.75445e-23 1.49382e-23 4.09379e-23 9.17354e-22 2.57707e-19 1.25072e-16 3.97298e-14 7.02512e-12 6.30551e-10 2.76617e-08 5.9893e-07 6.72164e-06 4.22211e-05 0.000161301 0.000396319 0.000635487 0.00067853 0.000520069 0.000315264 0.000160519 6.85856e-05 2.25672e-05 4.1034e-06 0 
0 0.000144357 3.4247e-05 8.56725e-07 3.38217e-09 2.91714e-12 8.19278e-16 1.58846e-19 1.74099e-21 1.4411e-22 2.66229e-23 1.00379e-23 7.94471e-24 8.56387e-24 8.55704e-24 7.17547e-24 5.27442e-24 3.82215e-24 3.3947e-24 9.47788e-24 1.03647e-22 8.18708e-21 5.76805e-18 3.21948e-15 9.47045e-13 1.32788e-10 8.51329e-09 2.51991e-07 3.62682e-06 2.75765e-05 0.000121783 0.000335892 0.000593872 0.000683925 0.00054934 0.000340755 0.000175145 7.50919e-05 2.47363e-05 4.49946e-06 0 
0 0.000133419 2.65091e-05 5.02935e-07 1.36189e-09 7.3829e-13 1.21885e-16 4.60356e-20 1.35504e-21 1.51247e-22 2.93827e-23 7.94472e-24 3.47152e-24 2.60572e-24 2.32888e-24 1.9178e-24 1.4219e-24 1.09077e-24 1.39099e-24 4.98841e-24 4.17841e-23 1.33284e-21 6.29178e-19 5.24129e-16 2.22497e-13 4.30198e-11 3.62538e-09 1.34464e-07 2.31648e-06 2.02209e-05 9.90663e-05 0.000296329 0.00056089 0.000681967 0.000567226 0.000358115 0.000185432 7.97184e-05 2.62843e-05 4.78241e-06 0 
0 0.000127277 2.28794e-05 3.71216e-07 8.12209e-10 3.38585e-13 4.13746e-17 3.52296e-20 1.48331e-21 1.81932e-22 3.52864e-23 8.56387e-24 2.60572e-24 1.16299e-24 7.64112e-25 5.73003e-25 4.39213e-25 4.36964e-25 9.31973e-25 3.99238e-24 3.01703e-23 6.55496e-22 1.81772e-19 1.87125e-16 9.77676e-14 2.26727e-11 2.23044e-09 9.39972e-08 1.79302e-06 1.69251e-05 8.79167e-05 0.00027513 0.000540853 0.000678154 0.000575686 0.000367325 0.000191062 8.22765e-05 2.71432e-05 4.9396e-06 0 
0 0.0001258 2.21537e-05 3.48157e-07 7.29403e-10 2.88235e-13 3.31304e-17 3.31748e-20 1.48333e-21 1.85758e-22 3.60812e-23 8.55705e-24 2.32888e-24 7.64113e-25 3.40496e-25 2.08151e-25 1.73624e-25 2.65601e-25 8.11552e-25 3.74074e-24 2.78349e-23 5.6687e-22 1.40906e-19 1.51078e-16 8.23631e-14 1.98253e-11 2.01317e-09 8.70903e-08 1.69622e-06 1.62677e-05 8.54998e-05 0.000269997 0.000534963 0.000675419 0.000576205 0.000368663 0.000191993 8.27174e-05 2.72933e-05 4.96719e-06 0 
0 0.000128766 2.39925e-05 4.12041e-07 9.74363e-10 4.47015e-13 6.09542e-17 3.56025e-20 1.31238e-21 1.55729e-22 3.01505e-23 7.17548e-24 1.9178e-24 5.73003e-25 2.08151e-25 1.08866e-25 1.06107e-25 2.2608e-25 7.96803e-25 3.8521e-24 3.11238e-23 7.88309e-22 2.81016e-19 2.68996e-16 1.30386e-13 2.83171e-11 2.63452e-09 1.06021e-07 1.94888e-06 1.78746e-05 9.08424e-05 0.000279591 0.000542618 0.000674249 0.000569458 0.000362541 0.000188424 8.11219e-05 2.67607e-05 4.86993e-06 0 
0 0.000135916 2.87388e-05 6.01688e-07 1.86424e-09 1.19318e-12 2.3824e-16 5.6818e-20 1.18054e-21 1.2022e-22 2.23465e-23 5.27442e-24 1.4219e-24 4.39213e-25 1.73624e-25 1.06107e-25 1.19157e-25 2.57884e-25 9.08353e-25 4.7232e-24 4.7079e-23 2.1536e-21 1.35349e-18 9.80209e-16 3.65335e-13 6.30352e-11 4.82154e-09 1.65058e-07 2.66637e-06 2.21382e-05 0.000104405 0.000303366 0.000561751 0.000672967 0.000555317 0.00034945 0.000180751 7.76841e-05 2.56121e-05 4.66008e-06 0 
0 0.000146874 3.74072e-05 1.04706e-06 4.82043e-09 5.02505e-12 1.7527e-15 3.55086e-19 1.88864e-21 1.19345e-22 1.75445e-23 3.82216e-24 1.09077e-24 4.36964e-25 2.65601e-25 2.2608e-25 2.57883e-25 4.50996e-25 1.41101e-24 8.58274e-24 1.42623e-22 2.0091e-20 1.37782e-17 6.52124e-15 1.65293e-12 2.03413e-10 1.16689e-08 3.1501e-07 4.21021e-06 3.02142e-05 0.000127678 0.000340689 0.000588331 0.000668017 0.000533114 0.000329992 0.000169537 7.26877e-05 2.39457e-05 4.3558e-06 0 
0 0.000160971 5.17554e-05 2.07987e-06 1.5678e-08 2.99988e-11 2.09306e-14 8.18283e-18 7.24894e-21 1.48451e-22 1.49382e-23 3.3947e-24 1.39099e-24 9.31973e-25 8.11551e-25 7.96803e-25 9.08352e-25 1.41101e-24 3.97066e-24 3.21233e-23 1.6003e-21 5.84246e-19 2.47542e-16 6.8776e-14 1.0772e-11 8.68772e-10 3.47708e-08 6.97451e-07 7.35856e-06 4.40414e-05 0.000162256 0.000388847 0.000615176 0.000654328 0.000502054 0.000304945 0.000155479 6.64796e-05 2.18811e-05 3.97915e-06 0 
0 0.000177045 7.42912e-05 4.49908e-06 5.9299e-08 2.2586e-10 3.45558e-13 3.12846e-16 2.63557e-19 9.16807e-22 4.09379e-23 9.47788e-24 4.98841e-24 3.99238e-24 3.74073e-24 3.8521e-24 4.7232e-24 8.58274e-24 3.21233e-23 6.82222e-22 1.09205e-19 2.91915e-17 6.48964e-15 9.83897e-13 8.89698e-11 4.42339e-09 1.17132e-07 1.67134e-06 1.34638e-05 6.55943e-05 0.000206906 0.00043906 0.000630441 0.000625924 0.000461661 0.000275322 0.000139368 5.94406e-05 1.95484e-05 3.55406e-06 0 
0 0.000193275 0.000107964 1.01123e-05 2.41159e-07 1.90818e-09 6.72041e-12 1.48436e-14 2.99185e-17 8.33093e-20 9.17354e-22 1.03647e-22 4.17841e-23 3.01703e-23 2.78349e-23 3.11238e-23 4.7079e-23 1.42623e-22 1.6003e-21 1.09205e-19 1.38788e-17 1.84316e-15 2.05383e-13 1.62658e-11 8.12258e-10 2.3814e-08 4.00225e-07 3.9265e-06 2.36177e-05 9.26668e-05 0.000249537 0.000469889 0.000616687 0.000576931 0.000412157 0.000242367 0.000122036 5.19556e-05 1.70772e-05 3.10427e-06 0 
0 0.000207205 0.000155226 2.26178e-05 9.80844e-07 1.62345e-08 1.32724e-10 7.21228e-13 3.60249e-15 2.29775e-17 2.57707e-19 8.18708e-21 1.33284e-21 6.55496e-22 5.6687e-22 7.88309e-22 2.1536e-21 2.0091e-20 5.84246e-19 2.91915e-17 1.84316e-15 1.19035e-13 6.553e-12 2.6495e-10 7.05135e-09 1.15991e-07 1.16846e-06 7.51845e-06 3.3138e-05 0.000106217 0.000253203 0.000442164 0.000552966 0.000503086 0.000354678 0.0002075 0.000104306 4.43862e-05 1.45876e-05 2.65166e-06 0 
0 0.000216018 0.000216262 4.85178e-05 3.75042e-06 1.2674e-07 2.34218e-09 3.04453e-11 3.66088e-13 5.37566e-15 1.25072e-16 5.76805e-18 6.29178e-19 1.81772e-19 1.40906e-19 2.81016e-19 1.35349e-18 1.37782e-17 2.47542e-16 6.48964e-15 2.05383e-13 6.553e-12 1.78905e-10 3.61837e-09 4.82334e-08 3.9637e-07 2.05296e-06 7.60715e-06 2.37766e-05 6.7878e-05 0.000167406 0.00031705 0.000425069 0.000404014 0.000291386 0.000172226 8.69319e-05 3.70494e-05 1.21828e-05 2.21492e-06 0 
0 0.000217118 0.000286738 9.69341e-05 1.28482e-05 8.43851e-07 3.33706e-08 9.79533e-10 2.67606e-11 8.55838e-13 3.97298e-14 3.21948e-15 5.24129e-16 1.87125e-16 1.51078e-16 2.68996e-16 9.80209e-16 6.52124e-15 6.8776e-14 9.83897e-13 1.62658e-11 2.6495e-10 3.61837e-09 3.48757e-08 1.98353e-07 5.89113e-07 9.94435e-07 1.42159e-06 2.8779e-06 9.83526e-06 4.10298e-05 0.000130912 0.000249806 0.000287067 0.000225711 0.000138083 7.05703e-05 3.02022e-05 9.94456e-06 1.80873e-06 0 
0 0.000208871 0.000356265 0.00017642 3.81474e-05 4.55385e-06 3.57276e-07 2.18744e-08 1.25449e-09 8.10798e-11 7.02512e-12 9.47045e-13 2.22497e-13 9.77676e-14 8.23631e-14 1.30386e-13 3.65335e-13 1.65293e-12 1.0772e-11 8.89698e-11 8.12258e-10 7.05135e-09 4.82334e-08 1.98353e-07 3.36511e-07 1.68588e-07 2.98018e-08 5.78193e-09 5.88468e-09 5.17201e-08 1.25748e-06 1.91123e-05 9.4472e-05 0.000171637 0.000162805 0.000106639 5.57579e-05 2.4035e-05 7.93109e-06 1.44344e-06 0 
0 0.000191253 0.000409509 0.000287531 9.62501e-05 1.93579e-05 2.75722e-06 3.20681e-07 3.5185e-08 4.21168e-09 6.30551e-10 1.32788e-10 4.30198e-11 2.26727e-11 1.98253e-11 2.83171e-11 6.30352e-11 2.03413e-10 8.68772e-10 4.42339e-09 2.3814e-08 1.15991e-07 3.9637e-07 5.89113e-07 1.68588e-07 3.88477e-09 9.31093e-12 2.95596e-14 8.04077e-15 9.71598e-13 1.31439e-09 5.82687e-07 1.98121e-05 8.40115e-05 0.000109182 7.94175e-05 4.28946e-05 1.86684e-05 6.17721e-06 1.12511e-06 0 
0 0.000166057 0.000431233 0.000413562 0.000204175 6.42315e-05 1.5135e-05 3.02513e-06 5.74806e-07 1.16077e-07 2.76617e-08 8.51329e-09 3.62538e-09 2.23044e-09 2.01317e-09 2.63452e-09 4.82154e-09 1.16689e-08 3.47708e-08 1.17132e-07 4.00225e-07 1.16846e-06 2.05296e-06 9.94435e-07 2.98018e-08 9.31093e-12 4.6514e-16 2.17257e-15 1.65662e-15 1.34411e-14 6.03767e-14 4.6172e-09 2.6515e-06 3.61014e-05 6.99766e-05 5.75482e-05 3.22022e-05 1.41537e-05 4.69596e-06 8.55941e-07 0 
0 0.000136488 0.000413701 0.000518201 0.000361036 0.000166813 5.96533e-05 1.85682e-05 5.52873e-06 1.71469e-06 5.9893e-07 2.51991e-07 1.34464e-07 9.39972e-08 8.70903e-08 1.06021e-07 1.65058e-07 3.1501e-07 6.97451e-07 1.67134e-06 3.9265e-06 7.51845e-06 7.60715e-06 1.42159e-06 5.78193e-09 2.95596e-14 2.17257e-15 7.82055e-16 1.07646e-15 4.28286e-15 5.15545e-14 5.81547e-11 4.46711e-07 1.69268e-05 4.56401e-05 4.12521e-05 2.36773e-05 1.04761e-05 3.48177e-06 6.3491e-07 0 
0 0.000106239 0.000361471 0.000560933 0.000526333 0.000340019 0.000172311 7.66443e-05 3.26032e-05 1.42059e-05 6.72164e-06 3.62682e-06 2.31648e-06 1.79302e-06 1.69622e-06 1.94888e-06 2.66637e-06 4.21021e-06 7.35856e-06 1.34638e-05 2.36177e-05 3.3138e-05 2.37766e-05 2.8779e-06 5.88468e-09 8.04077e-15 1.65662e-15 1.07646e-15 3.14558e-15 1.33046e-14 1.93306e-13 1.55069e-11 2.32564e-07 1.12169e-05 3.23733e-05 2.97072e-05 1.70966e-05 7.56684e-06 2.51483e-06 4.58572e-07 0 
0 7.84672e-05 0.00028917 0.000525167 0.000626646 0.000540746 0.00036994 0.000220784 0.000124571 7.06505e-05 4.22211e-05 2.75765e-05 2.02209e-05 1.69251e-05 1.62677e-05 1.78746e-05 2.21382e-05 3.02142e-05 4.40414e-05 6.55943e-05 9.26668e-05 0.000106217 6.7878e-05 9.83526e-06 5.17201e-08 9.71598e-13 1.34411e-14 4.28286e-15 1.33046e-14 2.56408e-15 1.83189e-15 2.07168e-10 4.87755e-07 1.12765e-05 2.53555e-05 2.15313e-05 1.211e-05 5.32443e-06 1.76624e-06 3.21899e-07 0 
0 5.51383e-05 0.000213748 0.000430831 0.000611695 0.000665816 0.000588945 0.00045232 0.000322368 0.000225414 0.000161301 0.000121783 9.90663e-05 8.79167e-05 8.54998e-05 9.08424e-05 0.000104405 0.000127678 0.000162256 0.000206906 0.000249537 0.000253203 0.000167406 4.10298e-05 1.25748e-06 1.31439e-09 6.03767e-14 5.15546e-14 1.93306e-13 1.83189e-15 4.05021e-12 1.80286e-08 2.10574e-06 1.41472e-05 2.07878e-05 1.54659e-05 8.36661e-06 3.63784e-06 1.20298e-06 2.19052e-07 0 
0 3.69356e-05 0.000147454 0.00031623 0.000501373 0.000642152 0.000693646 0.000657802 0.000572585 0.000477767 0.000396319 0.000335892 0.000296329 0.00027513 0.000269997 0.000279591 0.000303366 0.000340689 0.000388847 0.00043906 0.000469889 0.000442164 0.00031705 0.000130912 1.91123e-05 5.82687e-07 4.6172e-09 5.81547e-11 1.55069e-11 2.07168e-10 1.80286e-08 8.47463e-07 7.58661e-06 1.67892e-05 1.64886e-05 1.07583e-05 5.59076e-06 2.40221e-06 7.91654e-07 1.44012e-07 0 
0 2.3588e-05 9.56535e-05 0.000212083 0.000357579 0.000504777 0.000621837 0.000687331 0.000700295 0.000676288 0.000635487 0.000593872 0.00056089 0.000540853 0.000534963 0.000542618 0.000561751 0.000588331 0.000615176 0.000630441 0.000616687 0.000552966 0.000425069 0.000249806 9.4472e-05 1.98121e-05 2.6515e-06 4.46711e-07 2.32564e-07 4.87755e-07 2.10574e-06 7.58661e-06 1.47556e-05 1.61052e-05 1.20036e-05 7.11316e-06 3.58256e-06 1.52443e-06 5.00905e-07 9.10417e-08 0 
0 1.4318e-05 5.85106e-05 0.000131855 0.000229188 0.000340175 0.000450445 0.000545438 0.000615404 0.000658255 0.00067853 0.000683925 0.000681967 0.000678154 0.000675419 0.000674249 0.000672967 0.000668017 0.000654328 0.000625924 0.000576931 0.000503086 0.000404014 0.000287067 0.000171637 8.40115e-05 3.61014e-05 1.69268e-05 1.12169e-05 1.12765e-05 1.41472e-05 1.67892e-05 1.61052e-05 1.23271e-05 7.90235e-06 4.42334e-06 2.18389e-06 9.23169e-07 3.02704e-07 5.49821e-08 0 
0 8.20074e-06 3.36303e-05 7.63413e-05 0.000134519 0.000204271 0.000279838 0.000354477 0.000421906 0.000477721 0.000520069 0.00054934 0.000567226 0.000575686 0.000576205 0.000569458 0.000555317 0.000533114 0.000502054 0.000461661 0.000412157 0.000354678 0.000291386 0.000225711 0.000162805 0.000109182 6.99766e-05 4.56401e-05 3.23733e-05 2.53555e-05 2.07878e-05 1.64886e-05 1.20036e-05 7.90235e-06 4.72394e-06 2.56927e-06 1.25481e-06 5.284e-07 1.73036e-07 3.14163e-08 0 
0 4.37208e-06 1.79564e-05 4.08858e-05 7.24503e-05 0.000111057 0.000154312 0.000199265 0.00024282 0.00028219 0.000315264 0.000340755 0.000358115 0.000367325 0.000368663 0.000362541 0.00034945 0.000329992 0.000304945 0.000275322 0.000242367 0.0002075 0.000172226 0.000138083 0.000106639 7.94175e-05 5.75482e-05 4.12521e-05 2.97072e-05 2.15313e-05 1.54659e-05 1.07583e-05 7.11316e-06 4.42334e-06 2.56927e-06 1.37956e-06 6.7025e-07 2.81682e-07 9.2177e-08 1.67315e-08 0 
0 2.11722e-06 8.70085e-06 1.98352e-05 3.52246e-05 5.41886e-05 7.57006e-05 9.84757e-05 0.000121101 0.000142188 0.000160519 0.000175145 0.000185432 0.000191062 0.000191993 0.000188424 0.000180751 0.000169537 0.000155479 0.000139368 0.000122036 0.000104306 8.69319e-05 7.05703e-05 5.57579e-05 4.28946e-05 3.22022e-05 2.36773e-05 1.70966e-05 1.211e-05 8.36661e-06 5.59076e-06 3.58256e-06 2.18389e-06 1.25481e-06 6.7025e-07 3.24892e-07 1.36414e-07 4.46239e-08 8.09885e-09 0 
0 8.88556e-07 3.65244e-06 8.33016e-06 1.4805e-05 2.28049e-05 3.19191e-05 4.16305e-05 5.13611e-05 6.05259e-05 6.85856e-05 7.50919e-05 7.97184e-05 8.22765e-05 8.27174e-05 8.11219e-05 7.76841e-05 7.26877e-05 6.64796e-05 5.94406e-05 5.19556e-05 4.43862e-05 3.70494e-05 3.02022e-05 2.4035e-05 1.86684e-05 1.41537e-05 1.04761e-05 7.56684e-06 5.32443e-06 3.63784e-06 2.40221e-06 1.52443e-06 9.23169e-07 5.284e-07 2.81682e-07 1.36414e-07 5.72534e-08 1.87258e-08 3.39836e-09 0 
0 2.90609e-07 1.19466e-06 2.72512e-06 4.84462e-06 7.46573e-06 1.04563e-05 1.36495e-05 1.6858e-05 1.98903e-05 2.25672e-05 2.47363e-05 2.62843e-05 2.71432e-05 2.72933e-05 2.67607e-05 2.56121e-05 2.39457e-05 2.18811e-05 1.95484e-05 1.70772e-05 1.45876e-05 1.21828e-05 9.94456e-06 7.93109e-06 6.17721e-06 4.69596e-06 3.48177e-06 2.51483e-06 1.76624e-06 1.20298e-06 7.91654e-07 5.00905e-07 3.02704e-07 1.73036e-07 9.2177e-08 4.46239e-08 1.87258e-08 6.12418e-09 1.11139e-09 0 
0 5.27388e-08 2.16811e-07 4.9459e-07 8.79348e-07 1.3553e-06 1.89859e-06 2.47909e-06 3.0629e-06 3.61524e-06 4.1034e-06 4.49946e-06 4.78241e-06 4.9396e-06 4.96719e-06 4.86993e-06 4.66008e-06 4.3558e-06 3.97915e-06 3.55406e-06 3.10427e-06 2.65166e-06 2.21492e-06 1.80873e-06 1.44344e-06 1.12511e-06 8.55941e-07 6.3491e-07 4.58572e-07 3.21899e-07 2.19052e-07 1.44012e-07 9.10417e-08 5.49821e-08 3.14163e-08 1.67315e-08 8.09885e-09 3.39836e-09 1.11139e-09 2.01686e-10 0 
0 0 0 0 0 0 0 0 0 0 0 0 0 0 0 0 0 0 0 0 0 0 0 0 0 0 0 0 0 0 0 0 0 0 0 0 0 0 0 0 0 
