0 0 0 0 0 0 0 0 0 0 0 0 0 0 0 0 0 0 0 0 0 0 0 0 0 0 0 0 0 0 0 0 0 0 0 0 0 0 0 0 0 
0 1.37911e-05 5.66964e-05 0.00012934 0.000229968 0.000354465 0.000496605 0.000648526 0.000801371 0.000946044 0.00107397 0.00117782 0.00125205 0.0012933 0.00130056 0.00127506 0.00122003 0.00114024 0.00104153 0.000930169 0.000812399 0.000693949 0.000579699 0.000473472 0.000377947 0.000294685 0.000224245 0.000166363 0.000120155 8.4327e-05 5.73649e-05 3.7699e-05 2.38242e-05 1.43839e-05 8.21723e-06 4.37575e-06 2.11793e-06 8.88673e-07 2.90623e-07 5.27398e-08 0 
0 5.66964e-05 0.000233084 0.000531728 0.00094542 0.00145724 0.00204159 0.00266615 0.00329451 0.00388927 0.00441519 0.0048421 0.00514725 0.00531685 0.00534668 0.00524185 0.00501561 0.00468763 0.00428181 0.003824 0.00333984 0.00285288 0.00238319 0.00194649 0.00155378 0.00121148 0.000921892 0.000683935 0.00049397 0.000346676 0.000235833 0.000154984 9.79433e-05 5.91335e-05 3.37818e-05 1.79891e-05 8.70702e-06 3.65342e-06 1.19478e-06 2.16818e-07 0 
0 0.00012934 0.000531728 0.00121301 0.00215676 0.00332436 0.00465742 0.0060822 0.00751565 0.00887243 0.0100722 0.011046 0.0117421 0.012129 0.012197 0.0119579 0.0114418 0.0106936 0.00976784 0.0087235 0.00761903 0.00650817 0.0054367 0.00444046 0.00354458 0.0027637 0.00210308 0.00156024 0.00112688 0.000790862 0.000537998 0.000353561 0.000223435 0.000134899 7.70654e-05 4.10381e-05 1.98631e-05 8.33443e-06 2.72561e-06 4.94621e-07 0 
0 0.000229968 0.00094542 0.00215676 0.00383475 0.00591075 0.00828094 0.0108142 0.0133628 0.0157751 0.0179081 0.0196395 0.0208769 0.0215645 0.0216854 0.0212601 0.0203426 0.0190125 0.0173668 0.0155101 0.0135465 0.0115715 0.00966646 0.00789518 0.00630231 0.0049139 0.00373931 0.00277413 0.00200361 0.00140616 0.000956569 0.000628636 0.000397271 0.000239853 0.000137024 7.29663e-05 3.53168e-05 1.48187e-05 4.84619e-06 8.79444e-07 0 
0 0.000354465 0.00145724 0.00332436 0.00591075 0.00911062 0.0127639 0.0166685 0.0205967 0.0243145 0.0276016 0.0302694 0.0321758 0.0332348 0.0334205 0.032765 0.0313513 0.0293019 0.0267661 0.0239052 0.0208792 0.0178354 0.0148993 0.0121692 0.00971412 0.00757411 0.00576365 0.00427595 0.0030883 0.00216742 0.00147442 0.00096896 0.000612341 0.000369702 0.000211204 0.000112468 5.44362e-05 2.28411e-05 7.46975e-06 1.35555e-06 0 
0 0.000496605 0.00204159 0.00465742 0.00828094 0.0127639 0.0178821 0.0233521 0.0288548 0.0340622 0.0386653 0.0423999 0.0450672 0.0465477 0.0468059 0.0458874 0.0439084 0.0410401 0.0374908 0.0334856 0.0292485 0.0249857 0.0208731 0.0170487 0.0136093 0.0106113 0.00807484 0.00599059 0.0043267 0.00303655 0.00206567 0.00135751 0.000857889 0.000517952 0.000295896 0.000157567 7.62651e-05 3.20004e-05 1.04651e-05 1.89912e-06 0 
0 0.000648526 0.00266615 0.0060822 0.0108142 0.0166685 0.0233521 0.0304947 0.0376789 0.0444757 0.0504808 0.055349 0.0588218 0.0607453 0.0610761 0.0598758 0.0572962 0.0535593 0.0489342 0.0437129 0.0381865 0.0326241 0.027256 0.0222631 0.0177722 0.0138573 0.010545 0.0078232 0.0056503 0.00396548 0.00269759 0.0017728 0.00112033 0.000676403 0.000386416 0.00020577 9.95959e-05 4.17899e-05 1.36666e-05 2.48009e-06 0 
0 0.000801371 0.00329451 0.00751565 0.0133628 0.0205967 0.0288548 0.0376789 0.046552 0.0549418 0.0623468 0.0683397 0.0726037 0.0749545 0.0753462 0.0738603 0.0706849 0.06609 0.060401 0.0539727 0.0471617 0.0403 0.0336735 0.0275073 0.0219596 0.0171227 0.0130301 0.00966693 0.00698196 0.00490006 0.00333336 0.00219061 0.00138437 0.000835819 0.000477487 0.000254266 0.000123069 5.1639e-05 1.68875e-05 3.0646e-06 0 
0 0.000946044 0.00388927 0.00887243 0.0157751 0.0243145 0.0340622 0.0444757 0.0549418 0.0648277 0.0735366 0.0805625 0.085536 0.0882528 0.0886755 0.0869133 0.0831904 0.0778155 0.0711575 0.0636213 0.0556206 0.0475462 0.0397386 0.032467 0.0259214 0.0202129 0.0153821 0.011412 0.00824238 0.00578467 0.00393513 0.00258609 0.0016343 0.000986711 0.000563689 0.00030017 0.000145287 6.09615e-05 1.99363e-05 3.61786e-06 0 
0 0.00107397 0.00441519 0.0100722 0.0179081 0.0276016 0.0386653 0.0504808 0.0623468 0.0735366 0.0833638 0.0912495 0.0967827 0.099755 0.100156 0.0981364 0.0939547 0.0879444 0.0804952 0.0720401 0.063034 0.0539183 0.0450842 0.0368447 0.0294213 0.0229441 0.0174614 0.0129549 0.00935686 0.00656687 0.00446725 0.00293579 0.00185529 0.00112014 0.000639914 0.00034076 0.000164933 6.9205e-05 2.26322e-05 4.10709e-06 0 
0 0.00117782 0.0048421 0.011046 0.0196395 0.0302694 0.0423999 0.055349 0.0683397 0.0805625 0.0912495 0.099758 0.105648 0.108727 0.109036 0.106781 0.102257 0.0958059 0.0878084 0.0786972 0.0689458 0.0590328 0.0493944 0.0403847 0.0322564 0.0251586 0.0191482 0.014207 0.0102614 0.00720177 0.00489918 0.00321965 0.00203469 0.00122845 0.000701789 0.000373709 0.000180881 7.58967e-05 2.48206e-05 4.50422e-06 0 
0 0.00125205 0.00514725 0.0117421 0.0208769 0.0321758 0.0450672 0.0588218 0.0726037 0.085536 0.0967827 0.105648 0.111676 0.114708 0.114851 0.112385 0.107642 0.100958 0.0926802 0.083212 0.0730201 0.0626025 0.0524299 0.0428928 0.0342725 0.026737 0.020352 0.0151012 0.0109077 0.00765547 0.00520788 0.00342254 0.00216291 0.00130586 0.000746016 0.000397261 0.00019228 8.06798e-05 2.63848e-05 4.78808e-06 0 
0 0.0012933 0.00531685 0.012129 0.0215645 0.0332348 0.0465477 0.0607453 0.0749545 0.0882528 0.099755 0.108727 0.114708 0.117574 0.117508 0.114861 0.110004 0.103264 0.0949464 0.0854049 0.0750779 0.0644625 0.0540479 0.0442506 0.0353753 0.0276059 0.0210173 0.0155965 0.0112662 0.00790737 0.00537935 0.00353527 0.00223416 0.00134889 0.000770596 0.00041035 0.000198616 8.33382e-05 2.72542e-05 4.94585e-06 0 
0 0.00130056 0.00534668 0.012197 0.0216854 0.0334205 0.0468059 0.0610761 0.0753462 0.0886755 0.100156 0.109036 0.114851 0.117508 0.117241 0.114457 0.109565 0.102889 0.0947016 0.085309 0.0751102 0.0645813 0.0542099 0.0444216 0.0355337 0.0277409 0.0211259 0.0156798 0.0113275 0.00795099 0.00540925 0.003555 0.00224667 0.00135645 0.000774917 0.000412652 0.00019973 8.38059e-05 2.74071e-05 4.9736e-06 0 
0 0.00127506 0.00524185 0.0119579 0.0212601 0.032765 0.0458874 0.0598758 0.0738603 0.0869133 0.0981364 0.106781 0.112385 0.114861 0.114457 0.111606 0.106739 0.100193 0.0922311 0.0831322 0.0732584 0.063052 0.052977 0.0434474 0.0347777 0.0271647 0.020695 0.0153642 0.0111016 0.00779345 0.00530252 0.00348505 0.00220253 0.00132982 0.000759716 0.00040456 0.000195814 8.21626e-05 2.68697e-05 4.87609e-06 0 
0 0.00122003 0.00501561 0.0114418 0.0203426 0.0313513 0.0439084 0.0572962 0.0706849 0.0831904 0.0939547 0.102257 0.107642 0.110004 0.109565 0.106739 0.101963 0.0955911 0.0879062 0.0791871 0.0697726 0.060067 0.0504944 0.0414372 0.0331897 0.0259397 0.0197719 0.0146851 0.0106146 0.00745344 0.00507212 0.00333403 0.00210726 0.00127236 0.000726907 0.000387094 0.000187361 7.86163e-05 2.571e-05 4.66563e-06 0 
0 0.00114024 0.00468763 0.0106936 0.0190125 0.0293019 0.0410401 0.0535593 0.06609 0.0778155 0.0879444 0.0958059 0.100958 0.103264 0.102889 0.100193 0.0955911 0.089455 0.0820993 0.0738247 0.0649632 0.0558855 0.0469686 0.0385502 0.0308905 0.0241567 0.0184248 0.0136935 0.00990383 0.00695796 0.00473688 0.0031146 0.00196895 0.001189 0.000679327 0.000361769 0.000175107 7.34748e-05 2.40287e-05 4.36052e-06 0 
0 0.00104153 0.00428181 0.00976784 0.0173668 0.0267661 0.0374908 0.0489342 0.060401 0.0711575 0.0804952 0.0878084 0.0926802 0.0949464 0.0947016 0.0922311 0.0879062 0.0820993 0.0751535 0.0673968 0.0591647 0.0508023 0.042643 0.0349765 0.0280226 0.0219204 0.0167301 0.0124456 0.00901096 0.0063375 0.00431857 0.00284164 0.00179731 0.00108569 0.000620411 0.000330424 0.000159942 6.71129e-05 2.19483e-05 3.98301e-06 0 
0 0.000930169 0.003824 0.0087235 0.0155101 0.0239052 0.0334856 0.0437129 0.0539727 0.0636213 0.0720401 0.0786972 0.083212 0.0854049 0.085309 0.0831322 0.0791871 0.0738247 0.0673968 0.0602475 0.0527146 0.0451245 0.0377754 0.0309168 0.0247319 0.0193312 0.0147558 0.0109887 0.00797108 0.00561913 0.00383783 0.0025301 0.00160242 0.000968766 0.000553851 0.000295042 0.00014283 5.99354e-05 1.96014e-05 3.55713e-06 0 
0 0.000812399 0.00333984 0.00761903 0.0135465 0.0208792 0.0292485 0.0381865 0.0471617 0.0556206 0.063034 0.0689458 0.0730201 0.0750779 0.0751102 0.0732584 0.0697726 0.0649632 0.0591647 0.0527146 0.0459414 0.0391526 0.0326204 0.0265663 0.0211506 0.0164662 0.0125399 0.00934065 0.0067963 0.00481575 0.00330831 0.00219212 0.00139342 0.000844287 0.000483256 0.000257581 0.000124726 5.23438e-05 1.71192e-05 3.10673e-06 0 
0 0.000693949 0.00285288 0.00650817 0.0115715 0.0178354 0.0249857 0.0326241 0.0403 0.0475462 0.0539183 0.0590328 0.0626025 0.0644625 0.0645813 0.063052 0.060067 0.0558855 0.0508023 0.0451245 0.0391526 0.0331672 0.0274157 0.0221034 0.0173858 0.0133623 0.0100673 0.00746361 0.00545293 0.00391066 0.00272855 0.00183355 0.00117717 0.000717447 0.000411877 0.00021983 0.000106505 4.47066e-05 1.46226e-05 2.65372e-06 0 
0 0.000579699 0.00238319 0.0054367 0.00966646 0.0148993 0.0208731 0.027256 0.0336735 0.0397386 0.0450842 0.0493944 0.0524299 0.0540479 0.0542099 0.052977 0.0504944 0.0469686 0.042643 0.0377754 0.0326204 0.0274157 0.0223756 0.0176897 0.0135261 0.0100275 0.00728153 0.00527132 0.00386071 0.00285184 0.00207692 0.0014515 0.000957312 0.000592247 0.000342425 0.00018331 8.89144e-05 3.73382e-05 1.22143e-05 2.21677e-06 0 
0 0.000473472 0.00194649 0.00444046 0.00789518 0.0121692 0.0170487 0.0222631 0.0275073 0.032467 0.0368447 0.0403847 0.0428928 0.0442506 0.0444216 0.0434474 0.0414372 0.0385502 0.0349765 0.0309168 0.0265663 0.0221034 0.0176897 0.0134875 0.00969368 0.00655235 0.0042658 0.00283836 0.00205749 0.00163726 0.00134053 0.00104135 0.000735806 0.000471752 0.000277063 0.000149229 7.25421e-05 3.04855e-05 9.97502e-06 1.8105e-06 0 
0 0.000377947 0.00155378 0.00354458 0.00630231 0.00971412 0.0136093 0.0177722 0.0219596 0.0259214 0.0294213 0.0322564 0.0342725 0.0353753 0.0355337 0.0347777 0.0331897 0.0308905 0.0280226 0.0247319 0.0211506 0.0173858 0.0135261 0.00969368 0.00615748 0.00337084 0.00166005 0.000869314 0.000598515 0.000569737 0.000625454 0.000628185 0.000519686 0.000359359 0.000217593 0.00011849 5.78103e-05 2.43227e-05 7.96132e-06 1.44516e-06 0 
0 0.000294685 0.00121148 0.0027637 0.0049139 0.00757411 0.0106113 0.0138573 0.0171227 0.0202129 0.0229441 0.0251586 0.026737 0.0276059 0.0277409 0.0271647 0.0259397 0.0241567 0.0219204 0.0193312 0.0164662 0.0133623 0.0100275 0.00655235 0.00337084 0.00123443 0.000340596 0.000104975 6.31858e-05 8.70874e-05 0.000175825 0.000295587 0.000329608 0.000260372 0.000165674 9.17175e-05 4.49779e-05 1.89526e-05 6.20632e-06 1.12673e-06 0 
0 0.000224245 0.000921892 0.00210308 0.00373931 0.00576365 0.00807484 0.010545 0.0130301 0.0153821 0.0174614 0.0191482 0.020352 0.0210173 0.0211259 0.020695 0.0197719 0.0184248 0.0167301 0.0147558 0.0125399 0.0100673 0.00728153 0.0042658 0.00166005 0.000340596 3.8784e-05 5.16378e-06 2.48274e-06 6.0647e-06 3.11709e-05 0.000112716 0.000191993 0.000181215 0.000122692 6.92472e-05 3.41509e-05 1.44134e-05 4.72199e-06 8.57364e-07 0 
0 0.000166363 0.000683935 0.00156024 0.00277413 0.00427595 0.00599059 0.0078232 0.00966693 0.011412 0.0129549 0.014207 0.0151012 0.0155965 0.0156798 0.0153642 0.0146851 0.0136935 0.0124456 0.0109887 0.00934065 0.00746361 0.00527132 0.00283836 0.000869314 0.000104975 5.16378e-06 3.05498e-07 1.17562e-07 4.95838e-07 6.18196e-06 4.55486e-05 0.000113617 0.000125076 8.91294e-05 5.10742e-05 2.52957e-05 1.06884e-05 3.50276e-06 6.36043e-07 0 
0 0.000120155 0.00049397 0.00112688 0.00200361 0.0030883 0.0043267 0.0056503 0.00698196 0.00824238 0.00935686 0.0102614 0.0109077 0.0112662 0.0113275 0.0111016 0.0106146 0.00990383 0.00901096 0.00797108 0.0067963 0.00545293 0.00386071 0.00205749 0.000598515 6.31858e-05 2.48274e-06 1.17562e-07 4.22854e-08 2.04688e-07 3.20666e-06 2.83385e-05 7.77599e-05 8.88508e-05 6.40754e-05 3.68424e-05 1.82638e-05 7.71902e-06 2.5298e-06 4.59378e-07 0 
0 8.4327e-05 0.000346676 0.000790862 0.00140616 0.00216742 0.00303655 0.00396548 0.00490006 0.00578467 0.00656687 0.00720177 0.00765547 0.00790737 0.00795099 0.00779345 0.00745344 0.00695796 0.0063375 0.00561913 0.00481575 0.00391066 0.00285184 0.00163726 0.000569737 8.70874e-05 6.0647e-06 4.95838e-07 2.04688e-07 6.696e-07 5.63121e-06 3.0294e-05 6.37842e-05 6.55291e-05 4.56214e-05 2.596e-05 1.28317e-05 5.41892e-06 1.77559e-06 3.22405e-07 0 
0 5.73649e-05 0.000235833 0.000537998 0.000956569 0.00147442 0.00206567 0.00269759 0.00333336 0.00393513 0.00446725 0.00489918 0.00520788 0.00537935 0.00540925 0.00530252 0.00507212 0.00473688 0.00431857 0.00383783 0.00330831 0.00272855 0.00207692 0.00134053 0.000625454 0.000175825 3.11709e-05 6.18196e-06 3.20666e-06 5.63121e-06 1.74276e-05 4.17841e-05 5.67163e-05 4.86498e-05 3.18535e-05 1.77907e-05 8.74692e-06 3.68839e-06 1.20807e-06 2.19331e-07 0 
0 3.7699e-05 0.000154984 0.000353561 0.000628636 0.00096896 0.00135751 0.0017728 0.00219061 0.00258609 0.00293579 0.00321965 0.00342254 0.00353527 0.003555 0.00348505 0.00333403 0.0031146 0.00284164 0.0025301 0.00219212 0.00183355 0.0014515 0.00104135 0.000628185 0.000295587 0.000112716 4.55486e-05 2.83385e-05 3.0294e-05 4.17841e-05 5.12833e-05 4.77367e-05 3.48066e-05 2.14981e-05 1.17845e-05 5.7614e-06 2.4255e-06 7.94059e-07 1.44147e-07 0 
0 2.38242e-05 9.79433e-05 0.000223435 0.000397271 0.000612341 0.000857889 0.00112033 0.00138437 0.0016343 0.00185529 0.00203469 0.00216291 0.00223416 0.00224667 0.00220253 0.00210726 0.00196895 0.00179731 0.00160242 0.00139342 0.00117717 0.000957312 0.000735806 0.000519686 0.000329608 0.000191993 0.000113617 7.77599e-05 6.37842e-05 5.67163e-05 4.77367e-05 3.55146e-05 2.33562e-05 1.38617e-05 7.49468e-06 3.64799e-06 1.53369e-06 5.01895e-07 9.10991e-08 0 
0 1.43839e-05 5.91335e-05 0.000134899 0.000239853 0.000369702 0.000517952 0.000676403 0.000835819 0.000986711 0.00112014 0.00122845 0.00130586 0.00134889 0.00135645 0.00132982 0.00127236 0.001189 0.00108569 0.000968766 0.000844287 0.000717447 0.000592247 0.000471752 0.000359359 0.000260372 0.000181215 0.000125076 8.88508e-05 6.55291e-05 4.86498e-05 3.48066e-05 2.33562e-05 1.4589e-05 8.47259e-06 4.5438e-06 2.20544e-06 9.26355e-07 3.03059e-07 5.50034e-08 0 
0 8.21723e-06 3.37818e-05 7.70654e-05 0.000137024 0.000211204 0.000295896 0.000386416 0.000477487 0.000563689 0.000639914 0.000701789 0.000746016 0.000770596 0.000774917 0.000759716 0.000726907 0.000679327 0.000620411 0.000553851 0.000483256 0.000411877 0.000342425 0.000277063 0.000217593 0.000165674 0.000122692 8.91294e-05 6.40754e-05 4.56214e-05 3.18535e-05 2.14981e-05 1.38617e-05 8.47259e-06 4.87146e-06 2.60186e-06 1.26094e-06 5.2935e-07 1.73146e-07 3.14232e-08 0 
0 4.37575e-06 1.79891e-05 4.10381e-05 7.29663e-05 0.000112468 0.000157567 0.00020577 0.000254266 0.00030017 0.00034076 0.000373709 0.000397261 0.00041035 0.000412652 0.00040456 0.000387094 0.000361769 0.000330424 0.000295042 0.000257581 0.00021983 0.00018331 0.000149229 0.00011849 9.17175e-05 6.92472e-05 5.10742e-05 3.68424e-05 2.596e-05 1.77907e-05 1.17845e-05 7.49468e-06 4.5438e-06 2.60186e-06 1.38714e-06 6.71752e-07 2.81926e-07 9.22068e-08 1.67334e-08 0 
0 2.11793e-06 8.70702e-06 1.98631e-05 3.53168e-05 5.44362e-05 7.62651e-05 9.95959e-05 0.000123069 0.000145287 0.000164933 0.000180881 0.00019228 0.000198616 0.00019973 0.000195814 0.000187361 0.000175107 0.000159942 0.00014283 0.000124726 0.000106505 8.89144e-05 7.25421e-05 5.78103e-05 4.49779e-05 3.41509e-05 2.52957e-05 1.82638e-05 1.28317e-05 8.74692e-06 5.7614e-06 3.64799e-06 2.20544e-06 1.26094e-06 6.71752e-07 3.25206e-07 1.36467e-07 4.46307e-08 8.09932e-09 0 
0 8.88673e-07 3.65342e-06 8.33443e-06 1.48187e-05 2.28411e-05 3.20004e-05 4.17899e-05 5.1639e-05 6.09615e-05 6.9205e-05 7.58967e-05 8.06798e-05 8.33382e-05 8.38059e-05 8.21626e-05 7.86163e-05 7.34748e-05 6.71129e-05 5.99354e-05 5.23438e-05 4.47066e-05 3.73382e-05 3.04855e-05 2.43227e-05 1.89526e-05 1.44134e-05 1.06884e-05 7.71902e-06 5.41892e-06 3.68839e-06 2.4255e-06 1.53369e-06 9.26355e-07 5.2935e-07 2.81926e-07 1.36467e-07 5.7263e-08 1.87271e-08 3.39845e-09 0 
0 2.90623e-07 1.19478e-06 2.72561e-06 4.84619e-06 7.46975e-06 1.04651e-05 1.36666e-05 1.68875e-05 1.99363e-05 2.26322e-05 2.48206e-05 2.63848e-05 2.72542e-05 2.74071e-05 2.68697e-05 2.571e-05 2.40287e-05 2.19483e-05 1.96014e-05 1.71192e-05 1.46226e-05 1.22143e-05 9.97502e-06 7.96132e-06 6.20632e-06 4.72199e-06 3.50276e-06 2.5298e-06 1.77559e-06 1.20807e-06 7.94059e-07 5.01895e-07 3.03059e-07 1.73146e-07 9.22068e-08 4.46307e-08 1.87271e-08 6.12436e-09 1.1114e-09 0 
0 5.27398e-08 2.16818e-07 4.94621e-07 8.79444e-07 1.35555e-06 1.89912e-06 2.48009e-06 3.0646e-06 3.61786e-06 4.10709e-06 4.50422e-06 4.78808e-06 4.94585e-06 4.9736e-06 4.87609e-06 4.66563e-06 4.36052e-06 3.98301e-06 3.55713e-06 3.10673e-06 2.65372e-06 2.21677e-06 1.8105e-06 1.44516e-06 1.12673e-06 8.57364e-07 6.36043e-07 4.59378e-07 3.22405e-07 2.19331e-07 1.44147e-07 9.10991e-08 5.50034e-08 3.14232e-08 1.67334e-08 8.09932e-09 3.39845e-09 1.1114e-09 2.01687e-10 0 
0 0 0 0 0 0 0 0 0 0 0 0 0 0 0 0 0 0 0 0 0 0 0 0 0 0 0 0 0 0 0 0 0 0 0 0 0 0 0 0 0 
