0 0 0 0 0 0 0 0 0 0 0 0 0 0 0 0 0 0 0 0 0 0 0 0 0 0 0 0 0 0 0 0 0 0 0 0 0 0 0 0 0 
0 1.33155e-05 5.24618e-05 0.000110703 0.000173728 0.000224738 0.000253079 0.000258387 0.000247451 0.000228686 0.000208695 0.000191459 0.000178894 0.00017167 0.000169845 0.000173206 0.000181367 0.000193699 0.000209148 0.000226039 0.000241968 0.000253923 0.000258737 0.000253846 0.000238153 0.000212606 0.000180122 0.000144772 0.000110573 8.04759e-05 5.59632e-05 3.72366e-05 2.36858e-05 1.43464e-05 8.20806e-06 4.37375e-06 2.11755e-06 8.88611e-07 2.90616e-07 5.27393e-08 0 
0 5.24618e-05 0.000194564 0.000364889 0.000472057 0.000467256 0.000381189 0.000274566 0.00018554 0.000123722 8.48175e-05 6.17447e-05 4.88793e-05 4.27112e-05 4.14409e-05 4.45287e-05 5.24499e-05 6.66348e-05 8.94658e-05 0.000124103 0.000173783 0.000240221 0.000321046 0.00040716 0.00048219 0.000526498 0.000525745 0.000479026 0.000399778 0.000308232 0.000221857 0.000150436 9.66125e-05 5.87825e-05 3.36985e-05 1.79715e-05 8.70374e-06 3.65291e-06 1.19472e-06 2.16814e-07 0 
0 0.000110703 0.000364889 0.000544049 0.000491899 0.000307292 0.000149599 6.3106e-05 2.51882e-05 1.02577e-05 4.55204e-06 2.32604e-06 1.42719e-06 1.07961e-06 1.01686e-06 1.18515e-06 1.67464e-06 2.77925e-06 5.20827e-06 1.05563e-05 2.21655e-05 4.63273e-05 9.30745e-05 0.000174555 0.000298168 0.000454112 0.000605535 0.000698333 0.000695333 0.000604447 0.000468279 0.000330747 0.000216827 0.000133191 7.66702e-05 4.09566e-05 1.98484e-05 8.3322e-06 2.72536e-06 4.94605e-07 0 
0 0.000173728 0.000472057 0.000491899 0.000266738 9.06836e-05 2.26861e-05 4.76469e-06 9.4592e-07 1.98657e-07 4.89656e-08 1.54819e-08 6.72025e-09 4.179e-09 3.78091e-09 4.92238e-09 8.90912e-09 2.12575e-08 6.26137e-08 2.11884e-07 7.66737e-07 2.77697e-06 9.51353e-06 2.94897e-05 8.00755e-05 0.000186108 0.000363259 0.000584625 0.000764818 0.000813614 0.000719342 0.000548318 0.000373821 0.000233843 0.000135658 7.26913e-05 3.52684e-05 1.48116e-05 4.84538e-06 8.79394e-07 0 
0 0.000224738 0.000467256 0.000307292 9.06836e-05 1.51043e-05 1.70174e-06 1.52661e-07 1.28451e-08 1.19317e-09 1.42499e-10 2.494e-11 7.06835e-12 3.45301e-12 2.9731e-12 4.43596e-12 1.08908e-11 4.064e-11 2.0896e-10 1.32986e-09 9.4102e-09 6.70435e-08 4.41778e-07 2.51936e-06 1.18724e-05 4.49838e-05 0.000135133 0.000318634 0.000581667 0.000811872 0.000873015 0.000751446 0.000546853 0.000352823 0.000207403 0.000111715 5.43064e-05 2.28224e-05 7.46769e-06 1.35542e-06 0 
0 0.000253079 0.000381189 0.000149599 2.26861e-05 1.70174e-06 7.74263e-08 2.62888e-09 8.29579e-11 3.03605e-12 1.58609e-13 1.41374e-14 2.46344e-15 9.13684e-16 7.434e-16 1.29579e-15 4.50465e-15 2.79954e-14 2.71763e-13 3.55567e-12 5.41025e-11 8.35021e-10 1.16238e-08 1.33044e-07 1.17362e-06 7.68893e-06 3.69225e-05 0.000130149 0.000337296 0.000637263 0.000871851 0.000884707 0.000707755 0.000478423 0.000286987 0.000155821 7.59685e-05 3.19582e-05 1.04606e-05 1.89885e-06 0 
0 0.000258387 0.000274566 6.3106e-05 4.76469e-06 1.52661e-07 2.62888e-09 3.15217e-11 3.48161e-13 4.70398e-15 1.01466e-16 4.40189e-18 4.686e-19 1.39711e-19 1.09792e-19 2.11065e-19 1.00922e-18 1.07147e-17 2.05196e-16 5.80316e-15 2.00273e-13 7.06965e-12 2.19276e-10 5.29863e-09 9.16238e-08 1.07912e-06 8.51249e-06 4.53568e-05 0.000166386 0.000424468 0.000749003 0.000920458 0.000830116 0.000597243 0.000368386 0.000202248 9.90042e-05 4.17069e-05 1.36578e-05 2.47958e-06 0 
0 0.000247451 0.00018554 2.51882e-05 9.4592e-07 1.28451e-08 8.29579e-11 3.48161e-13 1.33465e-15 6.60635e-18 6.1857e-20 2.78048e-21 7.14435e-22 3.77411e-22 3.27001e-22 4.46464e-22 9.99666e-22 5.43126e-21 1.42277e-19 8.57722e-18 6.75624e-16 5.49044e-14 3.81983e-12 1.96231e-10 6.70007e-09 1.42874e-07 1.86098e-06 1.49741e-05 7.68683e-05 0.000259822 0.000584124 0.000873304 0.000900317 0.000697696 0.000445444 0.000247993 0.000122022 5.14936e-05 1.68723e-05 3.06373e-06 0 
0 0.000228686 0.000123722 1.02577e-05 1.98657e-07 1.19317e-09 3.03605e-12 4.70398e-15 6.60635e-18 1.38303e-20 1.80085e-22 2.21842e-23 1.12862e-23 8.82735e-24 8.18922e-24 8.85913e-24 1.15804e-23 2.95771e-23 2.85901e-22 1.78487e-20 2.95778e-18 5.30225e-16 7.94124e-14 8.34912e-12 5.44248e-10 2.04226e-08 4.29051e-07 5.10784e-06 3.58977e-05 0.000156511 0.000436508 0.000782473 0.000921814 0.000773241 0.000512997 0.000290182 0.000143624 6.07322e-05 1.99124e-05 3.61651e-06 0 
0 0.000208695 8.48175e-05 4.55204e-06 4.89656e-08 1.42499e-10 1.58609e-13 1.01466e-16 6.1857e-20 1.80085e-22 4.45884e-24 8.64252e-25 6.05781e-25 5.78919e-25 5.58589e-25 5.32585e-25 5.25114e-25 8.12573e-25 3.86229e-24 1.22624e-22 2.39523e-20 8.47499e-18 2.50692e-15 4.97737e-13 5.76245e-11 3.5741e-09 1.14936e-07 1.93987e-06 1.80038e-05 9.7844e-05 0.000327271 0.000684851 0.000909896 0.000823426 0.000567691 0.000326405 0.000162543 6.88769e-05 2.25982e-05 4.10517e-06 0 
0 0.000191459 6.17447e-05 2.32604e-06 1.54819e-08 2.494e-11 1.41374e-14 4.40189e-18 2.78048e-21 2.21842e-23 8.64253e-25 1.14995e-25 6.31041e-26 6.2395e-26 6.10861e-26 5.45153e-26 4.69239e-26 6.00661e-26 2.62958e-25 5.7979e-24 6.03683e-22 2.87652e-19 1.47801e-16 4.93083e-14 9.12416e-12 8.53228e-10 3.88687e-08 8.73097e-07 1.0171e-05 6.6035e-05 0.000254906 0.000602353 0.000882614 0.000852404 0.000608153 0.000354924 0.000177748 7.54676e-05 2.47763e-05 4.50173e-06 0 
0 0.000178894 4.88793e-05 1.42719e-06 6.72025e-09 7.06835e-12 2.46344e-15 4.686e-19 7.14436e-22 1.12862e-23 6.05783e-25 6.31043e-26 1.41198e-26 9.15587e-27 8.36955e-27 7.181e-27 6.18604e-27 1.06726e-26 6.94792e-26 1.24383e-24 7.50515e-23 2.55925e-20 1.90584e-17 9.24496e-15 2.39941e-12 3.01766e-10 1.76788e-08 4.88294e-07 6.70408e-06 4.94561e-05 0.000211252 0.000543585 0.000854433 0.0008662 0.000634555 0.000374717 0.000188512 8.01641e-05 2.63317e-05 4.78511e-06 0 
0 0.00017167 4.27112e-05 1.07961e-06 4.179e-09 3.45301e-12 9.13684e-16 1.39711e-19 3.77412e-22 8.82737e-24 5.78921e-25 6.23952e-26 9.1559e-27 2.3891e-27 1.40816e-27 1.14019e-27 1.3555e-27 4.98257e-27 4.18195e-26 6.57662e-25 2.91361e-23 6.77072e-21 5.93244e-18 3.55816e-15 1.11889e-12 1.66498e-10 1.12524e-08 3.4954e-07 5.26877e-06 4.17842e-05 0.000188925 0.000509885 0.000834231 0.000870267 0.000647864 0.000385386 0.000194434 8.27657e-05 2.71952e-05 4.94255e-06 0 
0 0.000169845 4.14409e-05 1.01686e-06 3.78091e-09 2.9731e-12 7.434e-16 1.09792e-19 3.27002e-22 8.18924e-24 5.58591e-25 6.10863e-26 8.36959e-27 1.40816e-27 3.95889e-28 2.83838e-28 6.98443e-28 4.15186e-27 3.7103e-26 5.70059e-25 2.38413e-23 5.1301e-21 4.61466e-18 2.89277e-15 9.46885e-13 1.45958e-10 1.01647e-08 3.2364e-07 4.97472e-06 4.00524e-05 0.000183278 0.000499906 0.000825862 0.000868052 0.000649159 0.000387005 0.000195427 8.32162e-05 2.73463e-05 4.97021e-06 0 
0 0.000173206 4.45287e-05 1.18515e-06 4.92238e-09 4.43596e-12 1.29579e-15 2.11065e-19 4.46464e-22 8.85914e-24 5.32586e-25 5.45155e-26 7.18103e-27 1.14019e-27 2.83838e-28 2.31125e-28 7.33104e-28 4.61756e-27 4.3505e-26 7.45257e-25 3.78626e-23 1.04389e-20 8.72396e-18 4.85615e-15 1.42792e-12 2.00402e-10 1.28885e-08 3.84352e-07 5.60766e-06 4.33603e-05 0.000192319 0.000511712 0.000829223 0.000860518 0.000639221 0.000379993 0.000191688 8.1596e-05 2.68112e-05 4.87281e-06 0 
0 0.000181367 5.24499e-05 1.67464e-06 8.90912e-09 1.08908e-11 4.50465e-15 1.00922e-18 9.99666e-22 1.15805e-23 5.25115e-25 4.6924e-26 6.18606e-27 1.3555e-27 6.9844e-28 7.33101e-28 1.54135e-27 7.62135e-27 7.64273e-26 1.69615e-24 1.31724e-22 5.59034e-20 3.68881e-17 1.5719e-14 3.63121e-12 4.12582e-10 2.21779e-08 5.70669e-07 7.40385e-06 5.22735e-05 0.000216037 0.000542919 0.000840837 0.000846304 0.00061846 0.000365038 0.000183652 7.81054e-05 2.5657e-05 4.66265e-06 0 
0 0.000193699 6.66348e-05 2.77925e-06 2.12575e-08 4.064e-11 2.79954e-14 1.07147e-17 5.43126e-21 2.95772e-23 8.12574e-25 6.00663e-26 1.06725e-26 4.98255e-27 4.15184e-27 4.61754e-27 7.62133e-27 2.72293e-26 2.84818e-25 9.8999e-24 1.47133e-21 6.99458e-19 3.07078e-16 8.83269e-14 1.43043e-11 1.19066e-09 4.91398e-08 1.01749e-06 1.11059e-05 6.85789e-05 0.00025526 0.000589287 0.000853814 0.000822283 0.000587104 0.00034307 0.000171955 7.30387e-05 2.39832e-05 4.35795e-06 0 
0 0.000209148 8.94658e-05 5.20827e-06 6.26137e-08 2.0896e-10 2.71763e-13 2.05196e-16 1.42277e-19 2.85901e-22 3.86229e-24 2.62958e-25 6.9479e-26 4.18194e-26 3.71029e-26 4.35049e-26 7.64271e-26 2.84818e-25 3.73384e-24 2.26909e-22 5.27174e-20 1.65408e-17 4.29746e-15 7.56219e-13 7.85029e-11 4.42376e-09 1.31049e-07 2.06603e-06 1.81581e-05 9.47703e-05 0.000309181 0.000641836 0.00085759 0.000784409 0.000545529 0.000315258 0.000157373 6.67546e-05 2.19106e-05 3.98085e-06 0 
0 0.000226039 0.000124103 1.05563e-05 2.11884e-07 1.32986e-09 3.55567e-12 5.80316e-15 8.57722e-18 1.78487e-20 1.22624e-22 5.7979e-24 1.24383e-24 6.5766e-25 5.70058e-25 7.45256e-25 1.69615e-24 9.89989e-24 2.26909e-22 2.15078e-20 3.48513e-18 5.95144e-16 8.50083e-14 8.53874e-12 5.32806e-10 1.91813e-08 3.8783e-07 4.46555e-06 3.05917e-05 0.000131678 0.000369798 0.000682684 0.000838134 0.000728756 0.00049456 0.000282985 0.000140769 5.96445e-05 1.95704e-05 3.55533e-06 0 
0 0.000241968 0.000173783 2.21655e-05 7.66737e-07 9.4102e-09 5.41025e-11 2.00273e-13 6.75624e-16 2.95778e-18 2.39523e-20 6.03682e-22 7.50515e-23 2.9136e-23 2.38413e-23 3.78626e-23 1.31724e-22 1.47133e-21 5.27174e-20 3.48513e-18 2.99138e-16 2.64807e-14 1.99436e-12 1.09589e-10 3.93655e-09 8.67019e-08 1.14851e-06 9.33252e-06 4.86549e-05 0.000170568 0.000411608 0.000681268 0.000779359 0.000652533 0.000435618 0.000247778 0.000123026 5.21004e-05 1.70929e-05 3.10519e-06 0 
0 0.000253923 0.000240221 4.63273e-05 2.77697e-06 6.70435e-08 8.35021e-10 7.06965e-12 5.49044e-14 5.30225e-16 8.47499e-18 2.87652e-19 2.55925e-20 6.77072e-21 5.1301e-21 1.04389e-20 5.59034e-20 6.99458e-19 1.65408e-17 5.95144e-16 2.64807e-14 1.20155e-12 4.69678e-11 1.37894e-09 2.75188e-08 3.53029e-07 2.89558e-06 1.58286e-05 6.14635e-05 0.000177564 0.000382564 0.000597072 0.00066668 0.000554879 0.000370686 0.000211205 0.000104988 4.44868e-05 1.45986e-05 2.65231e-06 0 
0 0.000258737 0.000321046 9.30745e-05 9.51353e-06 4.41778e-07 1.16238e-08 2.19276e-10 3.81983e-12 7.94124e-14 2.50692e-15 1.47801e-16 1.90584e-17 5.93244e-18 4.61466e-18 8.72396e-18 3.68881e-17 3.07078e-16 4.29746e-15 8.50083e-14 1.99436e-12 4.69678e-11 9.5427e-10 1.46537e-08 1.52945e-07 1.02307e-06 4.49266e-06 1.46029e-05 4.09032e-05 0.000105687 0.000236441 0.000405602 0.000495223 0.000437859 0.00030222 0.000174784 8.74082e-05 3.71201e-05 1.21906e-05 2.21538e-06 0 
0 0.000253846 0.00040716 0.000174555 2.94897e-05 2.51936e-06 1.33044e-07 5.29863e-09 1.96231e-10 8.34912e-12 4.97737e-13 4.93083e-14 9.24496e-15 3.55816e-15 2.89277e-15 4.85615e-15 1.5719e-14 8.83269e-14 7.56219e-13 8.53874e-12 1.09589e-10 1.37894e-09 1.46537e-08 1.1228e-07 5.27082e-07 1.35982e-06 2.09624e-06 2.80347e-06 5.2307e-06 1.59503e-05 5.85414e-05 0.000166106 0.000288087 0.00030915 0.000233389 0.000139953 7.09215e-05 3.02544e-05 9.95028e-06 1.80907e-06 0 
0 0.000238153 0.00048219 0.000298168 8.00755e-05 1.18724e-05 1.17362e-06 9.16238e-08 6.70007e-09 5.44248e-10 5.76245e-11 9.12416e-12 2.39941e-12 1.11889e-12 9.46885e-13 1.42792e-12 3.63121e-12 1.43043e-11 7.85029e-11 5.32806e-10 3.93655e-09 2.75188e-08 1.52945e-07 5.27082e-07 7.98378e-07 3.9265e-07 7.44846e-08 1.568e-08 1.55194e-08 1.13349e-07 2.14274e-06 2.62053e-05 0.000111901 0.00018632 0.000168688 0.000108126 5.60372e-05 2.4076e-05 7.93553e-06 1.4437e-06 0 
0 0.000212606 0.000526498 0.000454112 0.000186108 4.49838e-05 7.68893e-06 1.07912e-06 1.42874e-07 2.04226e-08 3.5741e-09 8.53228e-10 3.01766e-10 1.66498e-10 1.45958e-10 2.00402e-10 4.12582e-10 1.19066e-09 4.42376e-09 1.91813e-08 8.67019e-08 3.53029e-07 1.02307e-06 1.35982e-06 3.9265e-07 1.10523e-08 3.85656e-11 2.02785e-13 6.29033e-14 4.41721e-12 3.45437e-09 9.77531e-07 2.52731e-05 9.33649e-05 0.000113892 8.06676e-05 4.31276e-05 1.87019e-05 6.18076e-06 1.12531e-06 0 
0 0.000180122 0.000525745 0.000605535 0.000363259 0.000135133 3.69225e-05 8.51249e-06 1.86098e-06 4.29051e-07 1.14936e-07 3.88687e-08 1.76788e-08 1.12524e-08 1.01647e-08 1.28885e-08 2.21779e-08 4.91398e-08 1.31049e-07 3.8783e-07 1.14851e-06 2.89558e-06 4.49266e-06 2.09624e-06 7.44846e-08 3.85656e-11 4.01928e-16 2.45757e-15 2.28294e-15 6.52378e-16 3.11562e-13 1.05602e-08 3.7838e-06 4.15004e-05 7.3668e-05 5.85884e-05 3.23944e-05 1.41807e-05 4.69876e-06 8.56098e-07 0 
0 0.000144772 0.000479026 0.000698333 0.000584625 0.000318634 0.000130149 4.53568e-05 1.49741e-05 5.10784e-06 1.93987e-06 8.73097e-07 4.88294e-07 3.4954e-07 3.2364e-07 3.84352e-07 5.70669e-07 1.01749e-06 2.06603e-06 4.46555e-06 9.33252e-06 1.58286e-05 1.46029e-05 2.80347e-06 1.568e-08 2.02785e-13 2.45757e-15 3.03878e-16 2.17458e-16 5.25774e-17 2.10899e-16 1.78176e-10 7.05133e-07 2.00215e-05 4.8384e-05 4.20614e-05 2.38254e-05 1.04965e-05 3.48385e-06 6.35025e-07 0 
0 0.000110573 0.000399778 0.000695333 0.000764818 0.000581667 0.000337296 0.000166386 7.68683e-05 3.58977e-05 1.80038e-05 1.0171e-05 6.70408e-06 5.26877e-06 4.97472e-06 5.60766e-06 7.40385e-06 1.11059e-05 1.81581e-05 3.05917e-05 4.86549e-05 6.14635e-05 4.09032e-05 5.2307e-06 1.55194e-08 6.29033e-14 2.28294e-15 2.17459e-16 7.20293e-17 2.00738e-16 6.97092e-15 5.1896e-11 3.75128e-07 1.33212e-05 3.43144e-05 3.02752e-05 1.71991e-05 7.58082e-06 2.51624e-06 4.58649e-07 0 
0 8.04759e-05 0.000308232 0.000604447 0.000813614 0.000811872 0.000637263 0.000424468 0.000259822 0.000156511 9.7844e-05 6.6035e-05 4.94561e-05 4.17842e-05 4.00524e-05 4.33603e-05 5.22735e-05 6.85789e-05 9.47703e-05 0.000131678 0.000170568 0.000177564 0.000105687 1.59503e-05 1.13349e-07 4.41721e-12 6.52378e-16 5.25774e-17 2.00738e-16 8.06357e-17 1.29111e-15 5.4858e-10 7.26974e-07 1.30425e-05 2.66441e-05 2.18822e-05 1.21721e-05 5.33287e-06 1.7671e-06 3.21946e-07 0 
0 5.59632e-05 0.000221857 0.000468279 0.000719342 0.000873015 0.000871851 0.000749003 0.000584124 0.000436508 0.000327271 0.000254906 0.000211252 0.000188925 0.000183278 0.000192319 0.000216037 0.00025526 0.000309181 0.000369798 0.000411608 0.000382564 0.000236441 5.85414e-05 2.14274e-06 3.45437e-09 3.11562e-13 2.10899e-16 6.97093e-15 1.29111e-15 1.39435e-11 3.38314e-08 2.75482e-06 1.56656e-05 2.15466e-05 1.56524e-05 8.39907e-06 3.64228e-06 1.20343e-06 2.19077e-07 0 
0 3.72366e-05 0.000150436 0.000330747 0.000548318 0.000751446 0.000884707 0.000920458 0.000873304 0.000782473 0.000684851 0.000602353 0.000543585 0.000509885 0.000499906 0.000511712 0.000542919 0.000589287 0.000641836 0.000682684 0.000681268 0.000597072 0.000405602 0.000166106 2.62053e-05 9.77531e-07 1.05602e-08 1.78176e-10 5.1896e-11 5.4858e-10 3.38314e-08 1.18236e-06 8.81667e-06 1.78326e-05 1.68598e-05 1.08422e-05 5.6053e-06 2.40424e-06 7.91866e-07 1.44024e-07 0 
0 2.36858e-05 9.66125e-05 0.000216827 0.000373821 0.000546853 0.000707755 0.000830116 0.000900317 0.000921814 0.000909896 0.000882614 0.000854433 0.000834231 0.000825862 0.000829223 0.000840837 0.000853814 0.00085759 0.000838134 0.000779359 0.00066668 0.000495223 0.000288087 0.000111901 2.52731e-05 3.7838e-06 7.05133e-07 3.75128e-07 7.26974e-07 2.75482e-06 8.81667e-06 1.58613e-05 1.66106e-05 1.21498e-05 7.14485e-06 3.58814e-06 1.52523e-06 5.00992e-07 9.10468e-08 0 
0 1.43464e-05 5.87825e-05 0.000133191 0.000233843 0.000352823 0.000478423 0.000597243 0.000697696 0.000773241 0.000823426 0.000852404 0.0008662 0.000870267 0.000868052 0.000860518 0.000846304 0.000822283 0.000784409 0.000728756 0.000652533 0.000554879 0.000437859 0.00030915 0.00018632 9.33649e-05 4.15004e-05 2.00215e-05 1.33212e-05 1.30425e-05 1.56656e-05 1.78326e-05 1.66106e-05 1.25023e-05 7.94898e-06 4.43347e-06 2.18573e-06 9.23444e-07 3.02735e-07 5.49839e-08 0 
0 8.20806e-06 3.36985e-05 7.66702e-05 0.000135658 0.000207403 0.000286987 0.000368386 0.000445444 0.000512997 0.000567691 0.000608153 0.000634555 0.000647864 0.000649159 0.000639221 0.00061846 0.000587104 0.000545529 0.00049456 0.000435618 0.000370686 0.00030222 0.000233389 0.000168688 0.000113892 7.3668e-05 4.8384e-05 3.43144e-05 2.66441e-05 2.15466e-05 1.68598e-05 1.21498e-05 7.94898e-06 4.73628e-06 2.57204e-06 1.25534e-06 5.28482e-07 1.73045e-07 3.14169e-08 0 
0 4.37375e-06 1.79715e-05 4.09566e-05 7.26913e-05 0.000111715 0.000155821 0.000202248 0.000247993 0.000290182 0.000326405 0.000354924 0.000374717 0.000385386 0.000387005 0.000379993 0.000365038 0.00034307 0.000315258 0.000282985 0.000247778 0.000211205 0.000174784 0.000139953 0.000108126 8.06676e-05 5.85884e-05 4.20614e-05 3.02752e-05 2.18822e-05 1.56524e-05 1.08422e-05 7.14485e-06 4.43347e-06 2.57204e-06 1.3802e-06 6.70379e-07 2.81703e-07 9.21796e-08 1.67317e-08 0 
0 2.11755e-06 8.70374e-06 1.98484e-05 3.52684e-05 5.43064e-05 7.59685e-05 9.90042e-05 0.000122022 0.000143624 0.000162543 0.000177748 0.000188512 0.000194434 0.000195427 0.000191688 0.000183652 0.000171955 0.000157373 0.000140769 0.000123026 0.000104988 8.74082e-05 7.09215e-05 5.60372e-05 4.31276e-05 3.23944e-05 2.38254e-05 1.71991e-05 1.21721e-05 8.39907e-06 5.6053e-06 3.58814e-06 2.18573e-06 1.25534e-06 6.70379e-07 3.24919e-07 1.36418e-07 4.46245e-08 8.09889e-09 0 
0 8.88611e-07 3.65291e-06 8.3322e-06 1.48116e-05 2.28224e-05 3.19582e-05 4.17069e-05 5.14936e-05 6.07322e-05 6.88769e-05 7.54676e-05 8.01641e-05 8.27657e-05 8.32162e-05 8.1596e-05 7.81054e-05 7.30387e-05 6.67546e-05 5.96445e-05 5.21004e-05 4.44868e-05 3.71201e-05 3.02544e-05 2.4076e-05 1.87019e-05 1.41807e-05 1.04965e-05 7.58082e-06 5.33287e-06 3.64228e-06 2.40424e-06 1.52523e-06 9.23444e-07 5.28482e-07 2.81703e-07 1.36418e-07 5.72542e-08 1.87259e-08 3.39836e-09 0 
0 2.90616e-07 1.19472e-06 2.72536e-06 4.84538e-06 7.46769e-06 1.04606e-05 1.36578e-05 1.68723e-05 1.99124e-05 2.25982e-05 2.47763e-05 2.63317e-05 2.71952e-05 2.73463e-05 2.68112e-05 2.5657e-05 2.39832e-05 2.19106e-05 1.95704e-05 1.70929e-05 1.45986e-05 1.21906e-05 9.95028e-06 7.93553e-06 6.18076e-06 4.69876e-06 3.48385e-06 2.51624e-06 1.7671e-06 1.20343e-06 7.91866e-07 5.00992e-07 3.02735e-07 1.73045e-07 9.21796e-08 4.46245e-08 1.87259e-08 6.1242e-09 1.11139e-09 0 
0 5.27393e-08 2.16814e-07 4.94605e-07 8.79394e-07 1.35542e-06 1.89885e-06 2.47958e-06 3.06373e-06 3.61651e-06 4.10517e-06 4.50173e-06 4.78511e-06 4.94255e-06 4.97021e-06 4.87281e-06 4.66265e-06 4.35795e-06 3.98085e-06 3.55533e-06 3.10519e-06 2.65231e-06 2.21538e-06 1.80907e-06 1.4437e-06 1.12531e-06 8.56098e-07 6.35025e-07 4.58649e-07 3.21946e-07 2.19077e-07 1.44024e-07 9.10468e-08 5.49839e-08 3.14169e-08 1.67317e-08 8.09889e-09 3.39836e-09 1.11139e-09 2.01686e-10 0 
0 0 0 0 0 0 0 0 0 0 0 0 0 0 0 0 0 0 0 0 0 0 0 0 0 0 0 0 0 0 0 0 0 0 0 0 0 0 0 0 0 
