0 0 0 0 0 0 0 0 0 0 0 0 0 0 0 0 0 0 0 0 0 0 0 0 0 0 0 0 0 0 0 0 0 0 0 0 0 0 0 0 0 
0 1.32506e-05 5.19088e-05 0.000108479 0.000167908 0.000213645 0.000236467 0.000237515 0.00022419 0.000204652 0.000184894 0.000168322 0.000156442 0.000149692 0.000148027 0.000151225 0.000158964 0.000170743 0.000185702 0.000202419 0.000218765 0.000231975 0.000239005 0.000237216 0.000225195 0.000203396 0.00017422 0.000141394 0.000108855 7.97003e-05 5.56523e-05 3.71255e-05 2.36503e-05 1.43363e-05 8.20548e-06 4.37317e-06 2.11743e-06 8.88592e-07 2.90613e-07 5.27391e-08 0 
0 5.19088e-05 0.000189903 0.000347787 0.000435294 0.000415057 0.000326591 0.000227822 0.000149762 9.75426e-05 6.55731e-05 4.70059e-05 3.68109e-05 3.19751e-05 3.09932e-05 3.34277e-05 3.96919e-05 5.10179e-05 6.95016e-05 9.80337e-05 0.000139815 0.000197091 0.000268948 0.000348743 0.000422865 0.000473219 0.000484291 0.000451484 0.000384245 0.000300777 0.000218784 0.000149335 9.62658e-05 5.86858e-05 3.36746e-05 1.79662e-05 8.70275e-06 3.65275e-06 1.1947e-06 2.16813e-07 0 
0 0.000108479 0.000347787 0.000494826 0.000421711 0.000248351 0.000114644 4.60835e-05 1.75882e-05 6.87421e-06 2.94273e-06 1.46053e-06 8.77683e-07 6.56305e-07 6.16921e-07 7.24204e-07 1.03924e-06 1.76366e-06 3.3972e-06 7.10141e-06 1.54041e-05 3.32682e-05 6.9028e-05 0.000133641 0.000235807 0.000371774 0.000514708 0.000617329 0.000638076 0.000572384 0.000453806 0.000325337 0.000215108 0.000132716 7.65551e-05 4.09321e-05 1.98438e-05 8.3315e-06 2.72528e-06 4.946e-07 0 
0 0.000167908 0.000435294 0.000421711 0.000210927 6.64206e-05 1.5432e-05 3.01037e-06 5.55688e-07 1.08978e-07 2.52853e-08 7.61203e-09 3.19032e-09 1.94559e-09 1.75418e-09 2.31132e-09 4.29307e-09 1.06351e-08 3.28116e-08 1.16976e-07 4.47168e-07 1.71069e-06 6.17516e-06 2.00892e-05 5.70191e-05 0.000138212 0.000281729 0.0004757 0.000655622 0.000733599 0.000676118 0.000530432 0.000367869 0.000232183 0.000135259 7.26079e-05 3.52534e-05 1.48093e-05 4.84512e-06 8.79379e-07 0 
0 0.000213645 0.000415057 0.000248351 6.64206e-05 1.00142e-05 1.01579e-06 8.16795e-08 6.16221e-09 5.1648e-10 5.63374e-11 9.16147e-12 2.46358e-12 1.16879e-12 1.00109e-12 1.52065e-12 3.88092e-12 1.5319e-11 8.44362e-11 5.81186e-10 4.46769e-09 3.4588e-08 2.46806e-07 1.51435e-06 7.61444e-06 3.05258e-05 9.64747e-05 0.000239345 0.000462515 0.000687523 0.000785172 0.000708289 0.000531121 0.000348267 0.000206301 0.000111487 5.4266e-05 2.28164e-05 7.46702e-06 1.35538e-06 0 
0 0.000236467 0.000326591 0.000114644 1.5432e-05 1.01579e-06 4.00476e-08 1.1695e-09 3.17545e-11 1.00882e-12 4.65212e-14 3.7471e-15 6.07167e-16 2.16232e-16 1.74651e-16 3.1209e-16 1.14483e-15 7.68944e-15 8.2154e-14 1.19753e-12 2.04285e-11 3.53754e-10 5.50213e-09 6.9785e-08 6.74418e-07 4.77732e-06 2.44936e-05 9.14258e-05 0.000250971 0.000506387 0.0007444 0.000805721 0.000674693 0.000468186 0.000284453 0.000155296 7.58764e-05 3.19449e-05 1.04591e-05 1.89876e-06 0 
0 0.000237515 0.000227822 4.60835e-05 3.01037e-06 8.16795e-08 1.1695e-09 1.15454e-11 1.05053e-13 1.18255e-15 2.17109e-17 8.41525e-19 9.68938e-20 3.76057e-20 3.17426e-20 4.96469e-20 1.94262e-19 2.11648e-18 4.56759e-17 1.48569e-15 5.94364e-14 2.43476e-12 8.72011e-11 2.4089e-09 4.69584e-08 6.1315e-07 5.26813e-06 3.0099e-05 0.000117402 0.000319483 0.000607645 0.000806404 0.000773249 0.000577898 0.000363402 0.000201205 9.88219e-05 4.16808e-05 1.36549e-05 2.47942e-06 0 
0 0.00022419 0.000149762 1.75882e-05 5.55688e-07 6.16221e-09 3.17545e-11 1.05053e-13 3.17615e-16 1.26111e-18 1.26452e-20 1.34921e-21 4.76895e-22 3.06842e-22 2.8042e-22 3.29697e-22 6.02191e-22 1.96592e-21 2.61338e-20 1.67346e-18 1.57801e-16 1.53921e-14 1.2776e-12 7.73801e-11 3.06414e-09 7.42995e-08 1.07701e-06 9.44319e-06 5.19774e-05 0.000187486 0.000453665 0.000736629 0.000817745 0.000666255 0.000436899 0.000246171 0.000121703 5.14482e-05 1.68674e-05 3.06345e-06 0 
0 0.000204652 9.75426e-05 6.87421e-06 1.08978e-07 5.1648e-10 1.00882e-12 1.18255e-15 1.26111e-18 2.87538e-21 9.0498e-23 2.78629e-23 1.97779e-23 1.66705e-23 1.58232e-23 1.62344e-23 1.90021e-23 2.6224e-23 1.11913e-22 3.19642e-21 5.52911e-19 1.22567e-16 2.25853e-14 2.88133e-12 2.23657e-10 9.77186e-09 2.33213e-07 3.07611e-06 2.3434e-05 0.000109396 0.000327746 0.000638647 0.000817018 0.000728286 0.000500013 0.000287344 0.000143124 6.06612e-05 1.99048e-05 3.61608e-06 0 
0 0.000184894 6.55731e-05 2.94273e-06 2.52853e-08 5.63374e-11 4.65212e-14 2.17109e-17 1.26452e-20 9.04981e-23 5.58071e-24 2.14747e-24 1.98156e-24 1.94012e-24 1.88564e-24 1.78483e-24 1.64341e-24 1.54051e-24 3.29346e-24 3.97637e-23 4.07209e-21 1.65499e-18 6.186e-16 1.5285e-13 2.15627e-11 1.58959e-09 5.91258e-08 1.12242e-06 1.14169e-05 6.67776e-05 0.000239751 0.00054468 0.000789433 0.000765578 0.000549932 0.000322418 0.000161835 6.87763e-05 2.25875e-05 4.10457e-06 0 
0 0.000168322 4.70059e-05 1.46053e-06 7.61203e-09 9.16147e-12 3.7471e-15 8.41525e-19 1.34921e-21 2.78629e-23 2.14747e-24 4.68999e-25 3.21844e-25 3.17151e-25 3.0932e-25 2.78874e-25 2.28241e-25 1.90378e-25 3.81821e-25 3.5409e-24 1.60451e-22 5.00778e-20 3.25372e-17 1.37889e-14 3.1671e-12 3.57856e-10 1.91295e-08 4.89259e-07 6.30592e-06 4.42986e-05 0.000183615 0.000470248 0.000753099 0.000783973 0.000585973 0.000349818 0.000176833 7.53374e-05 2.47625e-05 4.50095e-06 0 
0 0.000156442 3.68109e-05 8.77683e-07 3.19032e-09 2.46358e-12 6.07167e-16 9.68938e-20 4.76895e-22 1.9778e-23 1.98156e-24 3.21845e-25 9.92063e-26 6.69339e-26 5.98093e-26 5.15633e-26 4.0899e-26 4.17099e-26 1.34875e-25 1.24139e-24 3.19418e-23 4.61871e-21 3.8727e-18 2.42092e-15 7.90181e-13 1.21479e-10 8.43617e-09 2.67611e-07 4.09314e-06 3.28111e-05 0.000150606 0.000419406 0.000720819 0.000790433 0.000608945 0.000368701 0.000187426 8.00092e-05 2.63153e-05 4.78418e-06 0 
0 0.000149692 3.19751e-05 6.56305e-07 1.94559e-09 1.16879e-12 2.16232e-16 3.76057e-20 3.06842e-22 1.66705e-23 1.94012e-24 3.17151e-25 6.6934e-26 2.27462e-26 1.39534e-26 1.08993e-26 9.80483e-27 1.84139e-26 9.06436e-26 7.88884e-25 1.52867e-23 1.42831e-21 1.15615e-18 8.99812e-16 3.58405e-13 6.56053e-11 5.2847e-09 1.89426e-07 3.19294e-06 2.75822e-05 0.000134075 0.000391204 0.000699615 0.00079068 0.000620262 0.000378817 0.000193242 8.25953e-05 2.71773e-05 4.94154e-06 0 
0 0.000148027 3.09932e-05 6.16921e-07 1.75418e-09 1.00109e-12 1.74651e-16 3.17426e-20 2.8042e-22 1.58232e-23 1.88564e-24 3.0932e-25 5.98094e-26 1.39534e-26 4.88547e-27 3.06364e-27 4.09885e-27 1.41663e-26 8.15614e-26 7.05421e-25 1.30668e-23 1.13461e-21 8.95725e-19 7.29213e-16 3.02669e-13 5.74436e-11 4.77193e-09 1.75437e-07 3.01713e-06 2.64666e-05 0.00013017 0.000383556 0.00069214 0.000788079 0.000621205 0.000380322 0.000194211 8.30421e-05 2.7328e-05 4.96917e-06 0 
0 0.000151225 3.34277e-05 7.24204e-07 2.31132e-09 1.52065e-12 3.1209e-16 4.96469e-20 3.29697e-22 1.62344e-23 1.78483e-24 2.78875e-25 5.15633e-26 1.08994e-26 3.06364e-27 1.81178e-27 3.43617e-27 1.44959e-26 8.89105e-26 8.40729e-25 1.83704e-23 2.05737e-21 1.74743e-18 1.25812e-15 4.66889e-13 8.03392e-11 6.1406e-09 2.10777e-07 3.4317e-06 2.88557e-05 0.000137409 0.000394731 0.000697996 0.000783397 0.00061252 0.000373634 0.000190531 8.14304e-05 2.67937e-05 4.87182e-06 0 
0 0.000158964 3.96919e-05 1.03924e-06 4.29307e-09 3.88092e-12 1.14483e-15 1.94262e-19 6.02192e-22 1.90021e-23 1.64342e-24 2.28241e-25 4.08991e-26 9.80484e-27 4.09885e-27 3.43617e-27 5.68909e-27 1.97743e-26 1.22895e-25 1.41722e-24 4.79524e-23 9.87626e-21 7.88762e-18 4.30306e-15 1.24224e-12 1.71547e-10 1.08754e-08 3.19991e-07 4.60796e-06 3.52446e-05 0.000156102 0.000423297 0.000714236 0.000775031 0.00059438 0.000359365 0.000182624 7.79581e-05 2.56414e-05 4.66176e-06 0 
0 0.000170743 5.10179e-05 1.76366e-06 1.06351e-08 1.5319e-11 7.68944e-15 2.11648e-18 1.96592e-21 2.62241e-23 1.54052e-24 1.90378e-25 4.17099e-26 1.84138e-26 1.41662e-26 1.44959e-26 1.97743e-26 4.90195e-26 2.87662e-25 4.61158e-24 3.16098e-22 1.29081e-19 7.21432e-17 2.61571e-14 5.22024e-12 5.21588e-10 2.51125e-08 5.89053e-07 7.08246e-06 4.71335e-05 0.000187588 0.000466895 0.000735046 0.000759484 0.00056662 0.000338318 0.000171097 7.29157e-05 2.39701e-05 4.3572e-06 0 
0 0.000185702 6.95016e-05 3.3972e-06 3.28116e-08 8.44362e-11 8.2154e-14 4.56759e-17 2.61338e-20 1.11913e-22 3.29346e-24 3.81821e-25 1.34875e-25 9.06434e-26 8.15612e-26 8.89104e-26 1.22895e-25 2.87662e-25 1.86777e-24 5.52773e-23 9.09791e-21 3.47368e-18 1.13382e-15 2.46802e-13 3.10417e-11 2.06828e-09 7.05401e-08 1.2457e-06 1.19523e-05 6.68345e-05 0.000232546 0.000519602 0.00075099 0.000732049 0.000529114 0.000311512 0.0001567 6.6658e-05 2.19003e-05 3.98026e-06 0 
0 0.000202419 9.80337e-05 7.10141e-06 1.16976e-07 5.81186e-10 1.19753e-12 1.48569e-15 1.67346e-18 3.19642e-21 3.97637e-23 3.5409e-24 1.24139e-24 7.88883e-25 7.0542e-25 8.40728e-25 1.41722e-24 4.61158e-24 5.52773e-23 3.65649e-21 6.90072e-19 1.45721e-16 2.55697e-14 3.11198e-12 2.30912e-10 9.66715e-09 2.21801e-07 2.82613e-06 2.09384e-05 9.59887e-05 0.00028663 0.000567539 0.000748412 0.00068776 0.000482162 0.000280193 0.000140268 5.95723e-05 1.95626e-05 3.55489e-06 0 
0 0.000218765 0.000139815 1.54041e-05 4.47168e-07 4.46769e-09 2.04285e-11 5.94364e-14 1.57801e-16 5.52911e-19 4.07209e-21 1.60451e-22 3.19418e-23 1.52867e-23 1.30668e-23 1.83703e-23 4.79524e-23 3.16098e-22 9.09791e-21 6.90072e-19 7.13764e-17 7.62963e-15 6.89727e-13 4.4951e-11 1.88332e-09 4.74171e-08 7.02306e-07 6.23931e-06 3.48698e-05 0.000129471 0.000330818 0.000583479 0.000710031 0.000622492 0.000426733 0.000245787 0.000122668 5.20484e-05 1.70873e-05 3.10486e-06 0 
0 0.000231975 0.000197091 3.32682e-05 1.71069e-06 3.4588e-08 3.53754e-10 2.43476e-12 1.53921e-14 1.22567e-16 1.65499e-18 5.00778e-20 4.61871e-21 1.42831e-21 1.13461e-21 2.05737e-21 9.87626e-21 1.29081e-19 3.47368e-18 1.45721e-16 7.62963e-15 4.08099e-13 1.87165e-11 6.38084e-10 1.45677e-08 2.09937e-07 1.89636e-06 1.11994e-05 4.62471e-05 0.000140786 0.000319358 0.000526314 0.000618293 0.000534104 0.000364518 0.000209812 0.000104735 4.44498e-05 1.45946e-05 2.65207e-06 0 
0 0.000239005 0.000268948 6.9028e-05 6.17516e-06 2.46806e-07 5.50213e-09 8.72011e-11 1.2776e-12 2.25853e-14 6.186e-16 3.25372e-17 3.8727e-18 1.15615e-18 8.95725e-19 1.74743e-18 7.88762e-18 7.21432e-17 1.13382e-15 2.55697e-14 6.89727e-13 1.87165e-11 4.36533e-10 7.62398e-09 8.92165e-08 6.57153e-07 3.11856e-06 1.07859e-05 3.18466e-05 8.64036e-05 0.000202815 0.000364843 0.000464791 0.000423891 0.000297901 0.000173786 8.72247e-05 3.70931e-05 1.21876e-05 2.2152e-06 0 
0 0.000237216 0.000348743 0.000133641 2.00892e-05 1.51435e-06 6.9785e-08 2.4089e-09 7.73801e-11 2.88133e-12 1.5285e-13 1.37889e-14 2.42092e-15 8.99812e-16 7.29213e-16 1.25812e-15 4.30306e-15 2.61571e-14 2.46802e-13 3.11198e-12 4.4951e-11 6.38084e-10 7.62398e-09 6.50313e-08 3.33966e-07 9.20487e-07 1.4813e-06 2.04532e-06 3.96736e-06 1.27681e-05 4.97954e-05 0.000149364 0.000270788 0.000299608 0.000230177 0.000139187 7.07795e-05 3.02335e-05 9.948e-06 1.80893e-06 0 
0 0.000225195 0.000422865 0.000235807 5.70191e-05 7.61444e-06 6.74418e-07 4.69584e-08 3.06414e-09 2.23657e-10 2.15627e-11 3.1671e-12 7.90181e-13 3.58405e-13 3.02669e-13 4.66889e-13 1.24224e-12 5.22024e-12 3.10417e-11 2.30912e-10 1.88332e-09 1.45677e-08 8.92165e-08 3.33966e-07 5.33533e-07 2.64834e-07 4.86659e-08 9.8787e-09 9.9121e-09 7.88387e-08 1.67496e-06 2.26715e-05 0.000103657 0.000179669 0.000166106 0.000107487 5.59188e-05 2.40588e-05 7.93368e-06 1.44359e-06 0 
0 0.000203396 0.000473219 0.000371774 0.000138212 3.05258e-05 4.77732e-06 6.1315e-07 7.42995e-08 9.77186e-09 1.58959e-09 3.57856e-10 1.21479e-10 6.56053e-11 5.74436e-11 8.03392e-11 1.71547e-10 5.21588e-10 2.06828e-09 9.66715e-09 4.74171e-08 2.09937e-07 6.57153e-07 9.20487e-07 2.64834e-07 6.79721e-09 1.9935e-11 8.52699e-14 2.47774e-14 2.20296e-12 2.20584e-09 7.69149e-07 2.25912e-05 8.89843e-05 0.000111755 8.01116e-05 4.30253e-05 1.86873e-05 6.17923e-06 1.12523e-06 0 
0 0.00017422 0.000484291 0.000514708 0.000281729 9.64747e-05 2.44936e-05 5.26813e-06 1.07701e-06 2.33213e-07 5.91258e-08 1.91295e-08 8.43617e-09 5.2847e-09 4.77193e-09 6.1406e-09 1.08754e-08 2.51125e-08 7.05401e-08 2.21801e-07 7.02306e-07 1.89636e-06 3.11856e-06 1.4813e-06 4.86659e-08 1.9935e-11 2.55943e-16 2.65744e-15 1.61649e-15 2.81073e-15 1.4626e-13 7.19413e-09 3.20915e-06 3.892e-05 7.19605e-05 5.81163e-05 3.23082e-05 1.41687e-05 4.69753e-06 8.56029e-07 0 
0 0.000141394 0.000451484 0.000617329 0.0004757 0.000239345 9.14258e-05 3.0099e-05 9.44319e-06 3.07611e-06 1.12242e-06 4.89259e-07 2.67611e-07 1.89426e-07 1.75437e-07 2.10777e-07 3.19991e-07 5.89053e-07 1.2457e-06 2.82613e-06 6.23931e-06 1.11994e-05 1.07859e-05 2.04532e-06 9.8787e-09 8.52699e-14 2.65744e-15 4.75809e-16 2.63048e-16 2.67869e-16 2.42873e-15 1.06096e-10 5.70677e-07 1.85259e-05 4.7103e-05 4.16901e-05 2.37581e-05 1.04873e-05 3.48292e-06 6.34973e-07 0 
0 0.000108855 0.000384245 0.000638076 0.000655622 0.000462515 0.000250971 0.000117402 5.19774e-05 2.3434e-05 1.14169e-05 6.30592e-06 4.09314e-06 3.19294e-06 3.01713e-06 3.4317e-06 4.60796e-06 7.08246e-06 1.19523e-05 2.09384e-05 3.48698e-05 4.62471e-05 3.18466e-05 3.96736e-06 9.9121e-09 2.47774e-14 1.61649e-15 2.63048e-16 2.81142e-16 1.41336e-15 3.63709e-14 2.98643e-11 3.00586e-07 1.23021e-05 3.34054e-05 3.00133e-05 1.71522e-05 7.57446e-06 2.5156e-06 4.58614e-07 0 
0 7.97003e-05 0.000300777 0.000572384 0.000733599 0.000687523 0.000506387 0.000319483 0.000187486 0.000109396 6.67776e-05 4.42986e-05 3.28111e-05 2.75822e-05 2.64666e-05 2.88557e-05 3.52446e-05 4.71335e-05 6.68345e-05 9.59887e-05 0.000129471 0.000140786 8.64036e-05 1.27681e-05 7.88387e-08 2.20296e-12 2.81073e-15 2.67869e-16 1.41336e-15 2.04322e-16 5.23059e-16 3.49379e-10 6.04212e-07 1.21928e-05 2.60413e-05 2.17201e-05 1.21436e-05 5.32901e-06 1.76671e-06 3.21925e-07 0 
0 5.56523e-05 0.000218784 0.000453806 0.000676118 0.000785172 0.0007444 0.000607645 0.000453665 0.000327746 0.000239751 0.000183615 0.000150606 0.000134075 0.00013017 0.000137409 0.000156102 0.000187588 0.000232546 0.00028663 0.000330818 0.000319358 0.000202815 4.97954e-05 1.67496e-06 2.20584e-09 1.4626e-13 2.42873e-15 3.63709e-14 5.23059e-16 7.85539e-12 2.52668e-08 2.43215e-06 1.49433e-05 2.11928e-05 1.55663e-05 8.38415e-06 3.64024e-06 1.20323e-06 2.19066e-07 0 
0 3.71255e-05 0.000149335 0.000325337 0.000530432 0.000708289 0.000805721 0.000806404 0.000736629 0.000638647 0.00054468 0.000470248 0.000419406 0.000391204 0.000383556 0.000394731 0.000423297 0.000466895 0.000519602 0.000567539 0.000583479 0.000526314 0.000364843 0.000149364 2.26715e-05 7.69149e-07 7.19413e-09 1.06096e-10 2.98643e-11 3.49379e-10 2.52668e-08 1.0131e-06 8.2234e-06 1.73419e-05 1.66874e-05 1.08035e-05 5.59861e-06 2.40331e-06 7.91769e-07 1.44018e-07 0 
0 2.36503e-05 9.62658e-05 0.000215108 0.000367869 0.000531121 0.000674693 0.000773249 0.000817745 0.000817018 0.000789433 0.000753099 0.000720819 0.000699615 0.00069214 0.000697996 0.000714236 0.000735046 0.00075099 0.000748412 0.000710031 0.000618293 0.000464791 0.000270788 0.000103657 2.25912e-05 3.20915e-06 5.70677e-07 3.00586e-07 6.04212e-07 2.43215e-06 8.2234e-06 1.53392e-05 1.6375e-05 1.20821e-05 7.13023e-06 3.58557e-06 1.52486e-06 5.00952e-07 9.10445e-08 0 
0 1.43363e-05 5.86858e-05 0.000132716 0.000232183 0.000348267 0.000468186 0.000577898 0.000666255 0.000728286 0.000765578 0.000783973 0.000790433 0.00079068 0.000788079 0.000783397 0.000775031 0.000759484 0.000732049 0.00068776 0.000622492 0.000534104 0.000423891 0.000299608 0.000179669 8.89843e-05 3.892e-05 1.85259e-05 1.23021e-05 1.21928e-05 1.49433e-05 1.73419e-05 1.6375e-05 1.24211e-05 7.92744e-06 4.4288e-06 2.18488e-06 9.23318e-07 3.02721e-07 5.49831e-08 0 
0 8.20548e-06 3.36746e-05 7.65551e-05 0.000135259 0.000206301 0.000284453 0.000363402 0.000436899 0.000500013 0.000549932 0.000585973 0.000608945 0.000620262 0.000621205 0.00061252 0.00059438 0.00056662 0.000529114 0.000482162 0.000426733 0.000364518 0.000297901 0.000230177 0.000166106 0.000111755 7.19605e-05 4.7103e-05 3.34054e-05 2.60413e-05 2.11928e-05 1.66874e-05 1.20821e-05 7.92744e-06 4.73059e-06 2.57077e-06 1.2551e-06 5.28444e-07 1.73041e-07 3.14166e-08 0 
0 4.37317e-06 1.79662e-05 4.09321e-05 7.26079e-05 0.000111487 0.000155296 0.000201205 0.000246171 0.000287344 0.000322418 0.000349818 0.000368701 0.000378817 0.000380322 0.000373634 0.000359365 0.000338318 0.000311512 0.000280193 0.000245787 0.000209812 0.000173786 0.000139187 0.000107487 8.01116e-05 5.81163e-05 4.16901e-05 3.00133e-05 2.17201e-05 1.55663e-05 1.08035e-05 7.13023e-06 4.4288e-06 2.57077e-06 1.37991e-06 6.7032e-07 2.81693e-07 9.21784e-08 1.67316e-08 0 
0 2.11743e-06 8.70275e-06 1.98438e-05 3.52534e-05 5.4266e-05 7.58764e-05 9.88219e-05 0.000121703 0.000143124 0.000161835 0.000176833 0.000187426 0.000193242 0.000194211 0.000190531 0.000182624 0.000171097 0.0001567 0.000140268 0.000122668 0.000104735 8.72247e-05 7.07795e-05 5.59188e-05 4.30253e-05 3.23082e-05 2.37581e-05 1.71522e-05 1.21436e-05 8.38415e-06 5.59861e-06 3.58557e-06 2.18488e-06 1.2551e-06 6.7032e-07 3.24907e-07 1.36416e-07 4.46242e-08 8.09888e-09 0 
0 8.88592e-07 3.65275e-06 8.3315e-06 1.48093e-05 2.28164e-05 3.19449e-05 4.16808e-05 5.14482e-05 6.06612e-05 6.87763e-05 7.53374e-05 8.00092e-05 8.25953e-05 8.30421e-05 8.14304e-05 7.79581e-05 7.29157e-05 6.6658e-05 5.95723e-05 5.20484e-05 4.44498e-05 3.70931e-05 3.02335e-05 2.40588e-05 1.86873e-05 1.41687e-05 1.04873e-05 7.57446e-06 5.32901e-06 3.64024e-06 2.40331e-06 1.52486e-06 9.23318e-07 5.28444e-07 2.81693e-07 1.36416e-07 5.72538e-08 1.87258e-08 3.39836e-09 0 
0 2.90613e-07 1.1947e-06 2.72528e-06 4.84512e-06 7.46702e-06 1.04591e-05 1.36549e-05 1.68674e-05 1.99048e-05 2.25875e-05 2.47625e-05 2.63153e-05 2.71773e-05 2.7328e-05 2.67937e-05 2.56414e-05 2.39701e-05 2.19003e-05 1.95626e-05 1.70873e-05 1.45946e-05 1.21876e-05 9.948e-06 7.93368e-06 6.17923e-06 4.69753e-06 3.48292e-06 2.5156e-06 1.76671e-06 1.20323e-06 7.91769e-07 5.00952e-07 3.02721e-07 1.73041e-07 9.21784e-08 4.46242e-08 1.87258e-08 6.12419e-09 1.11139e-09 0 
0 5.27391e-08 2.16813e-07 4.946e-07 8.79379e-07 1.35538e-06 1.89876e-06 2.47942e-06 3.06345e-06 3.61608e-06 4.10457e-06 4.50095e-06 4.78418e-06 4.94154e-06 4.96917e-06 4.87182e-06 4.66176e-06 4.3572e-06 3.98026e-06 3.55489e-06 3.10486e-06 2.65207e-06 2.2152e-06 1.80893e-06 1.44359e-06 1.12523e-06 8.56029e-07 6.34973e-07 4.58614e-07 3.21925e-07 2.19066e-07 1.44018e-07 9.10445e-08 5.49831e-08 3.14166e-08 1.67316e-08 8.09888e-09 3.39836e-09 1.11139e-09 2.01686e-10 0 
0 0 0 0 0 0 0 0 0 0 0 0 0 0 0 0 0 0 0 0 0 0 0 0 0 0 0 0 0 0 0 0 0 0 0 0 0 0 0 0 0 
