0 0 0 0 0 0 0 0 0 0 0 0 0 0 0 0 0 0 0 0 0 0 0 0 0 0 0 0 0 0 0 0 0 0 0 0 0 0 0 0 0 
0 1.31498e-05 5.10625e-05 0.000105171 0.000159603 0.000198574 0.000214986 0.000211702 0.000196468 0.000176835 0.000157953 0.000142547 0.000131693 0.000125602 0.000124141 0.000127086 0.000134184 0.000145066 0.00015908 0.000175078 0.000191267 0.000205215 0.000214127 0.000215418 0.000207447 0.000190157 0.000165293 0.000136012 0.000105976 7.83389e-05 5.50832e-05 3.69148e-05 2.3581e-05 1.4316e-05 8.2002e-06 4.37195e-06 2.11719e-06 8.88552e-07 2.90608e-07 5.27388e-08 0 
0 5.10625e-05 0.000182934 0.000323443 0.000386586 0.000351286 0.000264774 0.000178153 0.000113601 7.2086e-05 4.7403e-05 3.33878e-05 2.58216e-05 2.22752e-05 2.1567e-05 2.33646e-05 2.80052e-05 3.64867e-05 5.05398e-05 7.26386e-05 0.000105704 0.000152183 0.00021232 0.000281936 0.000350894 0.000404131 0.000426526 0.000410174 0.000359238 0.00028798 0.000213211 0.000147247 9.55845e-05 5.84904e-05 3.36251e-05 1.79552e-05 8.70063e-06 3.65241e-06 1.19466e-06 2.1681e-07 0 
0 0.000105171 0.000323443 0.000430575 0.000339929 0.000186797 8.12719e-05 3.09535e-05 1.12215e-05 4.179e-06 1.71373e-06 8.21213e-07 4.81207e-07 3.54817e-07 3.32718e-07 3.94022e-07 5.76162e-07 1.00461e-06 2.00033e-06 4.33845e-06 9.77769e-06 2.19263e-05 4.71464e-05 9.43951e-05 0.000172141 0.000281149 0.000405426 0.00050967 0.000553817 0.000520519 0.00042844 0.00031524 0.000211743 0.000131756 7.63164e-05 4.08803e-05 1.98341e-05 8.33e-06 2.7251e-06 4.94588e-07 0 
0 0.000159603 0.000386586 0.000339929 0.000154374 4.4576e-05 9.51567e-06 1.70149e-06 2.87776e-07 5.19301e-08 1.11902e-08 3.17179e-09 1.27313e-09 7.57924e-10 6.80438e-10 9.09948e-10 1.74511e-09 4.52774e-09 1.47877e-08 5.61925e-08 2.29637e-07 9.38434e-07 3.60411e-06 1.23946e-05 3.69173e-05 9.33879e-05 0.000198579 0.000352159 0.000515459 0.000616832 0.000605296 0.000498298 0.000356438 0.000228846 0.000134433 7.24316e-05 3.52211e-05 1.48044e-05 4.84456e-06 8.79344e-07 0 
0 0.000198574 0.000351286 0.000186797 4.4576e-05 5.98662e-06 5.35839e-07 3.77349e-08 2.49131e-09 1.84021e-10 1.79476e-11 2.66433e-12 6.71031e-13 3.06897e-13 2.61129e-13 4.05657e-13 1.08671e-12 4.60051e-12 2.76399e-11 2.09588e-10 1.78398e-09 1.52911e-08 1.20219e-07 8.05519e-07 4.37036e-06 1.86566e-05 6.21015e-05 0.000161713 0.000330686 0.000528426 0.000654736 0.000635449 0.000501927 0.00033926 0.000204035 0.000111006 5.41793e-05 2.28035e-05 7.46558e-06 1.35529e-06 0 
0 0.000214986 0.000264774 8.12719e-05 9.51567e-06 5.35839e-07 1.77511e-08 4.3098e-10 9.72487e-12 2.59344e-13 1.02388e-14 7.26088e-16 1.07264e-16 3.6268e-17 2.90208e-17 5.35197e-17 2.10283e-16 1.55861e-15 1.87812e-14 3.13182e-13 6.15467e-12 1.22823e-10 2.18919e-09 3.14772e-08 3.39704e-07 2.63881e-06 1.45568e-05 5.75764e-05 0.000166793 0.000359443 0.000575592 0.000682912 0.000616313 0.000448477 0.000279307 0.000154196 7.56797e-05 3.1916e-05 1.04559e-05 1.89857e-06 0 
0 0.000211702 0.000178153 3.09535e-05 1.70149e-06 3.77349e-08 4.3098e-10 3.34887e-12 2.3974e-14 2.14927e-16 3.24578e-18 1.45607e-19 4.91493e-20 4.00848e-20 3.80979e-20 3.96457e-20 5.68787e-20 3.13247e-19 7.14052e-18 2.76494e-16 1.32998e-14 6.55065e-13 2.80149e-11 9.12257e-10 2.05909e-08 3.04602e-07 2.89396e-06 1.78541e-05 7.39548e-05 0.000213712 0.000439926 0.000644425 0.000678718 0.000541922 0.000353462 0.000199039 9.84345e-05 4.16244e-05 1.36488e-05 2.47906e-06 0 
0 0.000196468 0.000113601 1.12215e-05 2.87776e-07 2.49131e-09 9.72487e-12 2.3974e-14 5.39276e-17 1.72601e-19 5.74747e-21 2.02698e-21 1.73573e-21 1.95185e-21 1.95915e-21 1.71722e-21 1.46235e-21 2.11354e-21 7.09692e-21 2.28758e-19 2.62233e-17 3.21133e-15 3.31638e-13 2.46062e-11 1.16897e-09 3.31634e-08 5.46833e-07 5.29635e-06 3.13799e-05 0.000120294 0.000312512 0.00055866 0.000689031 0.000610045 0.000420228 0.000242432 0.00012103 5.13507e-05 1.68569e-05 3.06284e-06 0 
0 0.000176835 7.2086e-05 4.179e-06 5.19301e-08 1.84021e-10 2.59344e-13 2.14927e-16 1.72601e-19 1.35004e-21 2.58647e-22 1.87716e-22 2.10631e-22 2.58727e-22 2.64979e-22 2.20797e-22 1.6366e-22 1.52309e-22 1.7914e-22 8.99381e-22 7.21013e-20 2.01226e-17 4.79855e-15 7.77522e-13 7.48308e-11 3.94048e-09 1.09834e-07 1.63665e-06 1.36419e-05 6.81136e-05 0.000218078 0.000464773 0.000663343 0.000651077 0.000475266 0.000281598 0.000142078 6.05098e-05 1.98886e-05 3.61514e-06 0 
0 0.000157953 4.7403e-05 1.71373e-06 1.11902e-08 1.79476e-11 1.02388e-14 3.24578e-18 5.74747e-21 2.58647e-22 5.3704e-23 3.75479e-23 4.30497e-23 5.25507e-23 5.38919e-23 4.47926e-23 3.22844e-23 2.44193e-23 1.99361e-23 4.77161e-23 8.7225e-22 2.22819e-19 1.102e-16 3.57142e-14 6.42919e-12 5.86106e-10 2.60478e-08 5.69779e-07 6.44165e-06 4.06549e-05 0.00015586 0.000384789 0.000621823 0.000669832 0.00051683 0.00031445 0.000160365 6.8563e-05 2.25647e-05 4.10326e-06 0 
0 0.000142547 3.33878e-05 8.21213e-07 3.17179e-09 2.66433e-12 7.26088e-16 1.45607e-19 2.02698e-21 1.87716e-22 3.75479e-23 1.48594e-23 1.2112e-23 1.32186e-23 1.32375e-23 1.1047e-23 7.96733e-24 5.62973e-24 4.75258e-24 1.17456e-23 1.1196e-22 7.33013e-21 5.02929e-18 2.86948e-15 8.60846e-13 1.22781e-10 7.98524e-09 2.39075e-07 3.4699e-06 2.65288e-05 0.000117588 0.000325734 0.000580124 0.000674136 0.000545419 0.000339731 0.000174948 7.50629e-05 2.47332e-05 4.49928e-06 0 
0 0.000131693 2.58216e-05 4.81207e-07 1.27313e-09 6.71031e-13 1.07264e-16 4.91493e-20 1.73573e-21 2.10631e-22 4.30497e-23 1.2112e-23 5.45835e-24 4.1536e-24 3.71809e-24 3.0477e-24 2.22769e-24 1.66307e-24 1.96962e-24 6.43423e-24 4.89301e-23 1.31119e-21 5.45451e-19 4.64339e-16 2.01283e-13 3.96311e-11 3.39118e-09 1.27328e-07 2.21364e-06 1.94408e-05 9.56172e-05 0.000287187 0.000547341 0.000671515 0.000562805 0.000356927 0.000185201 7.96842e-05 2.62806e-05 4.7822e-06 0 
0 0.000125602 2.22752e-05 3.54817e-07 7.57924e-10 3.06897e-13 3.6268e-17 4.00848e-20 1.95185e-21 2.58727e-22 5.25507e-23 1.32186e-23 4.1536e-24 1.899e-24 1.25691e-24 9.38504e-25 7.07036e-25 6.69176e-25 1.31059e-24 5.23453e-24 3.62806e-23 6.76362e-22 1.5769e-19 1.65244e-16 8.82237e-14 2.08465e-11 2.0834e-09 8.89227e-08 1.71245e-06 1.62682e-05 8.48481e-05 0.000266587 0.000527542 0.000667408 0.000570992 0.000366041 0.00019081 8.22391e-05 2.71392e-05 4.93936e-06 0 
0 0.000124141 2.1567e-05 3.32718e-07 6.80438e-10 2.61129e-13 2.90208e-17 3.80979e-20 1.95915e-21 2.64979e-22 5.38919e-23 1.32375e-23 3.71809e-24 1.25691e-24 5.71541e-25 3.49141e-25 2.81333e-25 3.97715e-25 1.13038e-24 4.91356e-24 3.36004e-23 5.89474e-22 1.22376e-19 1.33371e-16 7.43084e-14 1.82265e-11 1.88039e-09 8.23919e-08 1.62017e-06 1.56389e-05 8.25312e-05 0.00026165 0.000521815 0.000664687 0.000571478 0.000367363 0.000191738 8.26793e-05 2.72892e-05 4.96695e-06 0 
0 0.000127086 2.33646e-05 3.94022e-07 9.09948e-10 4.05657e-13 5.35197e-17 3.96457e-20 1.71722e-21 2.20797e-22 4.47926e-23 1.1047e-23 3.0477e-24 9.38504e-25 3.49141e-25 1.82006e-25 1.67436e-25 3.29513e-25 1.09651e-24 5.01331e-24 3.71574e-23 7.9946e-22 2.43768e-19 2.38067e-16 1.17877e-13 2.60769e-11 2.46403e-09 1.00405e-07 1.86297e-06 1.71938e-05 8.77307e-05 0.000271078 0.000529551 0.000663815 0.000564927 0.000361303 0.000188182 8.10858e-05 2.67568e-05 4.86971e-06 0 
0 0.000134184 2.80052e-05 5.76162e-07 1.74511e-09 1.08671e-12 2.10283e-16 5.68787e-20 1.46235e-21 1.6366e-22 3.22844e-23 7.96733e-24 2.22769e-24 7.07036e-25 2.81333e-25 1.67436e-25 1.78695e-25 3.66245e-25 1.22177e-24 5.94411e-24 5.35781e-23 2.03446e-21 1.17746e-18 8.71909e-16 3.31643e-13 5.82398e-11 4.52122e-09 1.56624e-07 2.55251e-06 2.1317e-05 0.000100911 0.000294385 0.000548769 0.000663123 0.000551188 0.000348342 0.000180536 7.7652e-05 2.56086e-05 4.65988e-06 0 
0 0.000145066 3.64867e-05 1.00461e-06 4.52774e-09 4.60051e-12 1.55861e-15 3.13247e-19 2.11354e-21 1.52309e-22 2.44193e-23 5.62973e-24 1.66307e-24 6.69175e-25 3.97715e-25 3.29513e-25 3.66245e-25 6.21146e-25 1.84138e-24 1.0272e-23 1.47277e-22 1.75857e-20 1.20841e-17 5.84264e-15 1.50931e-12 1.88825e-10 1.09826e-08 2.9976e-07 4.03879e-06 2.91369e-05 0.000123558 0.000331051 0.000575608 0.000659082 0.000529549 0.00032906 0.000169358 7.2661e-05 2.39428e-05 4.35563e-06 0 
0 0.00015908 5.05398e-05 2.00033e-06 1.47877e-08 2.76399e-11 1.87812e-14 7.14052e-18 7.09692e-21 1.7914e-22 1.99361e-23 4.75258e-24 1.96962e-24 1.31059e-24 1.13038e-24 1.09651e-24 1.22177e-24 1.84138e-24 4.82716e-24 3.47793e-23 1.45375e-21 5.07526e-19 2.19446e-16 6.2167e-14 9.90761e-12 8.1121e-10 3.28786e-08 6.66078e-07 7.07801e-06 4.2558e-05 0.000157305 0.000378602 0.00060313 0.000646625 0.000499156 0.000304209 0.000155339 6.64588e-05 2.18788e-05 3.97902e-06 0 
0 0.000175078 7.26386e-05 4.33845e-06 5.61925e-08 2.09588e-10 3.13182e-13 2.76494e-16 2.28758e-19 8.99381e-22 4.77161e-23 1.17456e-23 6.43423e-24 5.23453e-24 4.91356e-24 5.01331e-24 5.94411e-24 1.0272e-23 3.47793e-23 6.27155e-22 9.45435e-20 2.57005e-17 5.8226e-15 8.98299e-13 8.25107e-11 4.15832e-09 1.11361e-07 1.60302e-06 1.2994e-05 6.356e-05 0.000201119 0.000428687 0.000619729 0.000619716 0.000459457 0.000274777 0.000139265 5.94254e-05 1.95467e-05 3.55396e-06 0 
0 0.000191267 0.000105704 9.77769e-06 2.29637e-07 1.78398e-09 6.15467e-12 1.32998e-14 2.62233e-17 7.21013e-20 8.7225e-22 1.1196e-22 4.89301e-23 3.62806e-23 3.36004e-23 3.71574e-23 5.35781e-23 1.47277e-22 1.45375e-21 9.45435e-20 1.21899e-17 1.64722e-15 1.86626e-13 1.50103e-11 7.60035e-10 2.25522e-08 3.82798e-07 3.78444e-06 2.28865e-05 9.01213e-05 0.000243439 0.000460451 0.000608054 0.00057233 0.000410596 0.000241988 0.000121965 5.1945e-05 1.70761e-05 3.1042e-06 0 
0 0.000205215 0.000152183 2.19263e-05 9.38434e-07 1.52911e-08 1.22823e-10 6.55065e-13 3.21133e-15 2.01226e-17 2.22819e-19 7.33013e-21 1.31119e-21 6.76362e-22 5.89474e-22 7.9946e-22 2.03446e-21 1.75857e-20 5.07526e-19 2.57005e-17 1.64722e-15 1.07987e-13 6.03143e-12 2.47174e-10 6.65842e-09 1.10675e-07 1.12449e-06 7.2835e-06 3.22568e-05 0.000103751 0.000248107 0.000435051 0.000546904 0.000499983 0.000353643 0.000207249 0.000104258 4.43792e-05 1.45868e-05 2.65161e-06 0 
0 0.000214127 0.00021232 4.71464e-05 3.60411e-06 1.20219e-07 2.18919e-09 2.80149e-11 3.31638e-13 4.79855e-15 1.102e-16 5.02929e-18 5.45451e-19 1.5769e-19 1.22376e-19 2.43768e-19 1.17746e-18 1.20841e-17 2.19446e-16 5.8226e-15 1.86626e-13 6.03143e-12 1.66729e-10 3.41144e-09 4.5945e-08 3.80831e-07 1.98603e-06 7.39838e-06 2.32229e-05 6.65401e-05 0.000164674 0.000313057 0.000421471 0.000402092 0.000290727 0.000172064 8.6901e-05 3.70447e-05 1.21823e-05 2.21489e-06 0 
0 0.000215418 0.000281936 9.43951e-05 1.23946e-05 8.05519e-07 3.14772e-08 9.12257e-10 2.46062e-11 7.77522e-13 3.57142e-14 2.86948e-15 4.64339e-16 1.65244e-16 1.33371e-16 2.38067e-16 8.71909e-16 5.84264e-15 6.2167e-14 8.98299e-13 1.50103e-11 2.47174e-10 3.41144e-09 3.31999e-08 1.90347e-07 5.68657e-07 9.63455e-07 1.38093e-06 2.80471e-06 9.62959e-06 4.03792e-05 0.000129446 0.000248013 0.000285927 0.000225286 0.000137975 7.05494e-05 3.01991e-05 9.9442e-06 1.80871e-06 0 
0 0.000207447 0.000350894 0.000172141 3.69173e-05 4.37036e-06 3.39704e-07 2.05909e-08 1.16897e-09 7.48308e-11 6.42919e-12 8.60846e-13 2.01283e-13 8.82237e-14 7.43084e-14 1.17877e-13 3.31643e-13 1.50931e-12 9.90761e-12 8.25107e-11 7.60035e-10 6.65842e-09 4.5945e-08 1.90347e-07 3.24453e-07 1.62652e-07 2.86596e-08 5.53913e-09 5.64347e-09 5.00001e-08 1.22881e-06 1.88482e-05 9.3741e-05 0.000170957 0.000162512 0.000106561 5.57429e-05 2.40327e-05 7.93084e-06 1.44343e-06 0 
0 0.000190157 0.000404131 0.000281149 9.33879e-05 1.86566e-05 2.63881e-06 3.04602e-07 3.31634e-08 3.94048e-09 5.86106e-10 1.22781e-10 3.96311e-11 2.08465e-11 1.82265e-11 2.60769e-11 5.82398e-11 1.88825e-10 8.1121e-10 4.15832e-09 2.25522e-08 1.10675e-07 3.80831e-07 5.68657e-07 1.62652e-07 3.71558e-09 8.76241e-12 2.70261e-14 7.41919e-15 9.07719e-13 1.26119e-09 5.69876e-07 1.96028e-05 8.3613e-05 0.000108966 7.93575e-05 4.28831e-05 1.86667e-05 6.17703e-06 1.1251e-06 0 
0 0.000165293 0.000426526 0.000405426 0.000198579 6.21015e-05 1.45568e-05 2.89396e-06 5.46833e-07 1.09834e-07 2.60478e-08 7.98524e-09 3.39118e-09 2.0834e-09 1.88039e-09 2.46403e-09 4.52122e-09 1.09826e-08 3.28786e-08 1.11361e-07 3.82798e-07 1.12449e-06 1.98603e-06 9.63455e-07 2.86596e-08 8.76241e-12 5.60577e-16 2.14206e-15 1.7979e-15 1.51755e-14 5.6167e-14 4.4566e-09 2.61127e-06 3.58825e-05 6.98156e-05 5.75008e-05 3.21932e-05 1.41524e-05 4.69583e-06 8.55934e-07 0 
0 0.000136012 0.000410174 0.00050967 0.000352159 0.000161713 5.75764e-05 1.78541e-05 5.29635e-06 1.63665e-06 5.69779e-07 2.39075e-07 1.27328e-07 8.89227e-08 8.23919e-08 1.00405e-07 1.56624e-07 2.9976e-07 6.66078e-07 1.60302e-06 3.78444e-06 7.2835e-06 7.39838e-06 1.38093e-06 5.53913e-09 2.70261e-14 2.14206e-15 8.64777e-16 1.3659e-15 5.6549e-15 6.78164e-14 5.54093e-11 4.38046e-07 1.68045e-05 4.55233e-05 4.12163e-05 2.36706e-05 1.04751e-05 3.48167e-06 6.34904e-07 0 
0 0.000105976 0.000359238 0.000553817 0.000515459 0.000330686 0.000166793 7.39548e-05 3.13799e-05 1.36419e-05 6.44165e-06 3.4699e-06 2.21364e-06 1.71245e-06 1.62017e-06 1.86297e-06 2.55251e-06 4.03879e-06 7.07801e-06 1.2994e-05 2.28865e-05 3.22568e-05 2.32229e-05 2.80471e-06 5.64347e-09 7.41919e-15 1.7979e-15 1.3659e-15 3.98084e-15 1.62015e-14 2.19946e-13 1.46771e-11 2.27835e-07 1.11341e-05 3.22913e-05 2.96824e-05 1.7092e-05 7.56621e-06 2.51476e-06 4.58568e-07 0 
0 7.83389e-05 0.00028798 0.000520519 0.000616832 0.000528426 0.000359443 0.000213712 0.000120294 6.81136e-05 4.06549e-05 2.65288e-05 1.94408e-05 1.62682e-05 1.56389e-05 1.71938e-05 2.1317e-05 2.91369e-05 4.2558e-05 6.356e-05 9.01213e-05 0.000103751 6.65401e-05 9.62959e-06 5.00001e-08 9.07719e-13 1.51755e-14 5.6549e-15 1.62015e-14 3.29786e-15 2.46261e-15 1.98688e-10 4.79472e-07 1.12061e-05 2.5301e-05 2.1516e-05 1.21073e-05 5.32405e-06 1.7662e-06 3.21897e-07 0 
0 5.50832e-05 0.000213211 0.00042844 0.000605296 0.000654736 0.000575592 0.000439926 0.000312512 0.000218078 0.00015586 0.000117588 9.56172e-05 8.48481e-05 8.25312e-05 8.77307e-05 0.000100911 0.000123558 0.000157305 0.000201119 0.000243439 0.000248107 0.000164674 4.03792e-05 1.22881e-06 1.26119e-09 5.6167e-14 6.78164e-14 2.19946e-13 2.46261e-15 3.84173e-12 1.7549e-08 2.08162e-06 1.40853e-05 2.07555e-05 1.54578e-05 8.36519e-06 3.63764e-06 1.20296e-06 2.19051e-07 0 
0 3.69148e-05 0.000147247 0.00031524 0.000498298 0.000635449 0.000682912 0.000644425 0.00055866 0.000464773 0.000384789 0.000325734 0.000287187 0.000266587 0.00026165 0.000271078 0.000294385 0.000331051 0.000378602 0.000428687 0.000460451 0.000435051 0.000313057 0.000129446 1.88482e-05 5.69876e-07 4.4566e-09 5.54093e-11 1.46771e-11 1.98688e-10 1.7549e-08 8.35469e-07 7.53788e-06 1.67456e-05 1.64726e-05 1.07547e-05 5.59012e-06 2.40212e-06 7.91644e-07 1.44011e-07 0 
0 2.3581e-05 9.55845e-05 0.000211743 0.000356438 0.000501927 0.000616313 0.000678718 0.000689031 0.000663343 0.000621823 0.000580124 0.000547341 0.000527542 0.000521815 0.000529551 0.000548769 0.000575608 0.00060313 0.000619729 0.000608054 0.000546904 0.000421471 0.000248013 9.3741e-05 1.96028e-05 2.61127e-06 4.38046e-07 2.27835e-07 4.79472e-07 2.08162e-06 7.53788e-06 1.47098e-05 1.60837e-05 1.19973e-05 7.11178e-06 3.58231e-06 1.52439e-06 5.00901e-07 9.10415e-08 0 
0 1.4316e-05 5.84904e-05 0.000131756 0.000228846 0.00033926 0.000448477 0.000541922 0.000610045 0.000651077 0.000669832 0.000674136 0.000671515 0.000667408 0.000664687 0.000663815 0.000663123 0.000659082 0.000646625 0.000619716 0.00057233 0.000499983 0.000402092 0.000285927 0.000170957 8.3613e-05 3.58825e-05 1.68045e-05 1.11341e-05 1.12061e-05 1.40853e-05 1.67456e-05 1.60837e-05 1.23196e-05 7.90033e-06 4.4229e-06 2.1838e-06 9.23157e-07 3.02703e-07 5.4982e-08 0 
0 8.2002e-06 3.36251e-05 7.63164e-05 0.000134433 0.000204035 0.000279307 0.000353462 0.000420228 0.000475266 0.00051683 0.000545419 0.000562805 0.000570992 0.000571478 0.000564927 0.000551188 0.000529549 0.000499156 0.000459457 0.000410596 0.000353643 0.000290727 0.000225286 0.000162512 0.000108966 6.98156e-05 4.55233e-05 3.22913e-05 2.5301e-05 2.07555e-05 1.64726e-05 1.19973e-05 7.90033e-06 4.7234e-06 2.56915e-06 1.25479e-06 5.28396e-07 1.73035e-07 3.14163e-08 0 
0 4.37195e-06 1.79552e-05 4.08803e-05 7.24316e-05 0.000111006 0.000154196 0.000199039 0.000242432 0.000281598 0.00031445 0.000339731 0.000356927 0.000366041 0.000367363 0.000361303 0.000348342 0.00032906 0.000304209 0.000274777 0.000241988 0.000207249 0.000172064 0.000137975 0.000106561 7.93575e-05 5.75008e-05 4.12163e-05 2.96824e-05 2.1516e-05 1.54578e-05 1.07547e-05 7.11178e-06 4.4229e-06 2.56915e-06 1.37953e-06 6.70244e-07 2.81681e-07 9.21769e-08 1.67315e-08 0 
0 2.11719e-06 8.70063e-06 1.98341e-05 3.52211e-05 5.41793e-05 7.56797e-05 9.84345e-05 0.00012103 0.000142078 0.000160365 0.000174948 0.000185201 0.00019081 0.000191738 0.000188182 0.000180536 0.000169358 0.000155339 0.000139265 0.000121965 0.000104258 8.6901e-05 7.05494e-05 5.57429e-05 4.28831e-05 3.21932e-05 2.36706e-05 1.7092e-05 1.21073e-05 8.36519e-06 5.59012e-06 3.58231e-06 2.1838e-06 1.25479e-06 6.70244e-07 3.24891e-07 1.36413e-07 4.46239e-08 8.09885e-09 0 
0 8.88552e-07 3.65241e-06 8.33e-06 1.48044e-05 2.28035e-05 3.1916e-05 4.16244e-05 5.13507e-05 6.05098e-05 6.8563e-05 7.50629e-05 7.96842e-05 8.22391e-05 8.26793e-05 8.10858e-05 7.7652e-05 7.2661e-05 6.64588e-05 5.94254e-05 5.1945e-05 4.43792e-05 3.70447e-05 3.01991e-05 2.40327e-05 1.86667e-05 1.41524e-05 1.04751e-05 7.56621e-06 5.32405e-06 3.63764e-06 2.40212e-06 1.52439e-06 9.23157e-07 5.28396e-07 2.81681e-07 1.36413e-07 5.72533e-08 1.87258e-08 3.39835e-09 0 
0 2.90608e-07 1.19466e-06 2.7251e-06 4.84456e-06 7.46558e-06 1.04559e-05 1.36488e-05 1.68569e-05 1.98886e-05 2.25647e-05 2.47332e-05 2.62806e-05 2.71392e-05 2.72892e-05 2.67568e-05 2.56086e-05 2.39428e-05 2.18788e-05 1.95467e-05 1.70761e-05 1.45868e-05 1.21823e-05 9.9442e-06 7.93084e-06 6.17703e-06 4.69583e-06 3.48167e-06 2.51476e-06 1.7662e-06 1.20296e-06 7.91644e-07 5.00901e-07 3.02703e-07 1.73035e-07 9.21769e-08 4.46239e-08 1.87258e-08 6.12418e-09 1.11139e-09 0 
0 5.27388e-08 2.1681e-07 4.94588e-07 8.79344e-07 1.35529e-06 1.89857e-06 2.47906e-06 3.06284e-06 3.61514e-06 4.10326e-06 4.49928e-06 4.7822e-06 4.93936e-06 4.96695e-06 4.86971e-06 4.65988e-06 4.35563e-06 3.97902e-06 3.55396e-06 3.1042e-06 2.65161e-06 2.21489e-06 1.80871e-06 1.44343e-06 1.1251e-06 8.55934e-07 6.34904e-07 4.58568e-07 3.21897e-07 2.19051e-07 1.44011e-07 9.10415e-08 5.4982e-08 3.14163e-08 1.67315e-08 8.09885e-09 3.39835e-09 1.11139e-09 2.01686e-10 0 
0 0 0 0 0 0 0 0 0 0 0 0 0 0 0 0 0 0 0 0 0 0 0 0 0 0 0 0 0 0 0 0 0 0 0 0 0 0 0 0 0 
