0 0 0 0 0 0 0 0 0 0 0 0 0 0 0 0 0 0 0 0 0 0 0 0 0 0 0 0 0 0 0 0 0 0 0 0 0 0 0 0 0 
0 1.33853e-05 5.30631e-05 0.000113173 0.000180397 0.000237937 0.000273635 0.000285169 0.000278245 0.000261319 0.000241651 0.000223962 0.000210739 0.000203005 0.000200983 0.000204486 0.000213039 0.000225826 0.000241518 0.000258101 0.000272826 0.00028242 0.000283656 0.0002742 0.000253474 0.000223101 0.000186596 0.000148342 0.000112326 8.12421e-05 5.62619e-05 3.73407e-05 2.37184e-05 1.43555e-05 8.21037e-06 4.37427e-06 2.11765e-06 8.88627e-07 2.90618e-07 5.27394e-08 0 
0 5.30631e-05 0.000199727 0.000384565 0.00051682 0.000535205 0.000457095 0.000343403 0.000240778 0.000165695 0.000116591 8.66192e-05 6.95525e-05 6.12511e-05 5.95085e-05 6.36328e-05 7.41722e-05 9.28029e-05 0.00012223 0.000165818 0.000226545 0.000304938 0.000396159 0.000487633 0.000559841 0.000592476 0.000574214 0.000509466 0.000416075 0.000315709 0.000224826 0.000151468 9.693e-05 5.88694e-05 3.37197e-05 1.79761e-05 8.70461e-06 3.65304e-06 1.19474e-06 2.16815e-07 0 
0 0.000113173 0.000384565 0.000604754 0.000587142 0.000395578 0.000206676 9.29772e-05 3.9366e-05 1.69109e-05 7.86018e-06 4.16894e-06 2.62669e-06 2.0164e-06 1.90407e-06 2.19907e-06 3.04697e-06 4.91512e-06 8.89264e-06 1.7322e-05 3.48667e-05 6.97901e-05 0.000134256 0.000241004 0.000393496 0.000571467 0.000725201 0.00079659 0.000759475 0.000637947 0.000482575 0.000335868 0.000218406 0.000133617 7.67719e-05 4.09781e-05 1.98523e-05 8.33281e-06 2.72543e-06 4.94609e-07 0 
0 0.000180397 0.00051682 0.000587142 0.000352758 0.00013269 3.65913e-05 8.45761e-06 1.84307e-06 4.2228e-07 1.12364e-07 3.77973e-08 1.71482e-08 1.09288e-08 9.93094e-09 1.27355e-08 2.23107e-08 5.07751e-08 1.41056e-07 4.46858e-07 1.50818e-06 5.09314e-06 1.6308e-05 4.74295e-05 0.000121267 0.0002657 0.000487786 0.000735449 0.000900813 0.000903665 0.000764031 0.000565671 0.000379345 0.00023534 0.00013601 7.27641e-05 3.52814e-05 1.48135e-05 4.8456e-06 8.79408e-07 0 
0 0.000237937 0.000535205 0.000395578 0.00013269 2.51739e-05 3.24676e-06 3.34805e-07 3.23424e-08 3.42025e-09 4.5786e-10 8.78869e-11 2.66054e-11 1.34824e-11 1.16849e-11 1.70477e-11 3.98701e-11 1.38651e-10 6.53275e-10 3.76691e-09 2.40115e-08 1.54017e-07 9.17308e-07 4.7633e-06 2.06286e-05 7.24492e-05 0.000202683 0.000444356 0.000750019 0.000966852 0.000970434 0.000795093 0.000561777 0.000356971 0.00020838 0.000111914 5.43414e-05 2.28275e-05 7.46826e-06 1.35546e-06 0 
0 0.000273635 0.000457095 0.000206676 3.65913e-05 3.24676e-06 1.77227e-07 7.28014e-09 2.77643e-10 1.21395e-11 7.41635e-13 7.5033e-14 1.43131e-14 5.58311e-15 4.5838e-15 7.7471e-15 2.51928e-14 1.42118e-13 1.22368e-12 1.39807e-11 1.84247e-10 2.46002e-09 2.97718e-08 2.99232e-07 2.34962e-06 1.39106e-05 6.11769e-05 0.000198912 0.000474485 0.000819446 0.00102607 0.000969286 0.000740147 0.000487898 0.000289254 0.000156281 7.60483e-05 3.19697e-05 1.04618e-05 1.89892e-06 0 
0 0.000285169 0.000343403 9.29772e-05 8.45761e-06 3.34805e-07 7.28014e-09 1.1152e-10 1.57156e-12 2.66934e-14 7.04314e-16 3.59065e-17 4.18484e-18 1.2408e-18 9.63372e-19 1.89455e-18 8.73262e-18 8.26173e-17 1.35589e-15 3.21992e-14 9.23338e-13 2.70348e-11 6.99648e-10 1.42812e-08 2.12209e-07 2.19134e-06 1.54691e-05 7.49857e-05 0.000251964 0.000585908 0.000936258 0.00105102 0.00088815 0.000615545 0.000372895 0.000203168 9.91627e-05 4.17295e-05 1.36602e-05 2.47972e-06 0 
0 0.000278245 0.000240778 3.9366e-05 1.84307e-06 3.23424e-08 2.77643e-10 1.57156e-12 8.11328e-15 5.31103e-17 6.03899e-19 1.75151e-20 2.22727e-21 9.47176e-22 7.9805e-22 1.20308e-21 4.00247e-21 4.50329e-20 1.3513e-18 6.69997e-17 4.20736e-15 2.71965e-13 1.51566e-11 6.3286e-10 1.79244e-08 3.24845e-07 3.69022e-06 2.65243e-05 0.00012362 0.000380271 0.000771602 0.00104073 0.00098848 0.000728219 0.00045328 0.000249613 0.0001223 5.1533e-05 1.68764e-05 3.06397e-06 0 
0 0.000261319 0.000165695 1.69109e-05 4.2228e-07 3.42025e-09 1.21395e-11 2.66934e-14 5.31103e-17 1.41989e-19 9.87772e-22 5.36442e-23 1.32416e-23 7.80668e-24 6.98854e-24 8.57974e-24 1.8121e-23 9.54692e-23 2.13158e-21 1.85373e-19 2.44037e-17 3.34592e-15 3.86366e-13 3.185e-11 1.66636e-09 5.16038e-08 9.22091e-07 9.6169e-06 6.0642e-05 0.000239791 0.000603456 0.000969816 0.00103883 0.000818079 0.000525082 0.000292724 0.000144062 6.07939e-05 1.99189e-05 3.61688e-06 0 
0 0.000241651 0.000116591 7.86018e-06 1.12364e-07 4.5786e-10 7.41635e-13 7.04314e-16 6.03899e-19 9.87772e-22 1.04497e-23 8.70344e-25 3.36838e-25 2.48198e-25 2.30699e-25 2.47955e-25 3.69017e-25 1.10713e-24 1.4296e-23 1.08054e-21 2.47811e-19 6.61037e-17 1.45779e-14 2.19908e-12 1.98542e-10 9.90505e-09 2.64971e-07 3.84782e-06 3.16477e-05 0.000155189 0.000468427 0.000876867 0.0010499 0.000882615 0.000584463 0.000330005 0.000163167 6.89645e-05 2.26074e-05 4.1057e-06 0 
0 0.000223962 8.66192e-05 4.16894e-06 3.77973e-08 8.78869e-11 7.5033e-14 3.59065e-17 1.75151e-20 5.36443e-23 8.70347e-25 5.80172e-26 1.99572e-26 1.59458e-26 1.50915e-26 1.49356e-26 1.80478e-26 4.44123e-26 5.10294e-25 2.69998e-23 6.00889e-21 2.65156e-18 9.91641e-16 2.45057e-13 3.45555e-11 2.54623e-09 9.47809e-08 1.80487e-06 1.84317e-05 0.000107385 0.000373936 0.000790265 0.00103808 0.000923958 0.000629371 0.00035957 0.000178559 7.55813e-05 2.47882e-05 4.50241e-06 0 
0 0.000210739 6.95525e-05 2.62669e-06 1.71482e-08 2.66054e-11 1.43131e-14 4.18484e-18 2.22727e-21 1.32417e-23 3.3684e-25 1.99574e-26 2.8945e-27 1.54106e-27 1.38189e-27 1.30777e-27 1.60545e-27 6.02685e-27 8.65012e-26 3.43699e-24 4.84842e-22 2.58911e-19 1.41389e-16 4.98977e-14 9.70903e-12 9.48322e-10 4.48285e-08 1.03863e-06 1.2401e-05 8.17287e-05 0.000314746 0.000724705 0.00101853 0.000946723 0.000659299 0.000380225 0.000189479 8.02999e-05 2.63459e-05 4.78591e-06 0 
0 0.000203005 6.12511e-05 2.0164e-06 1.09288e-08 1.34824e-11 5.58311e-15 1.2408e-18 9.47177e-22 7.80671e-24 2.48199e-25 1.59459e-26 1.54108e-27 2.88225e-28 1.6042e-28 1.53811e-28 3.4323e-28 2.65729e-27 4.07642e-26 1.31966e-24 1.3802e-22 6.89863e-20 4.64316e-17 2.00633e-14 4.68814e-12 5.3755e-10 2.91142e-08 7.54296e-07 9.84417e-06 6.95713e-05 0.000283543 0.000685297 0.00100173 0.000955683 0.000674704 0.000391424 0.000195499 8.29155e-05 2.72109e-05 4.94344e-06 0 
0 0.000200983 5.95085e-05 1.90407e-06 9.93094e-09 1.16849e-11 4.5838e-15 9.63372e-19 7.98051e-22 6.98857e-24 2.307e-25 1.50916e-26 1.3819e-27 1.60421e-28 3.59269e-29 4.06363e-29 2.20972e-28 2.2285e-27 3.44663e-26 1.07519e-24 1.06571e-22 5.17047e-20 3.63163e-17 1.63764e-14 3.97796e-12 4.71951e-10 2.63146e-08 6.98242e-07 9.28756e-06 6.66291e-05 0.000274973 0.000672277 0.000992784 0.000954152 0.000676414 0.000393162 0.000196515 8.33693e-05 2.73624e-05 4.97111e-06 0 
0 0.000204486 6.36328e-05 2.19907e-06 1.27355e-08 1.70477e-11 7.7471e-15 1.89455e-18 1.20308e-21 8.57976e-24 2.47956e-25 1.49357e-26 1.30778e-27 1.53812e-28 4.06361e-29 5.39649e-29 2.78445e-28 2.80621e-27 4.68964e-26 1.68364e-24 1.99643e-22 1.05208e-19 6.59203e-17 2.65628e-14 5.83033e-12 6.33119e-10 3.27513e-08 8.17175e-07 1.03502e-05 7.1478e-05 0.000286329 0.000683676 0.000992064 0.000943286 0.000665232 0.000385855 0.000192723 8.17421e-05 2.68265e-05 4.87367e-06 0 
0 0.000213039 7.41722e-05 3.04697e-06 2.23107e-08 3.98701e-11 2.51928e-14 8.73262e-18 4.00247e-21 1.81211e-23 3.69019e-25 1.80479e-26 1.60545e-27 3.43228e-28 2.2097e-28 2.78443e-28 7.86033e-28 6.26488e-27 1.17778e-25 5.77532e-24 1.02473e-21 5.34774e-19 2.56647e-16 8.02371e-14 1.40065e-11 1.24492e-09 5.43453e-08 1.17959e-06 1.33729e-05 8.47022e-05 0.000316873 0.000715749 0.000995748 0.000922152 0.000641833 0.000370265 0.000184574 7.82355e-05 2.56707e-05 4.66342e-06 0 
0 0.000225826 9.28029e-05 4.91512e-06 5.07751e-08 1.38651e-10 1.42118e-13 8.26173e-17 4.50329e-20 9.54694e-23 1.10714e-24 4.44124e-26 6.02683e-27 2.65727e-27 2.22849e-27 2.80619e-27 6.26485e-27 3.83848e-26 8.05879e-25 5.91467e-23 1.522e-20 5.89773e-18 1.89879e-15 4.08464e-13 5.08669e-11 3.3642e-09 1.14303e-07 2.0197e-06 1.94405e-05 0.000108346 0.000366133 0.000761586 0.000996185 0.000888315 0.000606889 0.000347446 0.000172725 7.31475e-05 2.39946e-05 4.3586e-06 0 
0 0.000241518 0.00012223 8.89264e-06 1.41056e-07 6.53275e-10 1.22368e-12 1.35589e-15 1.3513e-18 2.13158e-21 1.42961e-23 5.10293e-25 8.65009e-26 4.07639e-26 3.44661e-26 4.68961e-26 1.17778e-25 8.05878e-25 2.17525e-23 2.32028e-21 5.00601e-19 1.17718e-16 2.29757e-14 3.09499e-12 2.52359e-10 1.15151e-08 2.85506e-07 3.89489e-06 3.05161e-05 0.000144757 0.000430374 0.000808329 0.00098231 0.000838758 0.000561319 0.000318711 0.00015798 6.68407e-05 2.19197e-05 3.98137e-06 0 
0 0.000258101 0.000165818 1.7322e-05 4.46858e-07 3.76691e-09 1.39807e-11 3.21992e-14 6.69997e-17 1.85373e-19 1.08054e-21 2.69998e-23 3.43698e-24 1.31966e-24 1.07519e-24 1.68364e-24 5.77531e-24 5.91467e-23 2.32028e-21 2.12308e-19 2.67159e-17 3.4943e-15 3.85498e-13 3.04166e-11 1.52612e-09 4.54247e-08 7.82727e-07 7.91695e-06 4.89048e-05 0.000192752 0.00049583 0.00083391 0.000940662 0.000770901 0.000506488 0.000285574 0.000141225 5.97095e-05 1.95773e-05 3.55573e-06 0 
0 0.000272826 0.000226545 3.48667e-05 1.50818e-06 2.40115e-08 1.84247e-10 9.23338e-13 4.20736e-15 2.44037e-17 2.47811e-19 6.00889e-21 4.84842e-22 1.3802e-22 1.0657e-22 1.99643e-22 1.02473e-21 1.522e-20 5.00601e-19 2.67159e-17 1.81414e-15 1.26757e-13 7.58868e-12 3.36435e-10 9.95615e-09 1.85244e-07 2.13032e-06 1.54369e-05 7.3382e-05 0.000237401 0.000528659 0.000805562 0.000857348 0.000683402 0.000444251 0.000249653 0.000123358 5.21481e-05 1.70981e-05 3.10549e-06 0 
0 0.00028242 0.000304938 6.97901e-05 5.09314e-06 1.54017e-07 2.46002e-09 2.70348e-11 2.71965e-13 3.34592e-15 6.61037e-17 2.65156e-18 2.58911e-19 6.89863e-20 5.17047e-20 1.05208e-19 5.34774e-19 5.89773e-18 1.17718e-16 3.4943e-15 1.26757e-13 4.67708e-12 1.49531e-10 3.63729e-09 6.12727e-08 6.78752e-07 4.92601e-06 2.43807e-05 8.72633e-05 0.000234594 0.000470981 0.000685497 0.000721232 0.000576589 0.000376834 0.000212558 0.00010523 4.4522e-05 1.46024e-05 2.65253e-06 0 
0 0.000283656 0.000396159 0.000134256 1.6308e-05 9.17308e-07 2.97718e-08 6.99648e-10 1.51566e-11 3.86366e-13 1.45779e-14 9.91641e-16 1.41389e-16 4.64316e-17 3.63163e-17 6.59203e-17 2.56647e-16 1.89879e-15 2.29757e-14 3.85498e-13 7.58868e-12 1.49531e-10 2.5538e-09 3.33497e-08 3.01358e-07 1.78485e-06 7.10295e-06 2.13184e-05 5.57382e-05 0.00013496 0.000283257 0.000457271 0.000530594 0.000453065 0.000306731 0.000175801 8.75927e-05 3.71471e-05 1.21935e-05 2.21555e-06 0 
0 0.0002742 0.000487633 0.000241004 4.74295e-05 4.7633e-06 2.99232e-07 1.42812e-08 6.3286e-10 3.185e-11 2.19908e-12 2.45057e-13 4.98977e-14 2.00633e-14 1.63764e-14 2.65628e-14 8.02371e-14 4.08464e-13 3.09499e-12 3.04166e-11 3.36435e-10 3.63729e-09 3.33497e-08 2.23237e-07 9.35707e-07 2.2202e-06 3.23941e-06 4.15624e-06 7.37474e-06 2.09897e-05 7.12841e-05 0.00018846 0.000309393 0.000320189 0.000236954 0.000140782 7.10731e-05 3.02765e-05 9.95267e-06 1.80921e-06 0 
0 0.000253474 0.000559841 0.000393496 0.000121267 2.06286e-05 2.34962e-06 2.12209e-07 1.79244e-08 1.66636e-09 1.98542e-10 3.45555e-11 9.70903e-12 4.68814e-12 3.97796e-12 5.83033e-12 1.40065e-11 5.08669e-11 2.52359e-10 1.52612e-09 9.95615e-09 6.12727e-08 3.01358e-07 9.35707e-07 1.32489e-06 6.43518e-07 1.26848e-07 2.7881e-08 2.70817e-08 1.77975e-07 2.90846e-06 3.13178e-05 0.000122746 0.000194493 0.000171722 0.000108858 5.61705e-05 2.40952e-05 7.93758e-06 1.44382e-06 0 
0 0.000223101 0.000592476 0.000571467 0.0002657 7.24492e-05 1.39106e-05 2.19134e-06 3.24845e-07 5.16038e-08 9.90505e-09 2.54623e-09 9.48322e-10 5.3755e-10 4.71951e-10 6.33119e-10 1.24492e-09 3.3642e-09 1.15151e-08 4.54247e-08 1.85244e-07 6.78752e-07 1.78485e-06 2.2202e-06 6.43518e-07 2.03125e-08 8.79791e-11 5.79119e-13 1.92575e-13 1.04969e-11 6.04235e-09 1.3173e-06 2.90321e-05 9.89978e-05 0.00011651 8.13297e-05 4.32474e-05 1.87188e-05 6.18253e-06 1.12541e-06 0 
0 0.000186596 0.000574214 0.000725201 0.000487786 0.000202683 6.11769e-05 1.54691e-05 3.69022e-06 9.22091e-07 2.64971e-07 9.47809e-08 4.48285e-08 2.91142e-08 2.63146e-08 3.27513e-08 5.43453e-08 1.14303e-07 2.85506e-07 7.82727e-07 2.13032e-06 4.92601e-06 7.10295e-06 3.23941e-06 1.26848e-07 8.79791e-11 1.3516e-15 1.55263e-15 2.90119e-15 1.09993e-16 7.99476e-13 1.70309e-08 4.64366e-06 4.49252e-05 7.58093e-05 5.9164e-05 3.2498e-05 1.4195e-05 4.70023e-06 8.56179e-07 0 
0 0.000148342 0.000509466 0.00079659 0.000735449 0.000444356 0.000198912 7.49857e-05 2.65243e-05 9.6169e-06 3.84782e-06 1.80487e-06 1.03863e-06 7.54296e-07 6.98242e-07 8.17175e-07 1.17959e-06 2.0197e-06 3.89489e-06 7.91695e-06 1.54369e-05 2.43807e-05 2.13184e-05 4.15624e-06 2.7881e-08 5.79119e-13 1.55263e-15 1.34433e-16 1.70071e-16 2.38461e-17 1.96311e-16 3.39273e-10 9.17353e-07 2.2046e-05 5.00106e-05 4.25198e-05 2.39074e-05 1.05077e-05 3.48498e-06 6.35086e-07 0 
0 0.000112326 0.000416075 0.000759475 0.000900813 0.000750019 0.000474485 0.000251964 0.00012362 6.0642e-05 3.16477e-05 1.84317e-05 1.2401e-05 9.84417e-06 9.28756e-06 1.03502e-05 1.33729e-05 1.94405e-05 3.05161e-05 4.89048e-05 7.3382e-05 8.72633e-05 5.57382e-05 7.37474e-06 2.70817e-08 1.92575e-13 2.90119e-15 1.70071e-16 3.12613e-17 1.82938e-17 6.06078e-16 1.02915e-10 4.94131e-07 1.47058e-05 3.5473e-05 3.06005e-05 1.72566e-05 7.58857e-06 2.51702e-06 4.58692e-07 0 
0 8.12421e-05 0.000315709 0.000637947 0.000903665 0.000966852 0.000819446 0.000585908 0.000380271 0.000239791 0.000155189 0.000107385 8.17287e-05 6.95713e-05 6.66291e-05 7.1478e-05 8.47022e-05 0.000108346 0.000144757 0.000192752 0.000237401 0.000234594 0.00013496 2.09897e-05 1.77975e-07 1.04969e-11 1.09993e-16 2.38461e-17 1.82937e-17 7.07444e-17 4.13596e-15 9.61516e-10 9.15175e-07 1.41821e-05 2.74103e-05 2.20838e-05 1.22072e-05 5.3376e-06 1.76757e-06 3.21972e-07 0 
0 5.62619e-05 0.000224826 0.000482575 0.000764031 0.000970434 0.00102607 0.000936258 0.000771602 0.000603456 0.000468427 0.000373936 0.000314746 0.000283543 0.000274973 0.000286329 0.000316873 0.000366133 0.000430374 0.00049583 0.000528659 0.000470981 0.000283257 7.12841e-05 2.90846e-06 6.04235e-09 7.99476e-13 1.96311e-16 6.06079e-16 4.13596e-15 2.85304e-11 4.86743e-08 3.21733e-06 1.66128e-05 2.19935e-05 1.57596e-05 8.41749e-06 3.64478e-06 1.20369e-06 2.19091e-07 0 
0 3.73407e-05 0.000151468 0.000335868 0.000565671 0.000795093 0.000969286 0.00105102 0.00104073 0.000969816 0.000876867 0.000790265 0.000724705 0.000685297 0.000672277 0.000683676 0.000715749 0.000761586 0.000808329 0.00083391 0.000805562 0.000685497 0.000457271 0.00018846 3.13178e-05 1.3173e-06 1.70309e-08 3.39273e-10 1.02915e-10 9.61516e-10 4.86743e-08 1.43356e-06 9.61602e-06 1.84621e-05 1.70762e-05 1.08902e-05 5.61356e-06 2.40538e-06 7.91985e-07 1.44031e-07 0 
0 2.37184e-05 9.693e-05 0.000218406 0.000379345 0.000561777 0.000740147 0.00088815 0.00098848 0.00103883 0.0010499 0.00103808 0.00101853 0.00100173 0.000992784 0.000992064 0.000995748 0.000996185 0.00098231 0.000940662 0.000857348 0.000721232 0.000530594 0.000309393 0.000122746 2.90321e-05 4.64366e-06 9.17353e-07 4.94131e-07 9.15175e-07 3.21733e-06 9.61602e-06 1.65358e-05 1.69081e-05 1.22342e-05 7.16298e-06 3.59131e-06 1.52568e-06 5.0104e-07 9.10496e-08 0 
0 1.43555e-05 5.88694e-05 0.000133617 0.00023534 0.000356971 0.000487898 0.000615545 0.000728219 0.000818079 0.000882615 0.000923958 0.000946723 0.000955683 0.000954152 0.000943286 0.000922152 0.000888315 0.000838758 0.000770901 0.000683402 0.000576589 0.000453065 0.000320189 0.000194493 9.89978e-05 4.49252e-05 2.2046e-05 1.47058e-05 1.41821e-05 1.66128e-05 1.84621e-05 1.69081e-05 1.26037e-05 7.97574e-06 4.43925e-06 2.18677e-06 9.236e-07 3.02752e-07 5.4985e-08 0 
0 8.21037e-06 3.37197e-05 7.67719e-05 0.00013601 0.00020838 0.000289254 0.000372895 0.00045328 0.000525082 0.000584463 0.000629371 0.000659299 0.000674704 0.000676414 0.000665232 0.000641833 0.000606889 0.000561319 0.000506488 0.000444251 0.000376834 0.000306731 0.000236954 0.000171722 0.00011651 7.58093e-05 5.00106e-05 3.5473e-05 2.74103e-05 2.19935e-05 1.70762e-05 1.22342e-05 7.97574e-06 4.74334e-06 2.57362e-06 1.25564e-06 5.28528e-07 1.73051e-07 3.14172e-08 0 
0 4.37427e-06 1.79761e-05 4.09781e-05 7.27641e-05 0.000111914 0.000156281 0.000203168 0.000249613 0.000292724 0.000330005 0.00035957 0.000380225 0.000391424 0.000393162 0.000385855 0.000370265 0.000347446 0.000318711 0.000285574 0.000249653 0.000212558 0.000175801 0.000140782 0.000108858 8.13297e-05 5.9164e-05 4.25198e-05 3.06005e-05 2.20838e-05 1.57596e-05 1.08902e-05 7.16298e-06 4.43925e-06 2.57362e-06 1.38057e-06 6.70452e-07 2.81715e-07 9.2181e-08 1.67318e-08 0 
0 2.11765e-06 8.70461e-06 1.98523e-05 3.52814e-05 5.43414e-05 7.60483e-05 9.91627e-05 0.0001223 0.000144062 0.000163167 0.000178559 0.000189479 0.000195499 0.000196515 0.000192723 0.000184574 0.000172725 0.00015798 0.000141225 0.000123358 0.00010523 8.75927e-05 7.10731e-05 5.61705e-05 4.32474e-05 3.2498e-05 2.39074e-05 1.72566e-05 1.22072e-05 8.41749e-06 5.61356e-06 3.59131e-06 2.18677e-06 1.25564e-06 6.70452e-07 3.24935e-07 1.36421e-07 4.46248e-08 8.09892e-09 0 
0 8.88627e-07 3.65304e-06 8.33281e-06 1.48135e-05 2.28275e-05 3.19697e-05 4.17295e-05 5.1533e-05 6.07939e-05 6.89645e-05 7.55813e-05 8.02999e-05 8.29155e-05 8.33693e-05 8.17421e-05 7.82355e-05 7.31475e-05 6.68407e-05 5.97095e-05 5.21481e-05 4.4522e-05 3.71471e-05 3.02765e-05 2.40952e-05 1.87188e-05 1.4195e-05 1.05077e-05 7.58857e-06 5.3376e-06 3.64478e-06 2.40538e-06 1.52568e-06 9.236e-07 5.28528e-07 2.81715e-07 1.36421e-07 5.72547e-08 1.87259e-08 3.39837e-09 0 
0 2.90618e-07 1.19474e-06 2.72543e-06 4.8456e-06 7.46826e-06 1.04618e-05 1.36602e-05 1.68764e-05 1.99189e-05 2.26074e-05 2.47882e-05 2.63459e-05 2.72109e-05 2.73624e-05 2.68265e-05 2.56707e-05 2.39946e-05 2.19197e-05 1.95773e-05 1.70981e-05 1.46024e-05 1.21935e-05 9.95267e-06 7.93758e-06 6.18253e-06 4.70023e-06 3.48498e-06 2.51702e-06 1.76757e-06 1.20369e-06 7.91985e-07 5.0104e-07 3.02752e-07 1.73051e-07 9.2181e-08 4.46248e-08 1.87259e-08 6.12421e-09 1.11139e-09 0 
0 5.27394e-08 2.16815e-07 4.94609e-07 8.79408e-07 1.35546e-06 1.89892e-06 2.47972e-06 3.06397e-06 3.61688e-06 4.1057e-06 4.50241e-06 4.78591e-06 4.94344e-06 4.97111e-06 4.87367e-06 4.66342e-06 4.3586e-06 3.98137e-06 3.55573e-06 3.10549e-06 2.65253e-06 2.21555e-06 1.80921e-06 1.44382e-06 1.12541e-06 8.56179e-07 6.35086e-07 4.58692e-07 3.21972e-07 2.19091e-07 1.44031e-07 9.10496e-08 5.4985e-08 3.14172e-08 1.67318e-08 8.09892e-09 3.39837e-09 1.11139e-09 2.01686e-10 0 
0 0 0 0 0 0 0 0 0 0 0 0 0 0 0 0 0 0 0 0 0 0 0 0 0 0 0 0 0 0 0 0 0 0 0 0 0 0 0 0 0 
