0 0 0 0 0 0 0 0 0 0 0 0 0 0 0 0 0 0 0 0 0 0 0 0 0 0 0 0 0 0 0 0 0 0 0 0 0 0 0 0 0 
0 1.34834e-05 5.39187e-05 0.000116778 0.000190512 0.000258933 0.000308051 0.000332261 0.000334779 0.00032342 0.000306169 0.000288949 0.000275321 0.000267044 0.00026472 0.000268239 0.000276965 0.00028971 0.000304621 0.000319088 0.000329832 0.000333315 0.000326491 0.000307739 0.000277597 0.000238862 0.000195869 0.000153228 0.000114627 8.22105e-05 5.66274e-05 3.74647e-05 2.37563e-05 1.4366e-05 8.21296e-06 4.37484e-06 2.11776e-06 8.88645e-07 2.9062e-07 5.27396e-08 0 
0 5.39187e-05 0.000207241 0.000414572 0.00059019 0.000656882 0.000606028 0.000490257 0.000367325 0.000267618 0.000197384 0.000152096 0.000125269 0.000111861 0.000108943 0.000115504 0.000132165 0.000160926 0.000204779 0.000266835 0.000348534 0.000446847 0.000551304 0.000643157 0.000699486 0.000702529 0.000649222 0.000553359 0.000438143 0.000325308 0.000228476 0.000152695 9.72974e-05 5.8968e-05 3.37434e-05 1.79812e-05 8.70556e-06 3.65319e-06 1.19475e-06 2.16816e-07 0 
0 0.000116778 0.000414572 0.000705865 0.000767358 0.000587951 0.000348458 0.000176089 8.28578e-05 3.91121e-05 1.97094e-05 1.11508e-05 7.35463e-06 5.79061e-06 5.49239e-06 6.24508e-06 8.36622e-06 1.28506e-05 2.18761e-05 3.97575e-05 7.42694e-05 0.000137551 0.000244367 0.000404263 0.00060662 0.000807789 0.000940813 0.000955154 0.000853119 0.000682934 0.000500567 0.000342012 0.000220236 0.000134099 7.68849e-05 4.10016e-05 1.98566e-05 8.33346e-06 2.7255e-06 4.94614e-07 0 
0 0.000190512 0.00059019 0.000767358 0.000548078 0.000246751 8.0991e-05 2.21576e-05 5.67574e-06 1.51033e-06 4.58076e-07 1.71252e-07 8.37668e-08 5.56631e-08 5.09576e-08 6.36957e-08 1.05569e-07 2.21677e-07 5.5737e-07 1.5774e-06 4.72337e-06 1.41302e-05 4.01773e-05 0.000104195 0.000238274 0.000466741 0.000763502 0.00102466 0.00112666 0.00103532 0.000823122 0.00058702 0.000385818 0.000237037 0.000136402 7.28437e-05 3.52956e-05 1.48156e-05 4.84584e-06 8.79422e-07 0 
0 0.000258933 0.000656882 0.000587951 0.000246751 5.89585e-05 9.62747e-06 1.26192e-06 1.54344e-07 2.03539e-08 3.30751e-09 7.42532e-10 2.51335e-10 1.35516e-10 1.18759e-10 1.66813e-10 3.59349e-10 1.10897e-09 4.50571e-09 2.1973e-08 1.17264e-07 6.28772e-07 3.14849e-06 1.38951e-05 5.18009e-05 0.000158243 0.000386477 0.000737219 0.00108035 0.00122335 0.0011099 0.000851238 0.000579656 0.000361722 0.000209469 0.000112132 5.43793e-05 2.2833e-05 7.46886e-06 1.35549e-06 0 
0 0.000308051 0.000606028 0.000348458 8.0991e-05 9.62747e-06 7.18559e-07 4.08467e-08 2.14933e-09 1.27078e-10 1.01197e-11 1.26837e-12 2.81867e-13 1.19685e-13 9.97646e-14 1.60083e-13 4.65197e-13 2.2286e-12 1.56668e-11 1.42281e-10 1.46952e-09 1.53405e-08 1.46305e-07 1.17749e-06 7.56209e-06 3.74388e-05 0.000140094 0.000390085 0.00079369 0.00116813 0.00127115 0.00108523 0.0007803 0.000498936 0.000291799 0.000156787 7.61349e-05 3.19821e-05 1.04632e-05 1.899e-06 0 
0 0.000332261 0.000490257 0.000176089 2.21576e-05 1.26192e-06 4.08467e-08 9.48619e-10 2.02057e-11 5.05555e-13 1.87458e-14 1.25815e-15 1.78113e-16 5.85415e-17 4.62379e-17 8.55347e-17 3.42424e-16 2.62685e-15 3.32187e-14 5.87292e-13 1.23092e-11 2.62517e-10 4.99659e-09 7.65487e-08 8.77944e-07 7.22406e-06 4.18879e-05 0.000170357 0.000482873 0.000942066 0.00127035 0.00124444 0.000963362 0.000637366 0.000378018 0.000204185 9.93351e-05 4.17538e-05 1.36628e-05 2.47987e-06 0 
0 0.000334779 0.000367325 8.28578e-05 5.67574e-06 1.54344e-07 2.14933e-09 2.02057e-11 1.72652e-13 1.81296e-15 3.1075e-17 1.11235e-18 1.01813e-19 2.70503e-20 2.05411e-20 4.21391e-20 2.25143e-19 2.75406e-18 6.29408e-17 2.17942e-15 9.33208e-14 4.09512e-12 1.56702e-10 4.60294e-09 9.48699e-08 1.30185e-06 1.16643e-05 6.84667e-05 0.000265684 0.000680431 0.00114554 0.00131024 0.00110871 0.00076563 0.000462312 0.000251416 0.000122605 5.15755e-05 1.68809e-05 3.06423e-06 0 
0 0.00032342 0.000267618 3.91121e-05 1.51033e-06 2.03539e-08 1.27078e-10 5.05555e-13 1.81296e-15 8.3417e-18 6.93224e-20 1.56889e-21 1.53078e-22 5.25888e-23 4.23131e-23 7.18737e-23 3.01693e-22 4.18228e-21 1.5789e-19 1.03199e-17 8.71237e-16 7.59133e-14 5.64415e-12 3.0806e-10 1.10967e-08 2.47801e-07 3.35342e-06 2.77217e-05 0.000143141 0.000468293 0.000969977 0.00129616 0.00120696 0.000874686 0.000539234 0.000295582 0.000144544 6.08608e-05 1.99259e-05 3.61728e-06 0 
0 0.000306169 0.000197384 1.97094e-05 4.58076e-07 3.30751e-09 1.01197e-11 1.87458e-14 3.1075e-17 6.93224e-20 3.53418e-22 8.4303e-24 1.10852e-24 4.74948e-25 3.99428e-25 5.83275e-25 1.83544e-24 1.90346e-23 8.0515e-22 8.69935e-20 1.33871e-17 2.14615e-15 2.88049e-13 2.72845e-11 1.61574e-09 5.56803e-08 1.08762e-06 1.21682e-05 8.04979e-05 0.00032428 0.000802661 0.00123484 0.00126099 0.000959507 0.000604414 0.000334089 0.000163857 6.906e-05 2.26173e-05 4.10626e-06 0 
0 0.000288949 0.000152096 1.11508e-05 1.71252e-07 7.42532e-10 1.26837e-12 1.25815e-15 1.11235e-18 1.56889e-21 8.43032e-24 1.95086e-25 2.40537e-26 1.12269e-26 9.66888e-27 1.27935e-26 3.4671e-26 3.37839e-25 1.37306e-23 1.79247e-21 4.35106e-19 1.14728e-16 2.49594e-14 3.71151e-12 3.30176e-10 1.62346e-08 4.28373e-07 6.13699e-06 4.96007e-05 0.000235688 0.000671686 0.00115957 0.00128204 0.00101925 0.00065497 0.000364883 0.00017946 7.57058e-05 2.48011e-05 4.50313e-06 0 
0 0.000275321 0.000125269 7.35463e-06 8.37668e-08 2.51335e-10 2.81867e-13 1.78113e-16 1.01813e-19 1.53078e-22 1.10853e-24 2.4054e-26 1.5293e-27 4.84019e-28 4.00222e-28 5.24593e-28 1.77422e-27 2.50654e-26 1.0518e-24 1.22077e-22 3.64198e-20 1.36735e-17 4.21765e-15 8.69062e-13 1.03792e-10 6.6019e-09 2.16624e-07 3.71193e-06 3.46541e-05 0.000185182 0.000583033 0.00109382 0.00128367 0.00105602 0.000689488 0.000386565 0.000190558 8.0449e-05 2.63613e-05 4.78678e-06 0 
0 0.000267044 0.000111861 5.79061e-06 5.56631e-08 1.35516e-10 1.19685e-13 5.85415e-17 2.70503e-20 5.2589e-23 4.74953e-25 1.12271e-26 4.84028e-28 4.69897e-29 2.37092e-29 4.32295e-29 3.54544e-28 7.36172e-27 3.00302e-25 2.98903e-23 8.87898e-21 4.02999e-18 1.51633e-15 3.76301e-13 5.31697e-11 3.91793e-09 1.45626e-07 2.76451e-06 2.80238e-05 0.00016008 0.000533342 0.00104995 0.00127701 0.00107299 0.000707696 0.00039841 0.000196692 8.30804e-05 2.72279e-05 4.94439e-06 0 
0 0.00026472 0.000108943 5.49239e-06 5.09576e-08 1.18759e-10 9.97646e-14 4.62379e-17 2.05411e-20 4.23133e-23 3.99432e-25 9.66904e-27 4.00231e-28 2.37097e-29 4.58695e-30 1.79454e-29 2.52374e-28 5.67817e-27 2.29288e-25 2.20813e-23 6.46799e-21 3.0493e-18 1.19705e-15 3.09222e-13 4.53188e-11 3.44881e-09 1.31761e-07 2.55873e-06 2.64195e-05 0.000153238 0.000517619 0.00103213 0.00126845 0.0010729 0.000710031 0.000400306 0.000197738 8.35386e-05 2.73799e-05 4.97209e-06 0 
0 0.000268239 0.000115504 6.24508e-06 6.36957e-08 1.66813e-10 1.60083e-13 8.55347e-17 4.21391e-20 7.18739e-23 5.8328e-25 1.27937e-26 5.24602e-28 4.32297e-29 1.79451e-29 4.49023e-29 4.44813e-28 9.62203e-27 4.15966e-25 4.46223e-23 1.35283e-20 5.76442e-18 2.02821e-15 4.73215e-13 6.3291e-11 4.44795e-09 1.58896e-07 2.92084e-06 2.88702e-05 0.000161814 0.000531999 0.00103896 0.00125919 0.00105711 0.000697307 0.000392665 0.000193889 8.19037e-05 2.68433e-05 4.87462e-06 0 
0 0.000276965 0.000132165 8.36622e-06 1.05569e-07 3.59349e-10 4.65197e-13 3.42424e-16 2.25143e-19 3.01694e-22 1.83545e-24 3.46713e-26 1.77422e-27 3.54539e-28 2.52369e-28 4.44807e-28 2.43072e-27 4.30653e-26 2.03612e-24 2.62313e-22 7.50087e-20 2.50166e-17 6.86776e-15 1.27149e-12 1.3807e-10 8.09046e-09 2.47866e-07 4.01782e-06 3.59231e-05 0.000185967 0.000573442 0.00106447 0.00124564 0.00102555 0.000670568 0.000376338 0.000185614 7.838e-05 2.56857e-05 4.66427e-06 0 
0 0.00028971 0.000160926 1.28506e-05 2.21677e-07 1.10897e-09 2.2286e-12 2.62685e-15 2.75406e-18 4.18228e-21 1.90347e-23 3.3784e-25 2.50653e-26 7.36163e-27 5.67809e-27 9.62192e-27 4.30651e-26 6.54179e-25 3.30821e-23 4.42834e-21 9.53976e-19 2.18678e-16 4.16259e-14 5.47582e-12 4.36866e-10 1.95565e-08 4.77143e-07 6.41809e-06 4.94422e-05 0.000227375 0.00063716 0.00109725 0.00122035 0.000977227 0.000631118 0.000352535 0.000173597 7.3269e-05 2.40074e-05 4.35932e-06 0 
0 0.000304621 0.000204779 2.18761e-05 5.5737e-07 4.50571e-09 1.56668e-11 3.32187e-14 6.29408e-17 1.5789e-19 8.0515e-22 1.37306e-23 1.05179e-24 3.003e-25 2.29287e-25 4.15963e-25 2.03611e-24 3.30821e-23 1.65851e-21 1.67051e-19 2.29107e-17 3.27304e-15 3.93785e-13 3.37347e-11 1.82648e-09 5.82427e-08 1.06615e-06 1.13299e-05 7.2294e-05 0.000286236 0.000711629 0.00111901 0.00117335 0.000911046 0.000580619 0.000322743 0.000158672 6.69376e-05 2.19299e-05 3.98195e-06 0 
0 0.000319088 0.000266835 3.97575e-05 1.5774e-06 2.1973e-08 1.42281e-10 5.87292e-13 2.17942e-15 1.03199e-17 8.69935e-20 1.79247e-21 1.22077e-22 2.98902e-23 2.20813e-23 4.46223e-23 2.62313e-22 4.42834e-21 1.67051e-19 1.0447e-17 8.4224e-16 7.01788e-14 4.99957e-12 2.62025e-10 9.08269e-09 1.95698e-07 2.56637e-06 2.07312e-05 0.000106269 0.000354242 0.000771253 0.00110364 0.00109387 0.000826566 0.000521134 0.00028863 0.000141752 5.97839e-05 1.95852e-05 3.55619e-06 0 
0 0.000329832 0.000348534 7.42694e-05 4.72337e-06 1.17264e-07 1.46952e-09 1.23092e-11 9.33208e-14 8.71237e-16 1.33871e-17 4.35106e-19 3.64198e-20 8.87898e-21 6.46799e-21 1.35283e-20 7.50087e-20 9.53976e-19 2.29107e-17 8.4224e-16 3.84864e-14 1.80161e-12 7.31089e-11 2.25247e-09 4.79818e-08 6.70184e-07 6.05121e-06 3.59165e-05 0.000144434 0.000401404 0.000769658 0.00101918 0.000972411 0.000724418 0.000455035 0.000251919 0.000123753 5.22044e-05 1.71041e-05 3.10584e-06 0 
0 0.000333315 0.000446847 0.000137551 1.41302e-05 6.28772e-07 1.53405e-08 2.62517e-10 4.09512e-12 7.59133e-14 2.14615e-15 1.14728e-16 1.36735e-17 4.02999e-18 3.0493e-18 5.76442e-18 2.50166e-17 2.18678e-16 3.27304e-15 7.01788e-14 1.80161e-12 4.68289e-11 1.06487e-09 1.88282e-08 2.37907e-07 2.05319e-06 1.20833e-05 5.02903e-05 0.00015542 0.000365602 0.000645519 0.000835396 0.000802632 0.000606263 0.000384812 0.000214265 0.000105532 4.45654e-05 1.46071e-05 2.65281e-06 0 
0 0.000326491 0.000551304 0.000244367 4.01773e-05 3.14849e-06 1.46305e-07 4.99659e-09 1.56702e-10 5.64415e-12 2.88049e-13 2.49594e-14 4.21765e-15 1.51633e-15 1.19705e-15 2.02821e-15 6.86776e-15 4.16259e-14 3.93785e-13 4.99957e-12 7.31089e-11 1.06487e-09 1.35485e-08 1.34415e-07 9.50972e-07 4.57854e-06 1.53915e-05 4.02207e-05 9.30764e-05 0.000200553 0.000375785 0.000547251 0.000585852 0.00047506 0.000312957 0.000177169 8.78375e-05 3.71826e-05 1.21974e-05 2.21577e-06 0 
0 0.000307739 0.000643157 0.000404263 0.000104195 1.38951e-05 1.17749e-06 7.65487e-08 4.60294e-09 3.0806e-10 2.72845e-11 3.71151e-12 8.69062e-13 3.76301e-13 3.09222e-13 4.73215e-13 1.27149e-12 5.47582e-12 3.37347e-11 2.62025e-10 2.25247e-09 1.88282e-08 1.34415e-07 7.15413e-07 2.47366e-06 5.08858e-06 6.75344e-06 8.05774e-06 1.30957e-05 3.30809e-05 9.82874e-05 0.000230338 0.000345295 0.000337408 0.000242255 0.000141982 7.12889e-05 3.03077e-05 9.95603e-06 1.8094e-06 0 
0 0.000277597 0.000699486 0.00060662 0.000238274 5.18009e-05 7.56209e-06 8.77944e-07 9.48699e-08 1.10967e-08 1.61574e-09 3.30176e-10 1.03792e-10 5.31697e-11 4.53188e-11 6.3291e-11 1.3807e-10 4.36866e-10 1.82648e-09 9.08269e-09 4.79818e-08 2.37907e-07 9.50972e-07 2.47366e-06 3.12239e-06 1.48311e-06 3.11261e-07 7.3334e-08 6.87982e-08 3.78628e-07 4.84224e-06 4.20487e-05 0.000142627 0.000208183 0.000176537 0.000109983 5.63721e-05 2.41238e-05 7.94062e-06 1.44399e-06 0 
0 0.000238862 0.000702529 0.000807789 0.000466741 0.000158243 3.74388e-05 7.22406e-06 1.30185e-06 2.47801e-07 5.56803e-08 1.62346e-08 6.6019e-09 3.91793e-09 3.44881e-09 4.44795e-09 8.09046e-09 1.95565e-08 5.82427e-08 1.95698e-07 6.70184e-07 2.05319e-06 4.57854e-06 5.08858e-06 1.48311e-06 5.67225e-08 3.52912e-10 3.29986e-12 1.18231e-12 4.48081e-11 1.54322e-08 2.17006e-06 3.6554e-05 0.000108966 0.000120852 8.23917e-05 4.34361e-05 1.87451e-05 6.18526e-06 1.12557e-06 0 
0 0.000195869 0.000649222 0.000940813 0.000763502 0.000386477 0.000140094 4.18879e-05 1.16643e-05 3.35342e-06 1.08762e-06 4.28373e-07 2.16624e-07 1.45626e-07 1.31761e-07 1.58896e-07 2.47866e-07 4.77143e-07 1.06615e-06 2.56637e-06 6.05121e-06 1.20833e-05 1.53915e-05 6.75344e-06 3.11261e-07 3.52912e-10 1.19996e-14 3.83592e-16 1.95915e-15 6.72458e-17 3.88825e-12 3.79076e-08 6.53846e-06 5.12456e-05 7.94603e-05 6.01106e-05 3.26652e-05 1.42179e-05 4.70255e-06 8.56307e-07 0 
0 0.000153228 0.000553359 0.000955154 0.00102466 0.000737219 0.000390085 0.000170357 6.84667e-05 2.77217e-05 1.21682e-05 6.13699e-06 3.71193e-06 2.76451e-06 2.55873e-06 2.92084e-06 4.01782e-06 6.41809e-06 1.13299e-05 2.07312e-05 3.59165e-05 5.02903e-05 4.02207e-05 8.05774e-06 7.3334e-08 3.29986e-12 3.83592e-16 2.02026e-17 5.97062e-17 3.09912e-17 1.8635e-15 9.93852e-10 1.42403e-06 2.58874e-05 5.28256e-05 4.32836e-05 2.40416e-05 1.05258e-05 3.48679e-06 6.35185e-07 0 
0 0.000114627 0.000438143 0.000853119 0.00112666 0.00108035 0.00079369 0.000482873 0.000265684 0.000143141 8.04979e-05 4.96007e-05 3.46541e-05 2.80238e-05 2.64195e-05 2.88702e-05 3.59231e-05 4.94422e-05 7.2294e-05 0.000106269 0.000144434 0.00015542 9.30764e-05 1.30957e-05 6.87982e-08 1.18231e-12 1.95915e-15 5.97063e-17 7.94784e-18 9.41343e-18 2.06522e-16 3.22449e-10 7.83284e-07 1.73473e-05 3.74872e-05 3.11458e-05 1.73516e-05 7.60128e-06 2.51828e-06 4.5876e-07 0 
0 8.22105e-05 0.000325308 0.000682934 0.00103532 0.00122335 0.00116813 0.000942066 0.000680431 0.000468293 0.00032428 0.000235688 0.000185182 0.00016008 0.000153238 0.000161814 0.000185967 0.000227375 0.000286236 0.000354242 0.000401404 0.000365602 0.000200553 3.30809e-05 3.78628e-07 4.48081e-11 6.72458e-17 3.09912e-17 9.41342e-18 3.59529e-17 2.80093e-14 2.46048e-09 1.34577e-06 1.63151e-05 2.87367e-05 2.24224e-05 1.22654e-05 5.34539e-06 1.76835e-06 3.22015e-07 0 
0 5.66274e-05 0.000228476 0.000500567 0.000823122 0.0011099 0.00127115 0.00127035 0.00114554 0.000969977 0.000802661 0.000671686 0.000583033 0.000533342 0.000517619 0.000531999 0.000573442 0.00063716 0.000711629 0.000771253 0.000769658 0.000645519 0.000375785 9.82874e-05 4.84224e-06 1.54322e-08 3.88825e-12 1.8635e-15 2.06522e-16 2.80093e-14 9.5037e-11 8.96493e-08 4.17419e-06 1.83285e-05 2.27598e-05 1.59393e-05 8.44808e-06 3.64892e-06 1.20411e-06 2.19114e-07 0 
0 3.74647e-05 0.000152695 0.000342012 0.00058702 0.000851238 0.00108523 0.00124444 0.00131024 0.00129616 0.00123484 0.00115957 0.00109382 0.00104995 0.00103213 0.00103896 0.00106447 0.00109725 0.00111901 0.00110364 0.00101918 0.000835396 0.000547251 0.000230338 4.20487e-05 2.17006e-06 3.79076e-08 9.93852e-10 3.22449e-10 2.46048e-09 8.96493e-08 1.98142e-06 1.11236e-05 1.95662e-05 1.74435e-05 1.09707e-05 5.6273e-06 2.40728e-06 7.92183e-07 1.44042e-07 0 
0 2.37563e-05 9.72974e-05 0.000220236 0.000385818 0.000579656 0.0007803 0.000963362 0.00110871 0.00120696 0.00126099 0.00128204 0.00128367 0.00127701 0.00126845 0.00125919 0.00124564 0.00122035 0.00117335 0.00109387 0.000972411 0.000802632 0.000585852 0.000345295 0.000142627 3.6554e-05 6.53846e-06 1.42403e-06 7.83284e-07 1.34577e-06 4.17419e-06 1.11236e-05 1.77313e-05 1.74176e-05 1.23765e-05 7.19325e-06 3.59659e-06 1.52644e-06 5.01121e-07 9.10544e-08 0 
0 1.4366e-05 5.8968e-05 0.000134099 0.000237037 0.000361722 0.000498936 0.000637366 0.00076563 0.000874686 0.000959507 0.00101925 0.00105602 0.00107299 0.0010729 0.00105711 0.00102555 0.000977227 0.000911046 0.000826566 0.000724418 0.000606263 0.00047506 0.000337408 0.000208183 0.000108966 5.12456e-05 2.58874e-05 1.73473e-05 1.63151e-05 1.83285e-05 1.95662e-05 1.74176e-05 1.27751e-05 8.02058e-06 4.44889e-06 2.18852e-06 9.23859e-07 3.02781e-07 5.49867e-08 0 
0 8.21296e-06 3.37434e-05 7.68849e-05 0.000136402 0.000209469 0.000291799 0.000378018 0.000462312 0.000539234 0.000604414 0.00065497 0.000689488 0.000707696 0.000710031 0.000697307 0.000670568 0.000631118 0.000580619 0.000521134 0.000455035 0.000384812 0.000312957 0.000242255 0.000176537 0.000120852 7.94603e-05 5.28256e-05 3.74872e-05 2.87367e-05 2.27598e-05 1.74435e-05 1.23765e-05 8.02058e-06 4.75511e-06 2.57624e-06 1.25613e-06 5.28605e-07 1.7306e-07 3.14178e-08 0 
0 4.37484e-06 1.79812e-05 4.10016e-05 7.28437e-05 0.000112132 0.000156787 0.000204185 0.000251416 0.000295582 0.000334089 0.000364883 0.000386565 0.00039841 0.000400306 0.000392665 0.000376338 0.000352535 0.000322743 0.00028863 0.000251919 0.000214265 0.000177169 0.000141982 0.000109983 8.23917e-05 6.01106e-05 4.32836e-05 3.11458e-05 2.24224e-05 1.59393e-05 1.09707e-05 7.19325e-06 4.44889e-06 2.57624e-06 1.38118e-06 6.70574e-07 2.81735e-07 9.21834e-08 1.67319e-08 0 
0 2.11776e-06 8.70556e-06 1.98566e-05 3.52956e-05 5.43793e-05 7.61349e-05 9.93351e-05 0.000122605 0.000144544 0.000163857 0.00017946 0.000190558 0.000196692 0.000197738 0.000193889 0.000185614 0.000173597 0.000158672 0.000141752 0.000123753 0.000105532 8.78375e-05 7.12889e-05 5.63721e-05 4.34361e-05 3.26652e-05 2.40416e-05 1.73516e-05 1.22654e-05 8.44808e-06 5.6273e-06 3.59659e-06 2.18852e-06 1.25613e-06 6.70574e-07 3.2496e-07 1.36425e-07 4.46254e-08 8.09896e-09 0 
0 8.88645e-07 3.65319e-06 8.33346e-06 1.48156e-05 2.2833e-05 3.19821e-05 4.17538e-05 5.15755e-05 6.08608e-05 6.906e-05 7.57058e-05 8.0449e-05 8.30804e-05 8.35386e-05 8.19037e-05 7.838e-05 7.3269e-05 6.69376e-05 5.97839e-05 5.22044e-05 4.45654e-05 3.71826e-05 3.03077e-05 2.41238e-05 1.87451e-05 1.42179e-05 1.05258e-05 7.60128e-06 5.34539e-06 3.64892e-06 2.40728e-06 1.52644e-06 9.23859e-07 5.28605e-07 2.81735e-07 1.36425e-07 5.72554e-08 1.87261e-08 3.39838e-09 0 
0 2.9062e-07 1.19475e-06 2.7255e-06 4.84584e-06 7.46886e-06 1.04632e-05 1.36628e-05 1.68809e-05 1.99259e-05 2.26173e-05 2.48011e-05 2.63613e-05 2.72279e-05 2.73799e-05 2.68433e-05 2.56857e-05 2.40074e-05 2.19299e-05 1.95852e-05 1.71041e-05 1.46071e-05 1.21974e-05 9.95603e-06 7.94062e-06 6.18526e-06 4.70255e-06 3.48679e-06 2.51828e-06 1.76835e-06 1.20411e-06 7.92183e-07 5.01121e-07 3.02781e-07 1.7306e-07 9.21834e-08 4.46254e-08 1.87261e-08 6.12422e-09 1.11139e-09 0 
0 5.27396e-08 2.16816e-07 4.94614e-07 8.79422e-07 1.35549e-06 1.899e-06 2.47987e-06 3.06423e-06 3.61728e-06 4.10626e-06 4.50313e-06 4.78678e-06 4.94439e-06 4.97209e-06 4.87462e-06 4.66427e-06 4.35932e-06 3.98195e-06 3.55619e-06 3.10584e-06 2.65281e-06 2.21577e-06 1.8094e-06 1.44399e-06 1.12557e-06 8.56307e-07 6.35185e-07 4.5876e-07 3.22015e-07 2.19114e-07 1.44042e-07 9.10544e-08 5.49867e-08 3.14178e-08 1.67319e-08 8.09896e-09 3.39838e-09 1.11139e-09 2.01686e-10 0 
0 0 0 0 0 0 0 0 0 0 0 0 0 0 0 0 0 0 0 0 0 0 0 0 0 0 0 0 0 0 0 0 0 0 0 0 0 0 0 0 0 
