0 0 0 0 0 0 0 0 0 0 0 0 0 0 0 0 0 0 0 0 0 0 0 0 0 0 0 0 0 0 0 0 0 0 0 0 0 0 0 0 0 
0 1.31694e-05 5.12259e-05 0.000105799 0.000161145 0.000201296 0.000218759 0.000216122 0.000201117 0.000181423 0.000162342 0.000146708 0.000135666 0.000129457 0.000127961 0.000130953 0.000138169 0.000149221 0.000163424 0.000179587 0.000195863 0.00020976 0.000218434 0.000219276 0.000210668 0.000192627 0.000167007 0.000137076 0.000106561 7.86229e-05 5.52047e-05 3.69607e-05 2.35964e-05 1.43205e-05 8.20139e-06 4.37223e-06 2.11725e-06 8.88561e-07 2.9061e-07 5.27389e-08 0 
0 5.12259e-05 0.000184263 0.000327964 0.000395285 0.000362177 0.000274896 0.000186007 0.000119166 7.59229e-05 5.00994e-05 3.53861e-05 2.7422e-05 2.36822e-05 2.29333e-05 2.48267e-05 2.97124e-05 3.86267e-05 5.33623e-05 7.64694e-05 0.000110934 0.000159205 0.000221387 0.00029294 0.000363145 0.000416336 0.000437147 0.000418085 0.000364217 0.000290619 0.000214395 0.000147702 9.57357e-05 5.85344e-05 3.36364e-05 1.79578e-05 8.70112e-06 3.65249e-06 1.19467e-06 2.16811e-07 0 
0 0.000105799 0.000327964 0.000441964 0.000353557 0.00019646 8.62641e-05 3.31327e-05 1.21106e-05 4.54567e-06 1.87732e-06 9.04849e-07 5.32445e-07 3.93516e-07 3.69155e-07 4.36531e-07 6.36322e-07 1.10452e-06 2.18721e-06 4.71509e-06 1.05606e-05 2.354e-05 5.03372e-05 0.000100282 0.000182019 0.000295803 0.000423984 0.000528981 0.000569797 0.000530877 0.000433731 0.000317419 0.000212488 0.000131972 7.63709e-05 4.08923e-05 1.98364e-05 8.33035e-06 2.72514e-06 4.94591e-07 0 
0 0.000161145 0.000395285 0.000353557 0.000163113 4.77458e-05 1.03308e-05 1.87362e-06 3.21503e-07 5.88259e-08 1.2834e-08 3.67468e-09 1.48575e-09 8.8811e-10 7.97891e-10 1.06435e-09 2.03023e-09 5.22664e-09 1.69078e-08 6.35665e-08 2.56896e-07 1.03842e-06 3.94786e-06 1.34566e-05 3.97859e-05 0.000100032 0.000211492 0.000372488 0.000540135 0.00063888 0.000619539 0.000505091 0.000358943 0.000229595 0.000134621 7.24723e-05 3.52286e-05 1.48056e-05 4.84469e-06 8.79352e-07 0 
0 0.000201296 0.000362177 0.00019646 4.77458e-05 6.53286e-06 5.96868e-07 4.29694e-08 2.9009e-09 2.1887e-10 2.17528e-11 3.27942e-12 8.35194e-13 3.84377e-13 3.27426e-13 5.06703e-13 1.34623e-12 5.6318e-12 3.33461e-11 2.48765e-10 2.08151e-09 1.75398e-08 1.35687e-07 8.96023e-07 4.8017e-06 2.0298e-05 6.70612e-05 0.000173512 0.000352094 0.000556385 0.000679595 0.000650332 0.000508206 0.000341264 0.00020455 0.000111117 5.41994e-05 2.28065e-05 7.46592e-06 1.35531e-06 0 
0 0.000218759 0.000274896 8.62641e-05 1.03308e-05 5.96868e-07 2.03539e-08 5.09692e-10 1.18644e-11 3.25886e-13 1.32097e-14 9.57424e-16 1.43722e-16 4.90339e-17 3.9299e-17 7.20845e-17 2.79864e-16 2.03936e-15 2.40737e-14 3.92376e-13 7.52893e-12 1.46705e-10 2.55577e-09 3.59857e-08 3.81309e-07 2.91774e-06 1.5912e-05 6.24172e-05 0.000179561 0.000383495 0.000605817 0.000706906 0.000628534 0.000452799 0.000280468 0.000154448 7.57253e-05 3.19228e-05 1.04567e-05 1.89862e-06 0 
0 0.000216122 0.000186007 3.31327e-05 1.87362e-06 4.29694e-08 5.09692e-10 4.1231e-12 3.0736e-14 2.86418e-16 4.46196e-18 1.81259e-19 4.42799e-20 3.13323e-20 2.91667e-20 3.25513e-20 5.89522e-20 4.20587e-19 9.75748e-18 3.66933e-16 1.71056e-14 8.16693e-13 3.39001e-11 1.07385e-09 2.36514e-08 3.427e-07 3.20302e-06 1.95275e-05 8.02172e-05 0.000230039 0.000468209 0.000674544 0.000697867 0.000549666 0.000355683 0.000199533 9.85241e-05 4.16375e-05 1.36502e-05 2.47914e-06 0 
0 0.000201117 0.000119166 1.21106e-05 3.21503e-07 2.9009e-09 1.18644e-11 3.0736e-14 7.26968e-17 2.37395e-19 5.5071e-21 1.50477e-21 1.03711e-21 1.09089e-21 1.08543e-21 9.74203e-22 9.46968e-22 1.71099e-21 7.66549e-21 3.17157e-19 3.54697e-17 4.17904e-15 4.15947e-13 2.9826e-11 1.37432e-09 3.79798e-08 6.13033e-07 5.8431e-06 3.42409e-05 0.000130222 0.000335154 0.000590222 0.000714207 0.000621888 0.000423909 0.00024328 0.000121185 5.13733e-05 1.68593e-05 3.06298e-06 0 
0 0.000181423 7.59229e-05 4.54567e-06 5.88259e-08 2.1887e-10 3.25886e-13 2.86418e-16 2.37395e-19 1.28019e-21 1.63125e-22 1.08122e-22 1.04509e-22 1.21593e-22 1.23556e-22 1.04792e-22 8.5787e-23 9.11627e-23 1.2335e-22 9.67329e-22 1.00648e-19 2.72708e-17 6.22505e-15 9.68816e-13 8.99329e-11 4.58988e-09 1.24667e-07 1.82086e-06 1.49651e-05 7.40252e-05 0.000235012 0.000494387 0.000692416 0.000666994 0.000480663 0.000282892 0.000142318 6.05448e-05 1.98924e-05 3.61536e-06 0 
0 0.000162342 5.00994e-05 1.87732e-06 1.2834e-08 2.17528e-11 1.32097e-14 4.46196e-18 5.5071e-21 1.63125e-22 2.72173e-23 1.80686e-23 1.90531e-23 2.23097e-23 2.27072e-23 1.9167e-23 1.47739e-23 1.20323e-23 1.0941e-23 3.54045e-23 1.00363e-21 3.11238e-19 1.47285e-16 4.5593e-14 7.87763e-12 6.93004e-10 2.98954e-08 6.3877e-07 7.10013e-06 4.43142e-05 0.000168465 0.000411177 0.000652638 0.000689178 0.000523963 0.000316232 0.000160701 6.86122e-05 2.257e-05 4.10356e-06 0 
0 0.000146708 3.53861e-05 9.04849e-07 3.67468e-09 3.27942e-12 9.57424e-16 1.81259e-19 1.50477e-21 1.08122e-22 1.80686e-23 6.41393e-24 4.90224e-24 5.18947e-24 5.16711e-24 4.36933e-24 3.29554e-24 2.44839e-24 2.33162e-24 7.54865e-24 9.79815e-23 9.57247e-21 6.88489e-18 3.7355e-15 1.07132e-12 1.46937e-10 9.24751e-09 2.69706e-07 3.83957e-06 2.8981e-05 0.000127327 0.000349051 0.000611225 0.000695963 0.000554067 0.000341974 0.000175377 7.51261e-05 2.474e-05 4.49967e-06 0 
0 0.000135666 2.7422e-05 5.32445e-07 1.48575e-09 8.35194e-13 1.43722e-16 4.42799e-20 1.03711e-21 1.04509e-22 1.90532e-23 4.90225e-24 2.06222e-24 1.51998e-24 1.35515e-24 1.12396e-24 8.48853e-25 6.71488e-25 9.41863e-25 3.78114e-24 3.56752e-23 1.40149e-21 7.57018e-19 6.12884e-16 2.53247e-13 4.7831e-11 3.95207e-09 1.44275e-07 2.45618e-06 2.12687e-05 0.000103636 0.000308211 0.000578057 0.000694862 0.000572567 0.000359532 0.000185705 7.97588e-05 2.62886e-05 4.78266e-06 0 
0 0.000129457 2.36822e-05 3.93516e-07 8.8811e-10 3.84377e-13 4.90339e-17 3.13323e-20 1.09089e-21 1.21593e-22 2.23097e-23 5.18947e-24 1.51998e-24 6.58973e-25 4.29095e-25 3.23787e-25 2.53704e-25 2.68435e-25 6.34278e-25 2.95088e-24 2.47671e-23 6.50646e-22 2.18838e-19 2.19724e-16 1.11642e-13 2.52713e-11 2.43589e-09 1.00982e-07 1.90257e-06 1.78083e-05 9.19877e-05 0.000286254 0.000557753 0.000691438 0.000581365 0.000368859 0.00019136 8.23207e-05 2.7148e-05 4.93987e-06 0 
0 0.000127961 2.29333e-05 3.69155e-07 7.97891e-10 3.27426e-13 3.9299e-17 2.91667e-20 1.08543e-21 1.23556e-22 2.27072e-23 5.16711e-24 1.35515e-24 4.29095e-25 1.86598e-25 1.14299e-25 9.97103e-26 1.67833e-25 5.57396e-25 2.75497e-24 2.27218e-23 5.57459e-22 1.69475e-19 1.77468e-16 9.40752e-14 2.21005e-11 2.1987e-09 9.35575e-08 1.79962e-06 1.71131e-05 8.94385e-05 0.000280868 0.000551664 0.000688693 0.000581929 0.000370216 0.000192296 8.27623e-05 2.72981e-05 4.96746e-06 0 
0 0.000130953 2.48267e-05 4.36531e-07 1.06435e-09 5.06703e-13 7.20845e-17 3.25513e-20 9.74204e-22 1.04792e-22 1.9167e-23 4.36933e-24 1.12396e-24 3.23787e-25 1.14299e-25 6.01514e-26 6.30596e-26 1.47391e-25 5.55684e-25 2.87771e-24 2.58428e-23 7.99149e-22 3.38068e-19 3.1496e-16 1.48533e-13 3.14991e-11 2.87237e-09 1.13741e-07 2.06557e-06 1.87889e-05 9.4967e-05 0.000290666 0.000559199 0.000687145 0.000574942 0.000364019 0.000188712 8.11646e-05 2.67653e-05 4.87019e-06 0 
0 0.000138169 2.97124e-05 6.36322e-07 2.03023e-09 1.34623e-12 2.79864e-16 5.89522e-20 9.46969e-22 8.5787e-23 1.47739e-23 3.29555e-24 8.48853e-25 2.53704e-25 9.97103e-26 6.30595e-26 7.50868e-26 1.7301e-25 6.5144e-25 3.68884e-24 4.17897e-23 2.37371e-21 1.62057e-18 1.14023e-15 4.13982e-13 6.98209e-11 5.2393e-09 1.76625e-07 2.82071e-06 2.32392e-05 0.000109027 0.000315022 0.000578185 0.00068511 0.000560309 0.000350773 0.000181007 7.77219e-05 2.56162e-05 4.66032e-06 0 
0 0.000149221 3.86267e-05 1.10452e-06 5.22664e-09 5.6318e-12 2.03936e-15 4.20587e-19 1.71099e-21 9.11627e-23 1.20323e-23 2.44839e-24 6.71488e-25 2.68435e-25 1.67833e-25 1.47391e-25 1.7301e-25 3.13241e-25 1.04731e-24 7.09027e-24 1.41893e-22 2.40094e-20 1.63216e-17 7.51581e-15 1.85893e-12 2.23945e-10 1.26193e-08 3.35854e-07 4.44193e-06 3.16546e-05 0.000133111 0.000353151 0.000604375 0.000679009 0.000537418 0.000331105 0.00016975 7.27192e-05 2.39491e-05 4.35599e-06 0 
0 0.000163424 5.33623e-05 2.18721e-06 1.69078e-08 3.33461e-11 2.40737e-14 9.75748e-18 7.66549e-21 1.2335e-22 1.0941e-23 2.33162e-24 9.41863e-25 6.34278e-25 5.57396e-25 5.55684e-25 6.51439e-25 1.04731e-24 3.23527e-24 3.04359e-23 1.84116e-21 7.00886e-19 2.89217e-16 7.83653e-14 1.20015e-11 9.49239e-10 3.73774e-08 7.40148e-07 7.73641e-06 4.60175e-05 0.000168757 0.000402029 0.000630298 0.000663775 0.000505547 0.000305824 0.000155646 6.65042e-05 2.18837e-05 3.9793e-06 0 
0 0.000179587 7.64694e-05 4.71509e-06 6.35665e-08 2.48765e-10 3.92376e-13 3.66933e-16 3.17157e-19 9.6733e-22 3.54045e-23 7.54865e-24 3.78114e-24 2.95088e-24 2.75497e-24 2.87771e-24 3.68883e-24 7.09027e-24 3.04359e-23 7.74646e-22 1.31669e-19 3.441e-17 7.46571e-15 1.10668e-12 9.80703e-11 4.79106e-09 1.25032e-07 1.76384e-06 1.40935e-05 6.82913e-05 0.000214463 0.000452329 0.000643823 0.000633515 0.000464314 0.000275972 0.00013949 5.94587e-05 1.95503e-05 3.55417e-06 0 
0 0.000195863 0.000110934 1.05606e-05 2.56896e-07 2.08151e-09 7.52893e-12 1.71056e-14 3.54697e-17 1.00648e-19 1.00363e-21 9.79815e-23 3.56752e-23 2.47671e-23 2.27218e-23 2.58428e-23 4.17897e-23 1.41893e-22 1.84116e-21 1.31669e-19 1.64102e-17 2.13115e-15 2.32435e-13 1.80449e-11 8.85089e-10 2.55495e-08 4.23914e-07 4.1177e-06 2.45925e-05 9.60225e-05 0.000257451 0.000481897 0.000627429 0.000582548 0.000414038 0.00024282 0.000122121 5.19681e-05 1.70786e-05 3.10435e-06 0 
0 0.00020976 0.000159205 2.354e-05 1.03842e-06 1.75398e-08 1.46705e-10 8.16693e-13 4.17904e-15 2.72708e-17 3.11238e-19 9.57247e-21 1.40149e-21 6.50646e-22 5.57459e-22 7.99149e-22 2.37371e-21 2.40094e-20 7.00886e-19 3.441e-17 2.13115e-15 1.35e-13 7.29429e-12 2.89827e-10 7.59363e-09 1.23238e-07 1.22781e-06 7.83273e-06 3.43063e-05 0.000109451 0.000259786 0.000451182 0.000560505 0.000506882 0.00035593 0.000207801 0.000104362 4.43947e-05 1.45886e-05 2.65172e-06 0 
0 0.000218434 0.000221387 5.03372e-05 3.94786e-06 1.35687e-07 2.55577e-09 3.39001e-11 4.15947e-13 6.22505e-15 1.47285e-16 6.88489e-18 7.57018e-19 2.18838e-19 1.69475e-19 3.38068e-19 1.62057e-18 1.63216e-17 2.89217e-16 7.46571e-15 2.32435e-13 7.29429e-12 1.95964e-10 3.90446e-09 5.136e-08 4.17387e-07 2.14273e-06 7.88513e-06 2.45082e-05 6.96293e-05 0.000170936 0.000322126 0.000429566 0.000406383 0.00029219 0.000172423 8.69693e-05 3.7055e-05 1.21834e-05 2.21495e-06 0 
0 0.000219276 0.00029294 0.000100282 1.34566e-05 8.96023e-07 3.59857e-08 1.07385e-09 2.9826e-11 9.68816e-13 4.5593e-14 3.7355e-15 6.12884e-16 2.19724e-16 1.77468e-16 3.1496e-16 1.14023e-15 7.51581e-15 7.83653e-14 1.10668e-12 1.80449e-11 2.89827e-10 3.90446e-09 3.71669e-08 2.09197e-07 6.16628e-07 1.0359e-06 1.4758e-06 2.97497e-06 1.0106e-05 4.18773e-05 0.000132797 0.000252076 0.000288492 0.000226236 0.000138216 7.05958e-05 3.02061e-05 9.94498e-06 1.80876e-06 0 
0 0.000210668 0.000363145 0.000182019 3.97859e-05 4.8017e-06 3.81309e-07 2.36514e-08 1.37432e-09 8.99329e-11 7.87763e-12 1.07132e-12 2.53247e-13 1.11642e-13 9.40752e-14 1.48533e-13 4.13982e-13 1.85893e-12 1.20015e-11 9.80703e-11 8.85089e-10 7.59363e-09 5.136e-08 2.09197e-07 3.52753e-07 1.76574e-07 3.13426e-08 6.11056e-09 6.21061e-09 5.40226e-08 1.29537e-06 1.94566e-05 9.54122e-05 0.0001725 0.000163172 0.000106735 5.57766e-05 2.40378e-05 7.9314e-06 1.44346e-06 0 
0 0.000192627 0.000416336 0.000295803 0.000100032 2.0298e-05 2.91774e-06 3.427e-07 3.79798e-08 4.58988e-09 6.93004e-10 1.46937e-10 4.7831e-11 2.52713e-11 2.21005e-11 3.14991e-11 6.98209e-11 2.23945e-10 9.49239e-10 4.79106e-09 2.55495e-08 1.23238e-07 4.17387e-07 6.16628e-07 1.76574e-07 4.11451e-09 1.00694e-11 3.3125e-14 9.01186e-15 1.05951e-12 1.38631e-09 5.99617e-07 2.00843e-05 8.45238e-05 0.000109456 7.94933e-05 4.29091e-05 1.86705e-05 6.17744e-06 1.12512e-06 0 
0 0.000167007 0.000437147 0.000423984 0.000211492 6.70612e-05 1.5912e-05 3.20302e-06 6.13033e-07 1.24667e-07 2.98954e-08 9.24751e-09 3.95207e-09 2.43589e-09 2.1987e-09 2.87237e-09 5.2393e-09 1.26193e-08 3.73774e-08 1.25032e-07 4.23914e-07 1.22781e-06 2.14273e-06 1.0359e-06 3.13426e-08 1.00694e-11 3.89845e-16 2.22381e-15 1.53519e-15 1.15025e-14 6.62429e-14 4.83285e-09 2.70423e-06 3.63848e-05 7.01831e-05 5.76086e-05 3.22137e-05 1.41553e-05 4.69614e-06 8.55951e-07 0 
0 0.000137076 0.000418085 0.000528981 0.000372488 0.000173512 6.24172e-05 1.95275e-05 5.8431e-06 1.82086e-06 6.3877e-07 2.69706e-07 1.44275e-07 1.00982e-07 9.35575e-08 1.13741e-07 1.76625e-07 3.35854e-07 7.40148e-07 1.76384e-06 4.1177e-06 7.83273e-06 7.88513e-06 1.4758e-06 6.11056e-09 3.3125e-14 2.22381e-15 7.09146e-16 8.20684e-16 3.05389e-15 3.67067e-14 6.18853e-11 4.58132e-07 1.70856e-05 4.57906e-05 4.1298e-05 2.36859e-05 1.04773e-05 3.4819e-06 6.34916e-07 0 
0 0.000106561 0.000364217 0.000569797 0.000540135 0.000352094 0.000179561 8.02172e-05 3.42409e-05 1.49651e-05 7.10013e-06 3.83957e-06 2.45618e-06 1.90257e-06 1.79962e-06 2.06557e-06 2.82071e-06 4.44193e-06 7.73641e-06 1.40935e-05 2.45925e-05 3.43063e-05 2.45082e-05 2.97497e-06 6.21061e-09 9.01186e-15 1.53519e-15 8.20684e-16 2.35563e-15 1.04075e-14 1.63781e-13 1.66289e-11 2.388e-07 1.13244e-05 3.2479e-05 2.97391e-05 1.71024e-05 7.56764e-06 2.51491e-06 4.58577e-07 0 
0 7.86229e-05 0.000290619 0.000530877 0.00063888 0.000556385 0.000383495 0.000230039 0.000130222 7.40252e-05 4.43142e-05 2.8981e-05 2.12687e-05 1.78083e-05 1.71131e-05 1.87889e-05 2.32392e-05 3.16546e-05 4.60175e-05 6.82913e-05 9.60225e-05 0.000109451 6.96293e-05 1.0106e-05 5.40226e-08 1.05951e-12 1.15025e-14 3.05389e-15 1.04075e-14 1.88223e-15 1.28435e-15 2.18635e-10 4.98641e-07 1.13678e-05 2.54258e-05 2.15509e-05 1.21135e-05 5.32491e-06 1.76629e-06 3.21902e-07 0 
0 5.52047e-05 0.000214395 0.000433731 0.000619539 0.000679595 0.000605817 0.000468209 0.000335154 0.000235012 0.000168465 0.000127327 0.000103636 9.19877e-05 8.94385e-05 9.4967e-05 0.000109027 0.000133111 0.000168757 0.000214463 0.000257451 0.000259786 0.000170936 4.18773e-05 1.29537e-06 1.38631e-09 6.62429e-14 3.67068e-14 1.63781e-13 1.28435e-15 4.33586e-12 1.86663e-08 2.13724e-06 1.42274e-05 2.08294e-05 1.54763e-05 8.36844e-06 3.63809e-06 1.20301e-06 2.19053e-07 0 
0 3.69607e-05 0.000147702 0.000317419 0.000505091 0.000650332 0.000706906 0.000674544 0.000590222 0.000494387 0.000411177 0.000349051 0.000308211 0.000286254 0.000280868 0.000290666 0.000315022 0.000353151 0.000402029 0.000452329 0.000481897 0.000451182 0.000322126 0.000132797 1.94566e-05 5.99617e-07 4.83285e-09 6.18853e-11 1.66289e-11 2.18635e-10 1.86663e-08 8.63184e-07 7.64989e-06 1.68454e-05 1.6509e-05 1.0763e-05 5.59158e-06 2.40232e-06 7.91666e-07 1.44012e-07 0 
0 2.35964e-05 9.57357e-05 0.000212488 0.000358943 0.000508206 0.000628534 0.000697867 0.000714207 0.000692416 0.000652638 0.000611225 0.000578057 0.000557753 0.000551664 0.000559199 0.000578185 0.000604375 0.000630298 0.000643823 0.000627429 0.000560505 0.000429566 0.000252076 9.54122e-05 2.00843e-05 2.70423e-06 4.58132e-07 2.388e-07 4.98641e-07 2.13724e-06 7.64989e-06 1.48148e-05 1.61329e-05 1.20117e-05 7.11493e-06 3.58287e-06 1.52447e-06 5.0091e-07 9.1042e-08 0 
0 1.43205e-05 5.85344e-05 0.000131972 0.000229595 0.000341264 0.000452799 0.000549666 0.000621888 0.000666994 0.000689178 0.000695963 0.000694862 0.000691438 0.000688693 0.000687145 0.00068511 0.000679009 0.000663775 0.000633515 0.000582548 0.000506882 0.000406383 0.000288492 0.0001725 8.45238e-05 3.63848e-05 1.70856e-05 1.13244e-05 1.13678e-05 1.42274e-05 1.68454e-05 1.61329e-05 1.23368e-05 7.90495e-06 4.4239e-06 2.18399e-06 9.23185e-07 3.02706e-07 5.49822e-08 0 
0 8.20139e-06 3.36364e-05 7.63709e-05 0.000134621 0.00020455 0.000280468 0.000355683 0.000423909 0.000480663 0.000523963 0.000554067 0.000572567 0.000581365 0.000581929 0.000574942 0.000560309 0.000537418 0.000505547 0.000464314 0.000414038 0.00035593 0.00029219 0.000226236 0.000163172 0.000109456 7.01831e-05 4.57906e-05 3.2479e-05 2.54258e-05 2.08294e-05 1.6509e-05 1.20117e-05 7.90495e-06 4.72463e-06 2.56943e-06 1.25484e-06 5.28404e-07 1.73036e-07 3.14163e-08 0 
0 4.37223e-06 1.79578e-05 4.08923e-05 7.24723e-05 0.000111117 0.000154448 0.000199533 0.00024328 0.000282892 0.000316232 0.000341974 0.000359532 0.000368859 0.000370216 0.000364019 0.000350773 0.000331105 0.000305824 0.000275972 0.00024282 0.000207801 0.000172423 0.000138216 0.000106735 7.94933e-05 5.76086e-05 4.1298e-05 2.97391e-05 2.15509e-05 1.54763e-05 1.0763e-05 7.11493e-06 4.4239e-06 2.56943e-06 1.37959e-06 6.70257e-07 2.81683e-07 9.21771e-08 1.67315e-08 0 
0 2.11725e-06 8.70112e-06 1.98364e-05 3.52286e-05 5.41994e-05 7.57253e-05 9.85241e-05 0.000121185 0.000142318 0.000160701 0.000175377 0.000185705 0.00019136 0.000192296 0.000188712 0.000181007 0.00016975 0.000155646 0.00013949 0.000122121 0.000104362 8.69693e-05 7.05958e-05 5.57766e-05 4.29091e-05 3.22137e-05 2.36859e-05 1.71024e-05 1.21135e-05 8.36844e-06 5.59158e-06 3.58287e-06 2.18399e-06 1.25484e-06 6.70257e-07 3.24894e-07 1.36414e-07 4.46239e-08 8.09886e-09 0 
0 8.88561e-07 3.65249e-06 8.33035e-06 1.48056e-05 2.28065e-05 3.19228e-05 4.16375e-05 5.13733e-05 6.05448e-05 6.86122e-05 7.51261e-05 7.97588e-05 8.23207e-05 8.27623e-05 8.11646e-05 7.77219e-05 7.27192e-05 6.65042e-05 5.94587e-05 5.19681e-05 4.43947e-05 3.7055e-05 3.02061e-05 2.40378e-05 1.86705e-05 1.41553e-05 1.04773e-05 7.56764e-06 5.32491e-06 3.63809e-06 2.40232e-06 1.52447e-06 9.23185e-07 5.28404e-07 2.81683e-07 1.36414e-07 5.72534e-08 1.87258e-08 3.39836e-09 0 
0 2.9061e-07 1.19467e-06 2.72514e-06 4.84469e-06 7.46592e-06 1.04567e-05 1.36502e-05 1.68593e-05 1.98924e-05 2.257e-05 2.474e-05 2.62886e-05 2.7148e-05 2.72981e-05 2.67653e-05 2.56162e-05 2.39491e-05 2.18837e-05 1.95503e-05 1.70786e-05 1.45886e-05 1.21834e-05 9.94498e-06 7.9314e-06 6.17744e-06 4.69614e-06 3.4819e-06 2.51491e-06 1.76629e-06 1.20301e-06 7.91666e-07 5.0091e-07 3.02706e-07 1.73036e-07 9.21771e-08 4.46239e-08 1.87258e-08 6.12418e-09 1.11139e-09 0 
0 5.27389e-08 2.16811e-07 4.94591e-07 8.79352e-07 1.35531e-06 1.89862e-06 2.47914e-06 3.06298e-06 3.61536e-06 4.10356e-06 4.49967e-06 4.78266e-06 4.93987e-06 4.96746e-06 4.87019e-06 4.66032e-06 4.35599e-06 3.9793e-06 3.55417e-06 3.10435e-06 2.65172e-06 2.21495e-06 1.80876e-06 1.44346e-06 1.12512e-06 8.55951e-07 6.34916e-07 4.58577e-07 3.21902e-07 2.19053e-07 1.44012e-07 9.1042e-08 5.49822e-08 3.14163e-08 1.67315e-08 8.09886e-09 3.39836e-09 1.11139e-09 2.01686e-10 0 
0 0 0 0 0 0 0 0 0 0 0 0 0 0 0 0 0 0 0 0 0 0 0 0 0 0 0 0 0 0 0 0 0 0 0 0 0 0 0 0 0 
