0 0 0 0 0 0 0 0 0 0 0 0 0 0 0 0 0 0 0 0 0 0 0 0 0 0 0 0 0 0 0 0 0 0 0 0 0 0 0 0 0 
0 1.37021e-05 5.58751e-05 0.000125453 0.000216867 0.000319676 0.00042033 0.000506154 0.00056948 0.000609244 0.000629527 0.000636676 0.000636826 0.000634547 0.000632428 0.000631168 0.000629834 0.000626197 0.000617172 0.000599434 0.000570238 0.000528294 0.000474421 0.000411632 0.000344512 0.000278091 0.000216696 0.000163216 0.000118951 8.39039e-05 5.72282e-05 3.76583e-05 2.3813e-05 1.43811e-05 8.21659e-06 4.37562e-06 2.11791e-06 8.88669e-07 2.90623e-07 5.27398e-08 0 
0 5.58751e-05 0.000225189 0.000493257 0.000814319 0.0011134 0.00131427 0.00138029 0.00132981 0.00121341 0.00108094 0.000964781 0.000880011 0.000831118 0.000817981 0.000839148 0.000892721 0.000975513 0.00108104 0.0011971 0.00130438 0.00137811 0.00139423 0.00133853 0.00121372 0.00103918 0.000842916 0.000651136 0.000481589 0.000342412 0.000234488 0.000154595 9.78398e-05 5.91082e-05 3.37762e-05 1.7988e-05 8.70682e-06 3.65339e-06 1.19478e-06 2.16818e-07 0 
0 0.000125453 0.000493257 0.00102399 0.00152817 0.00177542 0.00167249 0.00133787 0.000962013 0.000659678 0.000454858 0.000329157 0.00025796 0.000223342 0.000215504 0.000231374 0.000273479 0.000349499 0.000471719 0.000654509 0.000907199 0.00122081 0.00155334 0.00182835 0.00196221 0.00191067 0.00169581 0.00138766 0.00106154 0.000768578 0.000531098 0.000351609 0.00022293 0.000134779 7.70394e-05 4.1033e-05 1.98622e-05 8.3343e-06 2.7256e-06 4.9462e-07 0 
0 0.000216867 0.000814319 0.00152817 0.00189282 0.00165287 0.0010786 0.000572479 0.000271895 0.000126263 6.18009e-05 3.38595e-05 2.17117e-05 1.67614e-05 1.57626e-05 1.79831e-05 2.44434e-05 3.84395e-05 6.73786e-05 0.000126251 0.000242149 0.000455526 0.000806979 0.00129711 0.00183427 0.00223809 0.00234923 0.00215097 0.00176075 0.00132271 0.000930918 0.000621502 0.000395462 0.000239434 0.000136935 7.29494e-05 3.5314e-05 1.48183e-05 4.84614e-06 8.79441e-07 0 
0 0.000319676 0.0011134 0.00177542 0.00165287 0.000965149 0.000391535 0.000125767 3.63539e-05 1.05961e-05 3.43625e-06 1.34515e-06 6.76171e-07 4.54061e-07 4.13875e-07 5.08475e-07 8.19197e-07 1.65653e-06 3.97914e-06 1.06836e-05 3.0143e-05 8.42785e-05 0.000221349 0.000520468 0.0010495 0.00175107 0.00236759 0.0026032 0.00239494 0.00192177 0.00139835 0.000947949 0.000607096 0.00036851 0.000210957 0.000112422 5.44286e-05 2.28401e-05 7.46964e-06 1.35554e-06 0 
0 0.00042033 0.00131427 0.00167249 0.0010786 0.000391535 9.32013e-05 1.71557e-05 2.84779e-06 4.90861e-07 9.97356e-08 2.66074e-08 1.01246e-08 5.79486e-09 5.09517e-09 6.81173e-09 1.33261e-08 3.59029e-08 1.23461e-07 4.9838e-07 2.1713e-06 9.43955e-06 3.82276e-05 0.000136083 0.000405437 0.000968382 0.00178995 0.00252018 0.00275149 0.00244635 0.00187823 0.00130553 0.000845018 0.000515071 0.000295311 0.00015746 7.62476e-05 3.1998e-05 1.04649e-05 1.8991e-06 0 
0 0.000506154 0.00138029 0.00133787 0.000572479 0.000125767 1.71557e-05 1.75537e-06 1.61369e-07 1.58383e-08 1.94642e-09 3.43527e-10 9.6802e-11 4.66157e-11 3.94042e-11 5.76696e-11 1.39007e-10 5.09934e-10 2.57915e-09 1.61345e-08 1.11961e-07 7.7909e-07 4.98313e-06 2.73058e-05 0.000121365 0.000418712 0.00107875 0.00201493 0.00272447 0.00278192 0.00230539 0.0016623 0.00109299 0.000670337 0.0003852 0.000205551 9.95609e-05 4.17851e-05 1.36661e-05 2.48006e-06 0 
0 0.00056948 0.00132981 0.000962013 0.000271895 3.63539e-05 2.84779e-06 1.61369e-07 8.15684e-09 4.52094e-10 3.33315e-11 3.86423e-12 8.01918e-13 3.23737e-13 2.62691e-13 4.21145e-13 1.25405e-12 6.29131e-12 4.70715e-11 4.59346e-10 5.11152e-09 5.72776e-08 5.8092e-07 4.89995e-06 3.22978e-05 0.000159125 0.000565544 0.00140407 0.00239426 0.00287759 0.00262488 0.00198568 0.00133332 0.000824542 0.000475249 0.000253868 0.000123006 5.16306e-05 1.68867e-05 3.06456e-06 0 
0 0.000609244 0.00121341 0.000659678 0.000126263 1.05961e-05 4.90861e-07 1.58383e-08 4.52094e-10 1.45049e-11 6.55665e-13 5.08132e-14 7.86198e-15 2.67826e-15 2.08746e-15 3.64748e-15 1.32823e-14 8.98327e-14 9.77045e-13 1.45852e-11 2.54963e-10 4.50591e-09 7.09816e-08 9.02568e-07 8.62819e-06 5.91912e-05 0.000282411 0.00091156 0.00194549 0.00277055 0.00281251 0.00225034 0.00154961 0.000968004 0.000559999 0.000299518 0.000145185 6.0948e-05 1.99349e-05 3.61779e-06 0 
0 0.000629527 0.00108094 0.000454858 6.18009e-05 3.43625e-06 9.97356e-08 1.94642e-09 3.33315e-11 6.55665e-13 1.9123e-14 1.03276e-15 1.22738e-16 3.58709e-17 2.69301e-17 5.07515e-17 2.2099e-16 1.95056e-15 2.96264e-14 6.46665e-13 1.69318e-11 4.49881e-10 1.05104e-08 1.92896e-07 2.56767e-06 2.3588e-05 0.000145355 0.000588264 0.00153009 0.00255215 0.00288108 0.00244409 0.0017293 0.00109221 0.000634423 0.000339796 0.000164784 6.91854e-05 2.26302e-05 4.10698e-06 0 
0 0.000636676 0.000964781 0.000329157 3.38595e-05 1.34515e-06 2.66074e-08 3.43527e-10 3.86423e-12 5.08132e-14 1.03276e-15 4.13923e-17 3.95386e-18 1.01697e-18 7.39e-19 1.47944e-18 7.45075e-18 8.17619e-17 1.63307e-15 4.87014e-14 1.77781e-12 6.60848e-11 2.13635e-09 5.30555e-08 9.27458e-07 1.08224e-05 8.20611e-05 0.00039813 0.00121475 0.00231313 0.00286822 0.00256862 0.0018651 0.00119066 0.000694365 0.000372411 0.000180681 7.58705e-05 2.48179e-05 4.50407e-06 0 
0 0.000636826 0.000880011 0.00025796 2.17117e-05 6.76171e-07 1.01246e-08 9.6802e-11 8.01918e-13 7.86198e-15 1.22738e-16 3.95386e-18 3.21579e-19 7.52117e-20 5.32513e-20 1.11147e-19 6.20984e-19 7.97097e-18 1.94083e-16 7.25884e-15 3.37425e-13 1.602e-11 6.56446e-10 2.03364e-08 4.33895e-07 6.02924e-06 5.31486e-05 0.000293843 0.00100599 0.00211284 0.00281676 0.00263486 0.00195471 0.00125921 0.00073684 0.000395658 0.000192034 8.06477e-05 2.63816e-05 4.7879e-06 0 
0 0.000634547 0.000831118 0.000223342 1.67614e-05 4.54061e-07 5.79486e-09 4.66157e-11 3.23737e-13 2.67826e-15 3.58709e-17 1.01697e-18 7.52117e-20 1.66045e-20 1.15452e-20 2.46078e-20 1.45537e-19 2.03956e-18 5.55572e-17 2.36451e-15 1.2627e-13 6.90367e-12 3.24534e-10 1.14331e-08 2.74005e-07 4.21679e-06 4.05961e-05 0.000242277 0.00088772 0.00197818 0.00275999 0.00265622 0.00199926 0.00129597 0.000760166 0.000408527 0.000198336 8.33017e-05 2.72505e-05 4.94565e-06 0 
0 0.000632428 0.000817981 0.000215504 1.57626e-05 4.13875e-07 5.09517e-09 3.94042e-11 2.62691e-13 2.08746e-15 2.69301e-17 7.39e-19 5.32513e-20 1.15452e-20 7.95241e-21 1.69427e-20 1.01023e-19 1.43839e-18 4.00684e-17 1.75266e-15 9.65159e-14 5.45064e-12 2.64695e-10 9.6213e-09 2.37378e-07 3.75011e-06 3.69573e-05 0.000225312 0.000842579 0.00191461 0.00271563 0.00264285 0.00200133 0.00130093 0.000763939 0.000410728 0.000199434 8.37671e-05 2.74032e-05 4.97339e-06 0 
0 0.000631168 0.000839148 0.000231374 1.79831e-05 5.08475e-07 6.81173e-09 5.76696e-11 4.21145e-13 3.64748e-15 5.07515e-17 1.47944e-18 1.11147e-19 2.46078e-20 1.69427e-20 3.53486e-20 2.02677e-19 2.73374e-18 7.13432e-17 2.90338e-15 1.48326e-13 7.77709e-12 3.51986e-10 1.19971e-08 2.79677e-07 4.20985e-06 3.98647e-05 0.000235368 0.000858431 0.00191528 0.00268554 0.0025986 0.00196346 0.0012755 0.000748919 0.000402657 0.000195519 8.21238e-05 2.68658e-05 4.87587e-06 0 
0 0.000629834 0.000892721 0.000273479 2.44434e-05 8.19197e-07 1.33261e-08 1.39007e-10 1.25405e-12 1.32823e-14 2.2099e-16 7.45075e-18 6.20984e-19 1.45537e-19 1.01023e-19 2.02677e-19 1.0707e-18 1.28372e-17 2.89752e-16 1.0016e-14 4.30829e-13 1.90145e-11 7.29473e-10 2.13441e-08 4.34287e-07 5.8133e-06 4.98863e-05 0.000271562 0.000926901 0.00196364 0.00265729 0.00252076 0.00188769 0.00122218 0.000716848 0.000385303 0.00018708 7.85788e-05 2.57062e-05 4.66541e-06 0 
0 0.000626197 0.000975513 0.000349499 3.84395e-05 1.65653e-06 3.59029e-08 5.09934e-10 6.29131e-12 8.98327e-14 1.95056e-15 8.17619e-17 7.97097e-18 2.03956e-18 1.43839e-18 2.73374e-18 1.28372e-17 1.29651e-16 2.36515e-15 6.42659e-14 2.1423e-12 7.31596e-11 2.19206e-09 5.09992e-08 8.45152e-07 9.46996e-06 6.99494e-05 0.000336277 0.00103694 0.00203062 0.0026063 0.00240183 0.00177576 0.00114435 0.000670239 0.000360122 0.000174843 7.3439e-05 2.40249e-05 4.36031e-06 0 
0 0.000617172 0.00108104 0.000471719 6.73786e-05 3.97914e-06 1.23461e-07 2.57915e-09 4.70715e-11 9.77045e-13 2.96264e-14 1.63307e-15 1.94083e-16 5.55572e-17 4.00684e-17 7.13432e-17 2.89752e-16 2.36515e-15 3.30865e-14 6.65179e-13 1.60988e-11 3.97885e-10 8.71873e-09 1.51554e-07 1.93214e-06 1.72283e-05 0.000104869 0.000429449 0.00116375 0.00206968 0.00249886 0.00223218 0.00162972 0.00104607 0.000612131 0.00032888 0.000159688 6.70774e-05 2.19445e-05 3.98278e-06 0 
0 0.000599434 0.0011971 0.000654509 0.000126251 1.06836e-05 4.9838e-07 1.61345e-08 4.59346e-10 1.45852e-11 6.46665e-13 4.87014e-14 7.25884e-15 2.36451e-15 1.75266e-15 2.90338e-15 1.0016e-14 6.42659e-14 6.65179e-13 9.48961e-12 1.59287e-10 2.71602e-09 4.14747e-08 5.13787e-07 4.81745e-06 3.27902e-05 0.000158542 0.000536952 0.00125499 0.00201501 0.00229688 0.00200249 0.00145216 0.000931788 0.0005458 0.000293483 0.000142565 5.98971e-05 1.95971e-05 3.55687e-06 0 
0 0.000570238 0.00130438 0.000907199 0.000242149 3.0143e-05 2.1713e-06 1.11961e-07 5.11152e-09 2.54963e-10 1.69318e-11 1.77781e-12 3.37425e-13 1.2627e-13 9.65159e-14 1.48326e-13 4.30829e-13 2.1423e-12 1.60988e-11 1.59287e-10 1.80636e-09 2.06419e-08 2.12854e-07 1.81668e-06 1.20855e-05 6.05159e-05 0.000224505 0.000612834 0.00122379 0.00178953 0.00196372 0.00170441 0.00124554 0.000805737 0.000474452 0.00025581 0.000124416 5.22981e-05 1.71141e-05 3.10642e-06 0 
0 0.000528294 0.00137811 0.00122081 0.000455526 8.42785e-05 9.43955e-06 7.7909e-07 5.72776e-08 4.50591e-09 4.49881e-10 6.60848e-11 1.602e-11 6.90367e-12 5.45064e-12 7.77709e-12 1.90145e-11 7.31596e-11 3.97885e-10 2.71602e-09 2.06419e-08 1.56212e-07 1.06903e-06 6.1309e-06 2.79504e-05 9.85434e-05 0.000268001 0.000571154 0.000972089 0.00133257 0.00147363 0.00133053 0.00101106 0.000671411 0.000400947 0.000217583 0.000106108 4.46479e-05 1.46161e-05 2.65333e-06 0 
0 0.000474421 0.00139423 0.00155334 0.000806979 0.000221349 3.82276e-05 4.98313e-06 5.8092e-07 7.09816e-08 1.05104e-08 2.13635e-09 6.56446e-10 3.24534e-10 2.64695e-10 3.51986e-10 7.29473e-10 2.19206e-09 8.71873e-09 4.14747e-08 2.12854e-07 1.06903e-06 4.81678e-06 1.81016e-05 5.37452e-05 0.000123127 0.000223215 0.00034583 0.000498669 0.000685615 0.000850697 0.000884617 0.000750123 0.000531569 0.000327717 0.000180285 8.83843e-05 3.72612e-05 1.22059e-05 2.21627e-06 0 
0 0.000411632 0.00133853 0.00182835 0.00129711 0.000520468 0.000136083 2.73058e-05 4.89995e-06 9.02568e-07 1.92896e-07 5.30555e-08 2.03364e-08 1.14331e-08 9.6213e-09 1.19971e-08 2.13441e-08 5.09992e-08 1.51554e-07 5.13787e-07 1.81668e-06 6.1309e-06 1.81016e-05 4.28476e-05 7.48478e-05 9.2407e-05 8.68197e-05 7.89282e-05 9.24772e-05 0.000151035 0.000277583 0.000427459 0.000475623 0.000390282 0.000257062 0.000145171 7.1848e-05 3.03874e-05 9.96454e-06 1.80989e-06 0 
0 0.000344512 0.00121372 0.00196221 0.00183427 0.0010495 0.000405437 0.000121365 3.22978e-05 8.62819e-06 2.56767e-06 9.27458e-07 4.33895e-07 2.74005e-07 2.37378e-07 2.79677e-07 4.34287e-07 8.45152e-07 1.93214e-06 4.81745e-06 1.20855e-05 2.79504e-05 5.37452e-05 7.48478e-05 6.29344e-05 2.75073e-05 7.12172e-06 2.10975e-06 1.73362e-06 5.12153e-06 2.77506e-05 0.000113239 0.000232323 0.00025742 0.000191871 0.000113353 5.69565e-05 2.42056e-05 7.94917e-06 1.44448e-06 0 
0 0.000278091 0.00103918 0.00191067 0.00223809 0.00175107 0.000968382 0.000418712 0.000159125 5.91912e-05 2.3588e-05 1.08224e-05 6.02924e-06 4.21679e-06 3.75011e-06 4.20985e-06 5.8133e-06 9.46996e-06 1.72283e-05 3.27902e-05 6.05159e-05 9.85434e-05 0.000123127 9.2407e-05 2.75073e-05 2.05152e-06 4.46891e-08 1.3671e-09 5.81451e-10 6.91018e-09 4.00547e-07 1.21889e-05 8.01697e-05 0.000149852 0.000135997 8.58283e-05 4.40249e-05 1.88256e-05 6.1935e-06 1.12603e-06 0 
0 0.000216696 0.000842916 0.00169581 0.00234923 0.00236759 0.00178995 0.00107875 0.000565544 0.000282411 0.000145355 8.20611e-05 5.31486e-05 4.05961e-05 3.69573e-05 3.98647e-05 4.98863e-05 6.99494e-05 0.000104869 0.000158542 0.000224505 0.000268001 0.000223215 8.68197e-05 7.12172e-06 4.46891e-08 2.41456e-11 2.26148e-14 3.5925e-15 4.03861e-13 9.58179e-10 6.09307e-07 2.13305e-05 8.02662e-05 9.29834e-05 6.332e-05 3.32104e-05 1.4291e-05 4.70989e-06 8.56709e-07 0 
0 0.000163216 0.000651136 0.00138766 0.00215097 0.0026032 0.00252018 0.00201493 0.00140407 0.00091156 0.000588264 0.00039813 0.000293843 0.000242277 0.000225312 0.000235368 0.000271562 0.000336277 0.000429449 0.000536952 0.000612834 0.000571154 0.00034583 7.89282e-05 2.10975e-06 1.3671e-09 2.26148e-14 1.59842e-17 7.3237e-18 5.75948e-17 3.75138e-12 4.09486e-08 6.52547e-06 4.49888e-05 6.36232e-05 4.59421e-05 2.44908e-05 1.05852e-05 3.49268e-06 6.35503e-07 0 
0 0.000118951 0.000481589 0.00106154 0.00176075 0.00239494 0.00275149 0.00272447 0.00239426 0.00194549 0.00153009 0.00121475 0.00100599 0.00088772 0.000842579 0.000858431 0.000926901 0.00103694 0.00116375 0.00125499 0.00122379 0.000972089 0.000498669 9.24772e-05 1.73362e-06 5.81451e-10 3.5925e-15 7.32374e-18 3.82665e-19 3.64183e-17 7.37698e-13 1.66295e-08 3.86084e-06 3.06838e-05 4.5285e-05 3.30655e-05 1.76739e-05 7.64366e-06 2.52247e-06 4.58986e-07 0 
0 8.39039e-05 0.000342412 0.000768578 0.00132271 0.00192177 0.00244635 0.00278192 0.00287759 0.00277055 0.00255215 0.00231313 0.00211284 0.00197818 0.00191461 0.00191528 0.00196364 0.00203062 0.00206968 0.00201501 0.00178953 0.00133257 0.000685615 0.000151035 5.12153e-06 6.91018e-09 4.03861e-13 5.75949e-17 3.64184e-17 1.25341e-15 2.08989e-11 6.41035e-08 5.12908e-06 2.64882e-05 3.38005e-05 2.36155e-05 1.24643e-05 5.37163e-06 1.77096e-06 3.22156e-07 0 
0 5.72282e-05 0.000234488 0.000531098 0.000930918 0.00139835 0.00187823 0.00230539 0.00262488 0.00281251 0.00288108 0.00286822 0.00281676 0.00275999 0.00271563 0.00268554 0.00265729 0.0026063 0.00249886 0.00229688 0.00196372 0.00147363 0.000850697 0.000277583 2.77506e-05 4.00547e-07 9.58179e-10 3.75138e-12 7.37698e-13 2.08989e-11 6.28752e-09 7.51848e-07 1.03199e-05 2.57571e-05 2.56069e-05 1.65693e-05 8.55288e-06 3.66294e-06 1.20552e-06 2.19192e-07 0 
0 3.76583e-05 0.000154595 0.000351609 0.000621502 0.000947949 0.00130553 0.0016623 0.00198568 0.00225034 0.00244409 0.00256862 0.00263486 0.00265622 0.00264285 0.0025986 0.00252076 0.00240183 0.00223218 0.00200249 0.00170441 0.00133053 0.000884617 0.000427459 0.000113239 1.21889e-05 6.09307e-07 4.09486e-08 1.66295e-08 6.41035e-08 7.51848e-07 6.11774e-06 1.84534e-05 2.39221e-05 1.87697e-05 1.12507e-05 5.67438e-06 2.41373e-06 7.92851e-07 1.44079e-07 0 
0 2.3813e-05 9.78398e-05 0.00022293 0.000395462 0.000607096 0.000845018 0.00109299 0.00133332 0.00154961 0.0017293 0.0018651 0.00195471 0.00199926 0.00200133 0.00196346 0.00188769 0.00177576 0.00162972 0.00145216 0.00124554 0.00101106 0.000750123 0.000475623 0.000232323 8.01697e-05 2.13305e-05 6.52547e-06 3.86084e-06 5.12908e-06 1.03199e-05 1.84534e-05 2.25868e-05 1.9299e-05 1.28785e-05 7.29798e-06 3.61466e-06 1.529e-06 5.01396e-07 9.10703e-08 0 
0 1.43811e-05 5.91082e-05 0.000134779 0.000239434 0.00036851 0.000515071 0.000670337 0.000824542 0.000968004 0.00109221 0.00119066 0.00125921 0.00129597 0.00130093 0.0012755 0.00122218 0.00114435 0.00104607 0.000931788 0.000805737 0.000671411 0.000531569 0.000390282 0.00025742 0.000149852 8.02662e-05 4.49888e-05 3.06838e-05 2.64882e-05 2.57571e-05 2.39221e-05 1.9299e-05 1.33835e-05 8.17656e-06 4.48209e-06 2.19448e-06 9.24741e-07 3.0288e-07 5.49927e-08 0 
0 8.21659e-06 3.37762e-05 7.70394e-05 0.000136935 0.000210957 0.000295311 0.0003852 0.000475249 0.000559999 0.000634423 0.000694365 0.00073684 0.000760166 0.000763939 0.000748919 0.000716848 0.000670239 0.000612131 0.0005458 0.000474452 0.000400947 0.000327717 0.000257062 0.000191871 0.000135997 9.29834e-05 6.36232e-05 4.5285e-05 3.38005e-05 2.56069e-05 1.87697e-05 1.28785e-05 8.17656e-06 4.79573e-06 2.58524e-06 1.25783e-06 5.28868e-07 1.7309e-07 3.14197e-08 0 
0 4.37562e-06 1.7988e-05 4.1033e-05 7.29494e-05 0.000112422 0.00015746 0.000205551 0.000253868 0.000299518 0.000339796 0.000372411 0.000395658 0.000408527 0.000410728 0.000402657 0.000385303 0.000360122 0.00032888 0.000293483 0.00025581 0.000217583 0.000180285 0.000145171 0.000113353 8.58283e-05 6.332e-05 4.59421e-05 3.30655e-05 2.36155e-05 1.65693e-05 1.12507e-05 7.29798e-06 4.48209e-06 2.58524e-06 1.38328e-06 6.7099e-07 2.81802e-07 9.21917e-08 1.67325e-08 0 
0 2.11791e-06 8.70682e-06 1.98622e-05 3.5314e-05 5.44286e-05 7.62476e-05 9.95609e-05 0.000123006 0.000145185 0.000164784 0.000180681 0.000192034 0.000198336 0.000199434 0.000195519 0.00018708 0.000174843 0.000159688 0.000142565 0.000124416 0.000106108 8.83843e-05 7.1848e-05 5.69565e-05 4.40249e-05 3.32104e-05 2.44908e-05 1.76739e-05 1.24643e-05 8.55288e-06 5.67438e-06 3.61466e-06 2.19448e-06 1.25783e-06 6.7099e-07 3.25047e-07 1.3644e-07 4.46273e-08 8.09908e-09 0 
0 8.88669e-07 3.65339e-06 8.3343e-06 1.48183e-05 2.28401e-05 3.1998e-05 4.17851e-05 5.16306e-05 6.0948e-05 6.91854e-05 7.58705e-05 8.06477e-05 8.33017e-05 8.37671e-05 8.21238e-05 7.85788e-05 7.3439e-05 6.70774e-05 5.98971e-05 5.22981e-05 4.46479e-05 3.72612e-05 3.03874e-05 2.42056e-05 1.88256e-05 1.4291e-05 1.05852e-05 7.64366e-06 5.37163e-06 3.66294e-06 2.41373e-06 1.529e-06 9.24741e-07 5.28868e-07 2.81802e-07 1.3644e-07 5.72581e-08 1.87264e-08 3.3984e-09 0 
0 2.90623e-07 1.19478e-06 2.7256e-06 4.84614e-06 7.46964e-06 1.04649e-05 1.36661e-05 1.68867e-05 1.99349e-05 2.26302e-05 2.48179e-05 2.63816e-05 2.72505e-05 2.74032e-05 2.68658e-05 2.57062e-05 2.40249e-05 2.19445e-05 1.95971e-05 1.71141e-05 1.46161e-05 1.22059e-05 9.96454e-06 7.94917e-06 6.1935e-06 4.70989e-06 3.49268e-06 2.52247e-06 1.77096e-06 1.20552e-06 7.92851e-07 5.01396e-07 3.0288e-07 1.7309e-07 9.21917e-08 4.46273e-08 1.87264e-08 6.12427e-09 1.11139e-09 0 
0 5.27398e-08 2.16818e-07 4.9462e-07 8.79441e-07 1.35554e-06 1.8991e-06 2.48006e-06 3.06456e-06 3.61779e-06 4.10698e-06 4.50407e-06 4.7879e-06 4.94565e-06 4.97339e-06 4.87587e-06 4.66541e-06 4.36031e-06 3.98278e-06 3.55687e-06 3.10642e-06 2.65333e-06 2.21627e-06 1.80989e-06 1.44448e-06 1.12603e-06 8.56709e-07 6.35503e-07 4.58986e-07 3.22156e-07 2.19192e-07 1.44079e-07 9.10703e-08 5.49927e-08 3.14197e-08 1.67325e-08 8.09908e-09 3.3984e-09 1.11139e-09 2.01687e-10 0 
0 0 0 0 0 0 0 0 0 0 0 0 0 0 0 0 0 0 0 0 0 0 0 0 0 0 0 0 0 0 0 0 0 0 0 0 0 0 0 0 0 
