0 0 0 0 0 0 0 0 0 0 0 0 0 0 0 0 0 0 0 0 0 0 0 0 0 0 0 0 0 0 0 0 0 0 0 0 0 0 0 0 0 
0 1.34814e-05 5.39007e-05 0.000116701 0.000190291 0.000258463 0.000307257 0.000331143 0.000333403 0.000321876 0.000304538 0.000287285 0.000273655 0.000265384 0.000263066 0.000266589 0.00027532 0.00028808 0.00030303 0.000317572 0.000328439 0.000332096 0.000325488 0.000306973 0.00027706 0.000238521 0.000195674 0.000153128 0.000114581 8.21916e-05 5.66203e-05 3.74624e-05 2.37556e-05 1.43658e-05 8.21291e-06 4.37483e-06 2.11776e-06 8.88645e-07 2.9062e-07 5.27396e-08 0 
0 5.39007e-05 0.000207081 0.000413916 0.000588519 0.000653968 0.000602268 0.000486367 0.000363834 0.000264712 0.00019502 0.000150143 0.000123585 0.000110321 0.000107436 0.00011393 0.000130422 0.000158906 0.000202375 0.000263958 0.000345151 0.00044303 0.000547273 0.00063927 0.000696139 0.000700004 0.000647574 0.000552434 0.000437694 0.000325119 0.000228406 0.000152672 9.72906e-05 5.89662e-05 3.3743e-05 1.79811e-05 8.70554e-06 3.65319e-06 1.19475e-06 2.16816e-07 0 
0 0.000116701 0.000413916 0.000703542 0.000762908 0.000582805 0.000344375 0.000173541 8.14524e-05 3.83626e-05 1.92948e-05 1.08996e-05 7.18126e-06 5.65075e-06 5.35917e-06 6.09583e-06 8.17273e-06 1.25678e-05 2.14255e-05 3.90025e-05 7.29885e-05 0.000135431 0.000241065 0.000399596 0.000600849 0.000801764 0.000935659 0.000951596 0.000851135 0.000682024 0.000500216 0.000341895 0.000220202 0.000134091 7.68829e-05 4.10012e-05 1.98565e-05 8.33345e-06 2.7255e-06 4.94614e-07 0 
0 0.000190291 0.000588519 0.000762908 0.000542734 0.000243304 7.95278e-05 2.16704e-05 5.52983e-06 1.46635e-06 4.43379e-07 1.6535e-07 8.07382e-08 5.35984e-08 4.9059e-08 6.1359e-08 1.01827e-07 2.14222e-07 5.39879e-07 1.53193e-06 4.60009e-06 1.38007e-05 3.93513e-05 0.000102335 0.000234658 0.000460925 0.000756106 0.00101751 0.00112153 0.00103253 0.000821941 0.00058661 0.000385697 0.000237006 0.000136395 7.28422e-05 3.52953e-05 1.48156e-05 4.84583e-06 8.79422e-07 0 
0 0.000258463 0.000653968 0.000582805 0.000243304 5.78167e-05 9.38851e-06 1.22369e-06 1.48846e-07 1.95282e-08 3.15905e-09 7.06624e-10 2.38561e-10 1.28444e-10 1.12532e-10 1.58205e-10 3.41457e-10 1.05669e-09 4.3081e-09 2.10914e-08 1.13026e-07 6.08584e-07 3.0598e-06 1.35556e-05 5.07164e-05 0.000155457 0.000380947 0.000729153 0.0010721 0.00121754 0.00110699 0.000850134 0.000579318 0.000361634 0.00020945 0.000112129 5.43786e-05 2.28329e-05 7.46885e-06 1.35549e-06 0 
0 0.000307257 0.000602268 0.000344375 7.95278e-05 9.38851e-06 6.95607e-07 3.92435e-08 2.04956e-09 1.20331e-10 9.52363e-12 1.18774e-12 2.63015e-13 1.1146e-13 9.28763e-14 1.49209e-13 4.34732e-13 2.09057e-12 1.47658e-11 1.34816e-10 1.40033e-09 1.47022e-08 1.40996e-07 1.14068e-06 7.36037e-06 3.65957e-05 0.000137478 0.000384273 0.000784921 0.00115956 0.00126573 0.00108287 0.000779527 0.000498731 0.000291753 0.000156778 7.61333e-05 3.19819e-05 1.04631e-05 1.899e-06 0 
0 0.000331143 0.000486367 0.000173541 2.16704e-05 1.22369e-06 3.92435e-08 9.02604e-10 1.90419e-11 4.72167e-13 1.737e-14 1.15841e-15 1.63248e-16 5.35207e-17 4.22534e-17 7.82846e-17 3.14451e-16 2.42405e-15 3.084e-14 5.48984e-13 1.15904e-11 2.49014e-10 4.77357e-09 7.36223e-08 8.49501e-07 7.02746e-06 4.09397e-05 0.000167217 0.00047598 0.000932587 0.00126248 0.00124033 0.000961878 0.000636955 0.000377924 0.000204167 9.9332e-05 4.17534e-05 1.36627e-05 2.47987e-06 0 
0 0.000333403 0.000363834 8.14524e-05 5.52983e-06 1.48846e-07 2.04956e-09 1.90419e-11 1.60814e-13 1.67023e-15 2.83542e-17 1.00733e-18 9.18707e-20 2.44374e-20 1.85717e-20 3.80369e-20 2.03387e-19 2.50057e-18 5.7567e-17 2.01008e-15 8.68381e-14 3.84508e-12 1.48425e-10 4.39562e-09 9.12699e-08 1.26062e-06 1.13582e-05 6.69959e-05 0.000261154 0.000671872 0.00113615 0.00130425 0.00110627 0.000764914 0.000462146 0.000251384 0.000122599 5.15747e-05 1.68808e-05 3.06422e-06 0 
0 0.000321876 0.000264712 3.83626e-05 1.46635e-06 1.95282e-08 1.20331e-10 4.72167e-13 1.67023e-15 7.58718e-18 6.2405e-20 1.4153e-21 1.40892e-22 4.90176e-23 3.95235e-23 6.66886e-23 2.75137e-22 3.76059e-21 1.42455e-19 9.39927e-18 8.01805e-16 7.06026e-14 5.30326e-12 2.92241e-10 1.06186e-08 2.3894e-07 3.25462e-06 2.70539e-05 0.000140375 0.000461414 0.000960259 0.00128857 0.00120345 0.000873586 0.00053897 0.00029553 0.000144535 6.08596e-05 1.99258e-05 3.61727e-06 0 
0 0.000304538 0.00019502 1.92948e-05 4.43379e-07 3.15905e-09 9.52363e-12 1.737e-14 2.83542e-17 6.2405e-20 3.1804e-22 7.74914e-24 1.0451e-24 4.54964e-25 3.83704e-25 5.55395e-25 1.71148e-24 1.73041e-23 7.21394e-22 7.83903e-20 1.22019e-17 1.97948e-15 2.68759e-13 2.57341e-11 1.53893e-09 5.34922e-08 1.05258e-06 1.18488e-05 7.87977e-05 0.00031898 0.000793408 0.00122619 0.00125646 0.000957989 0.000604039 0.000334014 0.000163845 6.90583e-05 2.26171e-05 4.10625e-06 0 
0 0.000287285 0.000150143 1.08996e-05 1.6535e-07 7.06624e-10 1.18774e-12 1.15841e-15 1.00733e-18 1.4153e-21 7.74915e-24 1.83057e-25 2.31472e-26 1.09964e-26 9.50125e-27 1.24468e-26 3.29255e-26 3.11497e-25 1.23946e-23 1.606e-21 3.93555e-19 1.05114e-16 2.31574e-14 3.48441e-12 3.1331e-10 1.55509e-08 4.13638e-07 5.96563e-06 4.84861e-05 0.000231551 0.000663179 0.00115038 0.00127669 0.00101734 0.000654485 0.000364785 0.000179443 7.57036e-05 2.48009e-05 4.50312e-06 0 
0 0.000273655 0.000123585 7.18126e-06 8.07382e-08 2.38561e-10 2.63015e-13 1.63248e-16 9.18707e-20 1.40893e-22 1.04511e-24 2.31475e-26 1.49791e-27 4.82304e-28 4.0028e-28 5.18074e-28 1.70146e-27 2.34401e-26 9.64084e-25 1.09845e-22 3.27836e-20 1.24692e-17 3.89774e-15 8.13243e-13 9.82337e-11 6.31095e-09 2.08846e-07 3.60403e-06 3.38443e-05 0.000181785 0.000575209 0.00108443 0.00127776 0.0010538 0.000688912 0.000386448 0.000190539 8.04463e-05 2.6361e-05 4.78676e-06 0 
0 0.000265384 0.000110321 5.65075e-06 5.35984e-08 1.28444e-10 1.1146e-13 5.35207e-17 2.44374e-20 4.90178e-23 4.54968e-25 1.09965e-26 4.82313e-28 4.74626e-29 2.40007e-29 4.2773e-29 3.41604e-28 6.9656e-27 2.7841e-25 2.71177e-23 7.97964e-21 3.66586e-18 1.39838e-15 3.51527e-13 5.0253e-11 3.74127e-09 1.40284e-07 2.68255e-06 2.73566e-05 0.000157082 0.000525979 0.00104057 0.00127082 0.0010706 0.000707063 0.000398281 0.00019667 8.30774e-05 2.72276e-05 4.94438e-06 0 
0 0.000263066 0.000107436 5.35917e-06 4.9059e-08 1.12532e-10 9.28763e-14 4.22534e-17 1.85717e-20 3.95237e-23 3.83708e-25 9.5014e-27 4.00289e-28 2.40012e-29 4.60112e-30 1.75488e-29 2.43395e-28 5.387e-27 2.13123e-25 2.00783e-23 5.81336e-21 2.77301e-18 1.1037e-15 2.88819e-13 4.28284e-11 3.2931e-09 1.26924e-07 2.48286e-06 2.57906e-05 0.000150368 0.000510455 0.00102284 0.00126223 0.00107048 0.000709385 0.000400174 0.000197715 8.35355e-05 2.73796e-05 4.97208e-06 0 
0 0.000266589 0.00011393 6.09583e-06 6.1359e-08 1.58205e-10 1.49209e-13 7.82846e-17 3.80369e-20 6.66888e-23 5.554e-25 1.24469e-26 5.18083e-28 4.27731e-29 1.75485e-29 4.34077e-29 4.25008e-28 9.05622e-27 3.84018e-25 4.03632e-23 1.21717e-20 5.25183e-18 1.87303e-15 4.42588e-13 5.988e-11 4.25101e-09 1.53175e-07 2.83589e-06 2.8196e-05 0.000158842 0.000524794 0.00102985 0.00125317 0.00105478 0.000696691 0.000392539 0.000193868 8.19008e-05 2.6843e-05 4.8746e-06 0 
0 0.00027532 0.000130422 8.17273e-06 1.01827e-07 3.41457e-10 4.34732e-13 3.14451e-16 2.03387e-19 2.75137e-22 1.71149e-24 3.29258e-26 1.70146e-27 3.41599e-28 2.4339e-28 4.25003e-28 2.28591e-27 3.98684e-26 1.85384e-24 2.35559e-22 6.77094e-20 2.28784e-17 6.36288e-15 1.19244e-12 1.30922e-10 7.74627e-09 2.39287e-07 3.90536e-06 3.51154e-05 0.000182684 0.000566026 0.00105564 0.00124006 0.00102345 0.000670016 0.000376225 0.000185595 7.83774e-05 2.56855e-05 4.66426e-06 0 
0 0.00028808 0.000158906 1.25678e-05 2.14222e-07 1.05669e-09 2.09057e-12 2.42405e-15 2.50057e-18 3.76059e-21 1.73041e-23 3.11497e-25 2.344e-26 6.96552e-27 5.38692e-27 9.05612e-27 3.98682e-26 5.95065e-25 2.97072e-23 3.9773e-21 8.66245e-19 2.01074e-16 3.87447e-14 5.15537e-12 4.15577e-10 1.87731e-08 4.61578e-07 6.24858e-06 4.8393e-05 0.000223602 0.000629496 0.00108892 0.00121542 0.000975431 0.000630654 0.00035244 0.000173581 7.32668e-05 2.40071e-05 4.35931e-06 0 
0 0.00030303 0.000202375 2.14255e-05 5.39879e-07 4.3081e-09 1.47658e-11 3.084e-14 5.7567e-17 1.42455e-19 7.21394e-22 1.23945e-23 9.6408e-25 2.78408e-25 2.13122e-25 3.84016e-25 1.85384e-24 2.97072e-23 1.4872e-21 1.51126e-19 2.09634e-17 3.02973e-15 3.6863e-13 3.19135e-11 1.7444e-09 5.60908e-08 1.03405e-06 1.10535e-05 7.08784e-05 0.000281883 0.000703898 0.00111147 0.0011692 0.000909594 0.000580249 0.000322668 0.000158659 6.69358e-05 2.19297e-05 3.98194e-06 0 
0 0.000317572 0.000263958 3.90025e-05 1.53193e-06 2.10914e-08 1.34816e-10 5.48984e-13 2.01008e-15 9.39927e-18 7.83903e-20 1.606e-21 1.09844e-22 2.71176e-23 2.00782e-23 4.03631e-23 2.35559e-22 3.9773e-21 1.51126e-19 9.54288e-18 7.77359e-16 6.54543e-14 4.71061e-12 2.49238e-10 8.71404e-09 1.89172e-07 2.49665e-06 2.02752e-05 0.000104399 0.00034945 0.000763922 0.00109725 0.00109058 0.00082545 0.000520852 0.000288573 0.000141742 5.97825e-05 1.9585e-05 3.55618e-06 0 
0 0.000328439 0.000345151 7.29885e-05 4.60009e-06 1.13026e-07 1.40033e-09 1.15904e-11 8.68381e-14 8.01805e-16 1.22019e-17 3.93555e-19 3.27836e-20 7.97964e-21 5.81336e-21 1.21717e-20 6.77094e-20 8.66245e-19 2.09634e-17 7.77359e-16 3.58499e-14 1.69387e-12 6.93607e-11 2.15514e-09 4.62606e-08 6.50471e-07 5.90651e-06 3.52233e-05 0.00014222 0.000396725 0.00076344 0.00101421 0.000969951 0.00072359 0.000454825 0.000251876 0.000123745 5.22033e-05 1.7104e-05 3.10583e-06 0 
0 0.000332096 0.00044303 0.000135431 1.38007e-05 6.08584e-07 1.47022e-08 2.49014e-10 3.84508e-12 7.06026e-14 1.97948e-15 1.05114e-16 1.24692e-17 3.66586e-18 2.77301e-18 5.25183e-18 2.28784e-17 2.01074e-16 3.02973e-15 6.54543e-14 1.69387e-12 4.43882e-11 1.01739e-09 1.81226e-08 2.30527e-07 2.0011e-06 1.18346e-05 4.94575e-05 0.000153386 0.00036199 0.000641105 0.000831918 0.000800872 0.000605652 0.000384653 0.000214232 0.000105526 4.45646e-05 1.4607e-05 2.6528e-06 0 
0 0.000325488 0.000547273 0.000241065 3.93513e-05 3.0598e-06 1.40996e-07 4.77357e-09 1.48425e-10 5.30326e-12 2.68759e-13 2.31574e-14 3.89774e-15 1.39838e-15 1.1037e-15 1.87303e-15 6.36288e-15 3.87447e-14 3.6863e-13 4.71061e-12 6.93607e-11 1.01739e-09 1.30333e-08 1.30132e-07 9.25926e-07 4.47952e-06 1.51181e-05 3.96355e-05 9.19889e-05 0.000198763 0.000373433 0.000545122 0.000584621 0.000474591 0.000312827 0.000177141 8.78325e-05 3.71819e-05 1.21973e-05 2.21577e-06 0 
0 0.000306973 0.00063927 0.000399596 0.000102335 1.35556e-05 1.14068e-06 7.36223e-08 4.39562e-09 2.92241e-10 2.57341e-11 3.48441e-12 8.13243e-13 3.51527e-13 2.88819e-13 4.42588e-13 1.19244e-12 5.15537e-12 3.19135e-11 2.49238e-10 2.15514e-09 1.81226e-08 1.30132e-07 6.96319e-07 2.41844e-06 4.99157e-06 6.63941e-06 7.93528e-06 1.29234e-05 3.27373e-05 9.75715e-05 0.000229302 0.000344459 0.000337024 0.00024214 0.000141956 7.12843e-05 3.0307e-05 9.95596e-06 1.8094e-06 0 
0 0.00027706 0.000696139 0.000600849 0.000234658 5.07164e-05 7.36037e-06 8.49501e-07 9.12699e-08 1.06186e-08 1.53893e-09 3.1331e-10 9.82337e-11 5.0253e-11 4.28284e-11 5.988e-11 1.30922e-10 4.15577e-10 1.7444e-09 8.71404e-09 4.62606e-08 2.30527e-07 9.25926e-07 2.41844e-06 3.06087e-06 1.45466e-06 3.04853e-07 7.1711e-08 6.73317e-08 3.72085e-07 4.78567e-06 4.17654e-05 0.000142142 0.000207865 0.000176428 0.000109958 5.63677e-05 2.41232e-05 7.94055e-06 1.44399e-06 0 
0 0.000238521 0.000700004 0.000801764 0.000460925 0.000155457 3.65957e-05 7.02746e-06 1.26062e-06 2.3894e-07 5.34922e-08 1.55509e-08 6.31095e-09 3.74127e-09 3.2931e-09 4.25101e-09 7.74627e-09 1.87731e-08 5.60908e-08 1.89172e-07 6.50471e-07 2.0011e-06 4.47952e-06 4.99157e-06 1.45466e-06 5.53882e-08 3.41739e-10 3.16993e-12 1.13424e-12 4.33298e-11 1.51013e-08 2.14519e-06 3.63608e-05 0.000108728 0.000120752 8.23677e-05 4.34318e-05 1.87445e-05 6.1852e-06 1.12556e-06 0 
0 0.000195674 0.000647574 0.000935659 0.000756106 0.000380947 0.000137478 4.09397e-05 1.13582e-05 3.25462e-06 1.05258e-06 4.13638e-07 2.08846e-07 1.40284e-07 1.26924e-07 1.53175e-07 2.39287e-07 4.61578e-07 1.03405e-06 2.49665e-06 5.90651e-06 1.18346e-05 1.51181e-05 6.63941e-06 3.04853e-07 3.41739e-10 1.14083e-14 3.99018e-16 1.99817e-15 6.40456e-17 3.74858e-12 3.72135e-08 6.48704e-06 5.10908e-05 7.93749e-05 6.00889e-05 3.26614e-05 1.42173e-05 4.7025e-06 8.56305e-07 0 
0 0.000153128 0.000552434 0.000951596 0.00101751 0.000729153 0.000384273 0.000167217 6.69959e-05 2.70539e-05 1.18488e-05 5.96563e-06 3.60403e-06 2.68255e-06 2.48286e-06 2.83589e-06 3.90536e-06 6.24858e-06 1.10535e-05 2.02752e-05 3.52233e-05 4.94575e-05 3.96355e-05 7.93528e-06 7.1711e-08 3.16993e-12 3.99017e-16 2.12707e-17 6.17055e-17 3.06106e-17 1.76982e-15 9.69523e-10 1.40965e-06 2.57917e-05 5.27592e-05 4.3266e-05 2.40385e-05 1.05254e-05 3.48675e-06 6.35183e-07 0 
0 0.000114581 0.000437694 0.000851135 0.00112153 0.0010721 0.000784921 0.00047598 0.000261154 0.000140375 7.87977e-05 4.84861e-05 3.38443e-05 2.73566e-05 2.57906e-05 2.8196e-05 3.51154e-05 4.8393e-05 7.08784e-05 0.000104399 0.00014222 0.000153386 9.19889e-05 1.29234e-05 6.73317e-08 1.13424e-12 1.99817e-15 6.17056e-17 8.22301e-18 9.1973e-18 1.95748e-16 3.14072e-10 7.75001e-07 1.72813e-05 3.74396e-05 3.11332e-05 1.73494e-05 7.60099e-06 2.51825e-06 4.58759e-07 0 
0 8.21916e-05 0.000325119 0.000682024 0.00103253 0.00121754 0.00115956 0.000932587 0.000671872 0.000461414 0.00031898 0.000231551 0.000181785 0.000157082 0.000150368 0.000158842 0.000182684 0.000223602 0.000281883 0.00034945 0.000396725 0.00036199 0.000198763 3.27373e-05 3.72085e-07 4.33298e-11 6.40456e-17 3.06106e-17 9.19729e-18 3.67635e-17 2.68031e-14 2.40766e-09 1.33383e-06 1.62624e-05 2.87054e-05 2.24146e-05 1.22641e-05 5.34521e-06 1.76833e-06 3.22014e-07 0 
0 5.66203e-05 0.000228406 0.000500216 0.000821941 0.00110699 0.00126573 0.00126248 0.00113615 0.000960259 0.000793408 0.000663179 0.000575209 0.000525979 0.000510455 0.000524794 0.000566026 0.000629496 0.000703898 0.000763922 0.00076344 0.000641105 0.000373433 9.75715e-05 4.78567e-06 1.51013e-08 3.74858e-12 1.76982e-15 1.95748e-16 2.68031e-14 9.24273e-11 8.83916e-08 4.14914e-06 1.82869e-05 2.27419e-05 1.59351e-05 8.44738e-06 3.64882e-06 1.2041e-06 2.19114e-07 0 
0 3.74624e-05 0.000152672 0.000341895 0.00058661 0.000850134 0.00108287 0.00124033 0.00130425 0.00128857 0.00122619 0.00115038 0.00108443 0.00104057 0.00102284 0.00102985 0.00105564 0.00108892 0.00111147 0.00109725 0.00101421 0.000831918 0.000545122 0.000229302 4.17654e-05 2.14519e-06 3.72135e-08 9.69523e-10 3.14072e-10 2.40766e-09 8.83916e-08 1.96664e-06 1.10862e-05 1.954e-05 1.7435e-05 1.09688e-05 5.62698e-06 2.40724e-06 7.92178e-07 1.44042e-07 0 
0 2.37556e-05 9.72906e-05 0.000220202 0.000385697 0.000579318 0.000779527 0.000961878 0.00110627 0.00120345 0.00125646 0.00127669 0.00127776 0.00127082 0.00126223 0.00125317 0.00124006 0.00121542 0.0011692 0.00109058 0.000969951 0.000800872 0.000584621 0.000344459 0.000142142 3.63608e-05 6.48704e-06 1.40965e-06 7.75001e-07 1.33383e-06 4.14914e-06 1.10862e-05 1.77027e-05 1.74057e-05 1.23732e-05 7.19255e-06 3.59647e-06 1.52642e-06 5.0112e-07 9.10543e-08 0 
0 1.43658e-05 5.89662e-05 0.000134091 0.000237006 0.000361634 0.000498731 0.000636955 0.000764914 0.000873586 0.000957989 0.00101734 0.0010538 0.0010706 0.00107048 0.00105478 0.00102345 0.000975431 0.000909594 0.00082545 0.00072359 0.000605652 0.000474591 0.000337024 0.000207865 0.000108728 5.10908e-05 2.57917e-05 1.72813e-05 1.62624e-05 1.82869e-05 1.954e-05 1.74057e-05 1.27711e-05 8.01954e-06 4.44867e-06 2.18848e-06 9.23853e-07 3.02781e-07 5.49867e-08 0 
0 8.21291e-06 3.3743e-05 7.68829e-05 0.000136395 0.00020945 0.000291753 0.000377924 0.000462146 0.00053897 0.000604039 0.000654485 0.000688912 0.000707063 0.000709385 0.000696691 0.000670016 0.000630654 0.000580249 0.000520852 0.000454825 0.000384653 0.000312827 0.00024214 0.000176428 0.000120752 7.93749e-05 5.27592e-05 3.74396e-05 2.87054e-05 2.27419e-05 1.7435e-05 1.23732e-05 8.01954e-06 4.75484e-06 2.57618e-06 1.25612e-06 5.28603e-07 1.7306e-07 3.14178e-08 0 
0 4.37483e-06 1.79811e-05 4.10012e-05 7.28422e-05 0.000112129 0.000156778 0.000204167 0.000251384 0.00029553 0.000334014 0.000364785 0.000386448 0.000398281 0.000400174 0.000392539 0.000376225 0.00035244 0.000322668 0.000288573 0.000251876 0.000214232 0.000177141 0.000141956 0.000109958 8.23677e-05 6.00889e-05 4.3266e-05 3.11332e-05 2.24146e-05 1.59351e-05 1.09688e-05 7.19255e-06 4.44867e-06 2.57618e-06 1.38117e-06 6.70571e-07 2.81734e-07 9.21834e-08 1.67319e-08 0 
0 2.11776e-06 8.70554e-06 1.98565e-05 3.52953e-05 5.43786e-05 7.61333e-05 9.9332e-05 0.000122599 0.000144535 0.000163845 0.000179443 0.000190539 0.00019667 0.000197715 0.000193868 0.000185595 0.000173581 0.000158659 0.000141742 0.000123745 0.000105526 8.78325e-05 7.12843e-05 5.63677e-05 4.34318e-05 3.26614e-05 2.40385e-05 1.73494e-05 1.22641e-05 8.44738e-06 5.62698e-06 3.59647e-06 2.18848e-06 1.25612e-06 6.70571e-07 3.2496e-07 1.36425e-07 4.46253e-08 8.09895e-09 0 
0 8.88645e-07 3.65319e-06 8.33345e-06 1.48156e-05 2.28329e-05 3.19819e-05 4.17534e-05 5.15747e-05 6.08596e-05 6.90583e-05 7.57036e-05 8.04463e-05 8.30774e-05 8.35355e-05 8.19008e-05 7.83774e-05 7.32668e-05 6.69358e-05 5.97825e-05 5.22033e-05 4.45646e-05 3.71819e-05 3.0307e-05 2.41232e-05 1.87445e-05 1.42173e-05 1.05254e-05 7.60099e-06 5.34521e-06 3.64882e-06 2.40724e-06 1.52642e-06 9.23853e-07 5.28603e-07 2.81734e-07 1.36425e-07 5.72554e-08 1.87261e-08 3.39837e-09 0 
0 2.9062e-07 1.19475e-06 2.7255e-06 4.84583e-06 7.46885e-06 1.04631e-05 1.36627e-05 1.68808e-05 1.99258e-05 2.26171e-05 2.48009e-05 2.6361e-05 2.72276e-05 2.73796e-05 2.6843e-05 2.56855e-05 2.40071e-05 2.19297e-05 1.9585e-05 1.7104e-05 1.4607e-05 1.21973e-05 9.95596e-06 7.94055e-06 6.1852e-06 4.7025e-06 3.48675e-06 2.51825e-06 1.76833e-06 1.2041e-06 7.92178e-07 5.0112e-07 3.02781e-07 1.7306e-07 9.21834e-08 4.46253e-08 1.87261e-08 6.12422e-09 1.11139e-09 0 
0 5.27396e-08 2.16816e-07 4.94614e-07 8.79422e-07 1.35549e-06 1.899e-06 2.47987e-06 3.06422e-06 3.61727e-06 4.10625e-06 4.50312e-06 4.78676e-06 4.94438e-06 4.97208e-06 4.8746e-06 4.66426e-06 4.35931e-06 3.98194e-06 3.55618e-06 3.10583e-06 2.6528e-06 2.21577e-06 1.8094e-06 1.44399e-06 1.12556e-06 8.56305e-07 6.35183e-07 4.58759e-07 3.22014e-07 2.19114e-07 1.44042e-07 9.10543e-08 5.49867e-08 3.14178e-08 1.67319e-08 8.09895e-09 3.39837e-09 1.11139e-09 2.01686e-10 0 
0 0 0 0 0 0 0 0 0 0 0 0 0 0 0 0 0 0 0 0 0 0 0 0 0 0 0 0 0 0 0 0 0 0 0 0 0 0 0 0 0 
