0 0 0 0 0 0 0 0 0 0 0 0 0 0 0 0 0 0 0 0 0 0 0 0 0 0 0 0 0 0 0 0 0 0 0 0 0 0 0 0 0 
0 1.32077e-05 5.15467e-05 0.000107048 0.000164261 0.000206908 0.000226694 0.000225588 0.000211219 0.000191509 0.000172072 0.000155991 0.000144562 0.000138108 0.000136537 0.000139624 0.000147082 0.000158475 0.000173044 0.0001895 0.000205874 0.000219549 0.000227586 0.000227346 0.000217285 0.000197599 0.000170385 0.000139127 0.000107666 7.91483e-05 5.54254e-05 3.70427e-05 2.36234e-05 1.43285e-05 8.20347e-06 4.37271e-06 2.11734e-06 8.88577e-07 2.90612e-07 5.2739e-08 0 
0 5.15467e-05 0.000186895 0.000337094 0.00041335 0.000385516 0.000297226 0.000203745 0.000131962 8.48662e-05 5.64473e-05 4.0124e-05 3.12346e-05 2.70423e-05 2.61977e-05 2.83149e-05 3.37715e-05 4.36891e-05 5.99942e-05 8.53941e-05 0.00012299 0.000175184 0.000241694 0.000317114 0.000389453 0.000441869 0.000458737 0.000433695 0.00037376 0.000295543 0.000216554 0.000148515 9.6002e-05 5.8611e-05 3.36558e-05 1.79621e-05 8.70195e-06 3.65262e-06 1.19468e-06 2.16812e-07 0 
0 0.000107048 0.000337094 0.000465737 0.000383247 0.000218375 9.7948e-05 3.83569e-05 1.42832e-05 5.45603e-06 2.28882e-06 1.1174e-06 6.63601e-07 4.92972e-07 4.62863e-07 5.45588e-07 7.89844e-07 1.35751e-06 2.65589e-06 5.64909e-06 1.2478e-05 2.74384e-05 5.79273e-05 0.000114034 0.00020459 0.000328372 0.00046387 0.00056892 0.000601545 0.00055068 0.000443517 0.000321343 0.000213802 0.000132349 7.64647e-05 4.09126e-05 1.98402e-05 8.33094e-06 2.72521e-06 4.94595e-07 0 
0 0.000164261 0.00041335 0.000383247 0.000183136 5.53075e-05 1.23388e-05 2.3097e-06 4.09172e-07 7.71778e-08 1.72993e-08 5.06366e-09 2.08001e-09 1.25435e-09 1.1287e-09 1.49747e-09 2.8231e-09 7.14574e-09 2.26391e-08 8.31506e-08 3.27946e-07 1.29408e-06 4.81018e-06 1.607e-05 4.66999e-05 0.000115663 0.00024096 0.000417115 0.000591835 0.000682816 0.000646624 0.000517524 0.0003634 0.000230903 0.000134946 7.25417e-05 3.52413e-05 1.48075e-05 4.84492e-06 8.79366e-07 0 
0 0.000206908 0.000385516 0.000218375 5.53075e-05 7.89128e-06 7.54575e-07 5.70183e-08 4.04182e-09 3.19387e-10 3.30715e-11 5.15524e-12 1.34487e-12 6.27334e-13 5.35686e-13 8.22186e-13 2.14588e-12 8.74947e-12 5.01944e-11 3.61406e-10 2.91328e-09 2.36513e-08 1.76597e-07 1.12934e-06 5.88723e-06 2.43311e-05 7.89282e-05 0.000200813 0.000399501 0.000615031 0.000728795 0.000678295 0.000519543 0.000344787 0.00020544 0.000111306 5.42336e-05 2.28116e-05 7.46649e-06 1.35535e-06 0 
0 0.000226694 0.000297226 9.7948e-05 1.23388e-05 7.54575e-07 2.74208e-08 7.34643e-10 1.82998e-11 5.35951e-13 2.29989e-14 1.74681e-15 2.713e-16 9.43472e-17 7.58773e-17 1.37573e-16 5.20771e-16 3.65969e-15 4.13326e-14 6.41236e-13 1.16822e-11 2.16108e-10 3.58172e-09 4.81701e-08 4.90261e-07 3.62777e-06 1.92701e-05 7.40634e-05 0.000209139 0.000436469 0.000668385 0.000753532 0.000651073 0.000460485 0.000282487 0.000154881 7.58028e-05 3.19341e-05 1.04579e-05 1.89869e-06 0 
0 0.000225588 0.000203745 3.83569e-05 2.3097e-06 5.70183e-08 7.34643e-10 6.48726e-12 5.28033e-14 5.34932e-16 8.95143e-18 3.39139e-19 5.18718e-20 2.76929e-20 2.47335e-20 3.19496e-20 8.73781e-20 8.43239e-19 1.92597e-17 6.79329e-16 2.95975e-14 1.3208e-12 5.13765e-11 1.53236e-09 3.19881e-08 4.42854e-07 3.99065e-06 2.36687e-05 9.52072e-05 0.000267428 0.00052925 0.000735232 0.000734083 0.000563641 0.000359574 0.000200385 9.86767e-05 4.16598e-05 1.36526e-05 2.47928e-06 0 
0 0.000211219 0.000131962 1.42832e-05 4.09172e-07 4.04182e-09 1.82998e-11 5.28033e-14 1.39205e-16 4.90571e-19 6.79393e-21 1.20634e-21 5.60638e-22 4.75478e-22 4.59359e-22 4.54377e-22 6.14318e-22 1.56435e-21 1.16513e-20 6.56667e-19 6.84491e-17 7.4186e-15 6.81567e-13 4.53715e-11 1.95584e-09 5.10348e-08 7.85934e-07 7.22588e-06 4.12501e-05 0.000153612 0.000385701 0.000656001 0.00076309 0.000643622 0.00043042 0.000244748 0.000121449 5.14117e-05 1.68635e-05 3.06322e-06 0 
0 0.000191509 8.48662e-05 5.45603e-06 7.71778e-08 3.19387e-10 5.35951e-13 5.34932e-16 4.90571e-19 1.57453e-21 9.53458e-23 4.99514e-23 3.89023e-23 3.82986e-23 3.78112e-23 3.48221e-23 3.56252e-23 4.30453e-23 9.33735e-23 1.44901e-21 2.11934e-19 5.28589e-17 1.0977e-14 1.56508e-12 1.34283e-10 6.40083e-09 1.64268e-07 2.29509e-06 1.82623e-05 8.82337e-05 0.000273783 0.000557868 0.000750268 0.000696698 0.000490303 0.000285145 0.000142729 6.06045e-05 1.98988e-05 3.61573e-06 0 
0 0.000172072 5.64473e-05 2.28882e-06 1.72993e-08 3.30715e-11 2.29989e-14 8.95143e-18 6.79393e-21 9.53459e-23 1.03574e-23 5.8099e-24 5.52644e-24 5.80367e-24 5.7697e-24 5.17066e-24 4.54119e-24 3.89603e-24 5.04824e-24 2.99482e-23 1.68512e-21 6.48483e-19 2.77049e-16 7.7643e-14 1.22692e-11 9.98604e-10 4.03636e-08 8.18983e-07 8.76169e-06 5.32319e-05 0.000197843 0.000468972 0.000715238 0.000725839 0.000536825 0.000319352 0.000161278 6.86962e-05 2.2579e-05 4.10408e-06 0 
0 0.000155991 4.0124e-05 1.1174e-06 5.06366e-09 5.15524e-12 1.74681e-15 3.39139e-19 1.20634e-21 4.99515e-23 5.8099e-24 1.65672e-24 1.16957e-24 1.16511e-24 1.14352e-24 1.00718e-24 8.18245e-25 6.31204e-25 8.17791e-25 4.36435e-24 1.0444e-22 1.90715e-20 1.36432e-17 6.63724e-15 1.72607e-12 2.17386e-10 1.2734e-08 3.50628e-07 4.78094e-06 3.5013e-05 0.000150298 0.000400903 0.000675418 0.000737847 0.000569789 0.000345918 0.000176117 7.52341e-05 2.47515e-05 4.50033e-06 0 
0 0.000144562 3.12346e-05 6.63601e-07 2.08001e-09 1.34487e-12 2.713e-16 5.18718e-20 5.60638e-22 3.89024e-23 5.52644e-24 1.16957e-24 4.28949e-25 2.98049e-25 2.63979e-25 2.25239e-25 1.78325e-25 1.54469e-25 3.15068e-25 1.87336e-24 2.75321e-23 2.08973e-21 1.55174e-18 1.12203e-15 4.17838e-13 7.20812e-11 5.51766e-09 1.89394e-07 3.07751e-06 2.57912e-05 0.000122689 0.000355423 0.000642147 0.000740069 0.000590424 0.000364132 0.000186579 7.98866e-05 2.63023e-05 4.78344e-06 0 
0 0.000138108 2.70423e-05 4.92972e-07 1.25435e-09 6.27334e-13 9.43472e-17 2.76929e-20 4.75478e-22 3.82986e-23 5.80368e-24 1.16512e-24 2.98049e-25 1.16447e-25 7.35755e-26 5.67649e-26 4.76329e-26 6.34777e-26 2.13211e-25 1.31512e-24 1.59602e-23 7.93325e-22 4.53452e-19 4.08728e-16 1.86526e-13 3.84527e-11 3.42515e-09 1.33214e-07 2.39102e-06 2.16288e-05 0.00010901 0.00033064 0.000621164 0.000738215 0.000600413 0.000373847 0.000192314 8.24608e-05 2.7163e-05 4.94072e-06 0 
0 0.000136537 2.61977e-05 4.62863e-07 1.1287e-09 5.35686e-13 7.58773e-17 2.47335e-20 4.59359e-22 3.78112e-23 5.7697e-24 1.14352e-24 2.63979e-25 7.35755e-26 2.92259e-26 1.8068e-26 1.87442e-26 4.40217e-26 1.90695e-25 1.20321e-24 1.42118e-23 6.57288e-22 3.50829e-19 3.30618e-16 1.57327e-13 3.36461e-11 3.09213e-09 1.23399e-07 2.26057e-06 2.07697e-05 0.000105911 0.000324273 0.000614395 0.00073549 0.000601145 0.000375274 0.000193266 8.2905e-05 2.73134e-05 4.96834e-06 0 
0 0.000139624 2.83149e-05 5.45588e-07 1.49747e-09 8.22186e-13 1.37573e-16 3.19496e-20 4.54377e-22 3.48221e-23 5.17066e-24 1.00718e-24 2.25239e-25 5.6765e-26 1.8068e-26 9.84761e-27 1.34764e-26 4.229e-26 1.99998e-25 1.34251e-24 1.77306e-23 1.0509e-21 6.95144e-19 5.79489e-16 2.45868e-13 4.75573e-11 4.01281e-09 1.49242e-07 2.58435e-06 2.27345e-05 0.000112174 0.000334763 0.000621318 0.000732529 0.000593337 0.000368831 0.000189633 8.13001e-05 2.67799e-05 4.87102e-06 0 
0 0.000147082 3.37715e-05 7.89844e-07 2.8231e-09 2.14588e-12 5.20771e-16 8.73781e-20 6.14318e-22 3.56252e-23 4.54119e-24 8.18245e-25 1.78326e-25 4.76329e-26 1.87442e-26 1.34764e-26 1.90615e-26 5.35677e-26 2.5467e-25 1.99211e-24 3.69906e-23 4.06974e-21 3.25252e-18 2.0459e-15 6.71395e-13 1.03696e-10 7.22528e-09 2.29467e-07 3.5033e-06 2.79679e-05 0.000128209 0.000361158 0.000639385 0.000727656 0.000577017 0.000355076 0.000181826 7.78423e-05 2.56291e-05 4.66106e-06 0 
0 0.000158475 4.36891e-05 1.35751e-06 7.14574e-09 8.74947e-12 3.65969e-15 8.43239e-19 1.56435e-21 4.30453e-23 3.89603e-24 6.31205e-25 1.54469e-25 6.34776e-26 4.40216e-26 4.229e-26 5.35677e-26 1.09855e-25 4.68297e-25 4.65851e-24 1.75543e-22 4.95793e-20 3.14043e-17 1.30122e-14 2.92805e-12 3.24866e-10 1.7083e-08 4.3017e-07 5.45885e-06 3.77967e-05 0.000155483 0.000402026 0.0006636 0.000717277 0.000551773 0.00033472 0.000170433 7.28193e-05 2.39598e-05 4.35661e-06 0 
0 0.000173044 5.99942e-05 2.65589e-06 2.26391e-08 5.01944e-11 4.13326e-14 1.92597e-17 1.16513e-20 9.33736e-23 5.04824e-24 8.17792e-25 3.15068e-25 2.1321e-25 1.90695e-25 1.99998e-25 2.54669e-25 4.68296e-25 2.03253e-24 3.36918e-23 3.52425e-21 1.41776e-18 5.27738e-16 1.29829e-13 1.82317e-11 1.33722e-09 4.94327e-08 9.3101e-07 9.37781e-06 5.4361e-05 0.000195232 0.000453108 0.000685506 0.000696425 0.00051716 0.000308676 0.000156179 6.65824e-05 2.18922e-05 3.97979e-06 0 
0 0.0001895 8.53941e-05 5.64909e-06 8.31506e-08 3.61406e-10 6.41236e-13 6.79329e-16 6.56667e-19 1.44901e-21 2.99482e-23 4.36435e-24 1.87336e-24 1.31512e-24 1.20321e-24 1.34251e-24 1.99211e-24 4.65851e-24 3.36918e-23 1.43463e-21 2.72583e-19 6.49663e-17 1.28344e-14 1.7442e-12 1.42946e-10 6.52498e-09 1.6092e-07 2.17133e-06 1.67945e-05 7.95353e-05 0.000244813 0.000503019 0.00069212 0.000659583 0.00047312 0.000278086 0.000139883 5.95163e-05 1.95566e-05 3.55454e-06 0 
0 0.000205874 0.00012299 1.2478e-05 3.27946e-07 2.91328e-09 1.16822e-11 2.95975e-14 6.84491e-17 2.11934e-19 1.68512e-21 1.0444e-22 2.75321e-23 1.59602e-23 1.42118e-23 1.77306e-23 3.69906e-23 1.75543e-22 3.52425e-21 2.72583e-19 3.13507e-17 3.73597e-15 3.75113e-13 2.69624e-11 1.23388e-09 3.35395e-08 5.29435e-07 4.94623e-06 2.8712e-05 0.000109806 0.000288755 0.000527136 0.000665852 0.000601782 0.00042029 0.0002443 0.000122396 5.20086e-05 1.7083e-05 3.10461e-06 0 
0 0.000219549 0.000175184 2.74384e-05 1.29408e-06 2.36513e-08 2.16108e-10 1.3208e-12 7.4186e-15 5.28589e-17 6.48483e-19 1.90715e-20 2.08973e-21 7.93325e-22 6.57287e-22 1.0509e-21 4.06974e-21 4.95793e-20 1.41776e-18 6.49663e-17 3.73597e-15 2.19656e-13 1.10419e-11 4.10141e-10 1.01144e-08 1.55795e-07 1.48688e-06 9.17167e-06 3.9169e-05 0.000122548 0.000285505 0.000484883 0.000587419 0.000519939 0.000360129 0.000208795 0.000104548 4.44222e-05 1.45916e-05 2.65189e-06 0 
0 0.000227586 0.000241694 5.79273e-05 4.81018e-06 1.76597e-07 3.58172e-09 5.13765e-11 6.81567e-13 1.0977e-14 2.77049e-16 1.36432e-17 1.55174e-18 4.53452e-19 3.50829e-19 6.95144e-19 3.25252e-18 3.14043e-17 5.27738e-16 1.28344e-14 3.75113e-13 1.10419e-11 2.7875e-10 5.24114e-09 6.54863e-08 5.09691e-07 2.52796e-06 9.05449e-06 2.75259e-05 7.66836e-05 0.000184719 0.000341207 0.000445814 0.000414669 0.00029494 0.000173086 8.70943e-05 3.70737e-05 1.21855e-05 2.21508e-06 0 
0 0.000227346 0.000317114 0.000114034 1.607e-05 1.12934e-06 4.81701e-08 1.53236e-09 4.53715e-11 1.56508e-12 7.7643e-14 6.63724e-15 1.12203e-15 4.08728e-16 3.30618e-16 5.79489e-16 2.0459e-15 1.30122e-14 1.29829e-13 1.7442e-12 2.69624e-11 4.10141e-10 5.24114e-09 4.75404e-08 2.57017e-07 7.35604e-07 1.21282e-06 1.70459e-06 3.37919e-06 1.12117e-05 4.52485e-05 0.000140055 0.000260516 0.000293629 0.000228088 0.000138677 7.06837e-05 3.02193e-05 9.94644e-06 1.80884e-06 0 
0 0.000217285 0.000389453 0.00020459 4.66999e-05 5.88723e-06 4.90261e-07 3.19881e-08 1.95584e-09 1.34283e-10 1.22692e-11 1.72607e-12 4.17838e-13 1.86526e-13 1.57327e-13 2.45868e-13 6.71395e-13 2.92805e-12 1.82317e-11 1.42946e-10 1.23388e-09 1.01144e-08 6.54863e-08 2.57017e-07 4.23248e-07 2.11116e-07 3.80622e-08 7.55726e-09 7.63878e-09 6.38592e-08 1.45154e-06 2.08265e-05 9.90314e-05 0.000175725 0.000164516 0.000107084 5.5843e-05 2.40476e-05 7.93247e-06 1.44352e-06 0 
0 0.000197599 0.000441869 0.000328372 0.000115663 2.43311e-05 3.62777e-06 4.42854e-07 5.10348e-08 6.40083e-09 9.98604e-10 2.17386e-10 7.20812e-11 3.84527e-11 3.36461e-11 4.75573e-11 1.03696e-10 3.24866e-10 1.33722e-09 6.52498e-09 3.35395e-08 1.55795e-07 5.09691e-07 7.35604e-07 2.11116e-07 5.13479e-09 1.36144e-11 5.07199e-14 1.41746e-14 1.46869e-12 1.70194e-09 6.69402e-07 2.11605e-05 8.64903e-05 0.000110488 7.97741e-05 4.29623e-05 1.86782e-05 6.17827e-06 1.12517e-06 0 
0 0.000170385 0.000458737 0.00046387 0.00024096 7.89282e-05 1.92701e-05 3.99065e-06 7.85934e-07 1.64268e-07 4.03636e-08 1.2734e-08 5.51766e-09 3.42515e-09 3.09213e-09 4.01281e-09 7.22528e-09 1.7083e-08 4.94327e-08 1.6092e-07 5.29435e-07 1.48688e-06 2.52796e-06 1.21282e-06 3.80622e-08 1.36144e-11 2.82233e-16 2.45563e-15 1.41412e-15 6.26448e-15 9.4231e-14 5.76136e-09 2.9169e-06 3.7489e-05 7.09715e-05 5.78362e-05 3.22564e-05 1.41614e-05 4.69677e-06 8.55987e-07 0 
0 0.000139127 0.000433695 0.00056892 0.000417115 0.000200813 7.40634e-05 2.36687e-05 7.22588e-06 2.29509e-06 8.18983e-07 3.50628e-07 1.89394e-07 1.33214e-07 1.23399e-07 1.49242e-07 2.29467e-07 4.3017e-07 9.3101e-07 2.17133e-06 4.94623e-06 9.17167e-06 9.05449e-06 1.70459e-06 7.55726e-09 5.07199e-14 2.45563e-15 5.73261e-16 3.95355e-16 9.53282e-16 1.07682e-14 7.85524e-11 5.04848e-07 1.77089e-05 4.63693e-05 4.14727e-05 2.37182e-05 1.04818e-05 3.48236e-06 6.34942e-07 0 
0 0.000107666 0.00037376 0.000601545 0.000591835 0.000399501 0.000209139 9.52072e-05 4.12501e-05 1.82623e-05 8.76169e-06 4.78094e-06 3.07751e-06 2.39102e-06 2.26057e-06 2.58435e-06 3.5033e-06 5.45885e-06 9.37781e-06 1.67945e-05 2.8712e-05 3.9169e-05 2.75259e-05 3.37919e-06 7.63878e-09 1.41746e-14 1.41412e-15 3.95355e-16 8.55754e-16 4.24284e-15 8.58383e-14 2.16103e-11 2.64375e-07 1.1747e-05 3.28867e-05 2.98608e-05 1.71247e-05 7.5707e-06 2.51522e-06 4.58594e-07 0 
0 7.91483e-05 0.000295543 0.00055068 0.000682816 0.000615031 0.000436469 0.000267428 0.000153612 8.82337e-05 5.32319e-05 3.5013e-05 2.57912e-05 2.16288e-05 2.07697e-05 2.27345e-05 2.79679e-05 3.77967e-05 5.4361e-05 7.95353e-05 0.000109806 0.000122548 7.66836e-05 1.12117e-05 6.38592e-08 1.46869e-12 6.26448e-15 9.53282e-16 4.24284e-15 6.3922e-16 5.07643e-16 2.6898e-10 5.4282e-07 1.17256e-05 2.56968e-05 2.16259e-05 1.21269e-05 5.32674e-06 1.76648e-06 3.21912e-07 0 
0 5.54254e-05 0.000216554 0.000443517 0.000646624 0.000728795 0.000668385 0.00052925 0.000385701 0.000273783 0.000197843 0.000150298 0.000122689 0.00010901 0.000105911 0.000112174 0.000128209 0.000155483 0.000195232 0.000244813 0.000288755 0.000285505 0.000184719 4.52485e-05 1.45154e-06 1.70194e-09 9.4231e-14 1.07682e-14 8.58383e-14 5.07643e-16 5.63722e-12 2.13385e-08 2.26289e-06 1.45398e-05 2.09896e-05 1.55162e-05 8.37543e-06 3.63905e-06 1.2031e-06 2.19059e-07 0 
0 3.70427e-05 0.000148515 0.000321343 0.000517524 0.000678295 0.000753532 0.000735232 0.000656001 0.000557868 0.000468972 0.000400903 0.000355423 0.00033064 0.000324273 0.000334763 0.000361158 0.000402026 0.000453108 0.000503019 0.000527136 0.000484883 0.000341207 0.000140055 2.08265e-05 6.69402e-07 5.76136e-09 7.85524e-11 2.16103e-11 2.6898e-10 2.13385e-08 9.2647e-07 7.89828e-06 1.70633e-05 1.65878e-05 1.0781e-05 5.5947e-06 2.40276e-06 7.91711e-07 1.44015e-07 0 
0 2.36234e-05 9.6002e-05 0.000213802 0.0003634 0.000519543 0.000651073 0.000734083 0.00076309 0.000750268 0.000715238 0.000675418 0.000642147 0.000621164 0.000614395 0.000621318 0.000639385 0.0006636 0.000685506 0.00069212 0.000665852 0.000587419 0.000445814 0.000260516 9.90314e-05 2.11605e-05 2.9169e-06 5.04848e-07 2.64375e-07 5.4282e-07 2.26289e-06 7.89828e-06 1.50445e-05 1.62396e-05 1.20429e-05 7.12172e-06 3.58407e-06 1.52465e-06 5.00929e-07 9.10431e-08 0 
0 1.43285e-05 5.8611e-05 0.000132349 0.000230903 0.000344787 0.000460485 0.000563641 0.000643622 0.000696698 0.000725839 0.000737847 0.000740069 0.000738215 0.00073549 0.000732529 0.000727656 0.000717277 0.000696425 0.000659583 0.000601782 0.000519939 0.000414669 0.000293629 0.000175725 8.64903e-05 3.7489e-05 1.77089e-05 1.1747e-05 1.17256e-05 1.45398e-05 1.70633e-05 1.62396e-05 1.23741e-05 7.91491e-06 4.42608e-06 2.18438e-06 9.23244e-07 3.02712e-07 5.49826e-08 0 
0 8.20347e-06 3.36558e-05 7.64647e-05 0.000134946 0.00020544 0.000282487 0.000359574 0.00043042 0.000490303 0.000536825 0.000569789 0.000590424 0.000600413 0.000601145 0.000593337 0.000577017 0.000551773 0.00051716 0.00047312 0.00042029 0.000360129 0.00029494 0.000228088 0.000164516 0.000110488 7.09715e-05 4.63693e-05 3.28867e-05 2.56968e-05 2.09896e-05 1.65878e-05 1.20429e-05 7.91491e-06 4.72727e-06 2.57002e-06 1.25496e-06 5.28422e-07 1.73038e-07 3.14165e-08 0 
0 4.37271e-06 1.79621e-05 4.09126e-05 7.25417e-05 0.000111306 0.000154881 0.000200385 0.000244748 0.000285145 0.000319352 0.000345918 0.000364132 0.000373847 0.000375274 0.000368831 0.000355076 0.00033472 0.000308676 0.000278086 0.0002443 0.000208795 0.000173086 0.000138677 0.000107084 7.97741e-05 5.78362e-05 4.14727e-05 2.98608e-05 2.16259e-05 1.55162e-05 1.0781e-05 7.12172e-06 4.42608e-06 2.57002e-06 1.37973e-06 6.70285e-07 2.81687e-07 9.21777e-08 1.67315e-08 0 
0 2.11734e-06 8.70195e-06 1.98402e-05 3.52413e-05 5.42336e-05 7.58028e-05 9.86767e-05 0.000121449 0.000142729 0.000161278 0.000176117 0.000186579 0.000192314 0.000193266 0.000189633 0.000181826 0.000170433 0.000156179 0.000139883 0.000122396 0.000104548 8.70943e-05 7.06837e-05 5.5843e-05 4.29623e-05 3.22564e-05 2.37182e-05 1.71247e-05 1.21269e-05 8.37543e-06 5.5947e-06 3.58407e-06 2.18438e-06 1.25496e-06 6.70285e-07 3.249e-07 1.36415e-07 4.4624e-08 8.09886e-09 0 
0 8.88577e-07 3.65262e-06 8.33094e-06 1.48075e-05 2.28116e-05 3.19341e-05 4.16598e-05 5.14117e-05 6.06045e-05 6.86962e-05 7.52341e-05 7.98866e-05 8.24608e-05 8.2905e-05 8.13001e-05 7.78423e-05 7.28193e-05 6.65824e-05 5.95163e-05 5.20086e-05 4.44222e-05 3.70737e-05 3.02193e-05 2.40476e-05 1.86782e-05 1.41614e-05 1.04818e-05 7.5707e-06 5.32674e-06 3.63905e-06 2.40276e-06 1.52465e-06 9.23244e-07 5.28422e-07 2.81687e-07 1.36415e-07 5.72536e-08 1.87258e-08 3.39836e-09 0 
0 2.90612e-07 1.19468e-06 2.72521e-06 4.84492e-06 7.46649e-06 1.04579e-05 1.36526e-05 1.68635e-05 1.98988e-05 2.2579e-05 2.47515e-05 2.63023e-05 2.7163e-05 2.73134e-05 2.67799e-05 2.56291e-05 2.39598e-05 2.18922e-05 1.95566e-05 1.7083e-05 1.45916e-05 1.21855e-05 9.94644e-06 7.93247e-06 6.17827e-06 4.69677e-06 3.48236e-06 2.51522e-06 1.76648e-06 1.2031e-06 7.91711e-07 5.00929e-07 3.02712e-07 1.73038e-07 9.21777e-08 4.4624e-08 1.87258e-08 6.12419e-09 1.11139e-09 0 
0 5.2739e-08 2.16812e-07 4.94595e-07 8.79366e-07 1.35535e-06 1.89869e-06 2.47928e-06 3.06322e-06 3.61573e-06 4.10408e-06 4.50033e-06 4.78344e-06 4.94072e-06 4.96834e-06 4.87102e-06 4.66106e-06 4.35661e-06 3.97979e-06 3.55454e-06 3.10461e-06 2.65189e-06 2.21508e-06 1.80884e-06 1.44352e-06 1.12517e-06 8.55987e-07 6.34942e-07 4.58594e-07 3.21912e-07 2.19059e-07 1.44015e-07 9.10431e-08 5.49826e-08 3.14165e-08 1.67315e-08 8.09886e-09 3.39836e-09 1.11139e-09 2.01686e-10 0 
0 0 0 0 0 0 0 0 0 0 0 0 0 0 0 0 0 0 0 0 0 0 0 0 0 0 0 0 0 0 0 0 0 0 0 0 0 0 0 0 0 
