0 0 0 0 0 0 0 0 0 0 0 0 0 0 0 0 0 0 0 0 0 0 0 0 0 0 0 0 0 0 0 0 0 0 0 0 0 0 0 0 0 
0 1.33478e-05 5.27392e-05 0.000111836 0.000176761 0.000230677 0.000262225 0.000270176 0.00026088 0.000242808 0.00022287 0.000205378 0.00019249 0.000185026 0.000183113 0.000186546 0.000194903 0.000207473 0.000223084 0.000239915 0.000255406 0.000266424 0.000269759 0.000262932 0.00024506 0.000217387 0.000183103 0.000146433 0.000111396 8.08387e-05 5.61057e-05 3.72866e-05 2.37015e-05 1.43508e-05 8.20918e-06 4.374e-06 2.1176e-06 8.88619e-07 2.90617e-07 5.27394e-08 0 
0 5.27392e-05 0.000196934 0.000373826 0.000492064 0.000497036 0.000413801 0.000303614 0.000208501 0.000140956 9.77384e-05 7.17867e-05 5.71839e-05 5.01388e-05 4.86758e-05 5.21911e-05 6.11936e-05 7.72241e-05 0.000102816 0.000141242 0.000195672 0.00026737 0.000352957 0.000441836 0.000516174 0.000555852 0.000547669 0.000493014 0.000407374 0.000311759 0.000223271 0.000150932 9.67658e-05 5.88247e-05 3.37088e-05 1.79737e-05 8.70417e-06 3.65297e-06 1.19473e-06 2.16815e-07 0 
0 0.000111836 0.000373826 0.000571081 0.000533127 0.000344356 0.000172902 7.50135e-05 3.07243e-05 1.28093e-05 5.8015e-06 3.01365e-06 1.87088e-06 1.42446e-06 1.34319e-06 1.55918e-06 2.18414e-06 3.57959e-06 6.60482e-06 1.31546e-05 2.71133e-05 5.56066e-05 0.000109626 0.000201737 0.000337941 0.000504175 0.000657827 0.000742328 0.000724707 0.000620082 0.000475051 0.000333199 0.000217589 0.000133398 7.67197e-05 4.09671e-05 1.98503e-05 8.3325e-06 2.72539e-06 4.94607e-07 0 
0 0.000176761 0.000492064 0.000533127 0.000302526 0.000107507 2.80668e-05 6.1483e-06 1.27183e-06 2.77584e-07 7.07769e-08 2.30005e-08 1.01813e-08 6.40056e-09 5.80205e-09 7.50335e-09 1.33856e-08 3.12763e-08 8.97667e-08 2.95028e-07 1.03521e-06 3.6353e-06 1.20892e-05 3.6443e-05 9.64048e-05 0.000218438 0.000415257 0.000649578 0.000825272 0.000854813 0.000740264 0.000556578 0.00037648 0.000234569 0.00013583 7.27269e-05 3.52748e-05 1.48125e-05 4.84549e-06 8.79401e-07 0 
0 0.000230677 0.000497036 0.000344356 0.000107507 1.89592e-05 2.26711e-06 2.16295e-07 1.93464e-08 1.90333e-09 2.39108e-10 4.35976e-11 1.27228e-11 6.3172e-12 5.45505e-12 8.05853e-12 1.93629e-11 7.00297e-11 3.46394e-10 2.11016e-09 1.42565e-08 9.69563e-08 6.10954e-07 3.34305e-06 1.51804e-05 5.56495e-05 0.000162125 0.000370522 0.000653747 0.000880774 0.000917779 0.000772004 0.000553999 0.00035483 0.000207879 0.000111813 5.43236e-05 2.28249e-05 7.46797e-06 1.35544e-06 0 
0 0.000262225 0.000413801 0.000172902 2.80668e-05 2.26711e-06 1.11797e-07 4.12996e-09 1.41738e-10 5.61301e-12 3.14315e-13 2.96366e-14 5.37604e-15 2.03915e-15 1.66579e-15 2.86401e-15 9.66536e-15 5.75396e-14 5.29606e-13 6.52484e-12 9.31506e-11 1.34824e-09 1.76396e-08 1.90614e-07 1.59722e-06 1.00085e-05 4.62562e-05 0.000157485 0.000393893 0.000715647 0.00094102 0.000923949 0.000723139 0.000482989 0.000288089 0.000156046 7.60076e-05 3.19639e-05 1.04612e-05 1.89889e-06 0 
0 0.000270176 0.000303614 7.50135e-05 6.1483e-06 2.16295e-07 4.12996e-09 5.51986e-11 6.79229e-13 1.01577e-14 2.3961e-16 1.11606e-17 1.22736e-18 3.58081e-19 2.78191e-19 5.49215e-19 2.62019e-18 2.65083e-17 4.74073e-16 1.24065e-14 3.94383e-13 1.28139e-11 3.66786e-10 8.22454e-09 1.32987e-07 1.47789e-06 1.11032e-05 5.67801e-05 0.000200602 0.000491799 0.000830804 0.000979946 0.000857391 0.000606014 0.000370572 0.000202697 9.90818e-05 4.1718e-05 1.36589e-05 2.47965e-06 0 
0 0.00026088 0.000208501 3.07243e-05 1.27183e-06 1.93464e-08 1.41738e-10 6.79229e-13 2.97137e-15 1.66493e-17 1.67576e-19 5.58655e-21 1.0745e-21 5.32803e-22 4.57138e-22 6.44148e-22 1.63561e-21 1.28744e-20 3.8413e-19 2.13421e-17 1.52026e-15 1.11614e-13 7.03768e-12 3.29799e-10 1.03656e-08 2.05685e-07 2.52217e-06 1.93158e-05 9.51049e-05 0.00030877 0.000664019 0.000948148 0.000941261 0.000712229 0.000449229 0.000248782 0.000122158 5.15129e-05 1.68743e-05 3.06385e-06 0 
0 0.000242808 0.000140956 1.28093e-05 2.77584e-07 1.90333e-09 5.61301e-12 1.01577e-14 1.66493e-17 3.80637e-20 3.42306e-22 2.90811e-23 1.05578e-23 7.61684e-24 7.00954e-24 7.80531e-24 1.21654e-23 4.50252e-23 6.31567e-22 4.99411e-20 7.54003e-18 1.20009e-15 1.60154e-13 1.51164e-11 8.93869e-10 3.08066e-08 6.02491e-07 6.76688e-06 4.53658e-05 0.000189682 0.000506187 0.000864734 0.000975503 0.000794442 0.000518813 0.000291417 0.000143838 6.07624e-05 1.99156e-05 3.61669e-06 0 
0 0.00022287 9.77384e-05 5.8015e-06 7.07769e-08 2.39108e-10 3.14315e-13 2.3961e-16 1.67576e-19 3.42306e-22 5.66194e-24 7.6416e-25 4.06859e-25 3.58811e-25 3.4326e-25 3.3635e-25 3.89485e-25 8.19386e-25 6.1128e-24 2.97018e-22 6.71588e-20 2.10732e-17 5.47191e-15 9.61791e-13 9.97259e-11 5.61649e-09 1.6648e-07 2.62944e-06 2.31474e-05 0.000120349 0.000385246 0.000767898 0.000973424 0.000851226 0.000575732 0.000328151 0.000162847 6.89198e-05 2.26027e-05 4.10543e-06 0 
0 0.000205378 7.17867e-05 3.01365e-06 2.30005e-08 4.35976e-11 2.96366e-14 1.11606e-17 5.58655e-21 2.90812e-23 7.64162e-25 7.51043e-26 3.3332e-26 3.06646e-26 2.97677e-26 2.72689e-26 2.69201e-26 4.55667e-26 3.08533e-25 1.03462e-23 1.58663e-21 7.69593e-19 3.43748e-16 1.00384e-13 1.64666e-11 1.38549e-09 5.7715e-08 1.20517e-06 1.32511e-05 8.2094e-05 0.000303236 0.000682689 0.000952515 0.000885819 0.000618293 0.000357172 0.000178143 7.55232e-05 2.47821e-05 4.50206e-06 0 
0 0.00019249 5.71839e-05 1.87088e-06 1.01813e-08 1.27228e-11 5.37604e-15 1.22736e-18 1.0745e-21 1.05579e-23 4.0686e-25 3.33321e-26 6.20343e-27 3.73393e-27 3.40109e-27 3.00689e-27 2.99317e-27 7.22795e-27 6.76458e-26 1.73077e-24 1.54487e-22 7.0865e-20 4.63471e-17 1.95227e-14 4.45922e-12 5.01368e-10 2.67089e-08 6.82547e-07 8.81274e-06 6.19067e-05 0.000252966 0.000620412 0.000927732 0.00090364 0.00064635 0.000377379 0.000188983 8.02304e-05 2.63386e-05 4.7855e-06 0 
0 0.000185026 5.01388e-05 1.42446e-06 6.40056e-09 6.3172e-12 2.03915e-15 3.58081e-19 5.32803e-22 7.61686e-24 3.58813e-25 3.06648e-26 3.73395e-27 8.4271e-28 4.84799e-28 4.17238e-28 6.44402e-28 3.34071e-27 3.65934e-26 7.90984e-25 5.25818e-23 1.85553e-20 1.47733e-17 7.66107e-15 2.11182e-12 2.79957e-10 1.71524e-08 4.9171e-07 6.95622e-06 5.24699e-05 0.000226921 0.000583977 0.000908763 0.000909877 0.000660637 0.0003883 0.000194952 8.28388e-05 2.72029e-05 4.94299e-06 0 
0 0.000183113 4.86758e-05 1.34319e-06 5.80205e-09 5.45505e-12 1.66579e-15 2.78191e-19 4.57139e-22 7.00956e-24 3.43261e-25 2.97679e-26 3.40111e-27 4.84801e-28 1.22866e-28 1.04429e-28 3.71316e-28 2.81154e-27 3.18221e-26 6.68406e-25 4.20823e-23 1.39356e-20 1.15196e-17 6.23944e-15 1.78927e-12 2.45585e-10 1.54982e-08 4.55223e-07 6.56554e-06 5.02728e-05 0.000220088 0.000572655 0.000900065 0.000907943 0.00066212 0.000389975 0.000195956 8.32909e-05 2.73542e-05 4.97065e-06 0 
0 0.000186546 5.21911e-05 1.55918e-06 7.50335e-09 8.05853e-12 2.86401e-15 5.49215e-19 6.44149e-22 7.80533e-24 3.36352e-25 2.72691e-26 3.00691e-27 4.1724e-28 1.04429e-28 1.06693e-28 4.26641e-28 3.30282e-27 3.98138e-26 9.44105e-25 7.13422e-23 2.86655e-20 2.1389e-17 1.03158e-14 2.66438e-12 3.33737e-10 1.94898e-08 5.37125e-07 7.36359e-06 5.42068e-05 0.000230162 0.000584463 0.000901731 0.000898895 0.000651593 0.00038282 0.000192191 8.16672e-05 2.68187e-05 4.87323e-06 0 
0 0.000194903 6.11936e-05 2.18414e-06 1.33856e-08 1.93629e-11 9.66536e-15 2.62019e-18 1.63561e-21 1.21654e-23 3.89486e-25 2.69203e-26 2.99318e-27 6.44401e-28 3.71314e-28 4.26639e-28 1.01631e-27 6.181e-27 8.20407e-26 2.61994e-24 2.9899e-22 1.51652e-19 8.71878e-17 3.23829e-14 6.60673e-12 6.73237e-10 3.30013e-08 7.87616e-07 9.62988e-06 6.48594e-05 0.000256862 0.000616427 0.000910088 0.00088155 0.000629586 0.000367559 0.0001841 7.81688e-05 2.56637e-05 4.66303e-06 0 
0 0.000207473 7.72241e-05 3.57959e-06 3.12763e-08 7.00297e-11 5.75396e-14 2.65083e-17 1.28744e-20 4.50253e-23 8.19388e-25 4.55668e-26 7.22794e-27 3.3407e-27 2.81153e-27 3.3028e-27 6.18098e-27 2.7713e-26 3.97542e-25 1.97671e-23 4.03815e-21 1.79996e-18 6.88787e-16 1.74165e-13 2.51041e-11 1.8871e-09 7.14535e-08 1.37936e-06 1.42469e-05 8.41532e-05 0.00030054 0.000663152 0.000917826 0.000853062 0.000596533 0.000345181 0.000172329 7.30917e-05 2.39888e-05 4.35827e-06 0 
0 0.000223084 0.000102816 6.60482e-06 8.97667e-08 3.46394e-10 5.29606e-13 4.74073e-16 3.8413e-19 6.31567e-22 6.1128e-24 3.08532e-25 6.76456e-26 3.65932e-26 3.18219e-26 3.98137e-26 8.20404e-26 3.97542e-25 7.36136e-24 6.08369e-22 1.42777e-19 3.94904e-17 9.03695e-15 1.41251e-12 1.31744e-10 6.76099e-09 1.85107e-07 2.73765e-06 2.28791e-05 0.000114584 0.000359242 0.000713921 0.000914041 0.000809824 0.00055306 0.000316923 0.000157668 6.67965e-05 2.1915e-05 3.9811e-06 0 
0 0.000239915 0.000141242 1.31546e-05 2.95028e-07 2.11016e-09 6.52484e-12 1.24065e-14 2.13421e-17 4.99411e-20 2.97018e-22 1.03462e-23 1.73077e-24 7.90982e-25 6.68405e-25 9.44103e-25 2.61994e-24 1.97671e-23 6.08369e-22 5.91969e-20 8.59937e-18 1.3046e-15 1.66173e-13 1.49969e-11 8.49563e-10 2.81123e-08 5.2956e-07 5.75856e-06 3.77043e-05 0.000156246 0.000422563 0.000748858 0.000884831 0.000748508 0.000500247 0.000284231 0.000140989 5.9676e-05 1.95737e-05 3.55553e-06 0 
0 0.000255406 0.000195672 2.71133e-05 1.03521e-06 1.42565e-08 9.31506e-11 3.94383e-13 1.52026e-15 7.54003e-18 6.71588e-20 1.58663e-21 1.54487e-22 5.25817e-23 4.20822e-23 7.13422e-23 2.9899e-22 4.03815e-21 1.42777e-19 8.59937e-18 6.65224e-16 5.30202e-14 3.60672e-12 1.80194e-10 5.93994e-09 1.21404e-07 1.51066e-06 1.16708e-05 5.8441e-05 0.000197901 0.000461291 0.00073616 0.000815017 0.000666994 0.000439721 0.000248676 0.000123186 5.21234e-05 1.70954e-05 3.10533e-06 0 
0 0.000266424 0.00026737 5.56066e-05 3.6353e-06 9.69563e-08 1.34824e-09 1.28139e-11 1.11614e-13 1.20009e-15 2.10732e-17 7.69593e-19 7.0865e-20 1.85553e-20 1.39356e-20 2.86655e-20 1.51652e-19 1.79996e-18 3.94904e-17 1.3046e-15 5.30202e-14 2.19496e-12 7.84831e-11 2.11983e-09 3.92431e-08 4.71745e-07 3.66541e-06 1.91784e-05 7.18653e-05 0.000201241 0.000420483 0.000636292 0.000691589 0.000564996 0.000373586 0.000211848 0.000105104 4.45036e-05 1.46005e-05 2.65242e-06 0 
0 0.000269759 0.000352957 0.000109626 1.20892e-05 6.10954e-07 1.76396e-08 3.66786e-10 7.03768e-12 1.60154e-13 5.47191e-15 3.43748e-16 4.63471e-17 1.47733e-17 1.15196e-17 2.1389e-17 8.71878e-17 6.88787e-16 9.03695e-15 1.66173e-13 3.60672e-12 7.84831e-11 1.47642e-09 2.11005e-08 2.06603e-07 1.30947e-06 5.50529e-06 1.72764e-05 4.69509e-05 0.000117918 0.000256538 0.000428412 0.000511227 0.000444863 0.000304321 0.00017526 8.74949e-05 3.71328e-05 1.2192e-05 2.21546e-06 0 
0 0.000262932 0.000441836 0.000201737 3.6443e-05 3.34305e-06 1.90614e-07 8.22454e-09 3.29799e-10 1.51164e-11 9.61791e-13 1.00384e-13 1.95227e-14 7.66107e-15 6.23944e-15 1.03158e-14 3.23829e-14 1.74165e-13 1.41251e-12 1.49969e-11 1.80194e-10 2.11983e-09 2.11005e-08 1.52278e-07 6.79845e-07 1.69014e-06 2.54293e-06 3.33939e-06 6.09439e-06 1.8027e-05 6.39339e-05 0.000175823 0.000297569 0.00031415 0.000235022 0.000140335 7.09917e-05 3.02646e-05 9.95139e-06 1.80913e-06 0 
0 0.00024506 0.000516174 0.000337941 9.64048e-05 1.51804e-05 1.59722e-06 1.32987e-07 1.03656e-08 8.93869e-10 9.97259e-11 1.64666e-11 4.45922e-12 2.11182e-12 1.78927e-12 2.66438e-12 6.60673e-12 2.51041e-11 1.31744e-10 8.49563e-10 5.93994e-09 3.92431e-08 2.06603e-07 6.79845e-07 9.99476e-07 4.88884e-07 9.43473e-08 2.02509e-08 1.98813e-08 1.38544e-07 2.4549e-06 2.83738e-05 0.000116637 0.000189962 0.000170056 0.000108458 5.6098e-05 2.40848e-05 7.93647e-06 1.44375e-06 0 
0 0.000217387 0.000555852 0.000504175 0.000218438 5.56495e-05 1.00085e-05 1.47789e-06 2.05685e-07 3.08066e-08 5.61649e-09 1.38549e-09 5.01368e-10 2.79957e-10 2.45585e-10 3.33737e-10 6.73237e-10 1.8871e-09 6.76099e-09 2.81123e-08 1.21404e-07 4.71745e-07 1.30947e-06 1.69014e-06 4.88884e-07 1.44805e-08 5.56251e-11 3.24145e-13 1.0395e-13 6.49064e-12 4.42919e-09 1.11623e-06 2.68837e-05 9.5843e-05 0.00011506 8.09653e-05 4.31817e-05 1.87095e-05 6.18156e-06 1.12536e-06 0 
0 0.000183103 0.000547669 0.000657827 0.000415257 0.000162125 4.62562e-05 1.11032e-05 2.52217e-06 6.02491e-07 1.6648e-07 5.7715e-08 2.67089e-08 1.71524e-08 1.54982e-08 1.94898e-08 3.30013e-08 7.14535e-08 1.85107e-07 5.2956e-07 1.51066e-06 3.66541e-06 5.50529e-06 2.54293e-06 9.43473e-08 5.56251e-11 6.67059e-16 2.09216e-15 2.64288e-15 2.88787e-16 4.7364e-13 1.30611e-08 4.14471e-06 4.29932e-05 7.46174e-05 5.88457e-05 3.24409e-05 1.41871e-05 4.69942e-06 8.56135e-07 0 
0 0.000146433 0.000493014 0.000742328 0.000649578 0.000370522 0.000157485 5.67801e-05 1.93158e-05 6.76688e-06 2.62944e-06 1.20517e-06 6.82547e-07 4.9171e-07 4.55223e-07 5.37125e-07 7.87616e-07 1.37936e-06 2.73765e-06 5.75856e-06 1.16708e-05 1.91784e-05 1.72764e-05 3.33939e-06 2.02509e-08 3.24145e-13 2.09216e-15 2.18018e-16 2.00715e-16 3.19346e-17 1.21703e-16 2.37315e-10 7.92692e-07 2.08987e-05 4.91026e-05 4.22656e-05 2.38621e-05 1.05015e-05 3.48436e-06 6.35052e-07 0 
0 0.000111396 0.000407374 0.000724707 0.000825272 0.000653747 0.000393893 0.000200602 9.51049e-05 4.53658e-05 2.31474e-05 1.32511e-05 8.81274e-06 6.95622e-06 6.56554e-06 7.36359e-06 9.62988e-06 1.42469e-05 2.28791e-05 3.77043e-05 5.8441e-05 7.18653e-05 4.69509e-05 6.09439e-06 1.98813e-08 1.0395e-13 2.64288e-15 2.00715e-16 4.69532e-17 6.58724e-17 2.48274e-15 7.03863e-11 4.24044e-07 1.39204e-05 3.48258e-05 3.04199e-05 1.72248e-05 7.58429e-06 2.51659e-06 4.58668e-07 0 
0 8.08387e-05 0.000311759 0.000620082 0.000854813 0.000880774 0.000715647 0.000491799 0.00030877 0.000189682 0.000120349 8.2094e-05 6.19067e-05 5.24699e-05 5.02728e-05 5.42068e-05 6.48594e-05 8.41532e-05 0.000114584 0.000156246 0.000197901 0.000201241 0.000117918 1.8027e-05 1.38544e-07 6.49064e-12 2.88787e-16 3.19347e-17 6.58723e-17 7.50915e-17 2.1741e-15 7.04106e-10 8.05347e-07 1.35377e-05 2.69826e-05 2.19719e-05 1.21878e-05 5.33498e-06 1.76731e-06 3.21958e-07 0 
0 5.61057e-05 0.000223271 0.000475051 0.000740264 0.000917779 0.00094102 0.000830804 0.000664019 0.000506187 0.000385246 0.000303236 0.000252966 0.000226921 0.000220088 0.000230162 0.000256862 0.00030054 0.000359242 0.000422563 0.000461291 0.000420483 0.000256538 6.39339e-05 2.4549e-06 4.42919e-09 4.7364e-13 1.21703e-16 2.48274e-15 2.1741e-15 1.91665e-11 3.97688e-08 2.9516e-06 1.608e-05 2.17444e-05 1.57001e-05 8.40728e-06 3.6434e-06 1.20355e-06 2.19083e-07 0 
0 3.72866e-05 0.000150932 0.000333199 0.000556578 0.000772004 0.000923949 0.000979946 0.000948148 0.000864734 0.000767898 0.000682689 0.000620412 0.000583977 0.000572655 0.000584463 0.000616427 0.000663152 0.000713921 0.000748858 0.00073616 0.000636292 0.000428412 0.000175823 2.83738e-05 1.11623e-06 1.30611e-08 2.37315e-10 7.03863e-11 7.04106e-10 3.97688e-08 1.28806e-06 9.16347e-06 1.81099e-05 1.69558e-05 1.08635e-05 5.60898e-06 2.40475e-06 7.91919e-07 1.44027e-07 0 
0 2.37015e-05 9.67658e-05 0.000217589 0.00037648 0.000553999 0.000723139 0.000857391 0.000941261 0.000975503 0.000973424 0.000952515 0.000927732 0.000908763 0.000900065 0.000901731 0.000910088 0.000917826 0.000914041 0.000884831 0.000815017 0.000691589 0.000511227 0.000297569 0.000116637 2.68837e-05 4.14471e-06 7.92692e-07 4.24044e-07 8.05347e-07 2.9516e-06 9.16347e-06 1.61577e-05 1.67423e-05 1.21873e-05 7.15292e-06 3.58955e-06 1.52543e-06 5.01013e-07 9.10481e-08 0 
0 1.43508e-05 5.88247e-05 0.000133398 0.000234569 0.00035483 0.000482989 0.000606014 0.000712229 0.000794442 0.000851226 0.000885819 0.00090364 0.000909877 0.000907943 0.000898895 0.00088155 0.000853062 0.000809824 0.000748508 0.000666994 0.000564996 0.000444863 0.00031415 0.000189962 9.5843e-05 4.29932e-05 2.08987e-05 1.39204e-05 1.35377e-05 1.608e-05 1.81099e-05 1.67423e-05 1.25473e-05 7.96088e-06 4.43604e-06 2.18619e-06 9.23514e-07 3.02743e-07 5.49844e-08 0 
0 8.20918e-06 3.37088e-05 7.67197e-05 0.00013583 0.000207879 0.000288089 0.000370572 0.000449229 0.000518813 0.000575732 0.000618293 0.00064635 0.000660637 0.00066212 0.000651593 0.000629586 0.000596533 0.00055306 0.000500247 0.000439721 0.000373586 0.000304321 0.000235022 0.000170056 0.00011506 7.46174e-05 4.91026e-05 3.48258e-05 2.69826e-05 2.17444e-05 1.69558e-05 1.21873e-05 7.96088e-06 4.73942e-06 2.57274e-06 1.25547e-06 5.28502e-07 1.73048e-07 3.14171e-08 0 
0 4.374e-06 1.79737e-05 4.09671e-05 7.27269e-05 0.000111813 0.000156046 0.000202697 0.000248782 0.000291417 0.000328151 0.000357172 0.000377379 0.0003883 0.000389975 0.00038282 0.000367559 0.000345181 0.000316923 0.000284231 0.000248676 0.000211848 0.00017526 0.000140335 0.000108458 8.09653e-05 5.88457e-05 4.22656e-05 3.04199e-05 2.19719e-05 1.57001e-05 1.08635e-05 7.15292e-06 4.43604e-06 2.57274e-06 1.38037e-06 6.70412e-07 2.81708e-07 9.21802e-08 1.67317e-08 0 
0 2.1176e-06 8.70417e-06 1.98503e-05 3.52748e-05 5.43236e-05 7.60076e-05 9.90818e-05 0.000122158 0.000143838 0.000162847 0.000178143 0.000188983 0.000194952 0.000195956 0.000192191 0.0001841 0.000172329 0.000157668 0.000140989 0.000123186 0.000105104 8.74949e-05 7.09917e-05 5.6098e-05 4.31817e-05 3.24409e-05 2.38621e-05 1.72248e-05 1.21878e-05 8.40728e-06 5.60898e-06 3.58955e-06 2.18619e-06 1.25547e-06 6.70412e-07 3.24926e-07 1.36419e-07 4.46246e-08 8.0989e-09 0 
0 8.88619e-07 3.65297e-06 8.3325e-06 1.48125e-05 2.28249e-05 3.19639e-05 4.1718e-05 5.15129e-05 6.07624e-05 6.89198e-05 7.55232e-05 8.02304e-05 8.28388e-05 8.32909e-05 8.16672e-05 7.81688e-05 7.30917e-05 6.67965e-05 5.9676e-05 5.21234e-05 4.45036e-05 3.71328e-05 3.02646e-05 2.40848e-05 1.87095e-05 1.41871e-05 1.05015e-05 7.58429e-06 5.33498e-06 3.6434e-06 2.40475e-06 1.52543e-06 9.23514e-07 5.28502e-07 2.81708e-07 1.36419e-07 5.72544e-08 1.87259e-08 3.39837e-09 0 
0 2.90617e-07 1.19473e-06 2.72539e-06 4.84549e-06 7.46797e-06 1.04612e-05 1.36589e-05 1.68743e-05 1.99156e-05 2.26027e-05 2.47821e-05 2.63386e-05 2.72029e-05 2.73542e-05 2.68187e-05 2.56637e-05 2.39888e-05 2.1915e-05 1.95737e-05 1.70954e-05 1.46005e-05 1.2192e-05 9.95139e-06 7.93647e-06 6.18156e-06 4.69942e-06 3.48436e-06 2.51659e-06 1.76731e-06 1.20355e-06 7.91919e-07 5.01013e-07 3.02743e-07 1.73048e-07 9.21802e-08 4.46246e-08 1.87259e-08 6.1242e-09 1.11139e-09 0 
0 5.27394e-08 2.16815e-07 4.94607e-07 8.79401e-07 1.35544e-06 1.89889e-06 2.47965e-06 3.06385e-06 3.61669e-06 4.10543e-06 4.50206e-06 4.7855e-06 4.94299e-06 4.97065e-06 4.87323e-06 4.66303e-06 4.35827e-06 3.9811e-06 3.55553e-06 3.10533e-06 2.65242e-06 2.21546e-06 1.80913e-06 1.44375e-06 1.12536e-06 8.56135e-07 6.35052e-07 4.58668e-07 3.21958e-07 2.19083e-07 1.44027e-07 9.10481e-08 5.49844e-08 3.14171e-08 1.67317e-08 8.0989e-09 3.39837e-09 1.11139e-09 2.01686e-10 0 
0 0 0 0 0 0 0 0 0 0 0 0 0 0 0 0 0 0 0 0 0 0 0 0 0 0 0 0 0 0 0 0 0 0 0 0 0 0 0 0 0 
