0 0 0 0 0 0 0 0 0 0 0 0 0 0 0 0 0 0 0 0 0 0 0 0 0 0 0 0 0 0 0 0 0 0 0 0 0 0 0 0 0 
0 1.37053e-05 5.59035e-05 0.000125584 0.00021729 0.000320736 0.000422482 0.000509827 0.00057491 0.000616402 0.000638164 0.000646428 0.000647307 0.000645398 0.00064333 0.000641828 0.00063997 0.000635535 0.000625454 0.000606449 0.000575858 0.000532513 0.000477361 0.000413517 0.000345617 0.000278681 0.000216982 0.000163342 0.000119002 8.39224e-05 5.72344e-05 3.76602e-05 2.38135e-05 1.43812e-05 8.21662e-06 4.37563e-06 2.11791e-06 8.88669e-07 2.90623e-07 5.27398e-08 0 
0 5.59035e-05 0.000225458 0.000494518 0.000818335 0.00112289 0.00133168 0.00140612 0.00136224 0.00124948 0.00111808 0.00100147 0.000915754 0.000866068 0.000852613 0.000873995 0.000928166 0.0010116 0.00111731 0.00123245 0.00133717 0.00140649 0.00141673 0.00135461 0.00122398 0.00104499 0.000845831 0.000652438 0.000482111 0.0003426 0.00023455 0.000154613 9.78448e-05 5.91094e-05 3.37765e-05 1.79881e-05 8.70683e-06 3.65339e-06 1.19478e-06 2.16818e-07 0 
0 0.000125584 0.000494518 0.00102978 0.00154509 0.00180932 0.00172124 0.00139151 0.00101085 0.000699518 0.000486021 0.000353801 0.00027842 0.000241603 0.000233222 0.000250064 0.000294699 0.000374973 0.000503278 0.000693708 0.000954459 0.00127426 0.00160815 0.00187774 0.0020004 0.00193568 0.00170968 0.00139424 0.00106425 0.000769557 0.000531415 0.000351702 0.000222954 0.000134785 7.70407e-05 4.10332e-05 1.98622e-05 8.33431e-06 2.7256e-06 4.9462e-07 0 
0 0.00021729 0.000818335 0.00154509 0.00193359 0.0017125 0.00113563 0.000612498 0.00029526 0.000138931 6.87614e-05 3.80049e-05 2.45206e-05 1.89946e-05 1.78737e-05 2.03497e-05 2.75365e-05 4.30199e-05 7.47858e-05 0.000138793 0.000263406 0.000489949 0.000857765 0.00136217 0.00190345 0.00229716 0.00238918 0.00217257 0.00177032 0.0013263 0.000932088 0.000621841 0.000395551 0.000239455 0.000136939 7.29503e-05 3.53141e-05 1.48184e-05 4.84614e-06 8.79441e-07 0 
0 0.000320736 0.00112289 0.00180932 0.0017125 0.00102086 0.000423275 0.000138879 4.0951e-05 1.21532e-05 4.00296e-06 1.58659e-06 8.04603e-07 5.42953e-07 4.95334e-07 6.06748e-07 9.71232e-07 1.94556e-06 4.61884e-06 1.22358e-05 3.40261e-05 9.37133e-05 0.00024238 0.00056113 0.00111391 0.00183021 0.00244 0.00265206 0.00241988 0.00193186 0.00140175 0.00094894 0.000607352 0.00036857 0.00021097 0.000112424 5.4429e-05 2.28401e-05 7.46964e-06 1.35554e-06 0 
0 0.000422482 0.00133168 0.00172124 0.00113563 0.000423275 0.000103538 1.95787e-05 3.33522e-06 5.8877e-07 1.22145e-07 3.31358e-08 1.27598e-08 7.35153e-09 6.47153e-09 8.61695e-09 1.67109e-08 4.44524e-08 1.50458e-07 5.96525e-07 2.54935e-06 1.0867e-05 4.31565e-05 0.000150715 0.000440661 0.00103309 0.00187532 0.00259787 0.00280046 0.00246885 0.0018863 0.00130794 0.000845643 0.000515215 0.00029534 0.000157466 7.62486e-05 3.19981e-05 1.04649e-05 1.8991e-06 0 
0 0.000509827 0.00140612 0.00139151 0.000612498 0.000138879 1.95787e-05 2.07118e-06 1.96702e-07 1.99001e-08 2.51126e-09 4.52788e-10 1.29545e-10 6.29118e-11 5.3259e-11 7.75448e-11 1.84833e-10 6.67084e-10 3.30637e-09 2.0214e-08 1.36879e-07 9.29068e-07 5.79915e-06 3.10435e-05 0.000134948 0.000455728 0.00114983 0.00210539 0.00279864 0.00282246 0.00232142 0.00166729 0.0010943 0.000670638 0.000385262 0.000205562 9.95627e-05 4.17854e-05 1.36661e-05 2.48007e-06 0 
0 0.00057491 0.00136224 0.00101085 0.00029526 4.0951e-05 3.33522e-06 1.96702e-07 1.03422e-08 5.94693e-10 4.52805e-11 5.38772e-12 1.13894e-12 4.6453e-13 3.77616e-13 6.0158e-13 1.76704e-12 8.69068e-12 6.34398e-11 6.02005e-10 6.50249e-09 7.06965e-08 6.96191e-07 5.71061e-06 3.66765e-05 0.000176376 0.000612536 0.00148709 0.00248442 0.00293804 0.00265189 0.00199463 0.00133572 0.000825097 0.000475362 0.000253888 0.000123009 5.1631e-05 1.68867e-05 3.06456e-06 0 
0 0.000616402 0.00124948 0.000699518 0.000138931 1.21532e-05 5.8877e-07 1.99001e-08 5.94693e-10 1.99162e-11 9.34754e-13 7.46715e-14 1.18052e-14 4.06982e-15 3.17865e-15 5.51318e-15 1.97583e-14 1.30568e-13 1.37977e-12 1.99353e-11 3.3658e-10 5.74233e-09 8.74059e-08 1.07602e-06 9.98458e-06 6.66613e-05 0.000310142 0.000977224 0.00203858 0.0028476 0.002852 0.00226442 0.00155351 0.000968913 0.000560184 0.000299551 0.00014519 6.09487e-05 1.9935e-05 3.61779e-06 0 
0 0.000638164 0.00111808 0.000486021 6.87614e-05 4.00296e-06 1.22145e-07 2.51126e-09 4.52805e-11 9.34754e-13 2.84407e-14 1.58923e-15 1.93505e-16 5.73151e-17 4.31281e-17 8.06002e-17 3.44698e-16 2.96397e-15 4.35815e-14 9.16911e-13 2.3086e-11 5.89538e-10 1.32513e-08 2.34518e-07 3.01959e-06 2.69209e-05 0.000161449 0.00063697 0.00161697 0.00263948 0.00293235 0.00246384 0.00173498 0.00109355 0.000634695 0.000339845 0.000164792 6.91864e-05 2.26303e-05 4.10699e-06 0 
0 0.000646428 0.00100147 0.000353801 3.80049e-05 1.58659e-06 3.31358e-08 4.52788e-10 5.38772e-12 7.46715e-14 1.58923e-15 6.61045e-17 6.48306e-18 1.69191e-18 1.23246e-18 2.44481e-18 1.20729e-17 1.28758e-16 2.48231e-15 7.11169e-14 2.4876e-12 8.85543e-11 2.74471e-09 6.55189e-08 1.10469e-06 1.24806e-05 9.19415e-05 0.000434379 0.00129229 0.0024047 0.00292881 0.00259369 0.00187257 0.00119245 0.00069473 0.000372476 0.000180691 7.58719e-05 2.48181e-05 4.50408e-06 0 
0 0.000647307 0.000915754 0.00027842 2.45206e-05 8.04603e-07 1.27598e-08 1.29545e-10 1.13894e-12 1.18052e-14 1.93505e-16 6.48306e-18 5.42168e-19 1.28759e-19 9.13938e-20 1.88907e-19 1.03366e-18 1.2873e-17 3.01905e-16 1.08218e-14 4.80818e-13 2.18061e-11 8.54597e-10 2.53893e-08 5.21413e-07 7.003e-06 5.99003e-05 0.000322245 0.00107512 0.00220473 0.00288344 0.0026641 0.00196369 0.00126139 0.000737287 0.000395738 0.000192047 8.06494e-05 2.63817e-05 4.78791e-06 0 
0 0.000645398 0.000866068 0.000241603 1.89946e-05 5.42953e-07 7.35153e-09 6.29118e-11 4.6453e-13 4.06982e-15 5.73151e-17 1.69191e-18 1.28759e-19 2.88764e-20 2.01289e-20 4.24707e-20 2.45828e-19 3.33924e-18 8.7509e-17 3.56474e-15 1.817e-13 9.47628e-12 4.25479e-10 1.43566e-08 3.30813e-07 4.91617e-06 4.58934e-05 0.000266407 0.000951083 0.00206864 0.0028296 0.00268796 0.00200922 0.00129841 0.000760668 0.000408617 0.00019835 8.33035e-05 2.72507e-05 4.94566e-06 0 
0 0.00064333 0.000852613 0.000233222 1.78737e-05 4.95334e-07 6.47153e-09 5.3259e-11 3.77616e-13 3.17865e-15 4.31281e-17 1.23246e-18 9.13938e-20 2.01289e-20 1.38992e-20 2.93098e-20 1.71005e-19 2.35952e-18 6.32187e-17 2.64609e-15 1.39048e-13 7.48882e-12 3.47278e-10 1.2088e-08 2.86701e-07 4.37327e-06 4.17897e-05 0.000247827 0.00090311 0.00200321 0.00278536 0.00267517 0.00201157 0.00130345 0.000764461 0.000410822 0.000199449 8.3769e-05 2.74034e-05 4.9734e-06 0 
0 0.000641828 0.000873995 0.000250064 2.03497e-05 6.06748e-07 8.61695e-09 7.75448e-11 6.0158e-13 5.51318e-15 8.06002e-17 2.44481e-18 1.88907e-19 4.24707e-20 2.93098e-20 6.05325e-20 3.3972e-19 4.4427e-18 1.11589e-16 4.34883e-15 2.12181e-13 1.06191e-11 4.59342e-10 1.5005e-08 3.36523e-07 4.89439e-06 4.49662e-05 0.000258382 0.000918729 0.00200185 0.00275288 0.00262967 0.00197331 0.00127793 0.000749423 0.000402747 0.000195533 8.21257e-05 2.6866e-05 4.87588e-06 0 
0 0.00063997 0.000928166 0.000294699 2.75365e-05 9.71232e-07 1.67109e-08 1.84833e-10 1.76704e-12 1.97583e-14 3.44698e-16 1.20729e-17 1.03366e-18 2.45828e-19 1.71005e-19 3.3972e-19 1.75799e-18 2.04594e-17 4.4511e-16 1.47593e-14 6.0742e-13 2.56363e-11 9.41702e-10 2.64534e-08 5.18644e-07 6.71731e-06 5.5992e-05 0.000296916 0.000988801 0.0020475 0.00271992 0.00254903 0.00189658 0.00122437 0.000717304 0.000385385 0.000187094 7.85806e-05 2.57063e-05 4.66542e-06 0 
0 0.000635535 0.0010116 0.000374973 4.30199e-05 1.94556e-06 4.44524e-08 6.67084e-10 8.69068e-12 1.30568e-13 2.96397e-15 1.28758e-16 1.2873e-17 3.33924e-18 2.35952e-18 4.4427e-18 2.04594e-17 2.00917e-16 3.54045e-15 9.25083e-14 2.95826e-12 9.68673e-11 2.78632e-09 6.23902e-08 9.98518e-07 1.08469e-05 7.79506e-05 0.000365521 0.00110096 0.00211001 0.0026621 0.00242622 0.00178334 0.00114622 0.000670632 0.000360194 0.000174855 7.34406e-05 2.40251e-05 4.36032e-06 0 
0 0.000625454 0.00111731 0.000503278 7.47858e-05 4.61884e-06 1.50458e-07 3.30637e-09 6.34398e-11 1.37977e-12 4.35815e-14 2.48231e-15 3.01905e-16 8.7509e-17 6.32187e-17 1.11589e-16 4.4511e-16 3.54045e-15 4.79703e-14 9.30228e-13 2.16677e-11 5.15182e-10 1.08724e-08 1.82442e-07 2.25245e-06 1.95177e-05 0.000115815 0.000463348 0.00122834 0.00214164 0.00254614 0.00225222 0.00163592 0.00104762 0.000612458 0.000328941 0.000159698 6.70787e-05 2.19446e-05 3.98279e-06 0 
0 0.000606449 0.00123245 0.000693708 0.000138793 1.22358e-05 5.96525e-07 2.0214e-08 6.02005e-10 1.99353e-11 9.16911e-13 7.11169e-14 1.08218e-14 3.56474e-15 2.64609e-15 4.34883e-15 1.47593e-14 9.25083e-14 9.30228e-13 1.28448e-11 2.08267e-10 3.42898e-09 5.06107e-08 6.07273e-07 5.53082e-06 3.66797e-05 0.000173268 0.000574411 0.00131598 0.00207598 0.00233477 0.00201834 0.00145711 0.000933044 0.000546073 0.000293534 0.000142573 5.98983e-05 1.95973e-05 3.55688e-06 0 
0 0.000575858 0.00133717 0.000954459 0.000263406 3.40261e-05 2.54935e-06 1.36879e-07 6.50249e-09 3.3658e-10 2.3086e-11 2.4876e-12 4.80818e-13 1.817e-13 1.39048e-13 2.12181e-13 6.0742e-13 2.95826e-12 2.16677e-11 2.08267e-10 2.29028e-09 2.53695e-08 2.53805e-07 2.10547e-06 1.3648e-05 6.67694e-05 0.000242593 0.000649714 0.00127498 0.00183648 0.00199238 0.0017167 0.00124954 0.000806797 0.00047469 0.000255857 0.000124424 5.22992e-05 1.71142e-05 3.10643e-06 0 
0 0.000532513 0.00140649 0.00127426 0.000489949 9.37133e-05 1.0867e-05 9.29068e-07 7.06965e-08 5.74233e-09 5.89538e-10 8.85543e-11 2.18061e-11 9.47628e-12 7.48882e-12 1.06191e-11 2.56363e-11 9.68673e-11 5.15182e-10 3.42898e-09 2.53695e-08 1.86828e-07 1.24505e-06 6.96433e-06 3.1035e-05 0.000107217 0.000286377 0.000600551 0.00100748 0.00136408 0.00149401 0.00134014 0.00101449 0.000672384 0.000401177 0.000217629 0.000106116 4.46491e-05 1.46162e-05 2.65334e-06 0 
0 0.000477361 0.00141673 0.00160815 0.000857765 0.00024238 4.31565e-05 5.79915e-06 6.96191e-07 8.74059e-08 1.32513e-08 2.74471e-09 8.54597e-10 4.25479e-10 3.47278e-10 4.59342e-10 9.41702e-10 2.78632e-09 1.08724e-08 5.06107e-08 2.53805e-07 1.24505e-06 5.48249e-06 2.0164e-05 5.87177e-05 0.000132277 0.000236416 0.000361829 0.000516005 0.000702268 0.000863718 0.000892176 0.000753288 0.000532561 0.000327964 0.000180336 8.83932e-05 3.72625e-05 1.2206e-05 2.21628e-06 0 
0 0.000413517 0.00135461 0.00187774 0.00136217 0.00056113 0.000150715 3.10435e-05 5.71061e-06 1.07602e-06 2.34518e-07 6.55189e-08 2.53893e-08 1.43566e-08 1.2088e-08 1.5005e-08 2.64534e-08 6.23902e-08 1.82442e-07 6.07273e-07 2.10547e-06 6.96433e-06 2.0164e-05 4.68785e-05 8.06532e-05 9.84426e-05 9.177e-05 8.29101e-05 9.64217e-05 0.000155947 0.000283591 0.000432784 0.000478586 0.000391356 0.000257344 0.00014523 7.18581e-05 3.03888e-05 9.9647e-06 1.8099e-06 0 
0 0.000345617 0.00122398 0.0020004 0.00190345 0.00111391 0.000440661 0.000134948 3.66765e-05 9.98458e-06 3.01959e-06 1.10469e-06 5.21413e-07 3.30813e-07 2.86701e-07 3.36523e-07 5.18644e-07 9.98518e-07 2.25245e-06 5.53082e-06 1.3648e-05 3.1035e-05 5.87177e-05 8.06532e-05 6.72142e-05 2.93252e-05 7.62731e-06 2.27072e-06 1.86027e-06 5.4207e-06 2.88209e-05 0.000115665 0.000234711 0.000258541 0.000192191 0.00011342 5.6968e-05 2.42072e-05 7.94934e-06 1.44448e-06 0 
0 0.000278681 0.00104499 0.00193568 0.00229716 0.00183021 0.00103309 0.000455728 0.000176376 6.66613e-05 2.69209e-05 1.24806e-05 7.003e-06 4.91617e-06 4.37327e-06 4.89439e-06 6.71731e-06 1.08469e-05 1.95177e-05 3.66797e-05 6.67694e-05 0.000107217 0.000132277 9.84426e-05 2.93252e-05 2.21978e-06 4.97064e-08 1.5605e-09 6.66088e-10 7.71835e-09 4.30216e-07 1.26577e-05 8.15453e-05 0.000150873 0.000136334 8.59008e-05 4.4037e-05 1.88273e-05 6.19367e-06 1.12603e-06 0 
0 0.000216982 0.000845831 0.00170968 0.00238918 0.00244 0.00187532 0.00114983 0.000612536 0.000310142 0.000161449 9.19415e-05 5.99003e-05 4.58934e-05 4.17897e-05 4.49662e-05 5.5992e-05 7.79506e-05 0.000115815 0.000173268 0.000242593 0.000286377 0.000236416 9.177e-05 7.62731e-06 4.97064e-08 2.85448e-11 2.83085e-14 4.5553e-15 4.8959e-13 1.08156e-09 6.47646e-07 2.189e-05 8.10516e-05 9.32971e-05 6.33899e-05 3.3222e-05 1.42925e-05 4.71005e-06 8.56717e-07 0 
0 0.000163342 0.000652438 0.00139424 0.00217257 0.00265206 0.00259787 0.00210539 0.00148709 0.000977224 0.00063697 0.000434379 0.000322245 0.000266407 0.000247827 0.000258382 0.000296916 0.000365521 0.000463348 0.000574411 0.000649714 0.000600551 0.000361829 8.29101e-05 2.27072e-06 1.5605e-09 2.83085e-14 1.67586e-17 7.94078e-18 7.05142e-17 4.43156e-12 4.44359e-08 6.74727e-06 4.55354e-05 6.38801e-05 4.60009e-05 2.45004e-05 1.05864e-05 3.49281e-06 6.3551e-07 0 
0 0.000119002 0.000482111 0.00106425 0.00177032 0.00241988 0.00280046 0.00279864 0.00248442 0.00203858 0.00161697 0.00129229 0.00107512 0.000951083 0.00090311 0.000918729 0.000988801 0.00110096 0.00122834 0.00131598 0.00127498 0.00100748 0.000516005 9.64217e-05 1.86027e-06 6.66088e-10 4.5553e-15 7.94083e-18 3.54616e-19 3.58429e-17 8.81318e-13 1.81344e-08 3.99855e-06 3.10695e-05 4.54718e-05 3.31083e-05 1.76809e-05 7.64457e-06 2.52256e-06 4.58991e-07 0 
0 8.39224e-05 0.0003426 0.000769557 0.0013263 0.00193186 0.00246885 0.00282246 0.00293804 0.0028476 0.00263948 0.0024047 0.00220473 0.00206864 0.00200321 0.00200185 0.0020475 0.00211001 0.00214164 0.00207598 0.00183648 0.00136408 0.000702268 0.000155947 5.4207e-06 7.71835e-09 4.8959e-13 7.05142e-17 3.5843e-17 1.58351e-15 2.41719e-11 6.88679e-08 5.28216e-06 2.67711e-05 3.39204e-05 2.36421e-05 1.24686e-05 5.3722e-06 1.77101e-06 3.22159e-07 0 
0 5.72344e-05 0.00023455 0.000531415 0.000932088 0.00140175 0.0018863 0.00232142 0.00265189 0.002852 0.00293235 0.00292881 0.00288344 0.0028296 0.00278536 0.00275288 0.00271992 0.0026621 0.00254614 0.00233477 0.00199238 0.00149401 0.000863718 0.000283591 2.88209e-05 4.30216e-07 1.08156e-09 4.43156e-12 8.81318e-13 2.41719e-11 6.89513e-09 7.87865e-07 1.05273e-05 2.59499e-05 2.56729e-05 1.65832e-05 8.55517e-06 3.66324e-06 1.20555e-06 2.19194e-07 0 
0 3.76602e-05 0.000154613 0.000351702 0.000621841 0.00094894 0.00130794 0.00166729 0.00199463 0.00226442 0.00246384 0.00259369 0.0026641 0.00268796 0.00267517 0.00262967 0.00254903 0.00242622 0.00225222 0.00201834 0.0017167 0.00134014 0.000892176 0.000432784 0.000115665 1.26577e-05 6.47646e-07 4.44359e-08 1.81344e-08 6.88679e-08 7.87865e-07 6.27135e-06 1.86597e-05 2.40277e-05 1.87998e-05 1.12569e-05 5.6754e-06 2.41387e-06 7.92865e-07 1.4408e-07 0 
0 2.38135e-05 9.78448e-05 0.000222954 0.000395551 0.000607352 0.000845643 0.0010943 0.00133572 0.00155351 0.00173498 0.00187257 0.00196369 0.00200922 0.00201157 0.00197331 0.00189658 0.00178334 0.00163592 0.00145711 0.00124954 0.00101449 0.000753288 0.000478586 0.000234711 8.15453e-05 2.189e-05 6.74727e-06 3.99855e-06 5.28216e-06 1.05273e-05 1.86597e-05 2.2707e-05 1.93424e-05 1.28897e-05 7.30027e-06 3.61505e-06 1.52906e-06 5.01402e-07 9.10706e-08 0 
0 1.43812e-05 5.91094e-05 0.000134785 0.000239455 0.00036857 0.000515215 0.000670638 0.000825097 0.000968913 0.00109355 0.00119245 0.00126139 0.00129841 0.00130345 0.00127793 0.00122437 0.00114622 0.00104762 0.000933044 0.000806797 0.000672384 0.000532561 0.000391356 0.000258541 0.000150873 8.10516e-05 4.55354e-05 3.10695e-05 2.67711e-05 2.59499e-05 2.40277e-05 1.93424e-05 1.33971e-05 8.18e-06 4.48282e-06 2.19461e-06 9.24761e-07 3.02882e-07 5.49928e-08 0 
0 8.21662e-06 3.37765e-05 7.70407e-05 0.000136939 0.00021097 0.00029534 0.000385262 0.000475362 0.000560184 0.000634695 0.00069473 0.000737287 0.000760668 0.000764461 0.000749423 0.000717304 0.000670632 0.000612458 0.000546073 0.00047469 0.000401177 0.000327964 0.000257344 0.000192191 0.000136334 9.32971e-05 6.38801e-05 4.54718e-05 3.39204e-05 2.56729e-05 1.87998e-05 1.28897e-05 8.18e-06 4.79662e-06 2.58544e-06 1.25786e-06 5.28874e-07 1.73091e-07 3.14198e-08 0 
0 4.37563e-06 1.79881e-05 4.10332e-05 7.29503e-05 0.000112424 0.000157466 0.000205562 0.000253888 0.000299551 0.000339845 0.000372476 0.000395738 0.000408617 0.000410822 0.000402747 0.000385385 0.000360194 0.000328941 0.000293534 0.000255857 0.000217629 0.000180336 0.00014523 0.00011342 8.59008e-05 6.33899e-05 4.60009e-05 3.31083e-05 2.36421e-05 1.65832e-05 1.12569e-05 7.30027e-06 4.48282e-06 2.58544e-06 1.38333e-06 6.70999e-07 2.81804e-07 9.21919e-08 1.67325e-08 0 
0 2.11791e-06 8.70683e-06 1.98622e-05 3.53141e-05 5.4429e-05 7.62486e-05 9.95627e-05 0.000123009 0.00014519 0.000164792 0.000180691 0.000192047 0.00019835 0.000199449 0.000195533 0.000187094 0.000174855 0.000159698 0.000142573 0.000124424 0.000106116 8.83932e-05 7.18581e-05 5.6968e-05 4.4037e-05 3.3222e-05 2.45004e-05 1.76809e-05 1.24686e-05 8.55517e-06 5.6754e-06 3.61505e-06 2.19461e-06 1.25786e-06 6.70999e-07 3.25049e-07 1.3644e-07 4.46273e-08 8.09909e-09 0 
0 8.88669e-07 3.65339e-06 8.33431e-06 1.48184e-05 2.28401e-05 3.19981e-05 4.17854e-05 5.1631e-05 6.09487e-05 6.91864e-05 7.58719e-05 8.06494e-05 8.33035e-05 8.3769e-05 8.21257e-05 7.85806e-05 7.34406e-05 6.70787e-05 5.98983e-05 5.22992e-05 4.46491e-05 3.72625e-05 3.03888e-05 2.42072e-05 1.88273e-05 1.42925e-05 1.05864e-05 7.64457e-06 5.3722e-06 3.66324e-06 2.41387e-06 1.52906e-06 9.24761e-07 5.28874e-07 2.81804e-07 1.3644e-07 5.72582e-08 1.87264e-08 3.3984e-09 0 
0 2.90623e-07 1.19478e-06 2.7256e-06 4.84614e-06 7.46964e-06 1.04649e-05 1.36661e-05 1.68867e-05 1.9935e-05 2.26303e-05 2.48181e-05 2.63817e-05 2.72507e-05 2.74034e-05 2.6866e-05 2.57063e-05 2.40251e-05 2.19446e-05 1.95973e-05 1.71142e-05 1.46162e-05 1.2206e-05 9.9647e-06 7.94934e-06 6.19367e-06 4.71005e-06 3.49281e-06 2.52256e-06 1.77101e-06 1.20555e-06 7.92865e-07 5.01402e-07 3.02882e-07 1.73091e-07 9.21919e-08 4.46273e-08 1.87264e-08 6.12427e-09 1.11139e-09 0 
0 5.27398e-08 2.16818e-07 4.9462e-07 8.79441e-07 1.35554e-06 1.8991e-06 2.48007e-06 3.06456e-06 3.61779e-06 4.10699e-06 4.50408e-06 4.78791e-06 4.94566e-06 4.9734e-06 4.87588e-06 4.66542e-06 4.36032e-06 3.98279e-06 3.55688e-06 3.10643e-06 2.65334e-06 2.21628e-06 1.8099e-06 1.44448e-06 1.12603e-06 8.56717e-07 6.3551e-07 4.58991e-07 3.22159e-07 2.19194e-07 1.4408e-07 9.10706e-08 5.49928e-08 3.14198e-08 1.67325e-08 8.09909e-09 3.3984e-09 1.11139e-09 2.01687e-10 0 
0 0 0 0 0 0 0 0 0 0 0 0 0 0 0 0 0 0 0 0 0 0 0 0 0 0 0 0 0 0 0 0 0 0 0 0 0 0 0 0 0 
