0 0 0 0 0 0 0 0 0 0 0 0 0 0 0 0 0 0 0 0 0 0 0 0 0 0 0 0 0 0 0 0 0 0 0 0 0 0 0 0 0 
0 1.37911e-05 5.66964e-05 0.00012934 0.000229968 0.000354465 0.000496605 0.000648526 0.000801372 0.000946045 0.00107397 0.00117782 0.00125205 0.0012933 0.00130056 0.00127506 0.00122003 0.00114025 0.00104153 0.00093017 0.0008124 0.000693949 0.000579699 0.000473473 0.000377947 0.000294685 0.000224245 0.000166363 0.000120155 8.4327e-05 5.73649e-05 3.7699e-05 2.38242e-05 1.43839e-05 8.21723e-06 4.37575e-06 2.11793e-06 8.88673e-07 2.90623e-07 5.27398e-08 0 
0 5.66964e-05 0.000233084 0.000531728 0.00094542 0.00145724 0.00204159 0.00266615 0.00329451 0.00388928 0.00441521 0.00484213 0.00514729 0.00531689 0.00534673 0.0052419 0.00501565 0.00468766 0.00428183 0.00382402 0.00333985 0.00285289 0.0023832 0.00194649 0.00155378 0.00121148 0.000921892 0.000683935 0.00049397 0.000346676 0.000235833 0.000154984 9.79433e-05 5.91335e-05 3.37818e-05 1.79891e-05 8.70702e-06 3.65342e-06 1.19478e-06 2.16818e-07 0 
0 0.00012934 0.000531728 0.00121301 0.00215676 0.00332436 0.00465742 0.00608221 0.00751568 0.0088725 0.0100723 0.0110462 0.0117423 0.0121293 0.0121973 0.0119582 0.0114421 0.0106938 0.00976801 0.00872361 0.0076191 0.00650821 0.00543672 0.00444047 0.00354459 0.0027637 0.00210308 0.00156024 0.00112688 0.000790862 0.000537998 0.000353561 0.000223435 0.000134899 7.70654e-05 4.10381e-05 1.98631e-05 8.33443e-06 2.72561e-06 4.94621e-07 0 
0 0.000229968 0.00094542 0.00215676 0.00383475 0.00591076 0.00828097 0.0108143 0.013363 0.0157754 0.0179087 0.0196403 0.0208781 0.021566 0.021687 0.0212618 0.0203441 0.0190138 0.0173677 0.0155107 0.0135469 0.0115717 0.00966656 0.00789522 0.00630233 0.00491391 0.00373932 0.00277413 0.00200361 0.00140616 0.000956569 0.000628636 0.000397271 0.000239853 0.000137024 7.29663e-05 3.53168e-05 1.48187e-05 4.84619e-06 8.79444e-07 0 
0 0.000354465 0.00145724 0.00332436 0.00591076 0.00911065 0.012764 0.0166687 0.0205973 0.0243157 0.0276038 0.0302729 0.0321807 0.033241 0.0334276 0.0327722 0.0313577 0.0293071 0.0267699 0.0239077 0.0208807 0.0178362 0.0148997 0.0121694 0.0097142 0.00757414 0.00576366 0.00427595 0.0030883 0.00216742 0.00147442 0.00096896 0.000612341 0.000369702 0.000211204 0.000112468 5.44362e-05 2.28411e-05 7.46975e-06 1.35555e-06 0 
0 0.000496605 0.00204159 0.00465742 0.00828097 0.012764 0.0178824 0.0233529 0.0288567 0.0340663 0.0386728 0.0424122 0.045085 0.0465704 0.0468317 0.0459135 0.0439318 0.041059 0.0375044 0.0334945 0.0292537 0.0249885 0.0208745 0.0170494 0.0136096 0.0106114 0.00807488 0.00599061 0.0043267 0.00303655 0.00206567 0.00135751 0.000857889 0.000517952 0.000295896 0.000157567 7.62651e-05 3.20004e-05 1.04651e-05 1.89912e-06 0 
0 0.000648526 0.00266615 0.00608221 0.0108143 0.0166687 0.0233529 0.0304969 0.0376845 0.0444876 0.0505033 0.0553865 0.0588767 0.0608164 0.0611575 0.0599582 0.0573704 0.0536188 0.048977 0.0437405 0.0382027 0.0326327 0.0272602 0.022265 0.017773 0.0138576 0.0105451 0.00782324 0.00565032 0.00396548 0.00269759 0.0017728 0.00112033 0.000676403 0.000386416 0.00020577 9.95959e-05 4.17899e-05 1.36666e-05 2.48009e-06 0 
0 0.000801372 0.00329451 0.00751568 0.013363 0.0205973 0.0288567 0.0376845 0.0465659 0.0549723 0.0624056 0.0684392 0.0727515 0.0751478 0.0755688 0.0740867 0.070889 0.0662535 0.0605182 0.0540481 0.0472055 0.0403231 0.0336847 0.0275123 0.0219617 0.0171235 0.0130304 0.00966703 0.00698199 0.00490007 0.00333336 0.00219061 0.00138437 0.000835819 0.000477487 0.000254266 0.000123069 5.1639e-05 1.68875e-05 3.0646e-06 0 
0 0.000946045 0.00388928 0.0088725 0.0157754 0.0243157 0.0340663 0.0444876 0.0549723 0.0648961 0.0736707 0.0807927 0.0858824 0.08871 0.0892059 0.0874555 0.0836806 0.078209 0.0714393 0.0638024 0.0557255 0.0476015 0.0397651 0.0324788 0.0259263 0.0202147 0.0153828 0.0114122 0.00824246 0.00578469 0.00393514 0.00258609 0.0016343 0.000986711 0.000563689 0.00030017 0.000145287 6.09615e-05 1.99363e-05 3.61786e-06 0 
0 0.00107397 0.00441521 0.0100723 0.0179087 0.0276038 0.0386728 0.0505033 0.0624056 0.0736707 0.0836308 0.0917142 0.0974898 0.100697 0.101258 0.0992692 0.0949837 0.0887735 0.0810905 0.0724233 0.0632564 0.0540356 0.0451408 0.0368699 0.0294317 0.0229481 0.0174628 0.0129554 0.00935703 0.00656692 0.00446727 0.00293579 0.0018553 0.00112014 0.000639914 0.00034076 0.000164933 6.9205e-05 2.26322e-05 4.10709e-06 0 
0 0.00117782 0.00484213 0.0110462 0.0196403 0.0302729 0.0424122 0.0553865 0.0684392 0.0807927 0.0917142 0.100576 0.106906 0.110419 0.111029 0.108846 0.104145 0.0973366 0.0889142 0.0794132 0.069364 0.0592548 0.0495022 0.0404331 0.0322766 0.0251665 0.0191511 0.014208 0.0102617 0.00720188 0.00489922 0.00321966 0.00203469 0.00122845 0.000701789 0.000373709 0.000180881 7.58967e-05 2.48206e-05 4.50422e-06 0 
0 0.00125205 0.00514729 0.0117423 0.0208781 0.0321807 0.045085 0.0588767 0.0727515 0.0858824 0.0974898 0.106906 0.113629 0.117356 0.117998 0.115672 0.110674 0.103438 0.0944894 0.084396 0.0737198 0.0629788 0.0526156 0.0429776 0.0343087 0.0267515 0.0203575 0.0151032 0.0109083 0.00765571 0.00520795 0.00342256 0.00216292 0.00130587 0.000746017 0.000397261 0.00019228 8.06798e-05 2.63848e-05 4.78808e-06 0 
0 0.0012933 0.00531689 0.0121293 0.021566 0.033241 0.0465704 0.0608164 0.0751478 0.08871 0.100697 0.110419 0.117356 0.121197 0.12185 0.11944 0.114273 0.1068 0.0975618 0.0871436 0.076124 0.0650367 0.0543381 0.0443868 0.0354352 0.0276308 0.0210272 0.0156002 0.0112675 0.00790784 0.00537951 0.00353532 0.00223418 0.00134889 0.000770597 0.000410351 0.000198616 8.33382e-05 2.72542e-05 4.94585e-06 0 
0 0.00130056 0.00534673 0.0121973 0.021687 0.0334276 0.0468317 0.0611575 0.0755688 0.0892059 0.101258 0.111029 0.117998 0.12185 0.122496 0.120062 0.11486 0.107343 0.0980567 0.0875874 0.0765153 0.0653751 0.0546246 0.0446238 0.0356266 0.0277815 0.0211428 0.0156865 0.0113301 0.00795194 0.00540957 0.00355511 0.0022467 0.00135646 0.00077492 0.000412653 0.000199731 8.38059e-05 2.74071e-05 4.9736e-06 0 
0 0.00127506 0.0052419 0.0119582 0.0212618 0.0327722 0.0459135 0.0599582 0.0740867 0.0874555 0.0992692 0.108846 0.115672 0.11944 0.120062 0.117664 0.112554 0.105179 0.0960743 0.0858145 0.0749673 0.0640549 0.0535246 0.0437284 0.0349143 0.0272281 0.0207231 0.0153761 0.0111065 0.00779531 0.0053032 0.00348528 0.0022026 0.00132985 0.000759722 0.000404561 0.000195814 8.21627e-05 2.68697e-05 4.87609e-06 0 
0 0.00122003 0.00501565 0.0114421 0.0203441 0.0313577 0.0439318 0.0573704 0.070889 0.0836806 0.0949837 0.104145 0.110674 0.114273 0.11486 0.112554 0.107653 0.100585 0.0918668 0.082048 0.071672 0.0612375 0.0511708 0.0418071 0.0333826 0.026036 0.0198179 0.0147061 0.0106237 0.00745713 0.00507352 0.00333453 0.00210742 0.00127241 0.00072692 0.000387097 0.000187362 7.86164e-05 2.571e-05 4.66563e-06 0 
0 0.00114025 0.00468766 0.0106938 0.0190138 0.0293071 0.041059 0.0536188 0.0662535 0.078209 0.0887735 0.0973366 0.103438 0.1068 0.107343 0.105179 0.100585 0.0939656 0.0858037 0.0766169 0.0669145 0.057163 0.0477603 0.0390181 0.0311556 0.0243007 0.0184994 0.0137302 0.00992078 0.00696525 0.00473978 0.00311565 0.0019693 0.0011891 0.000679355 0.000361776 0.000175108 7.34751e-05 2.40287e-05 4.36053e-06 0 
0 0.00104153 0.00428183 0.00976801 0.0173677 0.0267699 0.0375044 0.048977 0.0605182 0.0714393 0.0810905 0.0889142 0.0944894 0.0975618 0.0980567 0.0960743 0.0918668 0.0858037 0.078329 0.0699185 0.0610407 0.0521239 0.0435327 0.0355519 0.0283806 0.0221337 0.0168508 0.0125098 0.00904275 0.00635195 0.00432455 0.00284388 0.00179806 0.00108591 0.000620472 0.000330439 0.000159945 6.71134e-05 2.19484e-05 3.98301e-06 0 
0 0.00093017 0.00382402 0.00872361 0.0155107 0.0239077 0.0334945 0.0437405 0.0540481 0.0638024 0.0724233 0.0794132 0.084396 0.0871436 0.0875874 0.0858145 0.082048 0.0766169 0.0699185 0.0623804 0.0544242 0.0464365 0.0387463 0.0316109 0.0252097 0.0196455 0.0149509 0.0111014 0.00803085 0.00564781 0.00385015 0.00253481 0.00160401 0.000969244 0.000553977 0.000295072 0.000142836 5.99364e-05 1.96015e-05 3.55714e-06 0 
0 0.0008124 0.00333985 0.0076191 0.0135469 0.0208807 0.0292537 0.0382027 0.0472055 0.0557255 0.0632564 0.069364 0.0737198 0.076124 0.0765153 0.0749673 0.071672 0.0669145 0.0610407 0.0544242 0.0474354 0.0404152 0.0336562 0.0273898 0.0217806 0.0169248 0.0128528 0.00953755 0.00690843 0.00487258 0.0033336 0.00220194 0.00139675 0.000845268 0.00048351 0.000257639 0.000124737 5.23455e-05 1.71194e-05 3.10675e-06 0 
0 0.000693949 0.00285289 0.00650821 0.0115717 0.0178362 0.0249885 0.0326327 0.0403231 0.0476015 0.0540356 0.0592548 0.0629788 0.0650367 0.0653751 0.0640549 0.0612375 0.057163 0.0521239 0.0464365 0.0404152 0.0343513 0.0284978 0.0230615 0.0181998 0.014017 0.0105579 0.00779974 0.00565893 0.00402115 0.00277949 0.00185357 0.00118389 0.000719385 0.000412362 0.000219935 0.000106525 4.47096e-05 1.46229e-05 2.65375e-06 0 
0 0.000579699 0.0023832 0.00543672 0.00966656 0.0148997 0.0208745 0.0272602 0.0336847 0.0397651 0.0451408 0.0495022 0.0526156 0.0543381 0.0546246 0.0535246 0.0511708 0.0477603 0.0435327 0.0387463 0.0336562 0.0284978 0.0234772 0.0187721 0.0145391 0.0109169 0.00800274 0.00580303 0.00421049 0.0030519 0.00217357 0.00149023 0.000970192 0.000595857 0.000343292 0.00018349 8.89465e-05 3.7343e-05 1.22148e-05 2.2168e-06 0 
0 0.000473473 0.00194649 0.00444047 0.00789522 0.0121694 0.0170494 0.022265 0.0275123 0.0324788 0.0368699 0.0404331 0.0429776 0.0443868 0.0446238 0.0437284 0.0418071 0.0390181 0.0355519 0.0316109 0.0273898 0.0230615 0.0187721 0.0146555 0.0108717 0.00763718 0.00516585 0.00351649 0.00252804 0.00193211 0.00149736 0.00110818 0.000758343 0.000477927 0.000278486 0.000149511 7.25902e-05 3.04924e-05 9.97575e-06 1.81054e-06 0 
0 0.000377947 0.00155378 0.00354459 0.00630233 0.0097142 0.0136096 0.017773 0.0219617 0.0259263 0.0294317 0.0322766 0.0343087 0.0354352 0.0356266 0.0349143 0.0333826 0.0311556 0.0283806 0.0252097 0.0217806 0.0181998 0.0145391 0.0108717 0.00737844 0.00444038 0.0024438 0.00139339 0.000963952 0.000840162 0.000807269 0.000721029 0.000553658 0.000368717 0.000219681 0.000118885 5.78747e-05 2.43314e-05 7.96223e-06 1.44521e-06 0 
0 0.000294685 0.00121148 0.0027637 0.00491391 0.00757414 0.0106114 0.0138576 0.0171235 0.0202147 0.0229481 0.0251665 0.0267515 0.0276308 0.0277815 0.0272281 0.026036 0.0243007 0.0221337 0.0196455 0.0169248 0.014017 0.0109169 0.00763718 0.00444038 0.00198578 0.000712734 0.000275229 0.000172691 0.00019781 0.000297636 0.000388198 0.0003711 0.000272461 0.000168335 9.22037e-05 4.50541e-05 1.89626e-05 6.20733e-06 1.12679e-06 0 
0 0.000224245 0.000921892 0.00210308 0.00373932 0.00576366 0.00807488 0.0105451 0.0130304 0.0153828 0.0174628 0.0191511 0.0203575 0.0210272 0.0211428 0.0207231 0.0198179 0.0184994 0.0168508 0.0149509 0.0128528 0.0105579 0.00800274 0.00516585 0.0024438 0.000712734 0.000133494 2.78741e-05 1.48584e-05 2.59479e-05 7.76281e-05 0.000177817 0.000232077 0.000194189 0.000125568 6.97604e-05 3.42289e-05 1.44233e-05 4.72297e-06 8.57417e-07 0 
0 0.000166363 0.000683935 0.00156024 0.00277413 0.00427595 0.00599061 0.00782324 0.00966703 0.0114122 0.0129554 0.014208 0.0151032 0.0156002 0.0156865 0.0153761 0.0147061 0.0137302 0.0125098 0.0111014 0.00953755 0.00779974 0.00580303 0.00351649 0.00139339 0.000275229 2.78741e-05 3.21558e-06 1.45804e-06 3.80575e-06 2.18343e-05 8.43875e-05 0.000145799 0.000136612 9.17267e-05 5.1532e-05 2.53641e-05 1.0697e-05 3.50359e-06 6.36087e-07 0 
0 0.000120155 0.00049397 0.00112688 0.00200361 0.0030883 0.0043267 0.00565032 0.00698199 0.00824246 0.00935703 0.0102617 0.0109083 0.0112675 0.0113301 0.0111065 0.0106237 0.00992078 0.00904275 0.00803085 0.00690843 0.00565893 0.00421049 0.00252804 0.000963952 0.000172691 1.48584e-05 1.45804e-06 6.2983e-07 1.82003e-06 1.23521e-05 5.45781e-05 0.000101173 9.74532e-05 6.60187e-05 3.71839e-05 1.83146e-05 7.7254e-06 2.53042e-06 4.5941e-07 0 
0 8.4327e-05 0.000346676 0.000790862 0.00140616 0.00216742 0.00303655 0.00396548 0.00490007 0.00578469 0.00656692 0.00720188 0.00765571 0.00790784 0.00795194 0.00779531 0.00745713 0.00696525 0.00635195 0.00564781 0.00487258 0.00402115 0.0030519 0.00193211 0.000840162 0.00019781 2.59479e-05 3.80575e-06 1.82003e-06 3.94675e-06 1.69739e-05 5.21179e-05 7.95732e-05 7.0913e-05 4.68207e-05 2.61719e-05 1.28636e-05 5.42296e-06 1.77599e-06 3.22426e-07 0 
0 5.73649e-05 0.000235833 0.000537998 0.000956569 0.00147442 0.00206567 0.00269759 0.00333336 0.00393514 0.00446727 0.00489922 0.00520795 0.00537951 0.00540957 0.0053032 0.00507352 0.00473978 0.00432455 0.00385015 0.0033336 0.00277949 0.00217357 0.00149736 0.000807269 0.000297636 7.76281e-05 2.18343e-05 1.23521e-05 1.69739e-05 3.50627e-05 5.95114e-05 6.58565e-05 5.14246e-05 3.24622e-05 1.79002e-05 8.76377e-06 3.69057e-06 1.20828e-06 2.19343e-07 0 
0 3.7699e-05 0.000154984 0.000353561 0.000628636 0.00096896 0.00135751 0.0017728 0.00219061 0.00258609 0.00293579 0.00321966 0.00342256 0.00353532 0.00355511 0.00348528 0.00333453 0.00311565 0.00284388 0.00253481 0.00220194 0.00185357 0.00149023 0.00110818 0.000721029 0.000388198 0.000177817 8.43875e-05 5.45781e-05 5.21179e-05 5.95114e-05 6.18122e-05 5.18776e-05 3.5963e-05 2.17528e-05 1.18318e-05 5.76896e-06 2.42651e-06 7.94162e-07 1.44153e-07 0 
0 2.38242e-05 9.79433e-05 0.000223435 0.000397271 0.000612341 0.000857889 0.00112033 0.00138437 0.0016343 0.0018553 0.00203469 0.00216292 0.00223418 0.0022467 0.0022026 0.00210742 0.0019693 0.00179806 0.00160401 0.00139675 0.00118389 0.000970192 0.000758343 0.000553658 0.0003711 0.000232077 0.000145799 0.000101173 7.95732e-05 6.58565e-05 5.18776e-05 3.69458e-05 2.37473e-05 1.39505e-05 7.51194e-06 3.65087e-06 1.53409e-06 5.01937e-07 9.11016e-08 0 
0 1.43839e-05 5.91335e-05 0.000134899 0.000239853 0.000369702 0.000517952 0.000676403 0.000835819 0.000986711 0.00112014 0.00122845 0.00130587 0.00134889 0.00135646 0.00132985 0.00127241 0.0011891 0.00108591 0.000969244 0.000845268 0.000719385 0.000595857 0.000477927 0.000368717 0.000272461 0.000194189 0.000136612 9.74532e-05 7.0913e-05 5.14246e-05 3.5963e-05 2.37473e-05 1.46987e-05 8.49874e-06 4.54917e-06 2.20639e-06 9.26494e-07 3.03074e-07 5.50043e-08 0 
0 8.21723e-06 3.37818e-05 7.70654e-05 0.000137024 0.000211204 0.000295896 0.000386416 0.000477487 0.000563689 0.000639914 0.000701789 0.000746017 0.000770597 0.00077492 0.000759722 0.00072692 0.000679355 0.000620472 0.000553977 0.00048351 0.000412362 0.000343292 0.000278486 0.000219681 0.000168335 0.000125568 9.17267e-05 6.60187e-05 4.68207e-05 3.24622e-05 2.17528e-05 1.39505e-05 8.49874e-06 4.87807e-06 2.60331e-06 1.26121e-06 5.29391e-07 1.73151e-07 3.14235e-08 0 
0 4.37575e-06 1.79891e-05 4.10381e-05 7.29663e-05 0.000112468 0.000157567 0.00020577 0.000254266 0.00030017 0.00034076 0.000373709 0.000397261 0.000410351 0.000412653 0.000404561 0.000387097 0.000361776 0.000330439 0.000295072 0.000257639 0.000219935 0.00018349 0.000149511 0.000118885 9.22037e-05 6.97604e-05 5.1532e-05 3.71839e-05 2.61719e-05 1.79002e-05 1.18318e-05 7.51194e-06 4.54917e-06 2.60331e-06 1.38747e-06 6.71818e-07 2.81937e-07 9.22081e-08 1.67335e-08 0 
0 2.11793e-06 8.70702e-06 1.98631e-05 3.53168e-05 5.44362e-05 7.62651e-05 9.95959e-05 0.000123069 0.000145287 0.000164933 0.000180881 0.00019228 0.000198616 0.000199731 0.000195814 0.000187362 0.000175108 0.000159945 0.000142836 0.000124737 0.000106525 8.89465e-05 7.25902e-05 5.78747e-05 4.50541e-05 3.42289e-05 2.53641e-05 1.83146e-05 1.28636e-05 8.76377e-06 5.76896e-06 3.65087e-06 2.20639e-06 1.26121e-06 6.71818e-07 3.25219e-07 1.3647e-07 4.4631e-08 8.09934e-09 0 
0 8.88673e-07 3.65342e-06 8.33443e-06 1.48187e-05 2.28411e-05 3.20004e-05 4.17899e-05 5.1639e-05 6.09615e-05 6.9205e-05 7.58967e-05 8.06798e-05 8.33382e-05 8.38059e-05 8.21627e-05 7.86164e-05 7.34751e-05 6.71134e-05 5.99364e-05 5.23455e-05 4.47096e-05 3.7343e-05 3.04924e-05 2.43314e-05 1.89626e-05 1.44233e-05 1.0697e-05 7.7254e-06 5.42296e-06 3.69057e-06 2.42651e-06 1.53409e-06 9.26494e-07 5.29391e-07 2.81937e-07 1.3647e-07 5.72634e-08 1.87271e-08 3.39845e-09 0 
0 2.90623e-07 1.19478e-06 2.72561e-06 4.84619e-06 7.46975e-06 1.04651e-05 1.36666e-05 1.68875e-05 1.99363e-05 2.26322e-05 2.48206e-05 2.63848e-05 2.72542e-05 2.74071e-05 2.68697e-05 2.571e-05 2.40287e-05 2.19484e-05 1.96015e-05 1.71194e-05 1.46229e-05 1.22148e-05 9.97575e-06 7.96223e-06 6.20733e-06 4.72297e-06 3.50359e-06 2.53042e-06 1.77599e-06 1.20828e-06 7.94162e-07 5.01937e-07 3.03074e-07 1.73151e-07 9.22081e-08 4.4631e-08 1.87271e-08 6.12437e-09 1.1114e-09 0 
0 5.27398e-08 2.16818e-07 4.94621e-07 8.79444e-07 1.35555e-06 1.89912e-06 2.48009e-06 3.0646e-06 3.61786e-06 4.10709e-06 4.50422e-06 4.78808e-06 4.94585e-06 4.9736e-06 4.87609e-06 4.66563e-06 4.36053e-06 3.98301e-06 3.55714e-06 3.10675e-06 2.65375e-06 2.2168e-06 1.81054e-06 1.44521e-06 1.12679e-06 8.57417e-07 6.36087e-07 4.5941e-07 3.22426e-07 2.19343e-07 1.44153e-07 9.11016e-08 5.50043e-08 3.14235e-08 1.67335e-08 8.09934e-09 3.39845e-09 1.1114e-09 2.01687e-10 0 
0 0 0 0 0 0 0 0 0 0 0 0 0 0 0 0 0 0 0 0 0 0 0 0 0 0 0 0 0 0 0 0 0 0 0 0 0 0 0 0 0 
